0 0 0 1 0.001 0.0224278 2 
1 0 0 0.0335429 0.033 0.0106832 18 
2 0 0 0.0835787 0.004 0.00793258 3 
3 0 0 0.218249 0.042 0.00713625 9 
4 0 0 0 0.037 0.0090835 1 
5 0 0 0.0226199 0.005 0.010289 20 
6 0 0 0.0324152 0.011 0.00705554 34 
7 0 0 0 0.012 0.00996395 1 
8 0 0 0.256447 0.02 0.00886783 22 
9 0 0 0.271009 0.009 0.00680141 21 
10 0 0 0.298766 0.011 0.00938742 29 
11 0 0 0.38191 0.031 0.00774144 10 
0 0 1 0 0.039 0.0106858 1 
1 0 1 0.1708 0.001 0.0116904 44 
2 0 1 0.0724359 0.035 0.0101318 7 
3 0 1 0.455373 0.002 0.0131006 4 
4 0 1 0.0384827 0.014 0.0105476 17 
5 0 1 0 0.037 0.00802892 1 
6 0 1 0 0.019 0.0119476 1 
7 0 1 0.00815816 0.039 0.0116814 5 
8 0 1 0.459293 0.033 0.011807 2 
9 0 1 0.455456 0.034 0.0111224 2 
10 0 1 0.399485 0.004 0.00998226 3 
11 0 1 0.447926 0.048 0.0101223 2 
0 0 2 0 0.004 0.0102117 1 
1 0 2 0.00609836 0.031 0.00705579 6 
2 0 2 0.00536543 0.016 0.0107619 4 
3 0 2 0.0270483 0.002 0.0104916 15 
4 0 2 0.0101397 0.011 0.0113233 14 
5 0 2 0 0.005 0.0121889 1 
6 0 2 0.0174957 0.005 0.0105376 14 
7 0 2 0.0027367 0.014 0.0105926 6 
8 0 2 0 0.027 0.010387 1 
9 0 2 0 0.019 0.00762792 1 
10 0 2 0 0.036 0.01087 1 
11 0 2 0.00261742 0.021 0.0112984 3 
0 0 3 0.0164517 0.026 0.0122247 13 
1 0 3 0.0158266 0.038 0.00830652 7 
2 0 3 0.00954652 0.04 0.0103025 4 
3 0 3 0 0.034 0.0107795 1 
4 0 3 0.0246935 0.017 0.00848242 18 
5 0 3 0 0.026 0.00802352 1 
6 0 3 0 0.002 0.0108803 1 
7 0 3 0 0.011 0.00962799 1 
8 0 3 0.0161625 0.048 0.0112242 5 
9 0 3 0 0.028 0.0108823 1 
10 0 3 0.000480903 0.043 0.00876095 2 
11 0 3 0.000480903 0.041 0.00858079 2 
0 0 4 0 0.047 0.00851248 1 
1 0 4 0.00540563 0.048 0.0113208 3 
2 0 4 0.0314577 0.017 0.00935447 17 
3 0 4 0.0455616 0.003 0.00894594 28 
4 0 4 0 0.006 0.00881137 1 
5 0 4 0.0360539 0.004 0.0135628 27 
6 0 4 0.0171145 0.002 0.00990995 19 
7 0 4 6.74556e-05 0.007 0.0119869 2 
8 0 4 0 0.011 0.00912002 1 
9 0 4 0 0.018 0.0106191 1 
10 0 4 0 0.036 0.0101805 1 
11 0 4 0 0.037 0.0131177 1 
0 0 5 0 0.023 0.0100697 1 
1 0 5 0 0.043 0.00934042 1 
2 0 5 0.0441181 0.006 0.0115524 44 
3 0 5 0.00295781 0.028 0.00975634 2 
4 0 5 0.0467105 0.003 0.0128753 34 
5 0 5 0.000742107 0.003 0.0135377 4 
6 0 5 0.0002824 0.009 0.00821843 2 
7 0 5 0 0.028 0.0093283 1 
8 0 5 0 0.019 0.0087603 1 
9 0 5 0.0362501 0.01 0.00779045 22 
10 0 5 0.0194306 0.028 0.0115643 9 
11 0 5 0 0.01 0.0113751 1 
0 0 6 0.0231031 0.018 0.0115372 17 
1 0 6 0 0.002 0.0105732 1 
2 0 6 0.0290606 0.002 0.00761587 35 
3 0 6 0 0.025 0.00746703 1 
4 0 6 0 0.002 0.00838085 1 
5 0 6 0 0.034 0.0076411 1 
6 0 6 0.000711001 0.002 0.00808195 3 
7 0 6 0 0.047 0.00955171 1 
8 0 6 0.00848313 0.017 0.00809213 7 
9 0 6 0.00118823 0.028 0.0084877 2 
10 0 6 0.00088129 0.002 0.00727797 3 
11 0 6 0.00631369 0.02 0.00905341 7 
0 0 7 0 0.006 0.0118046 1 
1 0 7 0.00469663 0.016 0.00803985 11 
2 0 7 0 0.033 0.0128846 1 
3 0 7 0.0193633 0.027 0.00938945 9 
4 0 7 0.00226127 0.041 0.0112827 3 
5 0 7 0 0.025 0.01207 1 
6 0 7 0.0017561 0.035 0.00849836 3 
7 0 7 0 0.015 0.00685235 1 
8 0 7 0 0.006 0.0102682 1 
9 0 7 0.0113912 0.007 0.00838152 21 
10 0 7 0.00614301 0.03 0.0100671 13 
11 0 7 0 0.026 0.00891486 1 
0 0 8 0.000176335 0.007 0.00790696 2 
1 0 8 0.0217397 0.047 0.00865472 11 
2 0 8 0 0.009 0.00966468 1 
3 0 8 0.00220823 0.029 0.00880416 3 
4 0 8 0 0.025 0.0117608 1 
5 0 8 0 0.047 0.00940025 1 
6 0 8 0.0313543 0.001 0.00725717 31 
7 0 8 0.00106182 0.004 0.00996497 2 
8 0 8 0 0.032 0.00821506 1 
9 0 8 0.0215671 0.005 0.00757783 32 
10 0 8 0.041341 0.023 0.00865503 15 
11 0 8 0 0.014 0.0119748 1 
0 0 9 0.00742693 0.003 0.00753255 7 
1 0 9 0 0.041 0.0109828 1 
2 0 9 0.0263749 0.003 0.00913198 10 
3 0 9 0 0.004 0.0102829 1 
4 0 9 0 0.035 0.00756841 1 
5 0 9 0 0.004 0.00972183 1 
6 0 9 0.00608268 0.02 0.0134435 15 
7 0 9 0 0.028 0.0124228 1 
8 0 9 0 0.042 0.00880704 1 
9 0 9 0.0150418 0.031 0.00913496 9 
10 0 9 0.0199063 0.03 0.00972633 9 
11 0 9 0.0286 0.036 0.0125956 9 
0 0 10 0.0028811 0.006 0.0132803 7 
1 0 10 0 0.032 0.0121152 1 
2 0 10 0 0.006 0.0115099 1 
3 0 10 0.00448537 0.03 0.0114961 7 
4 0 10 0.00506326 0.018 0.00734119 4 
5 0 10 0 0.013 0.00806245 1 
6 0 10 0.00328526 0.022 0.00915912 4 
7 0 10 0.00221179 0.002 0.0106747 3 
8 0 10 0.00383335 0.009 0.00772067 2 
9 0 10 0.000579881 0.019 0.0102259 2 
10 0 10 0.000579881 0.029 0.0122466 2 
11 0 10 0 0.003 0.0098434 1 
0 0 11 0.00270606 0.029 0.00690326 14 
1 0 11 0.00726474 0.009 0.00771734 4 
2 0 11 0 0.015 0.0115941 1 
3 0 11 0 0.047 0.00789844 1 
4 0 11 0 0.034 0.0117723 1 
5 0 11 0 0.021 0.0125593 1 
6 0 11 0.00191504 0.005 0.00994423 2 
7 0 11 0.00846573 0.018 0.00945882 3 
8 0 11 0.0243327 0.012 0.0127363 19 
9 0 11 0 0.001 0.0112485 1 
10 0 11 0 0.042 0.00969908 1 
11 0 11 0 0.001 0.0125699 1 
0 0 12 0.00292374 0.038 0.0106145 2 
1 0 12 0.0267631 0.001 0.00968637 19 
2 0 12 0.0453629 0.021 0.0085762 17 
3 0 12 0 0.034 0.0105322 1 
4 0 12 0 0.003 0.0106513 1 
5 0 12 0 0.005 0.0104155 1 
6 0 12 0.0158648 0.017 0.00913532 17 
7 0 12 0.00778306 0.001 0.00911956 2 
8 0 12 0.0634447 0.003 0.0102249 49 
9 0 12 0 0.012 0.0102761 1 
10 0 12 0 0.045 0.00935997 1 
11 0 12 0 0.043 0.00998558 1 
0 0 13 0 0.041 0.0107492 1 
1 0 13 0.0054358 0.031 0.00932594 6 
2 0 13 0.0011316 0.01 0.0127527 2 
3 0 13 0.076636 0.004 0.00929084 55 
4 0 13 0 0.042 0.0129489 1 
5 0 13 0 0.01 0.00985777 1 
6 0 13 0 0.004 0.0122368 1 
7 0 13 0.0063471 0.004 0.0114686 2 
8 0 13 0.00773833 0.021 0.0102111 2 
9 0 13 0.0297047 0.045 0.00984315 10 
10 0 13 0.0352256 0.015 0.0151264 31 
11 0 13 0.00952791 0.026 0.0106346 2 
0 0 14 0 0.031 0.0103508 1 
1 0 14 0.000326622 0.048 0.0103782 3 
2 0 14 0.00140799 0.005 0.00854751 2 
3 0 14 0 0.043 0.00977621 1 
4 0 14 0 0.042 0.0093463 1 
5 0 14 0 0.013 0.00831796 1 
6 0 14 0.00548455 0.01 0.0106974 3 
7 0 14 0.0382914 0.007 0.00960792 32 
8 0 14 0.0135535 0.002 0.00854917 69 
9 0 14 0.0317647 0.002 0.0123654 65 
10 0 14 0 0.015 0.00981727 1 
11 0 14 0 0.039 0.0108741 1 
0 0 15 0.0133313 0.037 0.0100743 5 
1 0 15 0.000401991 0.005 0.00846743 2 
2 0 15 0.0346589 0.006 0.0111147 28 
3 0 15 0.0204177 0.001 0.00828376 9 
4 0 15 0 0.004 0.00929166 1 
5 0 15 0.000400698 0.005 0.00717112 2 
6 0 15 0 0.024 0.00992449 1 
7 0 15 0.00345251 0.042 0.0075433 2 
8 0 15 0.0329494 0.011 0.0124426 29 
9 0 15 0.000494216 0.027 0.00917578 2 
10 0 15 0.000494216 0.026 0.0112014 2 
11 0 15 0.00055646 0.033 0.0105717 3 
0 0 16 0.0250474 0.009 0.0121551 25 
1 0 16 0 0.005 0.0102052 1 
2 0 16 0.0206984 0.024 0.0103782 15 
3 0 16 0 0.025 0.00598515 1 
4 0 16 0 0.042 0.0127636 1 
5 0 16 0 0.019 0.00935011 1 
6 0 16 0.0447332 0.007 0.0113014 37 
7 0 16 0 0.018 0.00879594 1 
8 0 16 0.0204166 0.039 0.0114671 8 
9 0 16 0.027552 0.015 0.0102415 10 
10 0 16 0.0214824 0.029 0.0125671 8 
11 0 16 0.0186223 0.012 0.0100351 6 
0 0 17 0.0215648 0.008 0.0108301 19 
1 0 17 0 0.043 0.00993347 1 
2 0 17 0.000100476 0.012 0.00828064 2 
3 0 17 0 0.003 0.0087983 1 
4 0 17 0 0.008 0.00816666 1 
5 0 17 0 0.001 0.0121174 1 
6 0 17 0.00618507 0.005 0.00769129 4 
7 0 17 0 0.007 0.00926759 1 
8 0 17 0.011655 0.02 0.0107773 8 
9 0 17 0 0.033 0.0091751 1 
10 0 17 0.0484965 0.003 0.00936034 44 
11 0 17 0 0.013 0.0106 1 
0 0 18 0.000438924 0.029 0.0107601 2 
1 0 18 0.0374397 0.001 0.0118082 42 
2 0 18 0.0215986 0.008 0.0103855 22 
3 0 18 0.00312295 0.004 0.0100579 4 
4 0 18 0 0.042 0.0119518 1 
5 0 18 0.00111635 0.001 0.00994691 3 
6 0 18 0.0342668 0.01 0.00873376 26 
7 0 18 0.00125214 0.047 0.00830169 2 
8 0 18 0 0.039 0.0126646 1 
9 0 18 0.0277534 0.007 0.0154928 28 
10 0 18 0.00852214 0.004 0.0106162 11 
11 0 18 0 0.042 0.00856495 1 
0 0 19 0 0.042 0.0112898 1 
1 0 19 0 0.014 0.00981 1 
2 0 19 0.0266333 0.009 0.00971453 22 
3 0 19 0.0239037 0.015 0.0115298 10 
4 0 19 0.0019253 0.025 0.0125593 5 
5 0 19 0 0.013 0.00997976 1 
6 0 19 0 0.029 0.00806879 1 
7 0 19 0 0.013 0.012185 1 
8 0 19 0 0.009 0.00704863 1 
9 0 19 0 0.004 0.00696401 1 
10 0 19 0.00625328 0.029 0.00933276 5 
11 0 19 0 0.021 0.0106875 1 
0 0 20 0 0.011 0.0098046 1 
1 0 20 0.00924488 0.002 0.0105038 6 
2 0 20 0.0269578 0.001 0.0102773 34 
3 0 20 0.0143577 0.026 0.00810205 12 
4 0 20 0 0.013 0.00731832 1 
5 0 20 0.0263496 0.016 0.00872868 11 
6 0 20 0.0119877 0.009 0.00669191 11 
7 0 20 0.0321144 0.003 0.0128599 30 
8 0 20 0.000113714 0.004 0.0082756 2 
9 0 20 0 0.012 0.00799757 1 
10 0 20 0.00709224 0.04 0.0106432 3 
11 0 20 0.00391838 0.04 0.00884331 3 
0 0 21 0 0.047 0.0109059 1 
1 0 21 0 0.019 0.00727606 1 
2 0 21 0.00327587 0.006 0.00799951 3 
3 0 21 0 0.043 0.011739 1 
4 0 21 0.00708635 0.012 0.0130556 9 
5 0 21 0.00724196 0.041 0.00980128 4 
6 0 21 0.00876561 0.027 0.0098285 4 
7 0 21 0 0.015 0.00930188 1 
8 0 21 0 0.036 0.0112603 1 
9 0 21 0 0.025 0.0142685 1 
10 0 21 0.0489782 0.008 0.0113564 30 
11 0 21 0.0036722 0.02 0.0123862 3 
0 0 22 0 0.039 0.00765256 1 
1 0 22 0.00985984 0.005 0.0115186 3 
2 0 22 0 0.012 0.0131169 1 
3 0 22 0.000753383 0.023 0.0107433 2 
4 0 22 0.00532885 0.025 0.00968916 6 
5 0 22 0.000154112 0.008 0.014785 2 
6 0 22 0 0.022 0.00815658 1 
7 0 22 0.0165742 0.021 0.008547 4 
8 0 22 0.0263446 0.015 0.0074032 16 
9 0 22 0.000657845 0.041 0.0131579 2 
10 0 22 0.000657845 0.014 0.011064 2 
11 0 22 0.000164801 0.004 0.00880968 3 
0 0 23 0 0.01 0.00837385 1 
1 0 23 0.0028346 0.01 0.00845091 3 
2 0 23 0 0.021 0.0127551 1 
3 0 23 0 0.004 0.00921379 1 
4 0 23 0.0104348 0.028 0.00951196 6 
5 0 23 0.000243243 0.014 0.00733813 2 
6 0 23 0.000306802 0.007 0.00905924 2 
7 0 23 0.00245372 0.022 0.00711234 2 
8 0 23 0 0.033 0.0123389 1 
9 0 23 0.00195709 0.027 0.00862736 6 
10 0 23 0 0.03 0.00945124 1 
11 0 23 0.00575024 0.022 0.0112754 6 
0 0 24 0.00840077 0.023 0.0101757 15 
1 0 24 0.0223791 0.014 0.00741224 14 
2 0 24 0 0.046 0.00837683 1 
3 0 24 0.00496946 0.018 0.0099491 8 
4 0 24 0 0.043 0.0125339 1 
5 0 24 0 0.023 0.00777074 1 
6 0 24 0 0.014 0.00721031 1 
7 0 24 0 0.043 0.0121332 1 
8 0 24 0 0.005 0.00785203 1 
9 0 24 0.00640525 0.042 0.0113645 4 
10 0 24 0.0256193 0.007 0.00988066 15 
11 0 24 0.00200353 0.009 0.0100157 3 
0 0 25 0.00538201 0.043 0.00893079 4 
1 0 25 0.0125985 0.027 0.010611 11 
2 0 25 0.0251392 0.019 0.00865368 10 
3 0 25 0 0.015 0.0129578 1 
4 0 25 0 0.018 0.00782722 1 
5 0 25 0 0.025 0.011676 1 
6 0 25 0 0.042 0.00875505 1 
7 0 25 0.00111798 0.014 0.00885825 2 
8 0 25 0 0.002 0.00865991 3 
9 0 25 0 0.011 0.015062 1 
10 0 25 0.0855732 0.001 0.00983929 65 
11 0 25 0.00380243 0.005 0.00851425 6 
0 0 26 0.00180227 0.007 0.0104727 4 
1 0 26 0 0.036 0.00718125 1 
2 0 26 0 0.012 0.0119375 1 
3 0 26 0.00168422 0.018 0.0108662 2 
4 0 26 0 0.048 0.00958111 1 
5 0 26 0.00387071 0.011 0.0103359 5 
6 0 26 0.030262 0.006 0.00962127 29 
7 0 26 0 0.033 0.0123051 1 
8 0 26 0.00403141 0.031 0.0086654 5 
9 0 26 0.00510591 0.035 0.00909969 5 
10 0 26 0 0.012 0.0086227 1 
11 0 26 0.00199106 0.033 0.00859041 4 
0 0 27 0 0.048 0.0118806 1 
1 0 27 0.0131654 0.003 0.00752087 21 
2 0 27 0.00417449 0.016 0.0121503 5 
3 0 27 0 0.042 0.0086943 1 
4 0 27 0 0.032 0.0120908 1 
5 0 27 0 0.038 0.0102976 1 
6 0 27 0.0599393 0.007 0.0104606 42 
7 0 27 0.00260501 0.013 0.00451693 6 
8 0 27 0.000832207 0.012 0.0105149 2 
9 0 27 0 0.003 0.00992345 1 
10 0 27 0.000717134 0.004 0.00716617 2 
11 0 27 0 0.048 0.00949682 1 
0 0 28 0.0211664 0.026 0.00988495 7 
1 0 28 0.0142423 0.026 0.0100075 11 
2 0 28 0.00283628 0.002 0.00865964 2 
3 0 28 0 0.044 0.0113242 1 
4 0 28 0 0.044 0.00943899 1 
5 0 28 0.0790428 0.001 0.0112774 71 
6 0 28 0 0.03 0.0152798 1 
7 0 28 0 0.044 0.01085 1 
8 0 28 0 0.028 0.0103783 1 
9 0 28 0.0289131 0.012 0.0100864 24 
10 0 28 0.0129658 0.019 0.010603 9 
11 0 28 0 0.012 0.00942317 1 
0 0 29 0.0110319 0.024 0.010233 11 
1 0 29 0 0.027 0.00805445 1 
2 0 29 0.0203689 0.004 0.0108456 21 
3 0 29 0 0.039 0.0106765 1 
4 0 29 0.030225 0.011 0.0160526 23 
5 0 29 0 0.023 0.0105091 1 
6 0 29 0.0132547 0.004 0.00951878 17 
7 0 29 0.0172556 0.026 0.0108266 14 
8 0 29 0 0.02 0.00867845 1 
9 0 29 0.0499663 0.005 0.00947061 44 
10 0 29 0.0137365 0.023 0.0071252 12 
11 0 29 0.00864796 0.043 0.0116893 6 
0 0 30 0 0.012 0.0131367 1 
1 0 30 0 0.033 0.0075224 1 
2 0 30 0.000396221 0.001 0.0125412 6 
3 0 30 0 0.048 0.0103672 1 
4 0 30 0.0199066 0.015 0.0107197 12 
5 0 30 0.032107 0.008 0.0090334 29 
6 0 30 0.0176057 0.023 0.0149108 14 
7 0 30 0.0112638 0.027 0.00978254 4 
8 0 30 0.0224405 0.021 0.0128749 12 
9 0 30 0.00445383 0.008 0.00959412 7 
10 0 30 0.00696981 0.006 0.00786274 3 
11 0 30 0.00955878 0.049 0.00847658 3 
0 0 31 0.0187625 0.002 0.0118679 19 
1 0 31 0 0.008 0.00855814 1 
2 0 31 0 0.017 0.0090655 1 
3 0 31 0.00617901 0.027 0.0118728 7 
4 0 31 0 0.007 0.0112054 1 
5 0 31 0 0.037 0.00875556 1 
6 0 31 0.00361316 0.014 0.00941262 3 
7 0 31 0 0.04 0.00868008 1 
8 0 31 0.00510168 0.037 0.0103028 4 
9 0 31 0 0.014 0.0128975 1 
10 0 31 0.000461803 0.009 0.0111311 4 
11 0 31 0.0144817 0.011 0.0109084 13 
0 0 32 0.00037805 0.031 0.0106029 2 
1 0 32 0 0.013 0.010377 1 
2 0 32 0 0.012 0.0117855 1 
3 0 32 0 0.027 0.0107947 1 
4 0 32 0 0.012 0.0125992 1 
5 0 32 0.000532639 0.002 0.00602715 2 
6 0 32 0.0523997 0.002 0.0115722 40 
7 0 32 0.0140357 0.013 0.00911227 9 
8 0 32 0 0.001 0.00771706 1 
9 0 32 0 0.023 0.0118812 1 
10 0 32 0 0.007 0.0113845 1 
11 0 32 0 0.013 0.00986153 1 
0 0 33 0 0.041 0.00708845 1 
1 0 33 0.00854786 0.036 0.00715686 5 
2 0 33 0 0.024 0.00818668 1 
3 0 33 0 0.004 0.00956663 1 
4 0 33 0.00432511 0.008 0.0154492 6 
5 0 33 0 0.035 0.0103245 1 
6 0 33 0 0.021 0.00928185 1 
7 0 33 0.0211388 0.018 0.011249 11 
8 0 33 0 0.027 0.00993805 1 
9 0 33 0 0.014 0.010523 1 
10 0 33 0 0.038 0.0126299 1 
11 0 33 0.0616982 0.004 0.00923694 36 
0 0 34 0 0.015 0.0100388 1 
1 0 34 0.00206062 0.015 0.00732841 2 
2 0 34 0.0285976 0.006 0.00971197 10 
3 0 34 0.0247622 0.046 0.00732155 10 
4 0 34 0 0.04 0.0126816 1 
5 0 34 0 0.038 0.009498 1 
6 0 34 0 0.016 0.0101952 1 
7 0 34 0 0.044 0.00532679 1 
8 0 34 0.0362655 0.015 0.0101677 17 
9 0 34 0 0.044 0.0120484 1 
10 0 34 0.0990898 0.002 0.0102655 68 
11 0 34 0 0.016 0.010275 1 
0 0 35 0 0.006 0.00669392 1 
1 0 35 0.0140033 0.004 0.0104357 14 
2 0 35 0 0.009 0.00998795 1 
3 0 35 0.00417135 0.041 0.0110381 2 
4 0 35 0.00149485 0.044 0.0102507 2 
5 0 35 0.0144379 0.002 0.012683 16 
6 0 35 0 0.021 0.00801114 1 
7 0 35 0.00242572 0.045 0.00729179 2 
8 0 35 0 0.019 0.00970739 1 
9 0 35 0.00221229 0.022 0.00837898 4 
10 0 35 0.0132127 0.001 0.0082969 8 
11 0 35 0.00296623 0.04 0.0105007 2 
0 0 36 0 0.01 0.0103853 1 
1 0 36 0.000341681 0.039 0.0116827 3 
2 0 36 0.0116487 0.046 0.00961079 6 
3 0 36 0 0.039 0.0096789 1 
4 0 36 0 0.027 0.00890873 1 
5 0 36 0.0333455 0.003 0.0125384 51 
6 0 36 0 0.019 0.013102 1 
7 0 36 0 0.015 0.0120253 1 
8 0 36 0 0.007 0.00894264 1 
9 0 36 0.000498697 0.009 0.00915757 2 
10 0 36 0.00635596 0.038 0.00899834 11 
11 0 36 0 0.024 0.00963216 1 
0 0 37 0.039121 0.028 0.0136596 17 
1 0 37 0 0.021 0.00660462 1 
2 0 37 0 0.005 0.0118402 1 
3 0 37 0.031858 0.013 0.00803895 16 
4 0 37 0 0.003 0.00833484 1 
5 0 37 0 0.049 0.0118375 1 
6 0 37 0 0.04 0.0128734 1 
7 0 37 0.0139517 0.02 0.00863636 19 
8 0 37 0 0.046 0.00759896 1 
9 0 37 0.0258327 0.028 0.0110072 14 
10 0 37 0.000369721 0.008 0.00693526 2 
11 0 37 0.0151389 0.024 0.0105478 16 
0 0 38 0.0631919 0.012 0.0126305 35 
1 0 38 0.0243073 0.002 0.011652 14 
2 0 38 0.0115424 0.043 0.0119863 4 
3 0 38 0 0.002 0.0108577 1 
4 0 38 0.00215703 0.036 0.0118399 6 
5 0 38 0 0.021 0.00872056 1 
6 0 38 0.00604684 0.027 0.00743603 6 
7 0 38 0.00834091 0.024 0.00959205 8 
8 0 38 0 0.015 0.0127804 1 
9 0 38 0 0.032 0.00996073 1 
10 0 38 0 0.04 0.00995536 1 
11 0 38 0.0510092 0.005 0.00966372 37 
0 0 39 0.0465577 0.003 0.0101187 29 
1 0 39 0.0319389 0.024 0.00731946 14 
2 0 39 0.0142779 0.039 0.00945182 8 
3 0 39 0.0206648 0.021 0.0129894 13 
4 0 39 0 0.003 0.00990859 1 
5 0 39 0.00947007 0.015 0.0103639 6 
6 0 39 0.0275141 0.007 0.0102596 23 
7 0 39 0 0.005 0.00866656 1 
8 0 39 0.0957258 0.006 0.00954128 53 
9 0 39 0.0256273 0.022 0.0105704 5 
10 0 39 0.0249303 0.043 0.00950336 5 
11 0 39 0 0.033 0.00977715 1 
0 0 40 0 0.029 0.0079769 1 
1 0 40 0.0163075 0.034 0.00880914 9 
2 0 40 0 0.048 0.00883185 1 
3 0 40 0 0.011 0.00827999 1 
4 0 40 0 0.017 0.00834552 1 
5 0 40 0 0.006 0.011019 1 
6 0 40 0 0.044 0.00770142 1 
7 0 40 0.0340126 0.007 0.00965431 16 
8 0 40 0 0.044 0.0100844 1 
9 0 40 0.0140519 0.015 0.00979923 9 
10 0 40 0.00169584 0.005 0.0101955 3 
11 0 40 0.000440784 0.026 0.00912776 2 
0 0 41 0.0123686 0.01 0.00511553 14 
1 0 41 0 0.004 0.00738602 1 
2 0 41 0.0034684 0.004 0.00829821 4 
3 0 41 0.0164652 0.014 0.0128233 9 
4 0 41 0 0.017 0.0121673 1 
5 0 41 0 0.007 0.0115029 1 
6 0 41 0.00163616 0.004 0.00960898 2 
7 0 41 0 0.01 0.0110021 1 
8 0 41 0.0216414 0.007 0.00922863 39 
9 0 41 0.00193563 0.013 0.0105653 3 
10 0 41 0.000412536 0.001 0.0109236 2 
11 0 41 0 0.002 0.010442 1 
0 0 42 0.0100899 0.01 0.00997624 8 
1 0 42 0 0.039 0.0110828 1 
2 0 42 0 0.008 0.00900554 1 
3 0 42 0 0.001 0.00804036 1 
4 0 42 0 0.022 0.00943331 1 
5 0 42 0 0.026 0.0114033 1 
6 0 42 0 0.031 0.0124836 1 
7 0 42 0.0373329 0.003 0.0112619 32 
8 0 42 0.0511374 0.01 0.0109408 28 
9 0 42 0.0240786 0.027 0.0114588 16 
10 0 42 1.43778e-05 0.013 0.0094127 2 
11 0 42 0.0480861 0.003 0.00891751 35 
0 0 43 0.00888638 0.007 0.0087354 2 
1 0 43 0 0.005 0.00864605 1 
2 0 43 0.0111155 0.007 0.0086544 4 
3 0 43 0.0029493 0.014 0.011583 4 
4 0 43 0 0.019 0.00930369 1 
5 0 43 0.0253918 0.046 0.0129889 14 
6 0 43 0.0240836 0.011 0.0084282 25 
7 0 43 0.0394545 0.014 0.00921697 23 
8 0 43 0 0.035 0.00987509 1 
9 0 43 0.00981838 0.005 0.00937925 4 
10 0 43 0.0131772 0.021 0.00812826 14 
11 0 43 0.00535387 0.029 0.0118844 5 
0 0 44 0 0.041 0.00820927 1 
1 0 44 0 0.005 0.0122553 1 
2 0 44 0 0.005 0.00813193 1 
3 0 44 0.0268185 0.014 0.0105381 16 
4 0 44 0.0060313 0.019 0.0100119 11 
5 0 44 0.019824 0.029 0.0136084 13 
6 0 44 0.0134792 0.032 0.0096094 11 
7 0 44 0 0.007 0.0085974 1 
8 0 44 0.00709514 0.049 0.0107737 3 
9 0 44 0.00674778 0.049 0.00968899 3 
10 0 44 0.0192602 0.036 0.00933896 12 
11 0 44 0.00588241 0.046 0.00899493 3 
0 0 45 0 0.016 0.00748863 1 
1 0 45 0 0.027 0.00864962 1 
2 0 45 0.0174479 0.032 0.0090212 14 
3 0 45 9.42121e-05 0.025 0.00994397 2 
4 0 45 0 0.027 0.0118009 1 
5 0 45 0.0073268 0.007 0.015566 12 
6 0 45 0.000562169 0.007 0.0102434 2 
7 0 45 0 0.038 0.00975105 1 
8 0 45 0 0.004 0.00986047 1 
9 0 45 0.000249991 0.006 0.00746676 2 
10 0 45 0 0.041 0.00799835 1 
11 0 45 0.0254578 0.017 0.0080589 25 
0 0 46 0.00319991 0.037 0.00723552 4 
1 0 46 0.00037601 0.011 0.00999505 3 
2 0 46 0.00338863 0.042 0.0109136 4 
3 0 46 0 0.019 0.0100281 1 
4 0 46 0 0.04 0.0122382 1 
5 0 46 0 0.015 0.00954471 1 
6 0 46 0 0.034 0.0119367 1 
7 0 46 0.00967433 0.013 0.00976808 14 
8 0 46 0.0116757 0.027 0.0117959 2 
9 0 46 0.0294129 0.016 0.00893322 19 
10 0 46 0.00038591 0.025 0.0110127 2 
11 0 46 0.00803824 0.001 0.0139339 6 
0 0 47 0.0242819 0.026 0.00952765 9 
1 0 47 0.00346083 0.046 0.0149252 3 
2 0 47 0.0132741 0.034 0.00680555 8 
3 0 47 0.0451925 0.03 0.00999651 15 
4 0 47 0 0.035 0.00875159 1 
5 0 47 0 0.041 0.0094432 1 
6 0 47 0.0660263 0.005 0.0155112 39 
7 0 47 0 0.037 0.0116213 1 
8 0 47 0.0196425 0.037 0.0118235 7 
9 0 47 0.00714346 0.004 0.0108396 3 
10 0 47 0.00806239 0.004 0.00696441 3 
11 0 47 0.00801318 0.004 0.0105967 2 
0 0 48 0.00933595 0.043 0.00931087 2 
1 0 48 0 0.003 0.0110713 1 
2 0 48 0.0050239 0.039 0.011793 3 
3 0 48 0 0.034 0.00815674 1 
4 0 48 0 0.01 0.0103842 1 
5 0 48 0.00391883 0.028 0.0072899 5 
6 0 48 0 0.03 0.011358 1 
7 0 48 0.0129318 0.019 0.00739527 12 
8 0 48 0.0656626 0.002 0.0120241 39 
9 0 48 0 0.033 0.0101825 1 
10 0 48 0.0210161 0.007 0.00735068 25 
11 0 48 0 0.048 0.0097797 1 
0 0 49 0 0.033 0.0127346 1 
1 0 49 3.63028e-05 0.018 0.00969073 2 
2 0 49 0.0070885 0.031 0.010554 8 
3 0 49 0.0153937 0.012 0.00847866 13 
4 0 49 0.00817212 0.032 0.00936792 2 
5 0 49 0.00687488 0.045 0.00825278 3 
6 0 49 0.00744882 0.036 0.0124855 3 
7 0 49 0 0.042 0.012652 1 
8 0 49 0 0.02 0.0101756 1 
9 0 49 0.00892812 0.002 0.00604213 19 
10 0 49 0.0264425 0.005 0.0066605 26 
11 0 49 0.00681555 0.031 0.00983948 3 
0 0 50 0.0184913 0.016 0.0100485 20 
1 0 50 0 0.023 0.0122685 1 
2 0 50 0 0.011 0.0115127 1 
3 0 50 0.0670041 0.004 0.00804888 48 
4 0 50 0.0154921 0.003 0.00731131 20 
5 0 50 0.000342148 0.016 0.00740864 2 
6 0 50 0 0.009 0.00893021 1 
7 0 50 4.16005e-05 0.03 0.00801692 2 
8 0 50 0 0.047 0.0114923 1 
9 0 50 0 0.048 0.00875092 1 
10 0 50 0.00804788 0.003 0.0123393 8 
11 0 50 0 0.007 0.0123467 1 
0 0 51 0 0.012 0.0143274 1 
1 0 51 0 0.016 0.0107078 1 
2 0 51 0.000608781 0.007 0.00891656 2 
3 0 51 0.00984309 0.016 0.0100955 13 
4 0 51 0 0.002 0.00879477 1 
5 0 51 0 0.039 0.00939053 1 
6 0 51 0.0377133 0.016 0.00843253 14 
7 0 51 0.0450686 0.006 0.0111989 26 
8 0 51 0 0.009 0.00771473 1 
9 0 51 0 0.014 0.00878645 1 
10 0 51 0 0.037 0.0138129 1 
11 0 51 0 0.046 0.00929225 1 
0 0 52 0 0.039 0.0102469 1 
1 0 52 0 0.031 0.0106034 1 
2 0 52 0.0387287 0.01 0.0107739 27 
3 0 52 0 0.024 0.0110837 1 
4 0 52 0.00084048 0.03 0.0111933 2 
5 0 52 0 0.012 0.00849762 1 
6 0 52 0.0380586 0.003 0.0125343 27 
7 0 52 0 0.016 0.00889364 1 
8 0 52 0 0.036 0.011598 1 
9 0 52 0 0.024 0.0144794 1 
10 0 52 0 0.011 0.0115302 1 
11 0 52 0 0.001 0.00703046 1 
0 0 53 0 0.019 0.0092173 1 
1 0 53 0.00701557 0.014 0.0109522 9 
2 0 53 0.0245087 0.015 0.00924887 18 
3 0 53 0 0.008 0.0115477 1 
4 0 53 0 0.03 0.00971577 1 
5 0 53 0 0.008 0.0103758 1 
6 0 53 0 0.005 0.0112971 1 
7 0 53 0.00898027 0.039 0.00909488 5 
8 0 53 0.0075069 0.022 0.010482 6 
9 0 53 0.00357717 0.047 0.00684105 8 
10 0 53 0.0117855 0.008 0.0136745 13 
11 0 53 0.0217548 0.004 0.0127106 14 
0 0 54 0 0.041 0.00944531 1 
1 0 54 0 0.023 0.00733439 1 
2 0 54 0.0524826 0.014 0.0128339 25 
3 0 54 0 0.031 0.0117834 1 
4 0 54 0.00516356 0.041 0.011495 2 
5 0 54 0 0.043 0.0154846 1 
6 0 54 0.0257012 0.006 0.0121153 21 
7 0 54 0 0.015 0.00871342 1 
8 0 54 0.000805713 0.01 0.00844876 2 
9 0 54 0 0.033 0.0138741 1 
10 0 54 0.0221965 0.013 0.0126293 17 
11 0 54 0 0.038 0.00914041 1 
0 0 55 0 0.027 0.00942298 1 
1 0 55 0 0.026 0.00687193 1 
2 0 55 0 0.017 0.00847477 1 
3 0 55 0.0110322 0.014 0.006129 12 
4 0 55 0.00237998 0.031 0.0113 3 
5 0 55 0 0.003 0.0106419 1 
6 0 55 0 0.047 0.0119233 1 
7 0 55 0 0.043 0.00899979 1 
8 0 55 0 0.028 0.0102636 1 
9 0 55 0.00254866 0.042 0.00953596 2 
10 0 55 0 0.029 0.0126282 1 
11 0 55 0.00228512 0.019 0.00968752 2 
0 0 56 0 0.049 0.0114039 1 
1 0 56 0.000743981 0.024 0.00824086 2 
2 0 56 0 0.036 0.00883404 1 
3 0 56 0 0.043 0.0115352 1 
4 0 56 0.00174103 0.034 0.0106685 3 
5 0 56 0.00655186 0.002 0.0118 5 
6 0 56 0.00352014 0.008 0.015304 7 
7 0 56 0 0.026 0.010391 1 
8 0 56 0.000457122 0.003 0.00827057 3 
9 0 56 0 0.011 0.0126035 1 
10 0 56 0 0.033 0.00871376 1 
11 0 56 0 0.044 0.0134585 1 
0 0 57 0.0241747 0.019 0.0106976 14 
1 0 57 0 0.024 0.012183 1 
2 0 57 0.00276987 0.041 0.0111191 3 
3 0 57 0.00519299 0.002 0.00680751 6 
4 0 57 0 0.004 0.0107177 1 
5 0 57 0 0.006 0.0105602 1 
6 0 57 0.0181276 0.02 0.0165054 14 
7 0 57 0.00262573 0.008 0.0098028 8 
8 0 57 0.00561973 0.007 0.0096301 2 
9 0 57 0.00202933 0.025 0.00896847 3 
10 0 57 0.0180597 0.016 0.0112431 18 
11 0 57 0.0195306 0.018 0.00853268 10 
0 0 58 0 0.038 0.0146253 1 
1 0 58 0.00264274 0.032 0.0099725 4 
2 0 58 0.0124566 0.021 0.00721937 12 
3 0 58 0.00812016 0.018 0.00976775 4 
4 0 58 0 0.006 0.0105878 1 
5 0 58 0 0.046 0.0128463 1 
6 0 58 0.0108029 0.012 0.0132925 11 
7 0 58 0 0.047 0.0115568 1 
8 0 58 0.00698868 0.037 0.00739906 4 
9 0 58 0.00858116 0.04 0.00874872 5 
10 0 58 0.00639292 0.022 0.00955852 5 
11 0 58 0 0.003 0.0113514 1 
0 0 59 0 0.045 0.010878 1 
1 0 59 0.00699922 0.026 0.0115091 4 
2 0 59 0 0.02 0.00973708 1 
3 0 59 2.16864e-05 0.045 0.0108086 2 
4 0 59 0 0.048 0.00742174 1 
5 0 59 0 0.023 0.0102873 1 
6 0 59 0 0.041 0.0112696 1 
7 0 59 0.0192171 0.002 0.00909672 6 
8 0 59 0 0.048 0.00912682 1 
9 0 59 0 0.038 0.0112862 1 
10 0 59 0 0.038 0.0117207 1 
11 0 59 0 0.048 0.0086247 1 
0 0 60 0 0.001 0.0115659 1 
1 0 60 0 0.048 0.00895443 1 
2 0 60 0 0.01 0.0109569 2 
3 0 60 0.00282872 0.021 0.00791969 3 
4 0 60 0 0.04 0.0109778 1 
5 0 60 0.0321917 0.01 0.00982977 21 
6 0 60 0 0.047 0.00785298 1 
7 0 60 0.000662599 0.013 0.00951668 2 
8 0 60 0 0.023 0.0112196 1 
9 0 60 0.00130398 0.006 0.00861666 5 
10 0 60 0.00135506 0.009 0.0136917 3 
11 0 60 0 0.031 0.0129476 1 
