0 10 0 0.00665094 0.042 0.0103176 3 
1 10 0 0.220403 0.038 0.0111413 5 
2 10 0 0.000957793 0.043 0.00649212 1 
3 10 0 0.922857 0.006 0.0129952 3 
4 10 0 0.0212864 0.018 0.00854936 3 
5 10 0 0.0640387 0.036 0.0104718 2 
6 10 0 0.000957793 0.009 0.011084 1 
7 10 0 0.00741908 0.005 0.0104914 3 
8 10 0 0.985803 0.03 0.0123919 2 
9 10 0 0.948981 0.037 0.0127088 2 
10 10 0 1 0.024 0.012539 2 
11 10 0 0.935849 0.031 0.0113309 3 
0 10 1 0 0.027 0.0101329 1 
1 10 1 0.00391735 0.028 0.0119559 3 
2 10 1 0.0173755 0.006 0.0121015 20 
3 10 1 0 0.009 0.0126742 1 
4 10 1 0 0.037 0.0132197 1 
5 10 1 0.00959662 0.031 0.00787593 5 
6 10 1 0.00869218 0.044 0.00733021 4 
7 10 1 0.00924653 0.03 0.00934607 11 
8 10 1 0 0.014 0.0102408 1 
9 10 1 0 0.042 0.0124727 1 
10 10 1 0.0143501 0.001 0.00944468 17 
11 10 1 0 0.002 0.0110975 1 
0 10 2 0.0192376 0.014 0.0135581 17 
1 10 2 0 0.023 0.00973035 1 
2 10 2 0.01119 0.016 0.011329 13 
3 10 2 0.00888401 0.004 0.0096292 5 
4 10 2 0 0.008 0.00725294 1 
5 10 2 0.0478321 0.006 0.00950407 40 
6 10 2 0.00561178 0.042 0.0123248 4 
7 10 2 0 0.001 0.00981046 1 
8 10 2 0.0204449 0.023 0.00992704 13 
9 10 2 0 0.049 0.00918373 1 
10 10 2 0.0181329 0.033 0.00956379 10 
11 10 2 0 0.028 0.00953655 1 
0 10 3 0 0.015 0.0091737 1 
1 10 3 0 0.013 0.00933435 1 
2 10 3 0 0.034 0.012871 1 
3 10 3 0 0.047 0.00851154 1 
4 10 3 0.0087372 0.015 0.0118501 9 
5 10 3 0.0086953 0.003 0.00927735 6 
6 10 3 0.00206497 0.042 0.0125416 5 
7 10 3 0.00424874 0.006 0.00893119 7 
8 10 3 0 0.006 0.0079334 1 
9 10 3 0.00126252 0.008 0.00867198 2 
10 10 3 0.00491552 0.003 0.0106695 4 
11 10 3 0.00126252 0.013 0.00698959 2 
0 10 4 0.000116066 0.004 0.0101172 2 
1 10 4 0 0.043 0.0107128 1 
2 10 4 0 0.041 0.0114243 1 
3 10 4 0.000328772 0.005 0.0109906 2 
4 10 4 0 0.003 0.00906663 1 
5 10 4 0.00370412 0.002 0.00663368 2 
6 10 4 0.00133627 0.018 0.00907062 2 
7 10 4 0.000665372 0.013 0.0122409 2 
8 10 4 0 0.021 0.00970785 1 
9 10 4 0.00510682 0.02 0.0060439 5 
10 10 4 0.0294595 0.006 0.00796726 31 
11 10 4 0.000408149 0.015 0.00806991 2 
0 10 5 0.0347068 0.005 0.00976672 44 
1 10 5 0 0.019 0.0159225 1 
2 10 5 0 0.01 0.0127086 1 
3 10 5 0 0.01 0.00926225 1 
4 10 5 0 0.014 0.0104341 1 
5 10 5 0 0.019 0.00918804 1 
6 10 5 0.00557998 0.001 0.00813415 11 
7 10 5 0 0.018 0.00856659 1 
8 10 5 0 0.017 0.0113014 1 
9 10 5 0.0132111 0.009 0.00930353 12 
10 10 5 0 0.005 0.00698643 1 
11 10 5 0.00335109 0.003 0.0126004 8 
0 10 6 0 0.022 0.0093993 1 
1 10 6 0.0317825 0.007 0.0113413 16 
2 10 6 0 0.049 0.0115345 1 
3 10 6 0.0389301 0.006 0.00944107 32 
4 10 6 0.00137315 0.031 0.0113315 6 
5 10 6 0 0.01 0.00693579 1 
6 10 6 0 0.017 0.0103224 1 
7 10 6 0.0253871 0.004 0.0110066 22 
8 10 6 0.00866397 0.024 0.00838422 13 
9 10 6 0.015991 0.033 0.00659652 10 
10 10 6 0 0.038 0.00616799 1 
11 10 6 0.00783383 0.003 0.0097537 4 
0 10 7 0.0336238 0.008 0.00899566 37 
1 10 7 0.0301519 0.009 0.0121814 24 
2 10 7 0.000277509 0.008 0.0093557 2 
3 10 7 0 0.048 0.0101487 1 
4 10 7 0 0.035 0.00984313 1 
5 10 7 0.047374 0.006 0.0153422 23 
6 10 7 0 0.02 0.00755989 1 
7 10 7 0 0.039 0.0109429 1 
8 10 7 0 0.018 0.0119838 1 
9 10 7 0.0275579 0.002 0.0149474 29 
10 10 7 0 0.021 0.0120342 1 
11 10 7 0 0.029 0.0103907 1 
0 10 8 0 0.026 0.0118231 1 
1 10 8 0 0.032 0.0100187 1 
2 10 8 0.00404334 0.029 0.015918 4 
3 10 8 0.0102721 0.03 0.00999961 5 
4 10 8 9.11435e-06 0.001 0.0135293 2 
5 10 8 0 0.038 0.0100028 1 
6 10 8 3.42281e-06 0.001 0.010372 2 
7 10 8 0 0.025 0.00779681 1 
8 10 8 0.048258 0.012 0.00930364 27 
9 10 8 0.00957702 0.047 0.0135046 4 
10 10 8 0.00481846 0.014 0.0074631 2 
11 10 8 0.00954096 0.049 0.0103477 4 
0 10 9 0 0.044 0.00644374 1 
1 10 9 0 0.042 0.0130129 1 
2 10 9 0 0.025 0.00821649 1 
3 10 9 0 0.036 0.00976236 1 
4 10 9 0 0.01 0.0115676 1 
5 10 9 0.00987617 0.034 0.0130192 7 
6 10 9 0.0173524 0.022 0.0102712 10 
7 10 9 0.0322964 0.008 0.0101457 25 
8 10 9 0.00398073 0.045 0.0076351 2 
9 10 9 0.000134592 0.032 0.00845268 4 
10 10 9 0.001762 0.044 0.0102867 2 
11 10 9 0 0.033 0.00953663 1 
0 10 10 0.0616756 0.01 0.0101695 33 
1 10 10 0 0.048 0.00849505 1 
2 10 10 0 0.009 0.00874856 1 
3 10 10 0.0424683 0.007 0.0089959 29 
4 10 10 0.00140915 0.004 0.0100753 5 
5 10 10 0.0397517 0.009 0.0102497 29 
6 10 10 0 0.043 0.00968563 1 
7 10 10 0.020908 0.015 0.0093115 15 
8 10 10 0.0147794 0.027 0.0108761 11 
9 10 10 0.020264 0.024 0.00977142 12 
10 10 10 0 0.007 0.00723376 1 
11 10 10 0 0.004 0.0119462 1 
0 10 11 0.0123169 0.025 0.00856402 10 
1 10 11 0 0.044 0.00912787 1 
2 10 11 0.00858996 0.029 0.00834596 2 
3 10 11 0 0.009 0.0106319 1 
4 10 11 0.00448218 0.001 0.00847196 4 
5 10 11 0 0.046 0.0102411 1 
6 10 11 0.0248476 0.041 0.00867503 8 
7 10 11 0 0.002 0.00974008 1 
8 10 11 0.00451742 0.002 0.0114768 5 
9 10 11 0.0478518 0.002 0.0125141 47 
10 10 11 0 0.006 0.00867091 1 
11 10 11 0 0.04 0.00831418 1 
0 10 12 0.013342 0.023 0.0109144 9 
1 10 12 0 0.005 0.00831162 1 
2 10 12 0 0.037 0.0116104 1 
3 10 12 0.0184917 0.002 0.00765586 7 
4 10 12 0.000318016 0.001 0.00950815 2 
5 10 12 0 0.024 0.0114918 1 
6 10 12 0 0.042 0.00837718 1 
7 10 12 0 0.006 0.0098431 1 
8 10 12 0.00629808 0.043 0.00955911 5 
9 10 12 0.0470258 0.01 0.0110412 21 
10 10 12 0.0046891 0.002 0.00846734 5 
11 10 12 0.0279266 0.03 0.0093145 10 
0 10 13 0.0144812 0.047 0.012515 5 
1 10 13 0.00791835 0.027 0.00765315 10 
2 10 13 0 0.048 0.0111564 1 
3 10 13 0 0.046 0.0116984 1 
4 10 13 0 0.006 0.0131706 1 
5 10 13 0 0.024 0.010813 1 
6 10 13 0.0350798 0.011 0.0112664 31 
7 10 13 0.00404251 0.013 0.00880635 4 
8 10 13 0 0.048 0.00820083 1 
9 10 13 0.0532723 0.013 0.0118006 32 
10 10 13 0.010283 0.013 0.0117851 15 
11 10 13 0.012101 0.013 0.0111152 13 
0 10 14 0 0.001 0.00918163 1 
1 10 14 0.014059 0.02 0.00980874 8 
2 10 14 0 0.048 0.0111389 1 
3 10 14 0.000805978 0.005 0.00774412 2 
4 10 14 0.0400363 0.008 0.00989148 26 
5 10 14 0 0.008 0.009888 1 
6 10 14 1.36012e-05 0.002 0.0105876 2 
7 10 14 0.00944334 0.04 0.0083166 3 
8 10 14 0 0.022 0.0111313 1 
9 10 14 0.0210502 0.047 0.0104213 8 
10 10 14 0 0.008 0.00966044 1 
11 10 14 0.0331643 0.004 0.0103196 21 
0 10 15 0 0.019 0.00929814 1 
1 10 15 0 0.008 0.0103794 1 
2 10 15 0.000579234 0.011 0.0107994 2 
3 10 15 0.0164802 0.029 0.0074518 8 
4 10 15 0.00544337 0.007 0.0117309 5 
5 10 15 0.0208008 0.016 0.00606034 16 
6 10 15 0 0.016 0.00729793 1 
7 10 15 0.000149167 0.004 0.00943886 2 
8 10 15 0.00540218 0.004 0.0122505 4 
9 10 15 0.0143982 0.04 0.00883123 8 
10 10 15 0.00586228 0.025 0.00830082 4 
11 10 15 0.0166594 0.019 0.0109852 8 
0 10 16 0.00886962 0.014 0.00733658 12 
1 10 16 0.0466288 0.004 0.00751651 53 
2 10 16 0 0.022 0.0142201 1 
3 10 16 0.00164508 0.04 0.00923333 2 
4 10 16 0.00213972 0.038 0.0119895 2 
5 10 16 0.000800149 0.016 0.0144831 2 
6 10 16 0.00292116 0.02 0.0100573 2 
7 10 16 5.24334e-07 0.015 0.013138 2 
8 10 16 0 0.034 0.00921061 1 
9 10 16 0 0.02 0.00867453 1 
10 10 16 0.0097743 0.035 0.00805224 6 
11 10 16 0 0.029 0.00861511 1 
0 10 17 0.00331337 0.03 0.00697911 4 
1 10 17 0.0227086 0.011 0.0137258 11 
2 10 17 0 0.048 0.00859619 1 
3 10 17 0.0406045 0.007 0.0103895 28 
4 10 17 0 0.042 0.0117096 1 
5 10 17 0 0.005 0.0135206 1 
6 10 17 0 0.027 0.0100809 1 
7 10 17 0.0185281 0.006 0.0103604 14 
8 10 17 0.000469255 0.009 0.0101903 2 
9 10 17 0 0.019 0.0102048 1 
10 10 17 0 0.003 0.00861977 1 
11 10 17 0 0.04 0.00973009 1 
0 10 18 0.0244715 0.025 0.0104228 15 
1 10 18 0.0226035 0.029 0.0094108 17 
2 10 18 0.0157893 0.015 0.0110471 11 
3 10 18 0 0.041 0.0107939 1 
4 10 18 0 0.014 0.00916996 1 
5 10 18 0.000144903 0.047 0.0116606 2 
6 10 18 0.0277891 0.031 0.0112386 11 
7 10 18 0 0.005 0.00891109 1 
8 10 18 0.0105979 0.023 0.00909341 6 
9 10 18 0 0.017 0.0125623 1 
10 10 18 0 0.013 0.00929376 1 
11 10 18 0.00195248 0.002 0.011667 3 
0 10 19 0.0128382 0.042 0.00736672 6 
1 10 19 0.00754857 0.008 0.00994911 10 
2 10 19 0.00671162 0.04 0.0103654 4 
3 10 19 0 0.015 0.00971511 1 
4 10 19 0.0487926 0.013 0.0105553 27 
5 10 19 0.0405103 0.003 0.0126631 53 
6 10 19 0 0.001 0.011793 1 
7 10 19 0 0.015 0.0102391 1 
8 10 19 0.0119529 0.027 0.00977255 5 
9 10 19 0.00209624 0.048 0.00807419 2 
10 10 19 0.00263683 0.029 0.00755833 2 
11 10 19 0.0529328 0.002 0.0111647 49 
0 10 20 0 0.027 0.00925099 1 
1 10 20 0 0.045 0.00923644 1 
2 10 20 0.00882095 0.027 0.0105755 5 
3 10 20 0 0.037 0.00864478 1 
4 10 20 0.0346461 0.004 0.0128176 49 
5 10 20 0.0102441 0.042 0.0077876 4 
6 10 20 0 0.024 0.0110923 1 
7 10 20 0 0.044 0.00637024 1 
8 10 20 0 0.044 0.0122871 1 
9 10 20 0.00238577 0.026 0.0110642 14 
10 10 20 2.06836e-05 0.021 0.0111907 2 
11 10 20 0 0.047 0.0101294 1 
0 10 21 0.000695301 0.011 0.0101449 2 
1 10 21 0.0173002 0.028 0.00986769 9 
2 10 21 0 0.035 0.0138036 1 
3 10 21 0.0035795 0.037 0.0111146 3 
4 10 21 0 0.022 0.0130606 1 
5 10 21 0 0.028 0.00895006 1 
6 10 21 0.029732 0.041 0.0105683 12 
7 10 21 0.00159946 0.049 0.0131682 3 
8 10 21 0.0156313 0.002 0.00847023 13 
9 10 21 0.00213974 0.039 0.0106612 2 
10 10 21 0.0125052 0.009 0.00619354 16 
11 10 21 0 0.007 0.0112908 1 
0 10 22 0.0141971 0.013 0.0106305 12 
1 10 22 0.00167706 0.011 0.0124182 3 
2 10 22 0 0.007 0.00822453 1 
3 10 22 0 0.007 0.00930202 1 
4 10 22 0.0200633 0.021 0.011177 17 
5 10 22 0.000385153 0.001 0.00756274 3 
6 10 22 0 0.037 0.0113883 1 
7 10 22 0.00687167 0.016 0.011133 7 
8 10 22 0 0.018 0.0116832 1 
9 10 22 0 0.047 0.0106029 1 
10 10 22 0.0366627 0.009 0.00827245 25 
11 10 22 0 0.042 0.0117214 1 
0 10 23 0.0156701 0.022 0.00983649 15 
1 10 23 0 0.048 0.0125102 1 
2 10 23 0.0110367 0.014 0.0103422 11 
3 10 23 0.0244796 0.008 0.010124 18 
4 10 23 0 0.004 0.0134813 1 
5 10 23 0.0173719 0.012 0.0100897 19 
6 10 23 0.00101855 0.026 0.00755653 8 
7 10 23 0 0.001 0.0107236 1 
8 10 23 0.0366701 0.006 0.0102719 34 
9 10 23 0.0271284 0.005 0.0123283 21 
10 10 23 0 0.018 0.00687468 1 
11 10 23 0 0.012 0.0102603 1 
0 10 24 0 0.04 0.0112358 1 
1 10 24 0.0460054 0.004 0.00879543 28 
2 10 24 0 0.044 0.00937608 1 
3 10 24 0 0.032 0.00960712 1 
4 10 24 0 0.046 0.00974955 1 
5 10 24 0 0.018 0.00987479 1 
6 10 24 0 0.017 0.0106197 1 
7 10 24 0 0.049 0.00788856 1 
8 10 24 0.0317684 0.004 0.00765361 26 
9 10 24 0.000280031 0.022 0.011318 3 
10 10 24 0.00469804 0.002 0.0100308 7 
11 10 24 0.00688845 0.01 0.00973824 10 
0 10 25 0.00161757 0.016 0.0108769 4 
1 10 25 0.0524717 0.002 0.0138967 42 
2 10 25 0 0.03 0.00953114 1 
3 10 25 0 0.026 0.0125928 1 
4 10 25 0.00436327 0.026 0.00931908 3 
5 10 25 0.00381258 0.02 0.0102745 2 
6 10 25 0 0.003 0.0090177 1 
7 10 25 0 0.025 0.0140731 1 
8 10 25 0 0.008 0.0111768 1 
9 10 25 0 0.042 0.00982484 1 
10 10 25 0 0.037 0.00826083 1 
11 10 25 0.0171345 0.007 0.0122763 17 
0 10 26 0 0.046 0.0110806 1 
1 10 26 0.000852774 0.028 0.00949138 4 
2 10 26 0.000223917 0.011 0.0119831 2 
3 10 26 0 0.024 0.0106537 1 
4 10 26 0 0.045 0.0126625 1 
5 10 26 0.0354111 0.012 0.0107569 15 
6 10 26 0.0477857 0.005 0.00976643 38 
7 10 26 0 0.02 0.00985884 1 
8 10 26 0.0161163 0.02 0.00910662 13 
9 10 26 0.0024399 0.011 0.00894972 5 
10 10 26 0.00185477 0.017 0.0106703 2 
11 10 26 0.00249564 0.003 0.0105298 3 
0 10 27 0.0177883 0.001 0.00761656 29 
1 10 27 0 0.034 0.0133793 1 
2 10 27 0 0.043 0.0108344 1 
3 10 27 0 0.037 0.00950129 1 
4 10 27 0.0588535 0.011 0.0115734 27 
5 10 27 0 0.039 0.0118752 1 
6 10 27 0 0.034 0.0110295 1 
7 10 27 0 0.04 0.00809272 1 
8 10 27 0 0.045 0.0112566 1 
9 10 27 0 0.028 0.0135331 1 
10 10 27 0 0.033 0.00795879 1 
11 10 27 0 0.047 0.0130883 1 
0 10 28 0.0507773 0.005 0.00991312 42 
1 10 28 0.00186813 0.026 0.0129807 3 
2 10 28 0 0.043 0.00910145 1 
3 10 28 0 0.036 0.0102544 1 
4 10 28 0 0.007 0.00982187 1 
5 10 28 0 0.037 0.0103803 1 
6 10 28 0 0.033 0.0124678 1 
7 10 28 0 0.013 0.0121255 1 
8 10 28 0.0461643 0.011 0.0096862 21 
9 10 28 0.0318176 0.013 0.0085022 18 
10 10 28 0.0473965 0.002 0.00920173 47 
11 10 28 0.00120973 0.042 0.00925417 2 
0 10 29 0 0.013 0.0100947 1 
1 10 29 0.00572878 0.005 0.0117714 9 
2 10 29 0 0.035 0.0146726 1 
3 10 29 0.00905445 0.013 0.0115065 12 
4 10 29 0 0.021 0.0105137 1 
5 10 29 0.00721649 0.016 0.00837582 4 
6 10 29 0 0.039 0.00964338 1 
7 10 29 0 0.017 0.00927875 1 
8 10 29 0.00118222 0.009 0.0114097 4 
9 10 29 0 0.001 0.00949209 1 
10 10 29 0 0.028 0.00723294 1 
11 10 29 0.00149774 0.037 0.0109613 2 
0 10 30 0 0.032 0.0143977 1 
1 10 30 0 0.01 0.00905359 1 
2 10 30 0 0.043 0.0101238 1 
3 10 30 0 0.012 0.00844391 1 
4 10 30 0 0.045 0.00943775 1 
5 10 30 0 0.012 0.0118827 1 
6 10 30 0 0.019 0.00892579 1 
7 10 30 0.00102612 0.021 0.00987428 2 
8 10 30 0 0.002 0.00950253 1 
9 10 30 0.0031822 0.043 0.0116246 2 
10 10 30 0 0.049 0.00960793 1 
11 10 30 0.0247403 0.007 0.0115004 24 
0 10 31 0.0124019 0.019 0.0101781 7 
1 10 31 0.00626196 0.037 0.00613387 8 
2 10 31 0.0743743 0.001 0.0106029 50 
3 10 31 0 0.024 0.0116298 1 
4 10 31 0.00435472 0.004 0.00834382 3 
5 10 31 0.0145398 0.008 0.0112521 25 
6 10 31 0 0.039 0.00922494 1 
7 10 31 0 0.03 0.00888174 1 
8 10 31 0.0632111 0.002 0.0117313 51 
9 10 31 0 0.007 0.0110909 1 
10 10 31 0 0.049 0.0077872 1 
11 10 31 0 0.039 0.0113607 1 
0 10 32 0.00630136 0.021 0.0100757 8 
1 10 32 0 0.016 0.0117175 1 
2 10 32 0 0.021 0.00918272 1 
3 10 32 0.0297051 0.017 0.0109366 15 
4 10 32 0 0.025 0.0112527 1 
5 10 32 0.0139668 0.011 0.0106276 10 
6 10 32 0.000266498 0.036 0.00935503 2 
7 10 32 0 0.016 0.00897762 1 
8 10 32 0.000591825 0.005 0.0101907 3 
9 10 32 0 0.043 0.01074 1 
10 10 32 0 0.023 0.00933247 1 
11 10 32 0.00180147 0.019 0.008304 2 
0 10 33 0.026267 0.027 0.0129665 13 
1 10 33 0.040816 0.004 0.0135736 39 
2 10 33 0.0104688 0.002 0.0113976 7 
3 10 33 0.0108668 0.017 0.0118866 7 
4 10 33 0 0.028 0.0114301 1 
5 10 33 0 0.016 0.0148907 1 
6 10 33 4.82042e-06 0.002 0.0106627 2 
7 10 33 0.00309805 0.024 0.0100073 3 
8 10 33 0 0.041 0.00810653 1 
9 10 33 0.000666762 0.014 0.00893809 2 
10 10 33 0.0087321 0.036 0.0114274 3 
11 10 33 0.00751185 0.02 0.0100832 5 
0 10 34 0.0381016 0.012 0.0141883 23 
1 10 34 0 0.006 0.00948028 1 
2 10 34 0.0254049 0.012 0.00967248 19 
3 10 34 0.0119242 0.023 0.00921495 10 
4 10 34 0.013334 0.008 0.0143413 24 
5 10 34 0 0.007 0.00917549 1 
6 10 34 0 0.023 0.012498 1 
7 10 34 0.00135462 0.011 0.00908841 4 
8 10 34 0.00352326 0.002 0.0111588 2 
9 10 34 0.00252879 0.023 0.0130611 3 
10 10 34 0.0146149 0.002 0.011876 13 
11 10 34 0.00147784 0.042 0.00918626 2 
0 10 35 0 0.049 0.00774844 1 
1 10 35 0 0.033 0.0074542 1 
2 10 35 0 0.013 0.0116821 1 
3 10 35 0.0105936 0.017 0.0107675 12 
4 10 35 0.0238084 0.015 0.0107039 15 
5 10 35 0.0178664 0.014 0.0099989 17 
6 10 35 0 0.032 0.00986464 1 
7 10 35 0 0.011 0.0105141 1 
8 10 35 0 0.011 0.0107484 1 
9 10 35 0.0140225 0.037 0.0121871 10 
10 10 35 0.0236548 0.016 0.00907435 9 
11 10 35 0.016186 0.028 0.0102548 11 
0 10 36 0 0.015 0.0111705 1 
1 10 36 0 0.006 0.0138373 1 
2 10 36 0 0.043 0.0122815 1 
3 10 36 0 0.032 0.00808263 1 
4 10 36 0.0336775 0.001 0.007728 38 
5 10 36 0.0721116 0.002 0.0125888 59 
6 10 36 0.0392309 0.001 0.0142142 32 
7 10 36 0 0.001 0.0116552 1 
8 10 36 0 0.023 0.00792182 1 
9 10 36 0 0.044 0.0101858 1 
10 10 36 0 0.034 0.00920617 1 
11 10 36 0 0.007 0.0116251 1 
0 10 37 0 0.007 0.00984817 1 
1 10 37 0 0.047 0.00848186 1 
2 10 37 0.0267448 0.026 0.0102958 9 
3 10 37 0.000943543 0.006 0.0114532 2 
4 10 37 0 0.047 0.00879906 1 
5 10 37 0.00985999 0.016 0.0108433 8 
6 10 37 0.0427929 0.001 0.0122675 31 
7 10 37 0.0025584 0.026 0.0118513 6 
8 10 37 0 0.017 0.00902197 1 
9 10 37 0.0262493 0.006 0.0113903 27 
10 10 37 0 0.015 0.0108364 1 
11 10 37 0 0.002 0.00920718 1 
0 10 38 0.00316153 0.028 0.010115 7 
1 10 38 0.0447094 0.013 0.0106518 26 
2 10 38 0 0.031 0.006498 1 
3 10 38 0 0.005 0.0097248 1 
4 10 38 0.0191192 0.007 0.0100863 28 
5 10 38 0.0235689 0.013 0.0117532 20 
6 10 38 0 0.031 0.0132604 1 
7 10 38 0.0010062 0.012 0.0100739 2 
8 10 38 0.0101035 0.039 0.0126605 3 
9 10 38 0.00207239 0.024 0.00978647 2 
10 10 38 0.0494619 0.005 0.00922123 37 
11 10 38 0.0112499 0.031 0.0101228 11 
0 10 39 0.00487365 0.008 0.0106896 2 
1 10 39 0.036238 0.001 0.00852262 51 
2 10 39 0.0074993 0.002 0.00985518 5 
3 10 39 0 0.033 0.00904497 1 
4 10 39 0.0128053 0.003 0.0128571 23 
5 10 39 0 0.003 0.00597693 1 
6 10 39 0 0.035 0.0103615 1 
7 10 39 0 0.048 0.011872 1 
8 10 39 0.0107289 0.004 0.00914126 10 
9 10 39 0.00991471 0.033 0.0107844 12 
10 10 39 0 0.023 0.00985332 1 
11 10 39 0.0113239 0.025 0.00875598 6 
0 10 40 0 0.028 0.0148442 1 
1 10 40 0.00968847 0.015 0.00962157 11 
2 10 40 0.000100972 0.019 0.0112058 2 
3 10 40 0.00128333 0.002 0.011267 4 
4 10 40 0.0452705 0.007 0.0134468 31 
5 10 40 0.00232678 0.046 0.0102021 3 
6 10 40 0.0172745 0.038 0.00818132 10 
7 10 40 5.14726e-05 0.003 0.00885076 2 
8 10 40 0.0296465 0.019 0.00754849 17 
9 10 40 0.000554977 0.023 0.00891754 2 
10 10 40 0.00994956 0.02 0.00949639 9 
11 10 40 0 0.01 0.00721141 1 
0 10 41 3.51636e-05 0.017 0.00745003 2 
1 10 41 0.00278381 0.043 0.00914105 2 
2 10 41 0 0.009 0.0150697 1 
3 10 41 0 0.024 0.011155 1 
4 10 41 0 0.001 0.0118537 1 
5 10 41 0 0.033 0.0095214 1 
6 10 41 0 0.025 0.0119407 1 
7 10 41 0.00772204 0.013 0.0110088 7 
8 10 41 0.000350053 0.008 0.0122958 2 
9 10 41 0 0.049 0.0116795 1 
10 10 41 0.0501215 0.007 0.00940971 38 
11 10 41 0 0.032 0.0101798 1 
0 10 42 0.00330141 0.002 0.008738 4 
1 10 42 0.0291286 0.006 0.0121988 25 
2 10 42 0.0292427 0.03 0.0120336 15 
3 10 42 0.0308474 0.013 0.011789 19 
4 10 42 0.0194679 0.016 0.00699442 15 
5 10 42 0.00446754 0.011 0.0114312 2 
6 10 42 0 0.035 0.00936709 1 
7 10 42 0.019954 0.025 0.00575273 10 
8 10 42 0.0571145 0.003 0.0123151 37 
9 10 42 0.0627017 0.003 0.00841318 52 
10 10 42 0 0.008 0.00513715 1 
11 10 42 0 0.002 0.0101495 1 
0 10 43 0 0.024 0.0133153 1 
1 10 43 0.0698724 0.001 0.0154754 51 
2 10 43 0 0.013 0.0130771 1 
3 10 43 0.0276039 0.004 0.0108214 31 
4 10 43 0.0118576 0.019 0.00988799 10 
5 10 43 0 0.004 0.0117253 1 
6 10 43 0 0.006 0.00816809 1 
7 10 43 0 0.002 0.0112255 1 
8 10 43 0 0.011 0.00782514 1 
9 10 43 0 0.047 0.009674 1 
10 10 43 0.0124565 0.018 0.00918892 14 
11 10 43 0 0.032 0.0103893 1 
0 10 44 0.00627034 0.025 0.0116 9 
1 10 44 0 0.048 0.00963643 1 
2 10 44 0 0.017 0.00797841 1 
3 10 44 0.0475154 0.01 0.00985186 29 
4 10 44 0 0.025 0.0116655 1 
5 10 44 0 0.025 0.00918695 1 
6 10 44 0.000164067 0.001 0.00985623 3 
7 10 44 0 0.007 0.0117989 1 
8 10 44 0.0213908 0.018 0.00875236 13 
9 10 44 0.00641383 0.039 0.008416 2 
10 10 44 0.0144883 0.013 0.0102128 12 
11 10 44 0.00641383 0.047 0.00799709 2 
0 10 45 0.0226109 0.048 0.011339 6 
1 10 45 0 0.036 0.0117612 1 
2 10 45 0 0.042 0.00783611 1 
3 10 45 0.00340664 0.027 0.0111002 3 
4 10 45 0 0.009 0.0134669 1 
5 10 45 0.00929797 0.011 0.00782434 11 
6 10 45 0.0070143 0.013 0.0102049 10 
7 10 45 0.013785 0.049 0.0108578 7 
8 10 45 0.0104332 0.028 0.011107 3 
9 10 45 0.00504171 0.039 0.0118691 3 
10 10 45 0.0231199 0.027 0.00856804 17 
11 10 45 0.000358834 0.019 0.00842761 4 
0 10 46 0.0101749 0.029 0.0115566 2 
1 10 46 0 0.035 0.0106205 1 
2 10 46 0.0143611 0.014 0.00648337 22 
3 10 46 0.0112571 0.03 0.0117092 9 
4 10 46 0.00144504 0.032 0.00861451 2 
5 10 46 0 0.047 0.00933494 1 
6 10 46 0.0027301 0.032 0.0124205 5 
7 10 46 0.00395635 0.049 0.00874824 4 
8 10 46 0.0183264 0.046 0.00684359 10 
9 10 46 0.00502059 0.037 0.0112283 3 
10 10 46 0.00677401 0.042 0.0100229 3 
11 10 46 0.0190748 0.014 0.0115835 18 
0 10 47 0 0.036 0.00852568 1 
1 10 47 0.00805262 0.003 0.00822885 8 
2 10 47 0 0.026 0.00932802 1 
3 10 47 0 0.034 0.00879301 1 
4 10 47 0 0.027 0.0135804 1 
5 10 47 0 0.018 0.0132836 1 
6 10 47 0.0221443 0.015 0.0119817 14 
7 10 47 0.00889619 0.039 0.00957248 5 
8 10 47 0 0.031 0.0110014 1 
9 10 47 0 0.022 0.00901917 1 
10 10 47 0 0.046 0.0149416 1 
11 10 47 0 0.013 0.0106429 1 
0 10 48 0 0.033 0.008433 1 
1 10 48 0.00062756 0.02 0.00802928 3 
2 10 48 0 0.04 0.00904688 1 
3 10 48 0.00621539 0.027 0.00977275 4 
4 10 48 0.0126934 0.024 0.00979824 12 
5 10 48 0.0111748 0.034 0.0117806 7 
6 10 48 0 0.003 0.0116142 1 
7 10 48 0.00212842 0.022 0.013786 2 
8 10 48 0.0475412 0.006 0.0109366 31 
9 10 48 0 0.008 0.0109445 1 
10 10 48 0.0053126 0.048 0.0103701 4 
11 10 48 0.0118158 0.042 0.0113912 4 
0 10 49 0 0.021 0.00970946 1 
1 10 49 0 0.031 0.015083 1 
2 10 49 0.000945554 0.032 0.0079461 2 
3 10 49 0 0.028 0.0122641 1 
4 10 49 0 0.003 0.012078 1 
5 10 49 0 0.004 0.00958986 1 
6 10 49 0 0.028 0.0102795 1 
7 10 49 0 0.031 0.0097774 1 
8 10 49 0 0.007 0.00937358 1 
9 10 49 0 0.011 0.0110749 1 
10 10 49 0.0468404 0.005 0.0111898 30 
11 10 49 0 0.038 0.00604722 1 
0 10 50 0 0.037 0.00915825 1 
1 10 50 0 0.048 0.00967978 1 
2 10 50 0 0.017 0.0114552 1 
3 10 50 0 0.045 0.00887568 1 
4 10 50 0 0.011 0.00998428 1 
5 10 50 0 0.015 0.00880671 1 
6 10 50 0 0.033 0.0114059 1 
7 10 50 0.023916 0.005 0.0116689 19 
8 10 50 0 0.013 0.00957192 1 
9 10 50 0.000268576 0.022 0.0129265 3 
10 10 50 0.00407638 0.012 0.00874753 7 
11 10 50 0 0.01 0.00936773 1 
0 10 51 0.0253156 0.024 0.00928826 11 
1 10 51 0 0.007 0.0099169 1 
2 10 51 0 0.031 0.0108621 1 
3 10 51 0.044155 0.004 0.00742747 41 
4 10 51 0.0244866 0.008 0.011357 19 
5 10 51 0 0.037 0.00684087 1 
6 10 51 0.0018187 0.015 0.00956502 7 
7 10 51 0 0.008 0.0112205 1 
8 10 51 0 0.004 0.00950176 1 
9 10 51 0 0.005 0.0111188 1 
10 10 51 0 0.034 0.0101673 1 
11 10 51 0.00103427 0.016 0.0109861 2 
0 10 52 2.60653e-05 0.03 0.00719409 2 
1 10 52 0 0.018 0.0118522 1 
2 10 52 0 0.039 0.0100831 1 
3 10 52 0.0150486 0.036 0.0111653 7 
4 10 52 0.0125196 0.001 0.0130707 8 
5 10 52 0 0.011 0.0107348 1 
6 10 52 0 0.02 0.00740506 1 
7 10 52 0.00944255 0.005 0.00703487 11 
8 10 52 0.00334593 0.048 0.0131519 3 
9 10 52 0 0.01 0.0103473 1 
10 10 52 0.00334465 0.033 0.0084497 6 
11 10 52 0.0049514 0.041 0.0112131 4 
0 10 53 0 0.04 0.00848329 1 
1 10 53 0 0.049 0.00922975 1 
2 10 53 0.000328019 0.017 0.00953247 2 
3 10 53 4.87642e-05 0.008 0.0105955 2 
4 10 53 0.0490054 0.003 0.00918219 38 
5 10 53 0.00911107 0.047 0.00887057 5 
6 10 53 0 0.01 0.00853089 1 
7 10 53 0.00671987 0.001 0.00861511 4 
8 10 53 0.0119029 0.032 0.00975955 3 
9 10 53 0.0299412 0.012 0.00886277 15 
10 10 53 0.00364511 0.001 0.00857699 6 
11 10 53 0.0130068 0.024 0.0106771 11 
0 10 54 0.00486369 0.007 0.00847868 7 
1 10 54 0 0.041 0.00946495 1 
2 10 54 0 0.036 0.00727807 1 
3 10 54 0 0.005 0.0107999 1 
4 10 54 0.0101258 0.047 0.0126233 5 
5 10 54 0.0108531 0.048 0.00997004 5 
6 10 54 0.0283474 0.008 0.0110241 32 
7 10 54 0.0170062 0.007 0.00926834 5 
8 10 54 0 0.001 0.010534 1 
9 10 54 0.00520153 0.004 0.00956321 2 
10 10 54 0 0.015 0.0102709 1 
11 10 54 0.00677781 0.042 0.0101128 2 
0 10 55 0.00168662 0.032 0.0087739 3 
1 10 55 0.0146823 0.016 0.0114893 15 
2 10 55 0.00413936 0.038 0.0115855 5 
3 10 55 0.00292502 0.032 0.0105367 3 
4 10 55 0.00603675 0.048 0.00892212 2 
5 10 55 0.00577778 0.027 0.0117965 2 
6 10 55 0 0.013 0.00774315 1 
7 10 55 0.00195199 0.048 0.0090711 2 
8 10 55 0.00904701 0.026 0.0124007 6 
9 10 55 0 0.017 0.0111745 1 
10 10 55 0.00450273 0.044 0.0108211 3 
11 10 55 0.00632409 0.026 0.0101 4 
0 10 56 0.00896823 0.043 0.00693668 5 
1 10 56 0.00590102 0.017 0.0113043 4 
2 10 56 0.00995844 0.031 0.0115822 6 
3 10 56 0.00338395 0.028 0.0128097 4 
4 10 56 0 0.003 0.0155847 1 
5 10 56 0 0.011 0.011896 1 
6 10 56 0.093894 0.001 0.0148757 52 
7 10 56 0.00740228 0.007 0.0106443 11 
8 10 56 0.00264289 0.003 0.0107107 4 
9 10 56 0.00010913 0.042 0.0113165 2 
10 10 56 0.000879927 0.03 0.00907472 3 
11 10 56 0.0475357 0.003 0.0113985 41 
0 10 57 0.00176679 0.009 0.00895329 6 
1 10 57 0.00137506 0.031 0.00674706 2 
2 10 57 0 0.024 0.0114181 1 
3 10 57 0.00186275 0.004 0.00759115 4 
4 10 57 0 0.013 0.0124854 1 
5 10 57 0 0.04 0.0106301 1 
6 10 57 0 0.042 0.0117624 1 
7 10 57 0 0.04 0.0107529 1 
8 10 57 0 0.014 0.0104532 1 
9 10 57 0.0121102 0.002 0.00727966 16 
10 10 57 0.00522458 0.002 0.00898286 7 
11 10 57 0.00370574 0.031 0.00875739 3 
0 10 58 0.012345 0.011 0.0120367 12 
1 10 58 0.00394944 0.006 0.0104333 7 
2 10 58 9.48314e-05 0.005 0.0100344 2 
3 10 58 0 0.026 0.0134964 1 
4 10 58 0 0.023 0.00569298 1 
5 10 58 0 0.048 0.00981064 1 
6 10 58 0 0.012 0.0123767 1 
7 10 58 0.018612 0.033 0.0104767 12 
8 10 58 0 0.015 0.0100603 1 
9 10 58 0.0153136 0.008 0.0103006 13 
10 10 58 0 0.04 0.0108687 1 
11 10 58 0 0.044 0.00971319 1 
0 10 59 0 0.022 0.0124614 1 
1 10 59 0 0.012 0.0105569 2 
2 10 59 0.0101399 0.005 0.0136323 9 
3 10 59 1.06176e-06 0.003 0.0137513 2 
4 10 59 0 0.005 0.014817 1 
5 10 59 0 0.035 0.0119271 1 
6 10 59 3.73866e-05 0.002 0.00913609 2 
7 10 59 0.000226617 0.021 0.0129366 2 
8 10 59 0.00149406 0.013 0.00987575 3 
9 10 59 0 0.041 0.0119777 1 
10 10 59 0.0269651 0.008 0.00928577 21 
11 10 59 0 0.002 0.0102645 1 
0 10 60 0 0.043 0.0109037 1 
1 10 60 0.00656667 0.046 0.00877065 3 
2 10 60 0 0.025 0.00802445 1 
3 10 60 0.0105067 0.027 0.0107761 6 
4 10 60 0 0.001 0.0145939 1 
5 10 60 0 0.009 0.00792519 1 
6 10 60 0.0855115 0.002 0.0141368 57 
7 10 60 0.0456716 0.001 0.0107043 33 
8 10 60 0 0.008 0.0114943 1 
9 10 60 0.032454 0.017 0.0103602 12 
10 10 60 0 0.033 0.00926661 1 
11 10 60 0.0195345 0.009 0.012707 23 
