0 11 0 0.00616835 0.034 0.00941503 4 
1 11 0 0.060749 0.005 0.0113935 3 
2 11 0 0.12246 0.012 0.0133703 30 
3 11 0 0.918574 0.028 0.0115503 3 
4 11 0 0.053388 0.045 0.0102216 4 
5 11 0 0.0634597 0.009 0.010339 2 
6 11 0 0.0578455 0.028 0.0111115 13 
7 11 0 0.00424858 0.041 0.0104124 2 
8 11 0 0.935757 0.008 0.0108557 2 
9 11 0 0.957797 0.001 0.00891733 2 
10 11 0 0.925649 0.041 0.0114739 2 
11 11 0 1 0.001 0.0142797 2 
0 11 1 0 0.034 0.00862211 1 
1 11 1 0.00141327 0.034 0.00988229 3 
2 11 1 0.00648717 0.007 0.00604337 4 
3 11 1 0.0269284 0.006 0.0128872 38 
4 11 1 0 0.006 0.00765255 1 
5 11 1 0.0146564 0.018 0.00715724 13 
6 11 1 0.00596157 0.031 0.00938872 6 
7 11 1 0.00154439 0.012 0.00798805 2 
8 11 1 0.0129435 0.005 0.0104479 15 
9 11 1 0 0.017 0.00876308 1 
10 11 1 0 0.025 0.0085731 1 
11 11 1 0 0.018 0.0122147 1 
0 11 2 0.00301654 0.023 0.0106171 4 
1 11 2 0 0.007 0.0070774 1 
2 11 2 0 0.004 0.00801385 1 
3 11 2 0 0.023 0.0101159 1 
4 11 2 0.00331223 0.028 0.00539907 5 
5 11 2 0 0.01 0.0096299 1 
6 11 2 0 0.005 0.012928 1 
7 11 2 0.00884556 0.005 0.0102395 9 
8 11 2 0.0014144 0.005 0.0103762 2 
9 11 2 0.0190482 0.015 0.0110429 17 
10 11 2 0.00602438 0.002 0.0128116 3 
11 11 2 0.0577727 0.001 0.00900621 62 
0 11 3 0.0115076 0.016 0.00866775 10 
1 11 3 0.00452543 0.002 0.0101077 5 
2 11 3 0.0126166 0.003 0.00853456 10 
3 11 3 0.00130041 0.002 0.00869908 4 
4 11 3 0.00355048 0.041 0.0128987 5 
5 11 3 0.00408074 0.036 0.00706863 2 
6 11 3 0.00211063 0.043 0.00877972 5 
7 11 3 0.0221671 0.002 0.0093762 21 
8 11 3 0 0.045 0.0102396 1 
9 11 3 0 0.027 0.00875204 1 
10 11 3 0 0.001 0.00894714 1 
11 11 3 0.0225182 0.001 0.00996258 26 
0 11 4 0.0218288 0.027 0.0120417 16 
1 11 4 0 0.008 0.00974535 1 
2 11 4 0.00848137 0.014 0.0115339 7 
3 11 4 0.0037132 0.029 0.00990113 4 
4 11 4 0.000997265 0.002 0.00931484 4 
5 11 4 0 0.038 0.0117355 1 
6 11 4 0.000619961 0.023 0.0114873 2 
7 11 4 0.00200505 0.007 0.0102331 4 
8 11 4 0.018864 0.002 0.00810959 12 
9 11 4 0 0.013 0.00727575 1 
10 11 4 0.0116035 0.034 0.00863145 10 
11 11 4 0 0.019 0.0117582 1 
0 11 5 0 0.049 0.00883406 1 
1 11 5 0 0.036 0.0100605 1 
2 11 5 0.0499571 0.011 0.0125513 27 
3 11 5 0 0.013 0.00976025 1 
4 11 5 0 0.016 0.0104937 1 
5 11 5 0.000108731 0.001 0.0120655 2 
6 11 5 0 0.024 0.0121871 1 
7 11 5 0 0.047 0.0100429 1 
8 11 5 0.000965401 0.001 0.0107075 3 
9 11 5 0 0.041 0.0118999 1 
10 11 5 0 0.036 0.00865411 1 
11 11 5 0 0.015 0.00817654 1 
0 11 6 0 0.015 0.00692025 1 
1 11 6 0.0108405 0.028 0.00966844 11 
2 11 6 0 0.004 0.00850886 1 
3 11 6 0 0.001 0.00715617 1 
4 11 6 0 0.01 0.00865646 1 
5 11 6 0.00179865 0.014 0.010922 2 
6 11 6 0 0.011 0.00929031 1 
7 11 6 0.0332246 0.006 0.00844353 29 
8 11 6 0.0331955 0.016 0.0103822 18 
9 11 6 0 0.042 0.00924144 1 
10 11 6 0 0.044 0.00839248 1 
11 11 6 0.0138345 0.021 0.00878179 15 
0 11 7 0.0310737 0.028 0.0115366 12 
1 11 7 0.0194793 0.037 0.00954359 10 
2 11 7 0 0.015 0.00784574 1 
3 11 7 0.00199095 0.005 0.0102855 5 
4 11 7 0 0.001 0.0085934 1 
5 11 7 0 0.008 0.0118614 1 
6 11 7 0 0.016 0.00858675 1 
7 11 7 0 0.003 0.00702797 1 
8 11 7 0.0221126 0.005 0.00979835 16 
9 11 7 0.0161258 0.016 0.0107259 7 
10 11 7 0 0.019 0.00812267 1 
11 11 7 0 0.003 0.00956765 1 
0 11 8 0.0285855 0.014 0.00854737 24 
1 11 8 0 0.013 0.0101662 1 
2 11 8 0.0249308 0.007 0.00986806 18 
3 11 8 0.00886788 0.035 0.00842145 5 
4 11 8 0 0.001 0.0102537 1 
5 11 8 0 0.005 0.0113245 1 
6 11 8 0 0.026 0.00978381 1 
7 11 8 0.00675904 0.01 0.00955523 3 
8 11 8 0 0.006 0.00926155 1 
9 11 8 0 0.015 0.0105214 1 
10 11 8 0 0.005 0.00864047 1 
11 11 8 0.0356844 0.008 0.0071209 24 
0 11 9 0.0356872 0.009 0.00982099 35 
1 11 9 0 0.03 0.0089747 1 
2 11 9 0.0018015 0.032 0.0127227 4 
3 11 9 0 0.042 0.0112006 1 
4 11 9 0.00564405 0.017 0.0101338 8 
5 11 9 0.0091033 0.014 0.0106749 10 
6 11 9 0.0153127 0.014 0.00876209 21 
7 11 9 0 0.045 0.0099692 1 
8 11 9 0.0194837 0.027 0.0125161 9 
9 11 9 0 0.045 0.0114697 2 
10 11 9 0 0.001 0.00595271 1 
11 11 9 0 0.01 0.00966161 1 
0 11 10 0 0.023 0.0124941 1 
1 11 10 0 0.021 0.0107626 1 
2 11 10 0 0.049 0.0168704 1 
3 11 10 0.159282 0.023 0.00904831 16 
4 11 10 0.00868869 0.008 0.0083356 4 
5 11 10 0 0.046 0.00895932 1 
6 11 10 0 0.005 0.00904664 1 
7 11 10 0.00675045 0.044 0.0102969 3 
8 11 10 0.0159364 0.018 0.00833434 18 
9 11 10 0.0236982 0.01 0.0105246 23 
10 11 10 0 0.016 0.0134043 1 
11 11 10 0 0.013 0.0114645 1 
0 11 11 0.0386257 0.004 0.0108385 34 
1 11 11 0 0.008 0.00944469 1 
2 11 11 0.022338 0.038 0.00953856 12 
3 11 11 0 0.032 0.0101139 1 
4 11 11 0.00597575 0.009 0.00941597 5 
5 11 11 0 0.045 0.01122 1 
6 11 11 0 0.012 0.0113503 1 
7 11 11 0.0167257 0.042 0.00765534 10 
8 11 11 0.0270752 0.015 0.00984758 12 
9 11 11 0.0118977 0.021 0.00989959 16 
10 11 11 0 0.002 0.00926778 1 
11 11 11 0.0303766 0.014 0.0123462 26 
0 11 12 0.00995344 0.001 0.0075758 8 
1 11 12 0.0116556 0.004 0.0135743 17 
2 11 12 0.018146 0.004 0.0110149 27 
3 11 12 0.00688861 0.005 0.0115036 2 
4 11 12 0 0.005 0.00824741 1 
5 11 12 0 0.011 0.00841016 1 
6 11 12 0 0.021 0.0111384 1 
7 11 12 0 0.015 0.00855376 1 
8 11 12 0 0.004 0.0130042 1 
9 11 12 0.0352213 0.004 0.011377 21 
10 11 12 0 0.046 0.00837699 1 
11 11 12 0.0588143 0.006 0.0114309 32 
0 11 13 0 0.01 0.00892484 1 
1 11 13 0.00249347 0.045 0.00827273 2 
2 11 13 0.0254932 0.007 0.0109615 26 
3 11 13 0.000323998 0.02 0.0105272 2 
4 11 13 0 0.047 0.0121262 1 
5 11 13 0.0309401 0.011 0.00873417 21 
6 11 13 0.0192173 0.021 0.00915044 17 
7 11 13 0 0.028 0.0100377 1 
8 11 13 0 0.014 0.0114791 1 
9 11 13 0 0.039 0.00959197 1 
10 11 13 0.00119015 0.009 0.0115263 3 
11 11 13 0.018768 0.017 0.0123929 19 
0 11 14 0 0.035 0.0106119 1 
1 11 14 0.00940313 0.028 0.0103027 14 
2 11 14 0 0.001 0.0109386 1 
3 11 14 0.0283331 0.016 0.00819961 20 
4 11 14 0 0.009 0.0102239 2 
5 11 14 0 0.045 0.0068204 1 
6 11 14 0 0.02 0.0105996 1 
7 11 14 0.00316748 0.026 0.00880706 2 
8 11 14 0 0.039 0.00848437 1 
9 11 14 0.00318878 0.007 0.0075052 4 
10 11 14 0.0204525 0.029 0.0100204 12 
11 11 14 0.0424521 0.017 0.00948414 25 
0 11 15 0 0.005 0.0131507 1 
1 11 15 0 0.049 0.0111538 1 
2 11 15 0.0266021 0.028 0.0107455 11 
3 11 15 0.00063294 0.009 0.0127372 2 
4 11 15 0 0.014 0.0117936 1 
5 11 15 0 0.018 0.012063 1 
6 11 15 0 0.011 0.010159 1 
7 11 15 0 0.048 0.00875186 1 
8 11 15 0.026757 0.01 0.0092285 27 
9 11 15 0.00746796 0.011 0.0069686 3 
10 11 15 0.00473923 0.013 0.00879037 4 
11 11 15 0 0.047 0.00942154 1 
0 11 16 0 0.033 0.0095622 1 
1 11 16 0 0.032 0.00953518 1 
2 11 16 0.0299128 0.02 0.0104818 19 
3 11 16 0 0.036 0.0077898 1 
4 11 16 0.00287571 0.023 0.00848343 2 
5 11 16 0 0.007 0.00824976 1 
6 11 16 0 0.027 0.0121273 1 
7 11 16 0 0.024 0.00860555 1 
8 11 16 0.00351627 0.004 0.00707638 7 
9 11 16 0.00229253 0.04 0.0102845 2 
10 11 16 0.00402022 0.041 0.0103685 4 
11 11 16 0 0.007 0.00957197 1 
0 11 17 0 0.043 0.0112417 1 
1 11 17 0.0257362 0.017 0.00861122 16 
2 11 17 0.00331764 0.006 0.00982516 3 
3 11 17 0.00058731 0.008 0.00897629 3 
4 11 17 0.0300431 0.016 0.00832456 10 
5 11 17 0.0578059 0.006 0.00774924 43 
6 11 17 0 0.005 0.0112205 1 
7 11 17 1.5322e-05 0.01 0.0101759 2 
8 11 17 0 0.022 0.0107521 1 
9 11 17 0 0.004 0.0122889 1 
10 11 17 0 0.036 0.00970765 1 
11 11 17 0 0.034 0.00838861 1 
0 11 18 0 0.022 0.00960925 1 
1 11 18 0.0116018 0.048 0.0150396 4 
2 11 18 0.00106991 0.02 0.00921005 3 
3 11 18 0 0.033 0.0113366 1 
4 11 18 0.0201008 0.042 0.00848184 11 
5 11 18 0.0464927 0.005 0.0123972 37 
6 11 18 0.0141401 0.008 0.010391 4 
7 11 18 0 0.039 0.0100336 1 
8 11 18 0 0.016 0.0105622 1 
9 11 18 0 0.049 0.0113019 1 
10 11 18 0.00188471 0.017 0.00969982 2 
11 11 18 0 0.025 0.00692596 1 
0 11 19 0 0.003 0.00891421 1 
1 11 19 0 0.001 0.0112746 1 
2 11 19 0.0235262 0.008 0.00998047 26 
3 11 19 0.00314697 0.015 0.0107442 2 
4 11 19 0.0350784 0.007 0.00878727 40 
5 11 19 0 0.043 0.0137505 1 
6 11 19 0 0.036 0.00877448 1 
7 11 19 0 0.007 0.0121261 1 
8 11 19 0.0221148 0.046 0.00958534 8 
9 11 19 0.0107414 0.009 0.00744428 10 
10 11 19 0 0.001 0.0100086 1 
11 11 19 0.0104683 0.036 0.00961601 6 
0 11 20 0 0.019 0.00981848 1 
1 11 20 0 0.008 0.00841685 1 
2 11 20 0.00166697 0.008 0.0107616 2 
3 11 20 0.00202633 0.046 0.00847334 3 
4 11 20 0.00237985 0.006 0.00769885 3 
5 11 20 0.00892065 0.031 0.00986488 4 
6 11 20 0.0141806 0.038 0.0093836 8 
7 11 20 0 0.049 0.00981032 1 
8 11 20 0.0179597 0.019 0.0116348 12 
9 11 20 0.00552012 0.002 0.0108188 8 
10 11 20 0.0141794 0.025 0.0100249 12 
11 11 20 0.0058632 0.033 0.0102619 4 
0 11 21 1.78529e-05 0.035 0.00884554 2 
1 11 21 8.68809e-06 0.039 0.00913693 5 
2 11 21 0 0.027 0.0112323 1 
3 11 21 0.0120405 0.02 0.0101547 12 
4 11 21 0.0143427 0.002 0.0126302 15 
5 11 21 0.0279296 0.001 0.00618434 18 
6 11 21 0.0278502 0.013 0.0116794 24 
7 11 21 0.0109224 0.005 0.0106272 9 
8 11 21 0.00167061 0.036 0.0118898 2 
9 11 21 0.0149205 0.003 0.0091835 12 
10 11 21 0.0046128 0.024 0.00743096 6 
11 11 21 0.00396944 0.023 0.0111296 4 
0 11 22 0.00196376 0.034 0.0106892 5 
1 11 22 0 0.043 0.0115545 1 
2 11 22 0.026438 0.006 0.0118668 19 
3 11 22 0 0.032 0.0102885 1 
4 11 22 0.012881 0.009 0.00980443 13 
5 11 22 0.0127157 0.013 0.00997177 16 
6 11 22 0.0259411 0.014 0.00996958 19 
7 11 22 0 0.031 0.00922072 1 
8 11 22 0 0.032 0.0111921 1 
9 11 22 0 0.019 0.0122469 1 
10 11 22 0 0.034 0.0097649 1 
11 11 22 0.0339579 0.006 0.00683987 29 
0 11 23 0.0243638 0.01 0.00619162 8 
1 11 23 0 0.02 0.0100157 1 
2 11 23 0.0433284 0.006 0.00794012 32 
3 11 23 0.00496832 0.037 0.00902262 2 
4 11 23 0.0138578 0.021 0.0111375 17 
5 11 23 0.0031111 0.015 0.00805507 2 
6 11 23 0 0.01 0.0141983 1 
7 11 23 0 0.014 0.0107473 1 
8 11 23 0 0.02 0.0103941 1 
9 11 23 0 0.014 0.0125787 1 
10 11 23 0 0.007 0.0107016 1 
11 11 23 0 0.048 0.01063 1 
0 11 24 0.00801544 0.037 0.00903529 6 
1 11 24 0 0.016 0.0121203 1 
2 11 24 0.00396166 0.043 0.00760053 2 
3 11 24 4.54926e-05 0.011 0.0110045 2 
4 11 24 0 0.042 0.00729322 1 
5 11 24 0 0.016 0.00829933 1 
6 11 24 0 0.041 0.00935298 1 
7 11 24 0.00056607 0.01 0.0101722 2 
8 11 24 0 0.03 0.00698212 1 
9 11 24 0 0.024 0.0115623 1 
10 11 24 0 0.005 0.00834463 1 
11 11 24 0 0.009 0.00971389 1 
0 11 25 0.000725413 0.037 0.0119074 2 
1 11 25 0 0.006 0.0118513 1 
2 11 25 0.000177032 0.002 0.0107142 2 
3 11 25 0.0203013 0.01 0.00926412 21 
4 11 25 0 0.015 0.0100261 1 
5 11 25 0.0289873 0.015 0.00916796 13 
6 11 25 0.0255746 0.019 0.0107296 18 
7 11 25 0.00884215 0.006 0.00909985 10 
8 11 25 0 0.041 0.00938922 1 
9 11 25 1.90215e-06 0.004 0.0073666 2 
10 11 25 0.00447309 0.01 0.0105036 3 
11 11 25 0.00302876 0.018 0.0137534 12 
0 11 26 0.00153411 0.015 0.0108096 3 
1 11 26 0.032102 0.019 0.0101861 22 
2 11 26 0.0281127 0.006 0.00946061 22 
3 11 26 0 0.023 0.0100433 1 
4 11 26 0.0413033 0.008 0.0118224 29 
5 11 26 0.00892862 0.04 0.00991293 5 
6 11 26 0.00471913 0.046 0.0127498 4 
7 11 26 0 0.037 0.0110318 1 
8 11 26 0.0154385 0.02 0.0111314 6 
9 11 26 0 0.018 0.00904758 1 
10 11 26 0.033041 0.013 0.0116549 20 
11 11 26 0.0309934 0.006 0.0123896 23 
0 11 27 0 0.002 0.00832814 1 
1 11 27 0.00506533 0.005 0.0122479 7 
2 11 27 0 0.033 0.0133515 1 
3 11 27 0.00733341 0.031 0.00829155 6 
4 11 27 0 0.011 0.00860329 1 
5 11 27 0 0.016 0.00883488 1 
6 11 27 0 0.004 0.0119591 1 
7 11 27 0.00134857 0.007 0.00977632 3 
8 11 27 0.0224101 0.01 0.0101171 24 
9 11 27 0 0.038 0.0109291 1 
10 11 27 0 0.019 0.00954477 1 
11 11 27 0.00016815 0.006 0.00990553 4 
0 11 28 0 0.034 0.0113748 1 
1 11 28 0.0204898 0.015 0.00698584 19 
2 11 28 0.00684883 0.014 0.0121416 7 
3 11 28 0 0.048 0.00922604 1 
4 11 28 0 0.037 0.00671993 1 
5 11 28 0 0.015 0.0108977 1 
6 11 28 0 0.002 0.00958415 1 
7 11 28 0.0170475 0.021 0.0119699 10 
8 11 28 0.0102518 0.038 0.012599 4 
9 11 28 0.00882318 0.012 0.011344 7 
10 11 28 0.0258129 0.018 0.00912773 17 
11 11 28 0 0.041 0.010074 1 
0 11 29 0.00812607 0.028 0.00876777 6 
1 11 29 0 0.024 0.0113117 1 
2 11 29 0.035766 0.005 0.0131789 45 
3 11 29 0.0246597 0.02 0.0122433 11 
4 11 29 0.0166033 0.019 0.00872894 14 
5 11 29 0.00323622 0.025 0.0114354 9 
6 11 29 0.0402824 0.004 0.0100112 36 
7 11 29 0.00435371 0.024 0.00882854 2 
8 11 29 0.00191226 0.015 0.00939214 5 
9 11 29 0 0.041 0.0117363 1 
10 11 29 0.00396815 0.035 0.0105101 4 
11 11 29 0.0182334 0.022 0.0117276 10 
0 11 30 0 0.027 0.0118974 1 
1 11 30 0.00384429 0.041 0.00855548 4 
2 11 30 0.00636682 0.001 0.00951196 6 
3 11 30 0.00495394 0.019 0.00932787 2 
4 11 30 0 0.021 0.00858851 1 
5 11 30 0.0388978 0.005 0.0130958 33 
6 11 30 0 0.017 0.0085156 1 
7 11 30 0 0.003 0.00770444 1 
8 11 30 0.00308182 0.021 0.0113465 2 
9 11 30 0 0.011 0.00933501 1 
10 11 30 0.00344051 0.027 0.010572 3 
11 11 30 0 0.001 0.00903697 1 
0 11 31 0 0.004 0.00960048 1 
1 11 31 0 0.007 0.01092 1 
2 11 31 0.0107288 0.004 0.00856982 8 
3 11 31 0.0199007 0.008 0.0127052 17 
4 11 31 0 0.034 0.0101703 1 
5 11 31 0 0.023 0.00793304 1 
6 11 31 0 0.048 0.0108984 1 
7 11 31 0.0137944 0.012 0.0125327 15 
8 11 31 0.0107142 0.003 0.0116202 13 
9 11 31 0.00373034 0.006 0.0102185 3 
10 11 31 0.00858747 0.003 0.0121757 8 
11 11 31 0 0.002 0.0100301 1 
0 11 32 0 0.022 0.0107901 1 
1 11 32 0.0124232 0.01 0.0125783 13 
2 11 32 0 0.015 0.00786828 1 
3 11 32 0.0118019 0.021 0.01043 7 
4 11 32 0 0.029 0.0102476 1 
5 11 32 0 0.005 0.0126845 1 
6 11 32 0.00821678 0.045 0.00782905 9 
7 11 32 0 0.037 0.0093701 1 
8 11 32 0.00205857 0.005 0.00821426 2 
9 11 32 0 0.043 0.00945622 1 
10 11 32 0 0.049 0.00908883 1 
11 11 32 0.0117399 0.034 0.0106296 6 
0 11 33 0.0235059 0.006 0.0111415 21 
1 11 33 0 0.013 0.0107718 1 
2 11 33 0.000448331 0.006 0.00937708 2 
3 11 33 0 0.009 0.0110658 1 
4 11 33 0 0.044 0.00758679 1 
5 11 33 0.000117433 0.006 0.0112717 2 
6 11 33 0 0.021 0.00961544 1 
7 11 33 0.000732389 0.016 0.00970688 3 
8 11 33 0.00712334 0.031 0.0093087 3 
9 11 33 0 0.047 0.00648699 1 
10 11 33 0.00821254 0.031 0.00926169 3 
11 11 33 0.0113941 0.012 0.00796843 6 
0 11 34 0.00778236 0.026 0.00876949 8 
1 11 34 0 0.023 0.010209 1 
2 11 34 0.0174543 0.011 0.0107323 14 
3 11 34 0.00396398 0.035 0.0107829 3 
4 11 34 0 0.046 0.00988894 1 
5 11 34 0.00983393 0.003 0.0110394 5 
6 11 34 0.0330546 0.018 0.00945586 19 
7 11 34 0.00830962 0.004 0.0127696 6 
8 11 34 0.00275395 0.024 0.0123206 2 
9 11 34 0.00292757 0.041 0.0113047 3 
10 11 34 0.000783317 0.015 0.00927628 3 
11 11 34 0.0043012 0.004 0.0100034 8 
0 11 35 0.0111471 0.047 0.0116551 8 
1 11 35 0.0336347 0.017 0.011058 12 
2 11 35 0 0.027 0.010238 1 
3 11 35 0 0.039 0.00905719 1 
4 11 35 0.0495628 0.003 0.0110681 43 
5 11 35 0 0.04 0.0100694 1 
6 11 35 0.00216601 0.007 0.0087414 3 
7 11 35 0.040367 0.006 0.0141992 28 
8 11 35 0.0105523 0.007 0.0137768 18 
9 11 35 0 0.035 0.00966626 1 
10 11 35 0.00574887 0.008 0.00982637 7 
11 11 35 0.0017488 0.014 0.00910705 2 
0 11 36 0.00878656 0.008 0.0114249 4 
1 11 36 0.0195559 0.013 0.00885961 16 
2 11 36 0.00388396 0.008 0.0121542 3 
3 11 36 0 0.004 0.0078439 2 
4 11 36 0 0.016 0.00970952 1 
5 11 36 0 0.035 0.0134326 1 
6 11 36 0 0.023 0.0115819 1 
7 11 36 0 0.024 0.00690263 1 
8 11 36 0.0140548 0.03 0.0120077 11 
9 11 36 0 0.008 0.00542305 1 
10 11 36 0 0.045 0.0113214 1 
11 11 36 0.0229126 0.025 0.00742833 15 
0 11 37 0.0513304 0.011 0.0101223 19 
1 11 37 0.0162626 0.039 0.0124002 11 
2 11 37 0 0.02 0.0105829 1 
3 11 37 0 0.016 0.0105023 1 
4 11 37 0.0285507 0.006 0.0118822 33 
5 11 37 0 0.002 0.0120197 1 
6 11 37 0.0103728 0.029 0.0115596 8 
7 11 37 0.0423158 0.002 0.00920511 37 
8 11 37 0 0.021 0.0118868 1 
9 11 37 0.00297682 0.002 0.00992334 2 
10 11 37 0.00297682 0.001 0.010242 2 
11 11 37 0 0.006 0.010072 1 
0 11 38 0.0221219 0.017 0.0106372 23 
1 11 38 0 0.046 0.00851797 1 
2 11 38 0 0.025 0.0108027 1 
3 11 38 0.00885978 0.046 0.0105876 3 
4 11 38 0 0.027 0.00952351 1 
5 11 38 0 0.023 0.0109759 1 
6 11 38 0 0.025 0.0103654 1 
7 11 38 0.00328306 0.044 0.00930328 5 
8 11 38 0.0404248 0.006 0.0107714 37 
9 11 38 0.00777881 0.041 0.00908687 3 
10 11 38 0 0.015 0.0117245 1 
11 11 38 0.00688151 0.034 0.00855878 2 
0 11 39 0.0247855 0.027 0.0104428 10 
1 11 39 0.00973425 0.005 0.0102967 15 
2 11 39 0 0.008 0.00986028 1 
3 11 39 0 0.009 0.0108611 1 
4 11 39 0.0250611 0.006 0.00990091 24 
5 11 39 0 0.026 0.0100565 1 
6 11 39 0 0.007 0.0187474 1 
7 11 39 0.00101587 0.03 0.00826124 3 
8 11 39 0 0.041 0.00990902 1 
9 11 39 0 0.018 0.00976157 1 
10 11 39 0.00589981 0.024 0.0104018 5 
11 11 39 0 0.04 0.0111304 1 
0 11 40 0 0.003 0.0110158 1 
1 11 40 0 0.049 0.0104205 1 
2 11 40 0 0.006 0.00902613 1 
3 11 40 0.0037649 0.042 0.00934945 2 
4 11 40 0 0.04 0.0060984 1 
5 11 40 0.00236254 0.032 0.00984 2 
6 11 40 0.0186525 0.025 0.0113162 8 
7 11 40 0 0.047 0.00869924 1 
8 11 40 0 0.014 0.00947609 1 
9 11 40 0 0.012 0.0102779 1 
10 11 40 0.00533022 0.022 0.0075976 4 
11 11 40 0.0113402 0.007 0.00975552 7 
0 11 41 0.00313129 0.033 0.00636653 4 
1 11 41 0.00343602 0.033 0.0136307 3 
2 11 41 0 0.025 0.00895796 1 
3 11 41 0 0.046 0.0123283 1 
4 11 41 0 0.024 0.0121532 1 
5 11 41 0 0.014 0.00899002 1 
6 11 41 0 0.045 0.00853958 1 
7 11 41 0.00769745 0.014 0.00960566 7 
8 11 41 0.0234461 0.002 0.00686342 24 
9 11 41 0.0271413 0.014 0.0125072 13 
10 11 41 0 0.016 0.0114001 1 
11 11 41 0.0310901 0.018 0.0115995 16 
0 11 42 0.00636308 0.019 0.0122479 3 
1 11 42 0.00634271 0.005 0.0131405 7 
2 11 42 0 0.047 0.00909261 1 
3 11 42 0 0.006 0.00952045 1 
4 11 42 0.0276636 0.009 0.00935445 23 
5 11 42 0.00803138 0.033 0.00891566 6 
6 11 42 0 0.001 0.0118953 1 
7 11 42 0.0226457 0.005 0.0113401 28 
8 11 42 0.032049 0.009 0.0122819 17 
9 11 42 0.0113621 0.012 0.0110667 12 
10 11 42 0.000570691 0.006 0.0102238 2 
11 11 42 0.00863744 0.044 0.0095928 4 
0 11 43 0.0530715 0.006 0.0111725 37 
1 11 43 0.0272117 0.012 0.00734386 23 
2 11 43 0.0215762 0.009 0.0105708 20 
3 11 43 0.00269925 0.027 0.0101257 5 
4 11 43 0.0227725 0.013 0.00520359 16 
5 11 43 0 0.046 0.00716311 1 
6 11 43 0 0.006 0.0118836 1 
7 11 43 0.000759075 0.04 0.00997504 2 
8 11 43 0.00588854 0.008 0.0101006 6 
9 11 43 0 0.003 0.0120882 1 
10 11 43 0 0.012 0.0128508 1 
11 11 43 0.0153538 0.016 0.00726769 17 
0 11 44 0.00750419 0.031 0.00733726 7 
1 11 44 0.0520961 0.004 0.0118911 30 
2 11 44 0 0.038 0.0113527 1 
3 11 44 0.00271298 0.026 0.00914395 3 
4 11 44 0 0.008 0.010004 1 
5 11 44 0.0307186 0.01 0.011275 28 
6 11 44 0 0.002 0.0120467 1 
7 11 44 0 0.036 0.0096468 1 
8 11 44 0 0.013 0.00914881 1 
9 11 44 0 0.018 0.0103265 1 
10 11 44 0.0151746 0.002 0.00832177 8 
11 11 44 0.00614346 0.046 0.0088366 4 
0 11 45 0.0191138 0.045 0.00613039 6 
1 11 45 0 0.004 0.010005 1 
2 11 45 0.0156253 0.03 0.0122604 15 
3 11 45 0.0166389 0.017 0.00805628 15 
4 11 45 0 0.031 0.00920444 1 
5 11 45 0.0226341 0.024 0.0117787 16 
6 11 45 0 0.045 0.0113065 1 
7 11 45 0 0.024 0.00931511 1 
8 11 45 0 0.008 0.00817559 1 
9 11 45 0.00875063 0.028 0.00814387 5 
10 11 45 0.00550612 0.021 0.0135258 11 
11 11 45 0.000198104 0.015 0.0136953 4 
0 11 46 0.0284464 0.023 0.00904552 10 
1 11 46 0.00150058 0.001 0.0108937 3 
2 11 46 0 0.035 0.0114127 1 
3 11 46 0.000757364 0.008 0.0104411 2 
4 11 46 0 0.028 0.0110003 1 
5 11 46 0.00148263 0.026 0.0100649 2 
6 11 46 0.00159799 0.016 0.0112348 2 
7 11 46 0.0107428 0.013 0.011584 11 
8 11 46 0 0.028 0.00945296 1 
9 11 46 0.0251135 0.011 0.0121593 22 
10 11 46 0.00524513 0.018 0.0121775 2 
11 11 46 0.039107 0.001 0.0123496 22 
0 11 47 0 0.008 0.00882949 1 
1 11 47 0 0.004 0.0114963 1 
2 11 47 0.000590278 0.003 0.0103849 2 
3 11 47 0.00472508 0.001 0.00885234 4 
4 11 47 0 0.01 0.0117193 1 
5 11 47 0 0.032 0.00809722 1 
6 11 47 0.0040482 0.006 0.0101239 2 
7 11 47 0.00554311 0.04 0.00819965 2 
8 11 47 0 0.006 0.0100816 1 
9 11 47 0.00155127 0.003 0.00892552 2 
10 11 47 0 0.012 0.00869371 1 
11 11 47 0 0.011 0.00997425 1 
0 11 48 0 0.04 0.0109492 1 
1 11 48 0.0114296 0.027 0.0137038 5 
2 11 48 0 0.036 0.0106169 1 
3 11 48 0.000378809 0.016 0.0107698 3 
4 11 48 0.0165825 0.022 0.0126607 13 
5 11 48 0.0108365 0.038 0.00957206 5 
6 11 48 0.000937865 0.001 0.007562 2 
7 11 48 0.00228247 0.013 0.012023 2 
8 11 48 0.00446488 0.017 0.00999023 6 
9 11 48 0.00316583 0.019 0.00877796 2 
10 11 48 0 0.019 0.0120181 1 
11 11 48 0 0.038 0.0104917 1 
0 11 49 0 0.041 0.00919757 1 
1 11 49 0 0.037 0.0089906 1 
2 11 49 0 0.004 0.00603057 1 
3 11 49 0 0.035 0.0129409 1 
4 11 49 0 0.036 0.00906838 1 
5 11 49 0 0.036 0.0124611 1 
6 11 49 0.0272731 0.009 0.012522 22 
7 11 49 0 0.02 0.00934662 1 
8 11 49 0 0.048 0.0108435 1 
9 11 49 0 0.048 0.0109184 1 
10 11 49 0 0.002 0.013747 1 
11 11 49 0.000451322 0.007 0.00839054 3 
0 11 50 0.00160595 0.009 0.0106238 3 
1 11 50 0 0.041 0.0131497 1 
2 11 50 0 0.01 0.00990158 1 
3 11 50 0.0361369 0.003 0.0108032 30 
4 11 50 0.00017548 0.007 0.0122953 2 
5 11 50 0.00465126 0.006 0.00988323 3 
6 11 50 0 0.023 0.0107843 1 
7 11 50 0.0143313 0.014 0.00946881 19 
8 11 50 0 0.024 0.00761568 1 
9 11 50 0.00163671 0.012 0.0123406 2 
10 11 50 0.000132769 0.016 0.012241 2 
11 11 50 0 0.025 0.00848946 1 
0 11 51 0 0.023 0.00952925 1 
1 11 51 0 0.048 0.0108867 1 
2 11 51 0 0.045 0.0098645 1 
3 11 51 0 0.049 0.0130998 1 
4 11 51 0 0.026 0.0125498 1 
5 11 51 0.0606889 0.003 0.0117102 47 
6 11 51 0 0.003 0.0122058 1 
7 11 51 0.0349044 0.011 0.0087496 19 
8 11 51 0 0.044 0.0124911 1 
9 11 51 0 0.003 0.0088428 1 
10 11 51 0.000631828 0.016 0.0107202 2 
11 11 51 0.0719208 0.002 0.0110514 50 
0 11 52 0.0068355 0.028 0.00870398 4 
1 11 52 0 0.03 0.00808131 1 
2 11 52 6.88822e-07 0.046 0.00821989 2 
3 11 52 0.00269791 0.029 0.0097994 2 
4 11 52 0 0.019 0.0100486 1 
5 11 52 0.0150245 0.017 0.0128351 8 
6 11 52 0.0395603 0.001 0.00561823 24 
7 11 52 0.00551091 0.023 0.00804736 7 
8 11 52 0.0370975 0.017 0.0111036 20 
9 11 52 0 0.017 0.0116512 1 
10 11 52 0.0167875 0.03 0.00588911 11 
11 11 52 0.0175438 0.035 0.0108438 5 
0 11 53 0.0094114 0.028 0.0101773 5 
1 11 53 0 0.041 0.0125288 1 
2 11 53 0.00322368 0.031 0.0101803 2 
3 11 53 0.000222054 0.035 0.00943012 2 
4 11 53 0.0214909 0.017 0.0152989 15 
5 11 53 0 0.021 0.0124858 1 
6 11 53 8.76901e-06 0.04 0.00797979 2 
7 11 53 0.0133697 0.042 0.00892819 8 
8 11 53 3.467e-05 0.008 0.0135182 2 
9 11 53 0.0172931 0.028 0.010965 13 
10 11 53 0.0183625 0.04 0.0117727 8 
11 11 53 0 0.028 0.010687 1 
0 11 54 0.0210274 0.022 0.00895906 12 
1 11 54 0 0.035 0.00819383 1 
2 11 54 0 0.042 0.00833846 1 
3 11 54 0 0.013 0.0115726 1 
4 11 54 0 0.001 0.00948092 1 
5 11 54 0.00951032 0.033 0.0103059 6 
6 11 54 0 0.02 0.0152696 1 
7 11 54 0.0242024 0.022 0.00956869 8 
8 11 54 0 0.023 0.00828486 1 
9 11 54 0.00557243 0.039 0.00864569 3 
10 11 54 0.0217771 0.026 0.0104243 10 
11 11 54 0.00753736 0.04 0.00822098 3 
0 11 55 0.0271361 0.004 0.00931045 44 
1 11 55 0 0.044 0.00868979 1 
2 11 55 0.00025108 0.002 0.0116343 2 
3 11 55 0.0169034 0.008 0.0129405 17 
4 11 55 0.0237183 0.022 0.00834189 9 
5 11 55 0.0629645 0.008 0.00796437 37 
6 11 55 0 0.032 0.0113012 1 
7 11 55 0 0.01 0.00783291 1 
8 11 55 0 0.047 0.0138999 1 
9 11 55 0.00251276 0.039 0.0111592 3 
10 11 55 0 0.01 0.0067896 1 
11 11 55 0.00254727 0.032 0.00973146 3 
0 11 56 0 0.013 0.0105193 1 
1 11 56 0 0.032 0.00801042 1 
2 11 56 0.00745091 0.031 0.00655942 5 
3 11 56 0 0.004 0.0112681 1 
4 11 56 0 0.03 0.0115525 1 
5 11 56 0.0317184 0.007 0.0100047 26 
6 11 56 0.011279 0.022 0.0094861 6 
7 11 56 0.0228512 0.002 0.00837017 10 
8 11 56 0 0.042 0.0109571 1 
9 11 56 0.0149179 0.017 0.0103807 12 
10 11 56 0 0.035 0.0118407 1 
11 11 56 0.00202012 0.038 0.012255 3 
0 11 57 0 0.04 0.0104356 1 
1 11 57 0.00102274 0.026 0.0132368 2 
2 11 57 0 0.037 0.0117906 1 
3 11 57 0 0.03 0.010217 1 
4 11 57 0 0.034 0.00813471 1 
5 11 57 0 0.039 0.0131893 1 
6 11 57 0.0087176 0.021 0.0116164 14 
7 11 57 0 0.005 0.00781776 1 
8 11 57 0.00223975 0.041 0.00924029 7 
9 11 57 0.00254246 0.016 0.012109 2 
10 11 57 0 0.023 0.00956431 1 
11 11 57 0.00257562 0.035 0.011263 3 
0 11 58 0 0.027 0.00848444 1 
1 11 58 0.0147983 0.009 0.00914553 13 
2 11 58 0 0.001 0.0118089 2 
3 11 58 0 0.042 0.00870935 1 
4 11 58 0.00102371 0.008 0.0114363 8 
5 11 58 0.0300822 0.008 0.0142139 28 
6 11 58 0.049975 0.009 0.0107957 27 
7 11 58 0.00161469 0.024 0.00943901 3 
8 11 58 0 0.023 0.0098596 1 
9 11 58 0 0.002 0.00965651 1 
10 11 58 0 0.019 0.0138041 1 
11 11 58 0 0.009 0.00788432 1 
0 11 59 0.0047528 0.039 0.00871827 7 
1 11 59 0.0276152 0.015 0.0113662 20 
2 11 59 0.00423261 0.015 0.00842818 8 
3 11 59 0.0158905 0.008 0.0111191 18 
4 11 59 0 0.038 0.0109529 1 
5 11 59 0 0.037 0.0126894 1 
6 11 59 4.64724e-05 0.005 0.00931721 2 
7 11 59 0.0112787 0.013 0.0113857 13 
8 11 59 0.0365225 0.007 0.00930385 27 
9 11 59 0.0153595 0.015 0.0103332 17 
10 11 59 0.025777 0.012 0.00934156 22 
11 11 59 0 0.045 0.00986786 1 
0 11 60 0 0.014 0.0130703 1 
1 11 60 0.0105636 0.011 0.0102362 6 
2 11 60 0 0.03 0.00995543 1 
3 11 60 0.0300567 0.007 0.0121185 34 
4 11 60 0.00281367 0.004 0.0122928 2 
5 11 60 0 0.047 0.0112315 1 
6 11 60 0.0514136 0.006 0.010854 32 
7 11 60 0 0.015 0.00969954 1 
8 11 60 0 0.047 0.0123307 1 
9 11 60 0 0.02 0.010513 1 
10 11 60 0 0.017 0.0091818 1 
11 11 60 0.027577 0.006 0.0109414 28 
