0 1 0 0.119219 0.008 0.00893001 60 
1 1 0 1 0.001 0.0503105 2 
2 1 0 0.22214 0.029 0.00960024 13 
3 1 0 0.295988 0.038 0.0102217 11 
4 1 0 0.170243 0.006 0.00938376 57 
5 1 0 0.120423 0.018 0.00964909 11 
6 1 0 0.0452845 0.03 0.00878108 2 
7 1 0 0 0.036 0.00827281 1 
8 1 0 0.277885 0.025 0.00961959 13 
9 1 0 0.26487 0.047 0.00945938 9 
10 1 0 0.23117 0.016 0.00986098 4 
11 1 0 0.266662 0.037 0.00891884 6 
0 1 1 0.0201278 0.013 0.00971076 19 
1 1 1 0.0209128 0.011 0.0103029 20 
2 1 1 0.0139231 0.029 0.00815236 4 
3 1 1 0.0517439 0.006 0.00978678 4 
4 1 1 0.0141793 0.001 0.0113982 25 
5 1 1 0 0.033 0.0108057 1 
6 1 1 0 0.045 0.0118636 1 
7 1 1 0.0104464 0.025 0.0106286 8 
8 1 1 0.0619573 0.018 0.0109567 24 
9 1 1 0 0.006 0.0101216 1 
10 1 1 0 0.026 0.0104863 1 
11 1 1 0 0.002 0.0100093 1 
0 1 2 0 0.02 0.0081784 1 
1 1 2 0 0.009 0.00892458 1 
2 1 2 0.0011384 0.027 0.00940397 3 
3 1 2 0 0.036 0.00897043 1 
4 1 2 0 0.024 0.00902173 1 
5 1 2 0 0.046 0.0120697 1 
6 1 2 0 0.025 0.00644573 1 
7 1 2 0.0524194 0.002 0.0113302 26 
8 1 2 0.0147814 0.02 0.00980094 14 
9 1 2 0 0.044 0.00955525 1 
10 1 2 0.00158169 0.002 0.00795652 3 
11 1 2 0 0.009 0.00939118 1 
0 1 3 0 0.014 0.0102233 1 
1 1 3 0.0160052 0.042 0.00990815 8 
2 1 3 0.0160583 0.017 0.0104838 14 
3 1 3 0 0.018 0.0122891 1 
4 1 3 0.00242503 0.032 0.0140214 2 
5 1 3 0 0.04 0.0110028 1 
6 1 3 0 0.013 0.0116649 1 
7 1 3 0 0.011 0.00860529 1 
8 1 3 4.3721e-05 0.001 0.0105197 2 
9 1 3 0 0.004 0.00821896 1 
10 1 3 0 0.032 0.015444 1 
11 1 3 0 0.021 0.00799206 1 
0 1 4 0.00533955 0.04 0.0145931 3 
1 1 4 0.0019737 0.008 0.00892726 2 
2 1 4 0.00737367 0.04 0.00989802 3 
3 1 4 0.0204168 0.005 0.00881501 21 
4 1 4 0.00226971 0.006 0.0109425 5 
5 1 4 0 0.015 0.0110956 1 
6 1 4 0 0.021 0.0109002 1 
7 1 4 0 0.009 0.00773157 1 
8 1 4 0 0.026 0.00955343 1 
9 1 4 0.0014494 0.012 0.00890301 6 
10 1 4 0 0.008 0.0109216 1 
11 1 4 0 0.015 0.00951213 1 
0 1 5 0.000690677 0.002 0.0124214 3 
1 1 5 0 0.026 0.0130967 1 
2 1 5 0.0214734 0.005 0.00786161 18 
3 1 5 0 0.048 0.0112273 1 
4 1 5 0 0.043 0.010582 1 
5 1 5 0.0635302 0.001 0.0109159 40 
6 1 5 0 0.04 0.0113113 1 
7 1 5 0 0.028 0.0108262 1 
8 1 5 0 0.002 0.0124088 1 
9 1 5 0.0092595 0.006 0.0109729 10 
10 1 5 0 0.018 0.0123785 1 
11 1 5 0.000417252 0.01 0.0132187 3 
0 1 6 0.00973645 0.001 0.0155797 8 
1 1 6 0 0.011 0.0130095 1 
2 1 6 0 0.018 0.00740026 1 
3 1 6 0.0124726 0.045 0.00873032 6 
4 1 6 0 0.02 0.00806197 1 
5 1 6 0.00212211 0.047 0.0121894 8 
6 1 6 0 0.016 0.0113005 1 
7 1 6 0.00456613 0.034 0.0107059 4 
8 1 6 0 0.005 0.00916655 1 
9 1 6 0.035948 0.006 0.00968114 24 
10 1 6 0.00403256 0.028 0.0104217 3 
11 1 6 0 0.027 0.00843774 1 
0 1 7 0.0223579 0.022 0.00767325 17 
1 1 7 0.000381156 0.013 0.00694428 2 
2 1 7 0 0.012 0.0109069 1 
3 1 7 0 0.03 0.00960759 1 
4 1 7 0.00893741 0.018 0.0123228 5 
5 1 7 0.00683494 0.002 0.011353 13 
6 1 7 0.00680299 0.027 0.00685736 4 
7 1 7 0.0291085 0.011 0.0105119 17 
8 1 7 0.00120947 0.014 0.00985122 2 
9 1 7 0.00149645 0.009 0.00643749 2 
10 1 7 0 0.014 0.00757733 1 
11 1 7 0 0.048 0.00841366 1 
0 1 8 0.000914854 0.01 0.00992938 3 
1 1 8 0.00318011 0.005 0.0124165 6 
2 1 8 0.0341354 0.015 0.00714326 24 
3 1 8 0.02998 0.016 0.00927741 18 
4 1 8 0 0.031 0.0112588 1 
5 1 8 0.00333515 0.013 0.0121024 5 
6 1 8 0.000845077 0.021 0.0130827 4 
7 1 8 0 0.023 0.0137845 1 
8 1 8 0.00382453 0.028 0.00727086 2 
9 1 8 0.00168843 0.036 0.0100947 2 
10 1 8 0.0686465 0.002 0.00969728 57 
11 1 8 0.00205129 0.021 0.0093945 2 
0 1 9 0 0.04 0.0116789 1 
1 1 9 0 0.015 0.0102103 1 
2 1 9 0 0.029 0.0129872 1 
3 1 9 0 0.038 0.00520848 1 
4 1 9 0.00172981 0.008 0.00905543 23 
5 1 9 0 0.029 0.010405 1 
6 1 9 0 0.012 0.0106812 1 
7 1 9 0 0.018 0.0097218 1 
8 1 9 0.0273953 0.013 0.011337 15 
9 1 9 0 0.034 0.0100915 1 
10 1 9 0.032832 0.005 0.0102421 32 
11 1 9 0 0.03 0.00966266 1 
0 1 10 0.00309577 0.011 0.0104961 3 
1 1 10 0 0.019 0.0122522 1 
2 1 10 0.00392591 0.045 0.0115253 8 
3 1 10 0.00761973 0.016 0.0120042 9 
4 1 10 0 0.023 0.0101878 1 
5 1 10 0 0.027 0.00997211 1 
6 1 10 0.0120538 0.007 0.0122371 21 
7 1 10 0.029804 0.004 0.0114464 19 
8 1 10 0 0.019 0.00990639 1 
9 1 10 0 0.034 0.0113443 1 
10 1 10 0 0.011 0.00942352 1 
11 1 10 0 0.031 0.00948805 1 
0 1 11 0 0.002 0.0106599 1 
1 1 11 0.0202034 0.027 0.00966281 10 
2 1 11 0.0117448 0.029 0.00930362 7 
3 1 11 0 0.005 0.00731625 1 
4 1 11 0.0371319 0.004 0.011635 18 
5 1 11 0.00719046 0.007 0.00859209 6 
6 1 11 0.00140621 0.009 0.0119577 3 
7 1 11 0.0123695 0.004 0.0102588 6 
8 1 11 0.0123288 0.018 0.0106356 5 
9 1 11 0 0.048 0.0090322 1 
10 1 11 0.00841348 0.037 0.00493151 4 
11 1 11 0 0.016 0.0114274 1 
0 1 12 0 0.004 0.0102209 1 
1 1 12 0.044682 0.007 0.00840674 30 
2 1 12 0.0209328 0.037 0.0113022 12 
3 1 12 0.0617733 0.006 0.00682529 22 
4 1 12 0 0.045 0.0107903 1 
5 1 12 0.0340966 0.004 0.00755958 29 
6 1 12 0.0114381 0.038 0.0122567 5 
7 1 12 0 0.046 0.00869671 1 
8 1 12 0 0.022 0.0107217 1 
9 1 12 0.00908301 0.008 0.008257 3 
10 1 12 0.0196693 0.021 0.0126767 14 
11 1 12 0.0176119 0.044 0.0104485 11 
0 1 13 0 0.046 0.0142497 1 
1 1 13 0 0.02 0.0114833 1 
2 1 13 0 0.044 0.00999808 1 
3 1 13 0.0179984 0.037 0.00770485 11 
4 1 13 0.00054856 0.014 0.00784093 2 
5 1 13 0 0.014 0.0112178 1 
6 1 13 0 0.027 0.00745425 1 
7 1 13 0 0.018 0.0123705 1 
8 1 13 0.0174088 0.023 0.00950568 15 
9 1 13 0.0255235 0.011 0.00992156 26 
10 1 13 1.26563e-05 0.013 0.00589737 2 
11 1 13 0 0.003 0.00946623 1 
0 1 14 0.0357063 0.017 0.00767567 20 
1 1 14 0.00451052 0.013 0.00917652 4 
2 1 14 0 0.027 0.00928666 1 
3 1 14 0 0.03 0.0124092 1 
4 1 14 0 0.014 0.00748119 1 
5 1 14 0 0.021 0.0106982 1 
6 1 14 0 0.003 0.00896098 1 
7 1 14 0 0.023 0.0097916 1 
8 1 14 0 0.03 0.0111123 1 
9 1 14 0 0.018 0.0105018 1 
10 1 14 0 0.018 0.0116652 1 
11 1 14 0 0.034 0.00929558 1 
0 1 15 0 0.003 0.00877945 1 
1 1 15 0 0.045 0.0127762 1 
2 1 15 0 0.022 0.00905906 1 
3 1 15 0.0570735 0.002 0.00989164 37 
4 1 15 0.00416496 0.015 0.0102805 4 
5 1 15 0.00272898 0.006 0.0135458 8 
6 1 15 0 0.032 0.0102546 1 
7 1 15 0.00903973 0.008 0.0103929 10 
8 1 15 0.0133604 0.024 0.00914079 11 
9 1 15 0 0.018 0.0102813 1 
10 1 15 0.0217337 0.048 0.0130621 8 
11 1 15 0.000159753 0.006 0.00994297 2 
0 1 16 0 0.043 0.0134281 1 
1 1 16 0 0.047 0.00722514 1 
2 1 16 0.00191141 0.022 0.0112618 3 
3 1 16 0.019352 0.013 0.00904761 20 
4 1 16 0 0.004 0.0131838 1 
5 1 16 0 0.047 0.0110811 1 
6 1 16 0 0.034 0.00743904 1 
7 1 16 0 0.012 0.00848934 1 
8 1 16 0 0.01 0.0119392 1 
9 1 16 0.00965083 0.039 0.00782713 4 
10 1 16 0.00578741 0.018 0.00920252 7 
11 1 16 0.00965083 0.037 0.00610268 4 
0 1 17 0 0.002 0.0120369 1 
1 1 17 0.061856 0.001 0.0122334 52 
2 1 17 0.0675554 0.003 0.0115619 56 
3 1 17 0.00120359 0.005 0.00886851 3 
4 1 17 0 0.005 0.0109743 1 
5 1 17 0.0261303 0.042 0.0097707 6 
6 1 17 0.00194681 0.033 0.00947742 2 
7 1 17 0 0.043 0.00959928 1 
8 1 17 0.0207535 0.007 0.00955322 15 
9 1 17 0.00200375 0.017 0.00859819 7 
10 1 17 0.00832056 0.025 0.0141483 7 
11 1 17 0.0111168 0.007 0.0119858 18 
0 1 18 0 0.049 0.0108947 1 
1 1 18 0 0.024 0.00584788 1 
2 1 18 0 0.016 0.010698 1 
3 1 18 0 0.032 0.0108419 1 
4 1 18 0 0.005 0.00986647 1 
5 1 18 6.02294e-05 0.001 0.0128753 2 
6 1 18 0 0.032 0.00976144 1 
7 1 18 0.00423315 0.02 0.0114304 5 
8 1 18 0 0.044 0.0125791 1 
9 1 18 0 0.017 0.0129393 1 
10 1 18 0 0.024 0.0109011 1 
11 1 18 0 0.022 0.00974506 1 
0 1 19 0.000415514 0.048 0.0110924 2 
1 1 19 0 0.02 0.00961353 1 
2 1 19 0.000483629 0.002 0.00714096 2 
3 1 19 0 0.03 0.00687219 1 
4 1 19 0 0.025 0.00903713 1 
5 1 19 0.0182437 0.015 0.0123762 19 
6 1 19 0 0.025 0.00786407 1 
7 1 19 0 0.03 0.00864605 1 
8 1 19 0 0.01 0.0113028 1 
9 1 19 0.0112576 0.045 0.0127701 9 
10 1 19 0 0.007 0.0142564 1 
11 1 19 0.0314807 0.007 0.0118322 30 
0 1 20 0 0.038 0.0121013 1 
1 1 20 0 0.005 0.0115243 1 
2 1 20 0.0138904 0.01 0.0115213 10 
3 1 20 0.00598541 0.035 0.00997565 4 
4 1 20 0 0.027 0.0124351 1 
5 1 20 0.0409396 0.036 0.00819931 14 
6 1 20 0 0.008 0.00890873 1 
7 1 20 0 0.014 0.0133479 1 
8 1 20 0.00325669 0.041 0.0101416 3 
9 1 20 0.0130576 0.014 0.00988101 16 
10 1 20 0.00328386 0.039 0.0105035 4 
11 1 20 0.00300137 0.047 0.00969989 2 
0 1 21 0.00299491 0.023 0.0102745 3 
1 1 21 0.00177442 0.013 0.0128717 6 
2 1 21 0 0.002 0.00874012 1 
3 1 21 0 0.035 0.0144212 1 
4 1 21 0 0.021 0.00946114 1 
5 1 21 0 0.026 0.0100591 1 
6 1 21 0 0.036 0.0120164 1 
7 1 21 0 0.006 0.00980027 1 
8 1 21 0 0.003 0.0148511 1 
9 1 21 0 0.006 0.00957332 1 
10 1 21 0 0.036 0.0144809 1 
11 1 21 0 0.037 0.0141305 1 
0 1 22 0.00370665 0.001 0.0115437 8 
1 1 22 0 0.007 0.00931447 1 
2 1 22 0.000401699 0.036 0.0114564 2 
3 1 22 0.000981382 0.025 0.0124189 2 
4 1 22 0.0123252 0.022 0.0103069 10 
5 1 22 0 0.019 0.0144022 1 
6 1 22 0.0374303 0.015 0.00891247 11 
7 1 22 0 0.045 0.00988149 1 
8 1 22 0.0031313 0.009 0.0114332 8 
9 1 22 0 0.033 0.0116697 1 
10 1 22 0 0.017 0.013985 1 
11 1 22 0.00293427 0.004 0.00949441 7 
0 1 23 0 0.046 0.0090307 1 
1 1 23 0 0.043 0.0121446 1 
2 1 23 0 0.026 0.0087844 1 
3 1 23 0 0.024 0.00997904 1 
4 1 23 0 0.008 0.0106631 1 
5 1 23 0.0159849 0.028 0.0129173 10 
6 1 23 0.024965 0.002 0.00824228 18 
7 1 23 0 0.024 0.0128598 1 
8 1 23 0 0.039 0.00946414 1 
9 1 23 0.0385651 0.012 0.0149002 24 
10 1 23 0.00952834 0.005 0.0104606 5 
11 1 23 0.00252319 0.012 0.010592 5 
0 1 24 0 0.023 0.011295 2 
1 1 24 0 0.044 0.00776786 1 
2 1 24 0.00180271 0.043 0.00724133 3 
3 1 24 0 0.034 0.00952033 1 
4 1 24 0 0.02 0.0114861 1 
5 1 24 0 0.039 0.013177 1 
6 1 24 0 0.037 0.0131191 1 
7 1 24 0.000796055 0.01 0.00919533 2 
8 1 24 0 0.008 0.0103688 1 
9 1 24 0 0.009 0.0105596 1 
10 1 24 0 0.028 0.0117045 1 
11 1 24 0 0.014 0.0134244 1 
0 1 25 0.021225 0.014 0.0106921 16 
1 1 25 0 0.003 0.0133435 1 
2 1 25 0.00537215 0.031 0.00705331 8 
3 1 25 0 0.02 0.0121034 1 
4 1 25 0.0447045 0.008 0.0109596 32 
5 1 25 0 0.007 0.00857754 1 
6 1 25 0 0.033 0.00836356 1 
7 1 25 0.00198087 0.019 0.00992041 2 
8 1 25 0.0130122 0.003 0.0102602 10 
9 1 25 0.0123582 0.008 0.0103569 15 
10 1 25 0 0.003 0.013414 1 
11 1 25 0 0.049 0.0112063 1 
0 1 26 0 0.012 0.00859787 1 
1 1 26 0.000857587 0.019 0.0130564 3 
2 1 26 0 0.029 0.0115436 1 
3 1 26 0 0.005 0.0154638 1 
4 1 26 0.00348174 0.018 0.00798576 5 
5 1 26 0 0.005 0.0119213 1 
6 1 26 0 0.046 0.00939614 1 
7 1 26 0 0.006 0.0070991 1 
8 1 26 0 0.042 0.0114352 1 
9 1 26 0.000387003 0.013 0.00796936 5 
10 1 26 0.000766206 0.015 0.00999357 3 
11 1 26 0 0.045 0.0117298 1 
0 1 27 0.0233495 0.004 0.0112907 21 
1 1 27 5.1343e-06 0.01 0.00951441 2 
2 1 27 0.0314798 0.008 0.0093375 30 
3 1 27 0 0.007 0.00865078 1 
4 1 27 0.0159427 0.018 0.00698326 14 
5 1 27 0 0.006 0.00897645 1 
6 1 27 0 0.002 0.00690627 1 
7 1 27 0.0284979 0.015 0.00995525 23 
8 1 27 0.00120996 0.005 0.0108623 3 
9 1 27 0.0262561 0.014 0.0100131 19 
10 1 27 0 0.038 0.00945835 1 
11 1 27 0 0.041 0.00987799 1 
0 1 28 0 0.036 0.00655903 1 
1 1 28 0.00121666 0.042 0.0108443 2 
2 1 28 0 0.036 0.00995755 1 
3 1 28 0 0.012 0.00785829 1 
4 1 28 0.00218487 0.003 0.00959291 3 
5 1 28 0 0.032 0.00787372 1 
6 1 28 0.0213598 0.007 0.0103673 15 
7 1 28 0.00329507 0.023 0.00886867 8 
8 1 28 0 0.024 0.0113556 1 
9 1 28 0.00123612 0.002 0.00939519 3 
10 1 28 0 0.024 0.00993899 1 
11 1 28 0 0.041 0.0145251 1 
0 1 29 0 0.046 0.0123102 1 
1 1 29 0.000401891 0.014 0.0103989 2 
2 1 29 0 0.044 0.00968299 1 
3 1 29 0.0305513 0.027 0.0130657 13 
4 1 29 0.0364539 0.009 0.0125918 43 
5 1 29 0.00373122 0.044 0.0110896 3 
6 1 29 0.0251458 0.029 0.0126039 17 
7 1 29 7.57561e-05 0.008 0.0135665 2 
8 1 29 0 0.03 0.00902031 1 
9 1 29 0 0.026 0.0114477 1 
10 1 29 0 0.007 0.0105168 1 
11 1 29 0 0.008 0.0115484 1 
0 1 30 0.00785593 0.046 0.00725175 5 
1 1 30 0 0.03 0.00874283 1 
2 1 30 0.00695745 0.012 0.0132959 9 
3 1 30 0.00627546 0.024 0.0113299 4 
4 1 30 0.0142883 0.005 0.0142059 13 
5 1 30 0 0.041 0.0101509 1 
6 1 30 2.11224e-05 0.003 0.0131967 2 
7 1 30 0.00552609 0.033 0.0100238 6 
8 1 30 0.0137882 0.026 0.00751982 8 
9 1 30 0.0216994 0.026 0.0110332 10 
10 1 30 0.00214177 0.002 0.00728317 4 
11 1 30 0 0.017 0.00919756 1 
0 1 31 7.274e-05 0.045 0.0121125 2 
1 1 31 0.019214 0.011 0.0123492 18 
2 1 31 0.0217323 0.015 0.00979711 20 
3 1 31 0.0512696 0.002 0.0139564 58 
4 1 31 0 0.041 0.0115255 1 
5 1 31 0.0239209 0.022 0.00900721 11 
6 1 31 0 0.029 0.0103145 1 
7 1 31 0.00260779 0.001 0.00897804 3 
8 1 31 0.0112037 0.002 0.0119378 12 
9 1 31 0.00477044 0.013 0.010966 3 
10 1 31 0.00230953 0.037 0.010364 2 
11 1 31 0.0104395 0.012 0.0076826 7 
0 1 32 0 0.001 0.00744826 1 
1 1 32 0 0.031 0.01256 1 
2 1 32 0.000300247 0.003 0.0104075 2 
3 1 32 0 0.015 0.0092143 1 
4 1 32 0.00207273 0.022 0.0106382 5 
5 1 32 0 0.033 0.00985642 1 
6 1 32 0 0.022 0.00846458 1 
7 1 32 0.000542718 0.023 0.0118347 2 
8 1 32 0 0.029 0.0077896 1 
9 1 32 0.000109836 0.01 0.010874 2 
10 1 32 0 0.047 0.0096198 1 
11 1 32 0.00781838 0.009 0.00911469 9 
0 1 33 0 0.036 0.0110342 1 
1 1 33 0.0212924 0.019 0.0089948 12 
2 1 33 0 0.049 0.00902686 1 
3 1 33 0.000316643 0.008 0.0116652 2 
4 1 33 0 0.008 0.00925179 1 
5 1 33 0.0131334 0.006 0.0102554 20 
6 1 33 0 0.02 0.0106874 1 
7 1 33 0 0.046 0.0109188 1 
8 1 33 0 0.013 0.0110632 1 
9 1 33 0.000189663 0.002 0.00893863 2 
10 1 33 1.60119e-05 0.009 0.00674526 2 
11 1 33 4.98373e-05 0.005 0.00974466 2 
0 1 34 0 0.003 0.0129092 1 
1 1 34 0.0549542 0.002 0.00943243 44 
2 1 34 0 0.031 0.00861908 1 
3 1 34 0.00290891 0.037 0.0101544 2 
4 1 34 0.0231339 0.001 0.0108208 15 
5 1 34 0 0.04 0.00909385 1 
6 1 34 0.00106959 0.001 0.0107856 2 
7 1 34 0 0.009 0.0070514 1 
8 1 34 0.000337734 0.01 0.00792754 2 
9 1 34 0.00507611 0.022 0.0102102 3 
10 1 34 0.00268417 0.003 0.0108127 7 
11 1 34 0.00746339 0.007 0.0100228 6 
0 1 35 0.0249419 0.031 0.0102234 10 
1 1 35 0 0.001 0.0103972 1 
2 1 35 0 0.013 0.0135263 1 
3 1 35 0 0.001 0.0101187 1 
4 1 35 0.0186465 0.001 0.0104476 12 
5 1 35 0.0027638 0.036 0.0115711 3 
6 1 35 0.047206 0.003 0.0122393 39 
7 1 35 0.00305223 0.015 0.0101307 3 
8 1 35 0 0.012 0.0107837 1 
9 1 35 0.0142043 0.044 0.0106558 5 
10 1 35 0.0111567 0.002 0.0104496 11 
11 1 35 0.0756009 0.009 0.0111358 34 
0 1 36 0.0125393 0.015 0.0103746 11 
1 1 36 0.00256035 0.043 0.0113911 2 
2 1 36 0.00686076 0.015 0.0111871 2 
3 1 36 0 0.006 0.0116301 1 
4 1 36 0 0.035 0.0102289 1 
5 1 36 0 0.011 0.00768991 1 
6 1 36 0 0.027 0.00994852 1 
7 1 36 0 0.028 0.0108589 1 
8 1 36 0.0145834 0.017 0.012798 7 
9 1 36 0.00343973 0.032 0.0089595 3 
10 1 36 0.00279512 0.043 0.00850216 2 
11 1 36 0.0115266 0.002 0.0107684 5 
0 1 37 0.000338758 0.005 0.00963449 5 
1 1 37 0.0352439 0.019 0.00978855 17 
2 1 37 0.00105644 0.009 0.00932972 2 
3 1 37 0 0.01 0.0108541 1 
4 1 37 0.00482158 0.006 0.0120194 4 
5 1 37 0 0.009 0.011047 1 
6 1 37 0 0.025 0.0100847 1 
7 1 37 0.00419677 0.029 0.00909828 6 
8 1 37 0 0.036 0.0132703 1 
9 1 37 0.0272765 0.019 0.00998357 17 
10 1 37 0.0001327 0.017 0.0118452 2 
11 1 37 0.000784426 0.006 0.0101113 3 
0 1 38 0 0.017 0.0102566 1 
1 1 38 0 0.018 0.00790552 1 
2 1 38 0.032225 0.017 0.009061 18 
3 1 38 0.0439021 0.012 0.0125371 22 
4 1 38 0 0.037 0.0101673 1 
5 1 38 0.0108593 0.019 0.010798 9 
6 1 38 0 0.035 0.00898715 1 
7 1 38 0 0.047 0.00982593 1 
8 1 38 0 0.022 0.0113581 1 
9 1 38 0.0399945 0.019 0.00835199 18 
10 1 38 0.0104936 0.031 0.0111325 11 
11 1 38 0 0.047 0.00854045 1 
0 1 39 0.049391 0.011 0.00594697 30 
1 1 39 0.0286688 0.023 0.011326 21 
2 1 39 0.0190366 0.025 0.00979611 10 
3 1 39 0 0.043 0.0108119 1 
4 1 39 0.00381339 0.004 0.0101433 7 
5 1 39 0 0.048 0.0115141 1 
6 1 39 0.00435126 0.018 0.0137238 3 
7 1 39 0 0.001 0.0123588 1 
8 1 39 0.0129091 0.023 0.00950776 11 
9 1 39 0.00252342 0.04 0.0095279 3 
10 1 39 0 0.007 0.0106187 1 
11 1 39 0 0.045 0.0120553 1 
0 1 40 0 0.048 0.00908219 1 
1 1 40 0.000976217 0.025 0.00937079 2 
2 1 40 0 0.042 0.00798131 1 
3 1 40 0.0330654 0.02 0.0109683 13 
4 1 40 0.019625 0.012 0.0114049 12 
5 1 40 0 0.038 0.0135131 1 
6 1 40 0.0121867 0.022 0.0102258 15 
7 1 40 0 0.041 0.00896214 1 
8 1 40 0.00810154 0.016 0.0114995 6 
9 1 40 0.00380406 0.048 0.0119017 2 
10 1 40 0.0497829 0.004 0.0137695 49 
11 1 40 0 0.035 0.0072021 1 
0 1 41 0.00736066 0.018 0.0146455 8 
1 1 41 0 0.019 0.0102941 1 
2 1 41 0.00857714 0.019 0.011241 11 
3 1 41 0 0.044 0.0110115 1 
4 1 41 0 0.011 0.0125452 1 
5 1 41 0.0200449 0.016 0.00976958 13 
6 1 41 0.0126197 0.014 0.0112552 15 
7 1 41 5.54285e-05 0.003 0.0113118 2 
8 1 41 0 0.02 0.0105104 1 
9 1 41 0 0.008 0.0107301 1 
10 1 41 0 0.021 0.00982281 1 
11 1 41 0.00835299 0.001 0.00812701 10 
0 1 42 0.00177213 0.017 0.00908894 5 
1 1 42 0.0150992 0.01 0.0131425 14 
2 1 42 0.0114539 0.016 0.00895338 14 
3 1 42 0 0.033 0.00959735 1 
4 1 42 0 0.048 0.00916129 1 
5 1 42 0 0.022 0.00922912 1 
6 1 42 0.00251093 0.014 0.00943376 5 
7 1 42 0 0.023 0.0116139 1 
8 1 42 0.0220945 0.003 0.00935316 14 
9 1 42 0 0.028 0.0108354 1 
10 1 42 0 0.044 0.0108859 1 
11 1 42 0.0212932 0.013 0.0116736 9 
0 1 43 0 0.041 0.010642 1 
1 1 43 0 0.032 0.0112002 1 
2 1 43 0.0500896 0.003 0.0150198 30 
3 1 43 0 0.023 0.00919317 1 
4 1 43 0 0.008 0.00796477 1 
5 1 43 0 0.016 0.0121741 1 
6 1 43 0.00130154 0.039 0.0121296 3 
7 1 43 0.0228932 0.001 0.0102606 24 
8 1 43 0.00839879 0.009 0.0117755 13 
9 1 43 0 0.032 0.00643836 1 
10 1 43 0.0199998 0.023 0.00732635 11 
11 1 43 0 0.027 0.0102883 1 
0 1 44 0.00972876 0.012 0.0111767 8 
1 1 44 0 0.042 0.0132801 1 
2 1 44 0.00650328 0.029 0.00994726 8 
3 1 44 0 0.047 0.00807778 1 
4 1 44 0.000155555 0.042 0.00672255 2 
5 1 44 0.0378581 0.005 0.0113053 21 
6 1 44 0 0.028 0.0085416 1 
7 1 44 0.000432922 0.002 0.0109138 2 
8 1 44 1.88137e-05 0.018 0.0110189 2 
9 1 44 0 0.01 0.0107764 1 
10 1 44 0 0.036 0.010209 1 
11 1 44 0 0.034 0.0122966 1 
0 1 45 0 0.035 0.0126464 1 
1 1 45 0 0.036 0.0126744 1 
2 1 45 0 0.009 0.0107821 1 
3 1 45 0 0.013 0.0135602 1 
4 1 45 0.0051839 0.048 0.0109591 4 
5 1 45 0 0.001 0.0093603 1 
6 1 45 0.00649088 0.023 0.00957887 2 
7 1 45 0.00149124 0.024 0.0118706 7 
8 1 45 0 0.042 0.0110065 1 
9 1 45 0 0.02 0.0142382 1 
10 1 45 0.0402394 0.002 0.00960797 32 
11 1 45 0 0.049 0.0109189 1 
0 1 46 0.0146766 0.024 0.0130397 11 
1 1 46 0.0117976 0.015 0.0114199 9 
2 1 46 0 0.027 0.00968575 1 
3 1 46 0 0.043 0.00746344 1 
4 1 46 0.00463103 0.005 0.0143341 5 
5 1 46 0.000527568 0.012 0.00824533 2 
6 1 46 0 0.016 0.012175 1 
7 1 46 0.00279387 0.022 0.0107185 4 
8 1 46 0 0.035 0.0106815 1 
9 1 46 0 0.021 0.0106459 1 
10 1 46 0 0.024 0.00871136 1 
11 1 46 0 0.04 0.00822269 1 
0 1 47 0.0695542 0.002 0.0128324 53 
1 1 47 0.00868187 0.019 0.00921413 6 
2 1 47 0 0.02 0.0128242 1 
3 1 47 0.00193999 0.029 0.00873386 2 
4 1 47 0 0.048 0.0110725 1 
5 1 47 0 0.002 0.0135322 1 
6 1 47 0 0.046 0.00859092 1 
7 1 47 0.00713663 0.024 0.0107642 6 
8 1 47 0.00975983 0.044 0.0106181 6 
9 1 47 0.0253346 0.007 0.0134761 23 
10 1 47 0.00125585 0.033 0.00853669 2 
11 1 47 0.066419 0.003 0.00801159 48 
0 1 48 0 0.005 0.0129585 1 
1 1 48 0.0014857 0.045 0.0102476 2 
2 1 48 0.0139207 0.021 0.00958073 9 
3 1 48 0.00347157 0.002 0.00887558 5 
4 1 48 0 0.006 0.0122167 1 
5 1 48 0 0.016 0.00903311 1 
6 1 48 0 0.003 0.00963425 1 
7 1 48 8.01388e-05 0.02 0.00693096 2 
8 1 48 0.00311598 0.019 0.0111078 2 
9 1 48 0 0.039 0.00897264 1 
10 1 48 0.00198954 0.023 0.0117047 3 
11 1 48 0.00282145 0.043 0.008122 2 
0 1 49 0.00474895 0.001 0.0111014 5 
1 1 49 0 0.016 0.0098371 1 
2 1 49 0.0100869 0.028 0.0116448 11 
3 1 49 0.00289788 0.005 0.0108627 3 
4 1 49 0.00422738 0.027 0.0111334 3 
5 1 49 0 0.002 0.00760588 1 
6 1 49 0.00364225 0.038 0.0135374 3 
7 1 49 0 0.009 0.0133907 1 
8 1 49 0.00085386 0.011 0.0105763 2 
9 1 49 0.0052998 0.037 0.0140534 3 
10 1 49 0.00281817 0.043 0.0148694 2 
11 1 49 0.00346748 0.047 0.0104869 2 
0 1 50 0 0.006 0.0065502 1 
1 1 50 0.00297999 0.027 0.0146702 2 
2 1 50 0.00818616 0.02 0.00922509 6 
3 1 50 0 0.005 0.0134167 1 
4 1 50 0.000766204 0.039 0.00997171 2 
5 1 50 0 0.046 0.0119428 1 
6 1 50 0 0.008 0.0117981 1 
7 1 50 0 0.001 0.0104056 1 
8 1 50 0.0282232 0.014 0.0123511 20 
9 1 50 0 0.009 0.00908406 1 
10 1 50 0.0340173 0.005 0.010809 28 
11 1 50 0.000743492 0.008 0.00819616 2 
0 1 51 0.0125981 0.043 0.0121255 9 
1 1 51 0 0.043 0.0132633 1 
2 1 51 0.0179974 0.01 0.00963614 8 
3 1 51 0 0.029 0.00802574 1 
4 1 51 0 0.043 0.0115148 1 
5 1 51 0 0.036 0.0117217 1 
6 1 51 0 0.034 0.00854935 1 
7 1 51 0.00966496 0.016 0.00943251 6 
8 1 51 0 0.019 0.011288 1 
9 1 51 0 0.04 0.00813462 1 
10 1 51 0 0.041 0.0122579 1 
11 1 51 0 0.018 0.00955212 1 
0 1 52 0 0.03 0.00796903 1 
1 1 52 0.0207153 0.042 0.0101904 13 
2 1 52 0.0126624 0.031 0.0120479 7 
3 1 52 0.0154732 0.027 0.0105764 7 
4 1 52 0 0.047 0.00923218 1 
5 1 52 0 0.012 0.00970772 1 
6 1 52 0 0.039 0.0107913 1 
7 1 52 0.00640889 0.015 0.0100893 6 
8 1 52 0.0237168 0.016 0.0089301 11 
9 1 52 0.0256931 0.017 0.0111516 15 
10 1 52 0.00772335 0.039 0.0116173 9 
11 1 52 0 0.007 0.00847965 1 
0 1 53 0 0.047 0.0116143 1 
1 1 53 0.0280635 0.012 0.0139835 20 
2 1 53 0.00610221 0.018 0.0139433 7 
3 1 53 0 0.004 0.00949456 1 
4 1 53 0.00941212 0.012 0.00910375 13 
5 1 53 0 0.037 0.0134656 1 
6 1 53 0.00435214 0.01 0.0109922 3 
7 1 53 0.00632991 0.036 0.00995878 6 
8 1 53 0 0.047 0.0102389 1 
9 1 53 0.0148055 0.024 0.0137401 9 
10 1 53 0.00658203 0.04 0.00913226 8 
11 1 53 0 0.023 0.00934384 1 
0 1 54 0.00530034 0.019 0.00848436 5 
1 1 54 0 0.032 0.0121761 1 
2 1 54 0 0.028 0.00887011 2 
3 1 54 0 0.002 0.00897955 1 
4 1 54 0 0.012 0.0168383 1 
5 1 54 0.014865 0.005 0.0121741 20 
6 1 54 0 0.03 0.0114467 1 
7 1 54 0 0.039 0.011141 1 
8 1 54 0.00130046 0.032 0.00992874 2 
9 1 54 0.00412168 0.029 0.0108622 4 
10 1 54 0 0.001 0.012154 1 
11 1 54 0.00130046 0.002 0.0112477 2 
0 1 55 0 0.037 0.0107474 1 
1 1 55 0.0419698 0.005 0.00931446 29 
2 1 55 0.0133837 0.006 0.0100286 4 
3 1 55 0 0.032 0.0107849 1 
4 1 55 0.00346687 0.017 0.0112727 9 
5 1 55 0.000256097 0.022 0.0129525 2 
6 1 55 0.00111825 0.022 0.0106767 2 
7 1 55 0.00596395 0.036 0.0106106 8 
8 1 55 0 0.042 0.0161184 1 
9 1 55 0.00673483 0.008 0.00967337 12 
10 1 55 0 0.01 0.0116267 1 
11 1 55 0 0.027 0.0112177 1 
0 1 56 0 0.005 0.013616 1 
1 1 56 0 0.004 0.00909203 1 
2 1 56 0.00672441 0.018 0.0105213 4 
3 1 56 0 0.049 0.0108107 1 
4 1 56 0 0.022 0.00974889 1 
5 1 56 0.000634065 0.002 0.0107839 2 
6 1 56 0 0.041 0.00974204 1 
7 1 56 0 0.037 0.0118498 1 
8 1 56 0 0.028 0.0104859 1 
9 1 56 0 0.011 0.015961 1 
10 1 56 0 0.006 0.0101021 1 
11 1 56 0.000758793 0.001 0.00969003 3 
0 1 57 5.99166e-05 0.009 0.0129692 2 
1 1 57 0 0.047 0.0117003 1 
2 1 57 0.00159163 0.013 0.00900744 2 
3 1 57 6.77685e-05 0.007 0.0103149 2 
4 1 57 0.0151859 0.01 0.0112783 12 
5 1 57 0 0.036 0.012143 1 
6 1 57 0.0196181 0.013 0.0118961 6 
7 1 57 0 0.017 0.0107485 1 
8 1 57 0 0.002 0.00990959 1 
9 1 57 0.0167287 0.01 0.0123431 14 
10 1 57 0.00953987 0.011 0.00833659 6 
11 1 57 0.000115118 0.004 0.0143581 3 
0 1 58 0.00713556 0.009 0.0112333 12 
1 1 58 0 0.031 0.0113051 1 
2 1 58 0.00560538 0.004 0.0108251 7 
3 1 58 0 0.017 0.00899326 1 
4 1 58 0.00126188 0.008 0.0118412 2 
5 1 58 0.0405872 0.007 0.00856347 23 
6 1 58 0 0.047 0.0087175 1 
7 1 58 0.0361639 0.008 0.00875596 30 
8 1 58 0 0.043 0.0135563 1 
9 1 58 0 0.006 0.0120774 1 
10 1 58 0 0.037 0.009883 1 
11 1 58 0 0.037 0.010314 1 
0 1 59 0.00381828 0.043 0.00847627 3 
1 1 59 0 0.044 0.0108365 1 
2 1 59 0.0492632 0.013 0.0110007 27 
3 1 59 0 0.028 0.00758904 1 
4 1 59 0.0143385 0.027 0.00985689 6 
5 1 59 0.0203903 0.027 0.0138047 13 
6 1 59 0.00555732 0.016 0.0105382 4 
7 1 59 0 0.03 0.0104733 1 
8 1 59 0 0.028 0.00998471 1 
9 1 59 0.0017637 0.016 0.00853703 4 
10 1 59 0 0.007 0.00736657 1 
11 1 59 0.0354042 0.006 0.0108164 37 
0 1 60 0 0.015 0.00899304 1 
1 1 60 0.00695339 0.036 0.0084914 2 
2 1 60 0 0.014 0.0127569 1 
3 1 60 0.00392869 0.029 0.0116873 2 
4 1 60 0.0175813 0.011 0.0111441 14 
5 1 60 0.00817861 0.037 0.0108222 5 
6 1 60 0.00127839 0.007 0.0141501 2 
7 1 60 0.0039175 0.047 0.00892251 4 
8 1 60 0.00764482 0.042 0.0107642 4 
9 1 60 0.0219877 0.01 0.0110011 12 
10 1 60 0.00752695 0.027 0.00546716 6 
11 1 60 0 0.009 0.0122649 1 
