0 2 0 0.241493 0.023 0.00956692 12 
1 2 0 0.248411 0.047 0.0112061 11 
2 2 0 1 0.017 0.0121868 2 
3 2 0 0.230893 0.012 0.0127729 50 
4 2 0 0.0740794 0.004 0.00474663 36 
5 2 0 0.000873265 0.028 0.0106593 1 
6 2 0 0.000873265 0.03 0.00871457 1 
7 2 0 0.00499242 0.049 0.00967618 7 
8 2 0 0.227269 0.004 0.0124564 33 
9 2 0 0.000873265 0.015 0.00998661 1 
10 2 0 0.22608 0.037 0.00725734 17 
11 2 0 0.209096 0.027 0.0110905 16 
0 2 1 0.0727065 0.009 0.0131695 39 
1 2 1 0.0419276 0.018 0.011596 3 
2 2 1 0.0107704 0.009 0.00901557 2 
3 2 1 0.0154212 0.023 0.00749032 30 
4 2 1 0.0375264 0.037 0.00632555 6 
5 2 1 0.0143889 0.025 0.00910156 2 
6 2 1 0.038963 0.034 0.0105657 10 
7 2 1 0 0.009 0.0099255 1 
8 2 1 0.156563 0.041 0.00535993 17 
9 2 1 0 0.002 0.011755 1 
10 2 1 0.149831 0.048 0.00881866 9 
11 2 1 0.213106 0.001 0.0134219 44 
0 2 2 0.0116584 0.03 0.00736646 6 
1 2 2 0.00379774 0.025 0.010353 5 
2 2 2 0 0.048 0.00916688 1 
3 2 2 0.0106148 0.005 0.0100228 4 
4 2 2 0.0113403 0.011 0.0119924 17 
5 2 2 0 0.025 0.00946959 1 
6 2 2 0 0.014 0.00815032 1 
7 2 2 0 0.01 0.0085679 1 
8 2 2 0.010794 0.006 0.00865518 14 
9 2 2 0.00937912 0.004 0.00927593 5 
10 2 2 0.00198481 0.036 0.00937384 2 
11 2 2 0.0256191 0.005 0.0103412 29 
0 2 3 0.00864522 0.01 0.00930078 12 
1 2 3 0 0.004 0.0118547 1 
2 2 3 0.000918512 0.04 0.0121317 2 
3 2 3 0.00692977 0.009 0.00750841 4 
4 2 3 0 0.008 0.00928739 1 
5 2 3 0 0.002 0.00790471 1 
6 2 3 0.00384002 0.018 0.00975983 8 
7 2 3 0.00603596 0.002 0.00876067 4 
8 2 3 0.0121708 0.019 0.0100647 11 
9 2 3 0.00759535 0.021 0.00992519 13 
10 2 3 0 0.013 0.00814986 1 
11 2 3 0.00737554 0.014 0.0107401 4 
0 2 4 0 0.038 0.00875339 1 
1 2 4 0 0.021 0.0100117 1 
2 2 4 0.0468033 0.007 0.0091563 30 
3 2 4 0.00441825 0.017 0.00628269 2 
4 2 4 0 0.018 0.0102512 1 
5 2 4 0 0.037 0.00874586 1 
6 2 4 0.000994242 0.012 0.00810999 3 
7 2 4 0 0.022 0.0126714 1 
8 2 4 0.00440041 0.033 0.0124618 3 
9 2 4 0 0.005 0.00940851 1 
10 2 4 0.00504437 0.022 0.00971532 7 
11 2 4 0.00393764 0.023 0.00837028 2 
0 2 5 0.000149571 0.003 0.00889533 3 
1 2 5 0.000592348 0.008 0.00847179 2 
2 2 5 0 0.007 0.0116747 1 
3 2 5 0 0.002 0.00875559 1 
4 2 5 7.95153e-05 0.005 0.0081958 3 
5 2 5 0 0.027 0.0111662 1 
6 2 5 0.0296355 0.002 0.0112467 26 
7 2 5 0.0185563 0.018 0.00990285 20 
8 2 5 0.00830268 0.025 0.0110148 7 
9 2 5 0 0.038 0.00998966 1 
10 2 5 0 0.024 0.00735301 1 
11 2 5 0 0.021 0.00998666 1 
0 2 6 0 0.017 0.0120828 1 
1 2 6 0 0.032 0.00948173 1 
2 2 6 0 0.028 0.00996725 1 
3 2 6 0.000247043 0.025 0.0103355 2 
4 2 6 0.0189416 0.027 0.00793891 13 
5 2 6 0.0242109 0.033 0.0124279 11 
6 2 6 0 0.023 0.0123067 1 
7 2 6 0 0.03 0.00703284 1 
8 2 6 0.00649022 0.039 0.00792813 5 
9 2 6 0.00590294 0.045 0.00866874 6 
10 2 6 0.00115265 0.013 0.00822567 3 
11 2 6 0.000452225 0.01 0.00990168 2 
0 2 7 0 0.016 0.00896856 1 
1 2 7 0 0.013 0.0103169 1 
2 2 7 2.63026e-05 0.024 0.00928836 2 
3 2 7 0.000220636 0.034 0.00970618 2 
4 2 7 0 0.016 0.00921096 1 
5 2 7 0 0.005 0.00885821 1 
6 2 7 0.0677267 0.004 0.0116789 41 
7 2 7 0.00634181 0.049 0.0109573 3 
8 2 7 0.00204936 0.006 0.00982834 5 
9 2 7 0.021745 0.007 0.00903127 16 
10 2 7 0.0104129 0.042 0.0101011 7 
11 2 7 0.0147626 0.036 0.00823082 7 
0 2 8 0 0.041 0.0128972 1 
1 2 8 0.000678381 0.005 0.0126526 2 
2 2 8 0.0453414 0.005 0.00985686 39 
3 2 8 0.00207126 0.02 0.00787354 2 
4 2 8 0 0.021 0.0127038 1 
5 2 8 0.00957634 0.005 0.0109136 7 
6 2 8 0.0126347 0.032 0.0106225 5 
7 2 8 0 0.018 0.00886595 1 
8 2 8 0.00742866 0.04 0.0118778 6 
9 2 8 0.010897 0.047 0.00960203 6 
10 2 8 0.00745469 0.028 0.00964414 13 
11 2 8 0.00937135 0.031 0.00766566 7 
0 2 9 0.012882 0.019 0.00730154 8 
1 2 9 0.0239877 0.006 0.00852643 25 
2 2 9 0.0030802 0.041 0.00975351 2 
3 2 9 0.0130744 0.012 0.00844271 16 
4 2 9 0 0.019 0.00990309 1 
5 2 9 4.73065e-05 0.008 0.00997506 2 
6 2 9 0 0.035 0.0108177 1 
7 2 9 0.0529143 0.003 0.0085447 43 
8 2 9 0.0233451 0.01 0.00929764 19 
9 2 9 0 0.035 0.0105217 1 
10 2 9 0.0448535 0.002 0.00868729 58 
11 2 9 0 0.037 0.008116 1 
0 2 10 0 0.022 0.00966479 1 
1 2 10 0 0.009 0.00882163 1 
2 2 10 0 0.001 0.00910553 1 
3 2 10 0.00257817 0.003 0.00907403 2 
4 2 10 0.0363125 0.005 0.012161 30 
5 2 10 0 0.048 0.0106619 1 
6 2 10 0.0300777 0.01 0.00943934 22 
7 2 10 0 0.026 0.00858758 1 
8 2 10 0 0.007 0.00885328 1 
9 2 10 0 0.048 0.0103425 1 
10 2 10 0 0.005 0.0120877 1 
11 2 10 0.0234298 0.006 0.0107982 35 
0 2 11 0 0.024 0.0123246 1 
1 2 11 0.000802744 0.021 0.00963872 2 
2 2 11 0.00581839 0.027 0.00962336 3 
3 2 11 0 0.034 0.00998065 1 
4 2 11 0.00399961 0.017 0.00777718 7 
5 2 11 0 0.035 0.0112266 1 
6 2 11 0.0395533 0.004 0.0118623 40 
7 2 11 0 0.048 0.00838844 1 
8 2 11 0 0.004 0.00906096 1 
9 2 11 0.0344269 0.005 0.0113296 26 
10 2 11 0 0.017 0.0116398 1 
11 2 11 0 0.048 0.0112523 1 
0 2 12 0 0.012 0.0100835 1 
1 2 12 0.00759152 0.027 0.00878695 11 
2 2 12 0 0.015 0.00986907 1 
3 2 12 0.0324816 0.009 0.00967416 43 
4 2 12 0 0.01 0.0110974 1 
5 2 12 0 0.01 0.0101911 1 
6 2 12 0 0.019 0.00924292 1 
7 2 12 0.00985333 0.005 0.00845912 16 
8 2 12 0.00228002 0.03 0.0119941 3 
9 2 12 0.00120142 0.016 0.0104642 2 
10 2 12 0 0.021 0.0104137 1 
11 2 12 0 0.001 0.0109929 1 
0 2 13 0.0188703 0.02 0.0106458 23 
1 2 13 0.00102117 0.012 0.00629616 3 
2 2 13 0.0384044 0.006 0.00933015 32 
3 2 13 0.0227693 0.037 0.0100752 15 
4 2 13 0 0.015 0.0123723 1 
5 2 13 0 0.049 0.0100162 1 
6 2 13 0 0.036 0.00820418 1 
7 2 13 0 0.006 0.0110798 1 
8 2 13 0.0441793 0.01 0.00981756 33 
9 2 13 0 0.012 0.0107331 1 
10 2 13 0 0.029 0.0103512 1 
11 2 13 0.0200687 0.025 0.00912341 10 
0 2 14 0 0.027 0.0122812 1 
1 2 14 0.00397861 0.002 0.00960894 11 
2 2 14 0 0.002 0.0106564 1 
3 2 14 0.000189136 0.001 0.010168 2 
4 2 14 0.0111226 0.015 0.0108312 6 
5 2 14 0 0.024 0.00739634 1 
6 2 14 0 0.046 0.00990462 1 
7 2 14 0 0.043 0.00574953 1 
8 2 14 0.0626897 0.004 0.0109233 51 
9 2 14 0.0136858 0.033 0.00896342 12 
10 2 14 0.00145774 0.038 0.00830866 5 
11 2 14 0.00771527 0.002 0.00961763 10 
0 2 15 0.0290929 0.007 0.0107516 26 
1 2 15 0 0.026 0.0133858 1 
2 2 15 0.00130701 0.014 0.00985393 2 
3 2 15 0.0189744 0.026 0.00949695 10 
4 2 15 0 0.013 0.0104258 1 
5 2 15 0.0036643 0.025 0.0137761 5 
6 2 15 0.00234119 0.021 0.00810444 3 
7 2 15 0 0.037 0.0089947 2 
8 2 15 0.0161447 0.012 0.0110719 19 
9 2 15 0.0073896 0.001 0.011053 13 
10 2 15 0 0.031 0.00897237 1 
11 2 15 0.00473624 0.049 0.0103753 9 
0 2 16 0 0.046 0.00879376 1 
1 2 16 0.00985242 0.032 0.0108663 5 
2 2 16 0.00135627 0.021 0.00843976 2 
3 2 16 0.00412336 0.027 0.00987217 5 
4 2 16 0 0.046 0.0128064 1 
5 2 16 0 0.03 0.0090074 1 
6 2 16 0.000138828 0.004 0.0104222 2 
7 2 16 0.00199863 0.032 0.0082234 4 
8 2 16 0 0.046 0.00947375 1 
9 2 16 0.00865462 0.003 0.0102579 12 
10 2 16 0.0240191 0.013 0.0100333 13 
11 2 16 0 0.005 0.0124398 1 
0 2 17 6.583e-05 0.004 0.00975337 2 
1 2 17 0.00732157 0.029 0.0096907 5 
2 2 17 0 0.01 0.0133948 1 
3 2 17 0 0.031 0.0103943 1 
4 2 17 0 0.049 0.0105858 1 
5 2 17 0 0.047 0.00903178 1 
6 2 17 0 0.018 0.00958192 1 
7 2 17 0 0.036 0.00792632 1 
8 2 17 0 0.048 0.0102453 1 
9 2 17 0 0.019 0.0133548 1 
10 2 17 0 0.039 0.00985073 1 
11 2 17 0 0.031 0.00890988 1 
0 2 18 0.00656274 0.035 0.0106468 5 
1 2 18 0 0.015 0.00681713 1 
2 2 18 0 0.03 0.00889115 1 
3 2 18 0.000234902 0.037 0.00919827 2 
4 2 18 0.00215084 0.016 0.00732051 5 
5 2 18 0.00416849 0.022 0.00976254 8 
6 2 18 0 0.012 0.00964131 1 
7 2 18 0.0143555 0.002 0.00991404 8 
8 2 18 0.00359997 0.043 0.0102384 4 
9 2 18 0 0.045 0.00984046 1 
10 2 18 0.000503556 0.027 0.0119101 3 
11 2 18 0 0.035 0.0083951 1 
0 2 19 0.00630172 0.044 0.00979297 3 
1 2 19 0 0.042 0.00920804 1 
2 2 19 0.0155316 0.016 0.00816241 19 
3 2 19 0 0.02 0.0119394 1 
4 2 19 0.00696998 0.01 0.0128494 12 
5 2 19 0.00212883 0.047 0.0108402 2 
6 2 19 0.00310128 0.016 0.0071917 4 
7 2 19 0.000206324 0.015 0.00792673 2 
8 2 19 0.0437073 0.005 0.00893731 43 
9 2 19 0.0442068 0.004 0.0111899 39 
10 2 19 0 0.024 0.00737649 1 
11 2 19 0 0.016 0.0137253 1 
0 2 20 0.0562938 0.006 0.0105323 44 
1 2 20 0 0.002 0.00997512 1 
2 2 20 0.00796993 0.025 0.0085435 7 
3 2 20 0 0.002 0.0103019 1 
4 2 20 0.0227431 0.001 0.00882753 20 
5 2 20 0 0.045 0.0105509 1 
6 2 20 0 0.009 0.011721 1 
7 2 20 0.0029537 0.025 0.00933206 3 
8 2 20 0 0.032 0.0111948 1 
9 2 20 0 0.01 0.0102665 1 
10 2 20 0.00202637 0.011 0.00966332 2 
11 2 20 0.00559524 0.004 0.00782618 7 
0 2 21 0 0.004 0.0109027 1 
1 2 21 0.0372863 0.001 0.00958888 19 
2 2 21 0 0.031 0.0109463 1 
3 2 21 0 0.02 0.00750495 1 
4 2 21 0.000660215 0.002 0.0140288 2 
5 2 21 0.00799489 0.026 0.0104193 4 
6 2 21 0.00458282 0.003 0.0109073 3 
7 2 21 0 0.044 0.0101399 1 
8 2 21 0 0.042 0.014119 1 
9 2 21 0 0.03 0.00967393 1 
10 2 21 0 0.029 0.00938221 1 
11 2 21 0.000201804 0.003 0.0126293 2 
0 2 22 0.00894684 0.032 0.0115297 14 
1 2 22 0 0.048 0.0121766 1 
2 2 22 0 0.011 0.00818301 1 
3 2 22 0.000583328 0.017 0.009779 2 
4 2 22 0.0156525 0.021 0.0111002 11 
5 2 22 0 0.019 0.0101353 1 
6 2 22 0 0.016 0.0111548 1 
7 2 22 0.0136551 0.017 0.0111146 7 
8 2 22 0 0.032 0.00888081 1 
9 2 22 9.35724e-05 0.002 0.00814897 2 
10 2 22 0.000850587 0.025 0.00866323 2 
11 2 22 0 0.039 0.0117175 1 
0 2 23 0.00653731 0.046 0.00839287 5 
1 2 23 0 0.023 0.0123014 1 
2 2 23 0.00204378 0.016 0.01039 3 
3 2 23 0.0155909 0.025 0.00757042 6 
4 2 23 0.0261051 0.003 0.00945568 17 
5 2 23 0.0144102 0.001 0.00963206 14 
6 2 23 0 0.023 0.0109604 1 
7 2 23 0.00787206 0.045 0.00895012 5 
8 2 23 0 0.017 0.0102029 1 
9 2 23 0.015522 0.038 0.0127573 8 
10 2 23 0 0.009 0.0130263 1 
11 2 23 0 0.006 0.00940198 1 
0 2 24 0 0.008 0.0093155 1 
1 2 24 0.00370869 0.035 0.0111765 9 
2 2 24 0 0.029 0.00923642 1 
3 2 24 0.00458064 0.035 0.0104295 2 
4 2 24 0.0335461 0.018 0.0142232 29 
5 2 24 0.00924701 0.039 0.01004 12 
6 2 24 0 0.03 0.00914733 1 
7 2 24 0.00488029 0.045 0.0107978 2 
8 2 24 0.0175959 0.012 0.00994799 9 
9 2 24 0 0.001 0.0105048 1 
10 2 24 0 0.021 0.0111178 1 
11 2 24 0.0015914 0.033 0.00899082 2 
0 2 25 0.0154076 0.008 0.0102965 17 
1 2 25 0 0.028 0.00791914 1 
2 2 25 0.00281669 0.029 0.00944132 3 
3 2 25 0 0.041 0.0126055 1 
4 2 25 0.00866194 0.035 0.0131638 4 
5 2 25 0.0218196 0.01 0.0126763 20 
6 2 25 0 0.009 0.0108132 1 
7 2 25 0 0.046 0.010288 1 
8 2 25 0.00945239 0.003 0.0119565 11 
9 2 25 0 0.004 0.0143146 1 
10 2 25 0.000134696 0.001 0.00945458 2 
11 2 25 0 0.005 0.0123656 1 
0 2 26 0 0.001 0.015644 1 
1 2 26 0 0.007 0.0108385 1 
2 2 26 0.0550752 0.004 0.012479 37 
3 2 26 0 0.023 0.00698597 1 
4 2 26 0.010188 0.037 0.00838024 4 
5 2 26 0.0113725 0.031 0.0110812 4 
6 2 26 0.0121866 0.029 0.00848225 4 
7 2 26 0.00845141 0.021 0.0113172 9 
8 2 26 0 0.005 0.0128604 1 
9 2 26 0 0.046 0.00729512 1 
10 2 26 0 0.035 0.0096215 1 
11 2 26 0 0.036 0.0114826 1 
0 2 27 0 0.037 0.0109967 1 
1 2 27 0.000716224 0.025 0.00923308 3 
2 2 27 0.0379034 0.027 0.00878289 12 
3 2 27 0 0.006 0.0125093 1 
4 2 27 0 0.003 0.00769474 1 
5 2 27 0.000689929 0.006 0.00990082 4 
6 2 27 0.00247439 0.004 0.012508 4 
7 2 27 0 0.028 0.0108496 1 
8 2 27 0.0184738 0.028 0.00998252 6 
9 2 27 0.00721427 0.005 0.00842356 4 
10 2 27 0.0119519 0.015 0.00980194 7 
11 2 27 0.00369143 0.016 0.00898673 2 
0 2 28 0.0500726 0.013 0.00842037 32 
1 2 28 0 0.013 0.00837744 1 
2 2 28 0 0.002 0.00742428 1 
3 2 28 0.000865601 0.019 0.00809888 2 
4 2 28 0.00752098 0.022 0.00895068 8 
5 2 28 0.00111646 0.022 0.00981062 2 
6 2 28 0.00211224 0.036 0.00804581 4 
7 2 28 0.0398144 0.004 0.00959433 38 
8 2 28 0 0.006 0.0120357 1 
9 2 28 0 0.001 0.0085769 1 
10 2 28 0 0.033 0.00725585 1 
11 2 28 0 0.04 0.0120716 1 
0 2 29 0 0.003 0.00964749 1 
1 2 29 0 0.027 0.0084996 1 
2 2 29 0 0.003 0.010106 1 
3 2 29 0 0.008 0.00952781 1 
4 2 29 0 0.017 0.0123941 1 
5 2 29 0 0.043 0.0126157 1 
6 2 29 0.000800807 0.003 0.0110666 3 
7 2 29 0.00890353 0.004 0.0105153 11 
8 2 29 0.0325023 0.021 0.00943596 17 
9 2 29 0.0196543 0.02 0.00852488 26 
10 2 29 0 0.024 0.00820329 1 
11 2 29 0.0394315 0.002 0.0142923 36 
0 2 30 0 0.004 0.0118469 1 
1 2 30 0 0.039 0.0115578 1 
2 2 30 0 0.009 0.00966174 1 
3 2 30 0.00804727 0.021 0.00937841 6 
4 2 30 0 0.022 0.0122531 1 
5 2 30 0 0.042 0.00922271 1 
6 2 30 0.0212046 0.004 0.0118158 36 
7 2 30 0.0106551 0.001 0.0121386 13 
8 2 30 0.0122636 0.019 0.00956475 13 
9 2 30 0.048739 0.002 0.0134458 26 
10 2 30 0.00418702 0.033 0.00911086 4 
11 2 30 0.00496639 0.011 0.0128837 6 
0 2 31 0.0538768 0.003 0.0106705 46 
1 2 31 0.0531997 0.005 0.00993815 34 
2 2 31 0.00174341 0.034 0.0135171 2 
3 2 31 0 0.006 0.0118234 1 
4 2 31 0.000435256 0.008 0.0101404 2 
5 2 31 0.0553496 0.003 0.00909259 47 
6 2 31 0.00039606 0.006 0.0106474 2 
7 2 31 0 0.045 0.0111347 1 
8 2 31 0.0297628 0.01 0.00962704 20 
9 2 31 0.00585331 0.02 0.0075735 5 
10 2 31 4.08654e-05 0.042 0.0101489 2 
11 2 31 0 0.033 0.00953514 2 
0 2 32 0.000359371 0.006 0.0102255 2 
1 2 32 0.0149592 0.016 0.0120215 14 
2 2 32 0 0.029 0.00935318 1 
3 2 32 3.52397e-06 0.008 0.0124952 2 
4 2 32 0 0.004 0.0107451 1 
5 2 32 0 0.026 0.0122611 1 
6 2 32 0 0.039 0.00913013 1 
7 2 32 3.96879e-05 0.034 0.0110944 2 
8 2 32 0 0.019 0.0103168 1 
9 2 32 0.00730224 0.007 0.0119186 13 
10 2 32 0 0.022 0.0120738 1 
11 2 32 0 0.018 0.014201 1 
0 2 33 0 0.038 0.00999058 1 
1 2 33 0.0530021 0.005 0.0109094 43 
2 2 33 0 0.038 0.00723524 1 
3 2 33 0 0.026 0.00968439 1 
4 2 33 0 0.009 0.00958636 1 
5 2 33 0 0.006 0.0120414 1 
6 2 33 0 0.029 0.0125447 1 
7 2 33 0 0.022 0.0116236 1 
8 2 33 0 0.04 0.0085088 1 
9 2 33 0.0446638 0.002 0.0092558 32 
10 2 33 0.00366456 0.002 0.00832207 3 
11 2 33 0 0.011 0.00924159 1 
0 2 34 0.0191069 0.014 0.0111878 18 
1 2 34 0 0.042 0.0108454 1 
2 2 34 0 0.018 0.0088509 1 
3 2 34 0 0.044 0.0125158 1 
4 2 34 0 0.005 0.00906973 1 
5 2 34 0 0.004 0.00937246 1 
6 2 34 0 0.013 0.0146327 1 
7 2 34 0.0103594 0.01 0.0116629 17 
8 2 34 0 0.008 0.00956938 1 
9 2 34 0 0.037 0.00843031 1 
10 2 34 0.00447191 0.024 0.00952148 6 
11 2 34 0.0822732 0.003 0.0133045 41 
0 2 35 0.00363632 0.021 0.00862489 4 
1 2 35 0.0168721 0.042 0.012716 7 
2 2 35 0.0182032 0.011 0.00995551 17 
3 2 35 0.0449277 0.01 0.012017 18 
4 2 35 0.000323183 0.029 0.0106632 2 
5 2 35 0.0136506 0.007 0.00790532 16 
6 2 35 0 0.043 0.0117276 1 
7 2 35 0 0.017 0.0124257 1 
8 2 35 0 0.046 0.00974624 1 
9 2 35 0.0150368 0.049 0.00910247 12 
10 2 35 0.0151693 0.017 0.014073 23 
11 2 35 0 0.015 0.0110348 1 
0 2 36 0.00346225 0.018 0.0125501 2 
1 2 36 0 0.002 0.00883476 1 
2 2 36 0 0.023 0.00916015 1 
3 2 36 0.00666558 0.034 0.00855753 3 
4 2 36 0 0.011 0.00710185 1 
5 2 36 0 0.005 0.00957262 1 
6 2 36 0 0.046 0.0112139 1 
7 2 36 2.85261e-05 0.011 0.00953638 2 
8 2 36 0.0250106 0.027 0.0117417 8 
9 2 36 0.0129904 0.027 0.00947309 5 
10 2 36 0.0266288 0.02 0.0116329 11 
11 2 36 0.00998222 0.033 0.010619 5 
0 2 37 0 0.028 0.0102995 1 
1 2 37 0.0153147 0.02 0.00795899 12 
2 2 37 0 0.049 0.0109748 1 
3 2 37 0.00276286 0.001 0.0139934 5 
4 2 37 0 0.025 0.00813364 1 
5 2 37 0 0.011 0.0123378 1 
6 2 37 0 0.039 0.00856794 1 
7 2 37 0 0.04 0.0131732 1 
8 2 37 0.00169854 0.032 0.0110757 2 
9 2 37 0 0.019 0.00840068 1 
10 2 37 0 0.043 0.00914181 1 
11 2 37 0.00898625 0.02 0.0100757 10 
0 2 38 0.0648419 0.002 0.0110559 66 
1 2 38 0 0.017 0.0112192 1 
2 2 38 0.00266704 0.009 0.0082716 3 
3 2 38 0.00353488 0.032 0.0121065 3 
4 2 38 0 0.033 0.0115967 1 
5 2 38 0 0.03 0.0140489 1 
6 2 38 0 0.011 0.00948018 1 
7 2 38 0.000121502 0.006 0.00754061 2 
8 2 38 0.00492157 0.031 0.0109371 3 
9 2 38 0.0124095 0.021 0.00574279 5 
10 2 38 0.00769875 0.032 0.00950361 4 
11 2 38 0 0.026 0.0104925 1 
0 2 39 0.00798242 0.042 0.0105054 3 
1 2 39 6.833e-05 0.02 0.0106805 2 
2 2 39 0.00374437 0.012 0.00913238 2 
3 2 39 0 0.002 0.0105211 1 
4 2 39 0 0.009 0.00900834 1 
5 2 39 0 0.01 0.0111052 1 
6 2 39 0 0.036 0.0138818 1 
7 2 39 0.0155066 0.009 0.00922702 20 
8 2 39 0.0845332 0.005 0.0104741 44 
9 2 39 0.0249635 0.007 0.00950106 24 
10 2 39 0.0240146 0.028 0.0125386 10 
11 2 39 0 0.025 0.0117869 1 
0 2 40 0.000293747 0.003 0.00971441 3 
1 2 40 0 0.042 0.00800848 1 
2 2 40 0.0127218 0.001 0.00969876 19 
3 2 40 0.000172992 0.004 0.00986264 2 
4 2 40 0.0233007 0.023 0.0085791 12 
5 2 40 0.00698442 0.025 0.0104878 5 
6 2 40 0 0.042 0.0126348 1 
7 2 40 0 0.037 0.0116986 1 
8 2 40 0.00601653 0.013 0.00821728 3 
9 2 40 0.00531969 0.025 0.00890774 5 
10 2 40 0 0.004 0.00894398 1 
11 2 40 0 0.028 0.00970131 1 
0 2 41 0 0.03 0.0114429 1 
1 2 41 0 0.043 0.0100638 1 
2 2 41 0.0138253 0.028 0.00901757 14 
3 2 41 0 0.025 0.00861952 1 
4 2 41 0 0.016 0.00898431 1 
5 2 41 0 0.006 0.00701094 1 
6 2 41 0 0.005 0.0136931 1 
7 2 41 0.000409734 0.026 0.00725173 2 
8 2 41 0.0269859 0.011 0.010077 23 
9 2 41 0.0160817 0.005 0.00635969 12 
10 2 41 0.015398 0.016 0.00878837 13 
11 2 41 0 0.02 0.00961546 1 
0 2 42 0.00603412 0.019 0.0117633 4 
1 2 42 0.0197444 0.008 0.0113916 18 
2 2 42 0 0.001 0.0119024 1 
3 2 42 0.000749556 0.007 0.0118379 2 
4 2 42 0.0175935 0.01 0.0125269 20 
5 2 42 0 0.018 0.0105894 1 
6 2 42 0.053796 0.002 0.00778917 31 
7 2 42 0.0115837 0.014 0.0114991 7 
8 2 42 0.013988 0.013 0.0102255 15 
9 2 42 0 0.006 0.0102523 1 
10 2 42 0.0116787 0.03 0.0089824 6 
11 2 42 0.00355063 0.035 0.00952265 2 
0 2 43 2.78204e-05 0.009 0.00940687 4 
1 2 43 0.018968 0.003 0.0155764 15 
2 2 43 0 0.045 0.0116213 1 
3 2 43 5.3666e-05 0.01 0.0117326 2 
4 2 43 0.000241222 0.023 0.0119058 3 
5 2 43 0.0286434 0.006 0.0150014 28 
6 2 43 0 0.044 0.00838439 1 
7 2 43 0 0.033 0.00820885 1 
8 2 43 0.0113844 0.019 0.0108815 12 
9 2 43 0 0.01 0.00674253 1 
10 2 43 0.0204611 0.015 0.0105936 17 
11 2 43 0.00353169 0.008 0.0091908 5 
0 2 44 0 0.02 0.0111538 1 
1 2 44 0 0.024 0.010032 1 
2 2 44 0 0.018 0.00919966 1 
3 2 44 0.00391173 0.03 0.00889613 3 
4 2 44 0.0244201 0.014 0.00834094 21 
5 2 44 0.0277344 0.015 0.0121172 20 
6 2 44 0 0.043 0.011679 1 
7 2 44 0.00507316 0.029 0.00836398 8 
8 2 44 0 0.005 0.0093471 1 
9 2 44 0.00629617 0.015 0.0110116 5 
10 2 44 0.0358238 0.009 0.00978657 28 
11 2 44 0.00271654 0.024 0.00821536 3 
0 2 45 0.0549376 0.004 0.00755186 39 
1 2 45 0 0.044 0.0112435 1 
2 2 45 0 0.038 0.00897046 1 
3 2 45 0 0.04 0.0120634 1 
4 2 45 0.0129688 0.003 0.0110391 8 
5 2 45 0 0.034 0.0146147 1 
6 2 45 0 0.029 0.0107553 1 
7 2 45 0.00278862 0.016 0.00988459 4 
8 2 45 0 0.017 0.00972777 1 
9 2 45 0.00118466 0.023 0.00721653 2 
10 2 45 0 0.025 0.0127579 1 
11 2 45 0 0.018 0.00934211 1 
0 2 46 0.00340887 0.002 0.0106043 3 
1 2 46 0 0.011 0.00842962 1 
2 2 46 0.00852293 0.005 0.00850916 5 
3 2 46 0 0.023 0.00690833 1 
4 2 46 0 0.049 0.00942798 1 
5 2 46 0.013244 0.014 0.00994798 17 
6 2 46 0.00499831 0.027 0.0127827 5 
7 2 46 0.000904078 0.022 0.00949319 2 
8 2 46 0.000181056 0.001 0.00959888 2 
9 2 46 0 0.028 0.00679487 1 
10 2 46 0.00593779 0.018 0.00969433 8 
11 2 46 0 0.037 0.0108047 1 
0 2 47 0.0268052 0.019 0.0110337 16 
1 2 47 0.0347298 0.022 0.00795346 14 
2 2 47 0.00253207 0.001 0.00948557 3 
3 2 47 0.0199525 0.021 0.00985173 9 
4 2 47 0 0.039 0.00847744 1 
5 2 47 0.031747 0.002 0.00964129 31 
6 2 47 0.00608439 0.018 0.00709801 4 
7 2 47 0.0056288 0.014 0.0116791 6 
8 2 47 0.0373179 0.011 0.0108658 33 
9 2 47 0 0.006 0.0131405 1 
10 2 47 0 0.009 0.00951029 1 
11 2 47 0 0.002 0.0100164 1 
0 2 48 0.027744 0.038 0.0128089 11 
1 2 48 0.00784252 0.009 0.00866211 2 
2 2 48 0.000618343 0.039 0.0101006 2 
3 2 48 0.0151082 0.007 0.0120042 15 
4 2 48 0.0111628 0.025 0.00829062 10 
5 2 48 0.00846318 0.029 0.0126252 6 
6 2 48 0.0412382 0.014 0.0103021 20 
7 2 48 0.0250419 0.014 0.0070594 20 
8 2 48 0.0337724 0.005 0.00890806 33 
9 2 48 0 0.043 0.0107304 1 
10 2 48 0 0.015 0.0125964 1 
11 2 48 0.0236899 0.02 0.00887437 14 
0 2 49 0 0.009 0.0117096 1 
1 2 49 0.0114399 0.001 0.0119238 10 
2 2 49 0.00520268 0.003 0.0116688 4 
3 2 49 0 0.001 0.00635109 1 
4 2 49 0 0.021 0.0102827 1 
5 2 49 0.00249126 0.021 0.011049 2 
6 2 49 0.00609294 0.044 0.00803835 2 
7 2 49 0.00333749 0.031 0.0100034 2 
8 2 49 0 0.03 0.0100542 1 
9 2 49 0.0216349 0.02 0.0108255 12 
10 2 49 0 0.025 0.0076148 1 
11 2 49 0.0340667 0.004 0.0122052 16 
0 2 50 0.00587152 0.002 0.00956374 3 
1 2 50 0.0102585 0.01 0.0092025 3 
2 2 50 0.000125492 0.001 0.00864062 2 
3 2 50 0.0529348 0.002 0.012233 34 
4 2 50 0 0.027 0.00998918 1 
5 2 50 0 0.022 0.0106926 1 
6 2 50 0 0.044 0.0103743 1 
7 2 50 0 0.002 0.0103313 1 
8 2 50 0.00502925 0.036 0.0104324 7 
9 2 50 0.0039637 0.037 0.00973622 4 
10 2 50 0 0.023 0.00702626 1 
11 2 50 0.0168266 0.015 0.0123941 14 
0 2 51 0 0.004 0.0124414 1 
1 2 51 0.00066025 0.008 0.00821741 3 
2 2 51 0 0.034 0.0131872 1 
3 2 51 0 0.029 0.0111686 1 
4 2 51 0.002138 0.005 0.00979899 2 
5 2 51 0.0124351 0.002 0.00967096 9 
6 2 51 0.00722201 0.019 0.0128019 15 
7 2 51 0.00348496 0.022 0.0111943 4 
8 2 51 0.016978 0.03 0.0118827 14 
9 2 51 0.00511764 0.032 0.00962937 4 
10 2 51 0 0.043 0.0104376 1 
11 2 51 9.85777e-05 0.005 0.00735946 2 
0 2 52 0 0.006 0.0090724 1 
1 2 52 0.0108215 0.039 0.0122158 7 
2 2 52 0 0.036 0.0126648 1 
3 2 52 0.043185 0.002 0.0120191 41 
4 2 52 0 0.019 0.00543547 1 
5 2 52 0 0.007 0.0108491 1 
6 2 52 0 0.003 0.0113056 1 
7 2 52 0 0.014 0.0116513 1 
8 2 52 0 0.043 0.0104173 1 
9 2 52 0 0.043 0.0098806 1 
10 2 52 0 0.045 0.00966452 1 
11 2 52 0 0.043 0.0111148 1 
0 2 53 0 0.021 0.00828813 1 
1 2 53 0.00519429 0.038 0.0110994 3 
2 2 53 0.0379939 0.017 0.00824814 16 
3 2 53 0 0.01 0.0107627 1 
4 2 53 0.0110785 0.048 0.00917138 6 
5 2 53 0 0.034 0.00800255 1 
6 2 53 0.038852 0.007 0.0123661 27 
7 2 53 0.00309934 0.008 0.0131613 8 
8 2 53 0.0206132 0.018 0.0125208 16 
9 2 53 0.0220143 0.026 0.0125632 11 
10 2 53 0 0.004 0.0113199 1 
11 2 53 0 0.022 0.00765468 1 
0 2 54 0 0.049 0.01089 1 
1 2 54 0.00748781 0.002 0.0137836 8 
2 2 54 0.0263218 0.016 0.00977579 13 
3 2 54 0.00322534 0.044 0.0145591 2 
4 2 54 0.0286763 0.013 0.0117729 17 
5 2 54 0 0.017 0.0118923 1 
6 2 54 0 0.003 0.0118882 1 
7 2 54 0.0193797 0.043 0.0117975 8 
8 2 54 0.00219298 0.015 0.00724896 5 
9 2 54 0 0.012 0.0109376 1 
10 2 54 0.00362866 0.031 0.0102561 4 
11 2 54 0.0106852 0.024 0.00699696 7 
0 2 55 0.000796027 0.019 0.0110139 3 
1 2 55 0 0.046 0.00958435 1 
2 2 55 0.0423149 0.008 0.0103899 30 
3 2 55 0.00581084 0.021 0.0105874 3 
4 2 55 0.00211971 0.03 0.0122829 2 
5 2 55 0.00104145 0.003 0.00987056 2 
6 2 55 0 0.021 0.0103054 1 
7 2 55 0 0.039 0.0101518 1 
8 2 55 0 0.044 0.00885994 1 
9 2 55 0.0277178 0.003 0.0117066 24 
10 2 55 0 0.038 0.0103503 1 
11 2 55 0 0.022 0.0131661 1 
0 2 56 0.0162182 0.028 0.0121859 8 
1 2 56 0 0.024 0.0125131 1 
2 2 56 0 0.015 0.00789212 1 
3 2 56 0 0.013 0.0163108 1 
4 2 56 0 0.015 0.0131919 1 
5 2 56 0 0.032 0.00813662 1 
6 2 56 0 0.038 0.0124988 1 
7 2 56 0.00642292 0.001 0.00921052 9 
8 2 56 0 0.027 0.0123338 1 
9 2 56 0 0.032 0.0128864 1 
10 2 56 0 0.019 0.0109789 1 
11 2 56 0.000603214 0.007 0.0129987 4 
0 2 57 0 0.008 0.0100093 1 
1 2 57 0 0.044 0.00916224 1 
2 2 57 0.0325558 0.009 0.0112993 26 
3 2 57 0 0.005 0.00769844 1 
4 2 57 0 0.037 0.0126911 1 
5 2 57 0 0.018 0.0127837 1 
6 2 57 0.0212901 0.009 0.008577 15 
7 2 57 0 0.01 0.00973349 1 
8 2 57 0 0.019 0.00910078 1 
9 2 57 0.00286703 0.032 0.00872791 2 
10 2 57 0.0065813 0.003 0.012113 4 
11 2 57 0 0.01 0.00706039 1 
0 2 58 0.0375893 0.008 0.00951472 33 
1 2 58 0 0.029 0.0114224 1 
2 2 58 0.0182561 0.013 0.00751636 13 
3 2 58 0 0.002 0.0118643 1 
4 2 58 0.00659388 0.002 0.00835831 15 
5 2 58 0.0224806 0.013 0.0142448 13 
6 2 58 0.0126282 0.008 0.00803011 17 
7 2 58 0 0.004 0.00980053 1 
8 2 58 0 0.04 0.00958401 1 
9 2 58 0.000660741 0.023 0.00750956 2 
10 2 58 0.00733874 0.049 0.010287 3 
11 2 58 0.0139023 0.045 0.00673005 8 
0 2 59 0 0.005 0.0116312 1 
1 2 59 0.0443198 0.006 0.0110126 29 
2 2 59 0 0.024 0.0144007 1 
3 2 59 0.003425 0.017 0.00905152 3 
4 2 59 0 0.023 0.0139497 1 
5 2 59 0 0.015 0.013922 1 
6 2 59 0.033447 0.005 0.00825383 19 
7 2 59 0 0.006 0.00970541 1 
8 2 59 0 0.017 0.011442 1 
9 2 59 0.00571103 0.01 0.0108988 8 
10 2 59 0 0.029 0.00730433 1 
11 2 59 0 0.018 0.0106344 1 
0 2 60 0 0.012 0.0138684 1 
1 2 60 0 0.047 0.0118544 1 
2 2 60 0 0.006 0.00988679 1 
3 2 60 0.0208285 0.017 0.00862693 13 
4 2 60 0 0.018 0.0102386 1 
5 2 60 0 0.018 0.0131828 1 
6 2 60 0 0.036 0.0119221 1 
7 2 60 0.00895972 0.005 0.00956723 4 
8 2 60 0.018836 0.003 0.0110562 17 
9 2 60 0.00418784 0.019 0.0104346 2 
10 2 60 0.0247693 0.011 0.00911432 18 
11 2 60 0 0.024 0.0114641 1 
