0 3 0 0.000896915 0.021 0.00852778 1 
1 3 0 0.184398 0.026 0.00821551 8 
2 3 0 0.0720136 0.005 0.0101596 5 
3 3 0 1 0.001 0.014279 2 
4 3 0 0.0421468 0.015 0.0100693 8 
5 3 0 0.0620023 0.04 0.00669143 2 
6 3 0 0.0279624 0.001 0.0103245 2 
7 3 0 0.000896915 0.009 0.0086548 1 
8 3 0 0.935928 0.006 0.0094095 10 
9 3 0 0.935855 0.047 0.0102405 2 
10 3 0 0.916866 0.008 0.0125443 3 
11 3 0 0.914811 0.03 0.00966939 2 
0 3 1 0 0.02 0.0101875 1 
1 3 1 0.000969051 0.018 0.0127628 3 
2 3 1 0.00997485 0.019 0.00606486 9 
3 3 1 0.000681078 0.03 0.0130784 2 
4 3 1 0 0.005 0.00989198 1 
5 3 1 0 0.011 0.00895732 1 
6 3 1 0.0399124 0.006 0.0122523 32 
7 3 1 0.00100608 0.022 0.00742329 2 
8 3 1 0 0.016 0.0124235 1 
9 3 1 0.0197832 0.018 0.00800914 17 
10 3 1 0.0137946 0.025 0.0102607 11 
11 3 1 0 0.038 0.0103027 1 
0 3 2 0.0238217 0.019 0.010204 16 
1 3 2 0.0184168 0.012 0.0139005 9 
2 3 2 0 0.034 0.00715284 1 
3 3 2 0.00765723 0.017 0.00979862 8 
4 3 2 0.0139546 0.009 0.00953854 19 
5 3 2 0.0139521 0.011 0.00749145 21 
6 3 2 0.00187556 0.03 0.00991515 4 
7 3 2 0.0083355 0.045 0.00847189 7 
8 3 2 0.0327226 0.015 0.00694444 25 
9 3 2 0.0127596 0.02 0.0104357 8 
10 3 2 0 0.027 0.0126099 1 
11 3 2 0.0252002 0.005 0.00719799 20 
0 3 3 0.0170323 0.018 0.0086704 8 
1 3 3 0.00458026 0.02 0.009965 7 
2 3 3 7.2593e-05 0.001 0.0114243 2 
3 3 3 0.0109739 0.009 0.0092269 9 
4 3 3 0.00463242 0.029 0.0121138 5 
5 3 3 0 0.003 0.00914267 1 
6 3 3 0 0.005 0.00893759 1 
7 3 3 0.000725982 0.042 0.00849321 3 
8 3 3 0.00579249 0.007 0.00991409 14 
9 3 3 0.16475 0.036 0.0101017 14 
10 3 3 0 0.047 0.00904233 1 
11 3 3 0.0107768 0.042 0.0119992 13 
0 3 4 0.00268045 0.049 0.0118188 2 
1 3 4 0 0.006 0.00643594 1 
2 3 4 0.0797706 0.003 0.00775612 57 
3 3 4 0 0.018 0.0103387 1 
4 3 4 0.000461276 0.001 0.0101034 2 
5 3 4 0 0.027 0.0101865 1 
6 3 4 0 0.004 0.0102184 1 
7 3 4 0.000714614 0.011 0.00867004 2 
8 3 4 0.00796008 0.025 0.00906447 9 
9 3 4 0.00553367 0.002 0.00911942 5 
10 3 4 0 0.02 0.00923077 1 
11 3 4 0.00365701 0.026 0.00976708 3 
0 3 5 0.0325221 0.028 0.0106108 17 
1 3 5 0 0.01 0.0132143 1 
2 3 5 0.0298918 0.007 0.0108783 32 
3 3 5 0 0.016 0.00935225 1 
4 3 5 0.0229678 0.007 0.00995826 13 
5 3 5 1.05427e-05 0.008 0.0105347 2 
6 3 5 0 0.002 0.0110633 1 
7 3 5 0 0.025 0.011175 1 
8 3 5 0.0387147 0.003 0.00974405 49 
9 3 5 0 0.006 0.0133601 1 
10 3 5 0 0.031 0.0110121 1 
11 3 5 0 0.013 0.00987465 1 
0 3 6 0.00430343 0.024 0.0110912 3 
1 3 6 0 0.018 0.00937217 2 
2 3 6 0 0.042 0.012256 1 
3 3 6 0.018023 0.021 0.00873104 14 
4 3 6 0.00560205 0.015 0.00928334 11 
5 3 6 0.00401001 0.015 0.00904756 4 
6 3 6 0 0.02 0.0071513 1 
7 3 6 0.00503594 0.047 0.0104887 2 
8 3 6 0 0.036 0.00987335 1 
9 3 6 0.0110699 0.028 0.00866256 7 
10 3 6 0.00858273 0.044 0.00845276 5 
11 3 6 0 0.012 0.0141998 1 
0 3 7 0 0.034 0.00936889 1 
1 3 7 0 0.032 0.00923325 1 
2 3 7 0.0116837 0.029 0.00812835 6 
3 3 7 0 0.001 0.00914471 1 
4 3 7 0 0.027 0.00970968 1 
5 3 7 0 0.01 0.00661608 1 
6 3 7 0 0.014 0.00961299 1 
7 3 7 0 0.014 0.00916517 1 
8 3 7 5.06089e-05 0.007 0.010203 2 
9 3 7 0 0.016 0.0122046 1 
10 3 7 0 0.021 0.0104131 1 
11 3 7 0.0162215 0.02 0.0107027 13 
0 3 8 0 0.01 0.00903135 1 
1 3 8 0.0119074 0.01 0.0111102 7 
2 3 8 0.000864997 0.007 0.00906883 2 
3 3 8 0 0.005 0.00535281 1 
4 3 8 0.00335836 0.002 0.0129292 4 
5 3 8 0.00476352 0.003 0.0105629 3 
6 3 8 2.97812e-06 0.003 0.00769653 2 
7 3 8 0.00468483 0.011 0.00919239 2 
8 3 8 0.0017575 0.003 0.00740287 2 
9 3 8 0.0095948 0.034 0.0109434 4 
10 3 8 0 0.006 0.00667888 1 
11 3 8 0 0.02 0.0100494 1 
0 3 9 0.0771475 0.003 0.0101218 58 
1 3 9 0.000157701 0.004 0.00748701 2 
2 3 9 0.013818 0.018 0.00971209 14 
3 3 9 0.00600071 0.011 0.0112206 12 
4 3 9 0 0.033 0.0115444 1 
5 3 9 0.0025777 0.01 0.00895222 3 
6 3 9 0 0.008 0.0106798 1 
7 3 9 0 0.017 0.00962012 1 
8 3 9 0 0.019 0.00973327 1 
9 3 9 0.00156455 0.006 0.0101871 2 
10 3 9 0.0121755 0.002 0.0121143 9 
11 3 9 0.00588938 0.022 0.0111004 4 
0 3 10 0 0.036 0.00928272 1 
1 3 10 0 0.021 0.0125562 1 
2 3 10 0.0216653 0.023 0.011629 12 
3 3 10 0.0661381 0.009 0.0114499 34 
4 3 10 0 0.041 0.00894219 1 
5 3 10 0 0.029 0.0127288 1 
6 3 10 0.03604 0.003 0.00998177 42 
7 3 10 0.00995508 0.022 0.00995508 11 
8 3 10 0 0.024 0.00843373 1 
9 3 10 0 0.023 0.00998387 1 
10 3 10 0.00310298 0.004 0.0112203 3 
11 3 10 0 0.005 0.0128161 1 
0 3 11 0 0.001 0.012372 1 
1 3 11 0.0177333 0.046 0.0102122 11 
2 3 11 0.0239311 0.023 0.00958559 20 
3 3 11 8.73198e-05 0.037 0.00843106 2 
4 3 11 0 0.046 0.0104835 1 
5 3 11 0.000877048 0.012 0.00925184 3 
6 3 11 0.000767304 0.005 0.00911776 2 
7 3 11 0.0249878 0.015 0.00913067 20 
8 3 11 0.0234857 0.004 0.0111985 22 
9 3 11 0 0.041 0.0100037 1 
10 3 11 0.0145112 0.002 0.0105377 7 
11 3 11 0.00708896 0.001 0.00985701 5 
0 3 12 0.000432126 0.007 0.0115667 2 
1 3 12 0 0.025 0.00921152 1 
2 3 12 0.00722549 0.023 0.00832422 11 
3 3 12 0.0291681 0.014 0.008699 23 
4 3 12 0 0.024 0.00865121 1 
5 3 12 0 0.007 0.00692186 1 
6 3 12 0 0.014 0.0106942 1 
7 3 12 0 0.018 0.00959696 1 
8 3 12 0.0316169 0.027 0.00862584 8 
9 3 12 0.0328606 0.01 0.0105403 23 
10 3 12 0.04543 0.023 0.00836508 17 
11 3 12 0.0224532 0.026 0.00789129 12 
0 3 13 0.010336 0.04 0.00812564 6 
1 3 13 0.00179801 0.039 0.00755134 2 
2 3 13 0 0.017 0.0114621 1 
3 3 13 0.000763513 0.039 0.00917013 3 
4 3 13 0.0429473 0.005 0.0105005 20 
5 3 13 0 0.043 0.0106274 1 
6 3 13 0 0.001 0.00843272 1 
7 3 13 0 0.011 0.00698448 1 
8 3 13 0.057475 0.003 0.0105832 43 
9 3 13 0.000941687 0.047 0.0121406 2 
10 3 13 0.0442028 0.005 0.00907576 36 
11 3 13 0.00114397 0.023 0.0101412 3 
0 3 14 0 0.023 0.00837001 1 
1 3 14 0 0.014 0.0123057 1 
2 3 14 0 0.04 0.0113787 1 
3 3 14 0 0.033 0.00756597 1 
4 3 14 0 0.046 0.00916706 1 
5 3 14 0.0306788 0.005 0.00882625 37 
6 3 14 0.0191062 0.001 0.0105318 19 
7 3 14 0.00480123 0.004 0.00791766 2 
8 3 14 0 0.033 0.00866461 1 
9 3 14 0 0.043 0.00880198 1 
10 3 14 0.0211968 0.01 0.00910858 9 
11 3 14 0.000431259 0.011 0.00743717 2 
0 3 15 0 0.04 0.0121377 1 
1 3 15 0 0.006 0.00703493 1 
2 3 15 0 0.032 0.010004 1 
3 3 15 0.0089814 0.016 0.00950181 12 
4 3 15 0 0.028 0.00986375 1 
5 3 15 0 0.006 0.00721912 1 
6 3 15 0 0.013 0.0116224 1 
7 3 15 0 0.017 0.0108836 1 
8 3 15 0.0107637 0.029 0.00782418 9 
9 3 15 0.0130524 0.002 0.00773941 9 
10 3 15 0 0.019 0.0103997 1 
11 3 15 0.00792445 0.048 0.00710066 4 
0 3 16 0 0.044 0.0104817 1 
1 3 16 0.0011547 0.001 0.0109386 4 
2 3 16 0 0.043 0.0129628 1 
3 3 16 0.00206878 0.005 0.0104943 2 
4 3 16 0.00247645 0.026 0.00780713 2 
5 3 16 0.000838915 0.028 0.00860937 2 
6 3 16 0 0.02 0.0117652 1 
7 3 16 0.0135854 0.01 0.00842872 11 
8 3 16 0.00272609 0.046 0.00813354 4 
9 3 16 0 0.031 0.009408 1 
10 3 16 0 0.006 0.0081852 1 
11 3 16 0.0602784 0.006 0.00807698 32 
0 3 17 0 0.02 0.00738079 1 
1 3 17 0.0338816 0.035 0.00638199 12 
2 3 17 0 0.008 0.00799949 1 
3 3 17 0 0.033 0.00803117 1 
4 3 17 0.0308701 0.007 0.0113392 29 
5 3 17 0.0330023 0.006 0.0121877 36 
6 3 17 0.0261601 0.02 0.00924267 13 
7 3 17 0 0.027 0.00935171 1 
8 3 17 0 0.024 0.00932624 1 
9 3 17 0.00183901 0.003 0.00883981 4 
10 3 17 0 0.033 0.0100857 1 
11 3 17 0 0.013 0.00720663 1 
0 3 18 0 0.048 0.0118135 1 
1 3 18 0.0126902 0.023 0.0100623 5 
2 3 18 0 0.04 0.010222 1 
3 3 18 0 0.018 0.0103082 1 
4 3 18 0.0106777 0.006 0.00701088 7 
5 3 18 0.0174538 0.031 0.0101699 12 
6 3 18 0.000121068 0.026 0.0100673 2 
7 3 18 0 0.043 0.0104085 1 
8 3 18 0.00101677 0.001 0.00923737 2 
9 3 18 0 0.021 0.00951686 1 
10 3 18 0 0.009 0.0102564 1 
11 3 18 0 0.048 0.0114905 1 
0 3 19 0 0.01 0.00688399 1 
1 3 19 0.00141897 0.045 0.0082942 2 
2 3 19 0.000143777 0.003 0.00869821 3 
3 3 19 0 0.006 0.0118037 1 
4 3 19 0 0.01 0.0132065 1 
5 3 19 0 0.019 0.0104684 1 
6 3 19 0 0.045 0.0118849 1 
7 3 19 0 0.014 0.00886651 1 
8 3 19 0.0180524 0.004 0.00896363 8 
9 3 19 0.0138579 0.032 0.0119482 11 
10 3 19 0.00898501 0.022 0.00644489 8 
11 3 19 0 0.025 0.00723711 1 
0 3 20 0 0.033 0.0105274 1 
1 3 20 0.00703795 0.014 0.00711082 16 
2 3 20 0.00601589 0.016 0.0102356 3 
3 3 20 0.00625761 0.035 0.0121399 5 
4 3 20 0.0079001 0.048 0.00861481 4 
5 3 20 0.0100656 0.037 0.00942326 4 
6 3 20 0 0.006 0.0106107 1 
7 3 20 0 0.04 0.00907121 1 
8 3 20 0 0.007 0.00846408 1 
9 3 20 0.00652968 0.047 0.0103705 3 
10 3 20 0.00550681 0.036 0.0101206 3 
11 3 20 0.00375246 0.002 0.00780806 5 
0 3 21 0 0.034 0.00548197 1 
1 3 21 0.0077039 0.034 0.0128759 6 
2 3 21 0 0.006 0.00963047 1 
3 3 21 0 0.007 0.00864309 1 
4 3 21 0.0689073 0.003 0.00961628 45 
5 3 21 0.0252894 0.009 0.0101288 23 
6 3 21 0.017771 0.045 0.00731274 9 
7 3 21 0 0.017 0.00898263 1 
8 3 21 0 0.013 0.0092784 1 
9 3 21 0.00274055 0.031 0.00886874 3 
10 3 21 0.00459363 0.018 0.00849666 4 
11 3 21 0.023555 0.019 0.00851124 17 
0 3 22 0.00136299 0.01 0.0100694 2 
1 3 22 0.0202956 0.002 0.0100928 26 
2 3 22 0 0.013 0.00965862 1 
3 3 22 0.0145411 0.008 0.00930102 20 
4 3 22 0 0.003 0.00822953 1 
5 3 22 0.000597011 0.007 0.011708 2 
6 3 22 0 0.017 0.011948 1 
7 3 22 0 0.043 0.0131786 1 
8 3 22 0 0.045 0.00885917 1 
9 3 22 0.0241195 0.013 0.0113354 18 
10 3 22 0.0543993 0.007 0.0102151 30 
11 3 22 0 0.022 0.0150692 1 
0 3 23 0.0155658 0.018 0.00847545 17 
1 3 23 0.0372918 0.007 0.010546 33 
2 3 23 0 0.004 0.00560019 1 
3 3 23 0 0.01 0.00819003 1 
4 3 23 0.00094527 0.015 0.0108499 8 
5 3 23 0.00465129 0.002 0.00986918 5 
6 3 23 3.15161e-05 0.014 0.00871609 2 
7 3 23 0.011214 0.001 0.00711547 11 
8 3 23 0.00580558 0.007 0.007826 2 
9 3 23 0.0203499 0.01 0.00808121 18 
10 3 23 0.00879371 0.025 0.00809232 10 
11 3 23 0.00927574 0.048 0.00994372 4 
0 3 24 0.0151838 0.012 0.00997146 16 
1 3 24 0.0082594 0.007 0.00713806 9 
2 3 24 0.00213243 0.029 0.00920894 5 
3 3 24 0 0.007 0.00916057 1 
4 3 24 0.00838848 0.02 0.0105489 9 
5 3 24 0 0.027 0.00967283 1 
6 3 24 0 0.008 0.00817447 1 
7 3 24 0 0.02 0.0108026 1 
8 3 24 0.00910632 0.001 0.00973972 12 
9 3 24 0 0.005 0.00646229 1 
10 3 24 0.00696642 0.027 0.0113783 6 
11 3 24 0.00269122 0.02 0.00976474 5 
0 3 25 0.000815328 0.034 0.00875813 2 
1 3 25 0 0.006 0.0101179 1 
2 3 25 0 0.001 0.0103716 1 
3 3 25 0 0.013 0.0121029 1 
4 3 25 0.0548828 0.001 0.0134684 41 
5 3 25 0 0.001 0.0120929 1 
6 3 25 0.0184282 0.011 0.00893475 23 
7 3 25 0.000627855 0.012 0.0079184 3 
8 3 25 0 0.049 0.00830385 1 
9 3 25 0 0.019 0.0133348 1 
10 3 25 0.00291895 0.001 0.0118735 5 
11 3 25 0 0.032 0.00892862 1 
0 3 26 0.0494253 0.002 0.014471 58 
1 3 26 0.020484 0.029 0.00903668 11 
2 3 26 0.00867141 0.005 0.00899259 9 
3 3 26 0 0.047 0.0124757 1 
4 3 26 9.00821e-05 0.002 0.0106203 2 
5 3 26 0.0260595 0.011 0.0113015 16 
6 3 26 0 0.046 0.0104539 1 
7 3 26 0 0.031 0.0100174 1 
8 3 26 0 0.039 0.00892561 1 
9 3 26 0 0.018 0.00778996 1 
10 3 26 0.0321906 0.009 0.00776538 18 
11 3 26 0 0.02 0.0117258 1 
0 3 27 0.020658 0.015 0.0081809 14 
1 3 27 0 0.02 0.00985596 1 
2 3 27 0 0.014 0.0138891 1 
3 3 27 0 0.047 0.00922281 1 
4 3 27 0 0.02 0.00999497 1 
5 3 27 0.0134542 0.006 0.0135896 14 
6 3 27 0 0.001 0.0116964 1 
7 3 27 0 0.004 0.00979328 1 
8 3 27 0 0.034 0.0139505 1 
9 3 27 0 0.016 0.0102692 1 
10 3 27 0 0.004 0.0105108 1 
11 3 27 0 0.038 0.00991224 1 
0 3 28 0 0.049 0.0108408 1 
1 3 28 0 0.015 0.0110094 1 
2 3 28 0.0173366 0.003 0.00873231 12 
3 3 28 0.0360381 0.016 0.009134 20 
4 3 28 0.0495529 0.004 0.010411 41 
5 3 28 0 0.005 0.00868463 1 
6 3 28 0.0291416 0.009 0.0130736 17 
7 3 28 0.0238156 0.04 0.00849606 8 
8 3 28 0.0328906 0.036 0.0108834 12 
9 3 28 0 0.048 0.00819746 1 
10 3 28 0.014234 0.048 0.00954049 5 
11 3 28 0 0.022 0.00715641 1 
0 3 29 0.00265657 0.045 0.0105845 2 
1 3 29 0.000667439 0.015 0.00850168 2 
2 3 29 0.000448804 0.006 0.00872853 4 
3 3 29 0.0078582 0.049 0.0103262 4 
4 3 29 0.0111266 0.047 0.0117259 5 
5 3 29 0.0380963 0.011 0.0139666 19 
6 3 29 0.00747944 0.031 0.011021 7 
7 3 29 0 0.024 0.00967306 1 
8 3 29 0.0194912 0.013 0.00920567 14 
9 3 29 0.0098649 0.039 0.0110342 4 
10 3 29 0.00490685 0.045 0.0131325 4 
11 3 29 0 0.009 0.00974183 1 
0 3 30 0 0.014 0.00963085 1 
1 3 30 0.00962508 0.016 0.00696187 5 
2 3 30 0.00528646 0.026 0.00771334 4 
3 3 30 0.00215227 0.001 0.0114846 2 
4 3 30 0 0.036 0.0119434 1 
5 3 30 0.00921099 0.002 0.0104242 13 
6 3 30 0 0.024 0.0156764 1 
7 3 30 0 0.037 0.0102393 1 
8 3 30 0.0162238 0.004 0.00904568 14 
9 3 30 0.00969469 0.007 0.00845197 10 
10 3 30 0.0163861 0.008 0.0121341 10 
11 3 30 0.0057939 0.031 0.00943053 3 
0 3 31 0.0157721 0.02 0.00989096 12 
1 3 31 0 0.025 0.0100831 1 
2 3 31 0 0.031 0.0100766 1 
3 3 31 0.0332827 0.001 0.0120105 28 
4 3 31 0.00386628 0.018 0.0108641 3 
5 3 31 0 0.011 0.0115078 1 
6 3 31 0 0.013 0.00834377 1 
7 3 31 0 0.024 0.0117214 1 
8 3 31 0.010538 0.017 0.00851548 7 
9 3 31 0 0.005 0.0125765 1 
10 3 31 0.0259087 0.016 0.00728903 12 
11 3 31 0.00527353 0.004 0.0142745 9 
0 3 32 0 0.006 0.00897462 1 
1 3 32 0 0.018 0.00960324 1 
2 3 32 0.0176369 0.017 0.00972479 18 
3 3 32 0 0.047 0.00761844 1 
4 3 32 0 0.044 0.00998144 1 
5 3 32 0 0.044 0.00944902 1 
6 3 32 0.0118399 0.005 0.0114097 8 
7 3 32 0 0.022 0.00954121 1 
8 3 32 0.00399058 0.004 0.00715041 2 
9 3 32 0.0588174 0.002 0.00690752 41 
10 3 32 0.00131555 0.019 0.0112614 2 
11 3 32 0.0152038 0.012 0.00844924 24 
0 3 33 0.0248021 0.023 0.0102527 14 
1 3 33 0.00270552 0.035 0.00970769 4 
2 3 33 0 0.029 0.00729723 1 
3 3 33 0.0595666 0.003 0.00918003 43 
4 3 33 0 0.007 0.0122279 1 
5 3 33 2.96365e-05 0.003 0.0121447 2 
6 3 33 0 0.007 0.00829229 1 
7 3 33 0.000368147 0.008 0.0121083 2 
8 3 33 0.00671524 0.043 0.00995015 3 
9 3 33 0 0.021 0.00814329 1 
10 3 33 0.0179064 0.027 0.0120049 12 
11 3 33 0.00378732 0.035 0.0111198 3 
0 3 34 0.0067242 0.007 0.012594 6 
1 3 34 0 0.032 0.0111441 1 
2 3 34 0.0286326 0.007 0.00699398 15 
3 3 34 0 0.022 0.00892943 1 
4 3 34 0.00140561 0.015 0.00658633 2 
5 3 34 0 0.004 0.0101514 1 
6 3 34 0.0060116 0.004 0.0095065 10 
7 3 34 0.00908323 0.009 0.0106188 5 
8 3 34 0.0222387 0.002 0.0133936 19 
9 3 34 0.00147576 0.02 0.00979631 2 
10 3 34 0.0018978 0.037 0.0105269 2 
11 3 34 0 0.018 0.0089305 1 
0 3 35 0.00589743 0.031 0.00856151 3 
1 3 35 0.0197554 0.044 0.0110887 11 
2 3 35 0 0.022 0.0109892 1 
3 3 35 0 0.041 0.0108994 1 
4 3 35 0 0.027 0.00919884 1 
5 3 35 0 0.015 0.0127267 1 
6 3 35 0.014225 0.005 0.00748448 13 
7 3 35 0.0442496 0.005 0.012179 28 
8 3 35 0 0.026 0.00814928 1 
9 3 35 0 0.008 0.0113073 1 
10 3 35 0 0.038 0.0113757 1 
11 3 35 0 0.048 0.00925797 1 
0 3 36 0.0377535 0.002 0.0116687 25 
1 3 36 0.0688602 0.006 0.00772338 38 
2 3 36 0 0.048 0.011216 1 
3 3 36 0 0.027 0.0120105 1 
4 3 36 0 0.029 0.0105259 1 
5 3 36 0 0.006 0.0124693 1 
6 3 36 0.00745255 0.036 0.0102206 5 
7 3 36 0.00409324 0.032 0.0105026 5 
8 3 36 0 0.041 0.0116746 1 
9 3 36 0.00721948 0.011 0.011733 6 
10 3 36 0 0.046 0.00927925 1 
11 3 36 0.0225861 0.026 0.00897776 11 
0 3 37 0.00780331 0.035 0.00882286 4 
1 3 37 0.0323514 0.019 0.0098117 18 
2 3 37 0.0507075 0.002 0.00950326 55 
3 3 37 0 0.027 0.0106375 1 
4 3 37 0 0.03 0.00967299 1 
5 3 37 0 0.041 0.0071379 1 
6 3 37 0.0136266 0.004 0.0131313 3 
7 3 37 0.00168905 0.025 0.0102403 2 
8 3 37 0 0.04 0.00944288 1 
9 3 37 0.00273065 0.004 0.0117142 2 
10 3 37 0 0.041 0.0050238 1 
11 3 37 0.0244107 0.028 0.00906153 12 
0 3 38 0.027457 0.016 0.00837705 17 
1 3 38 0.0261522 0.04 0.0115405 13 
2 3 38 0.0128547 0.017 0.00846131 5 
3 3 38 0.0086542 0.045 0.00792345 3 
4 3 38 0.0399569 0.006 0.0117817 36 
5 3 38 0 0.036 0.00895397 1 
6 3 38 0 0.017 0.00859376 1 
7 3 38 0 0.024 0.00707347 1 
8 3 38 0.0618602 0.005 0.00885126 45 
9 3 38 0 0.017 0.011818 1 
10 3 38 0 0.013 0.0111995 1 
11 3 38 0.0400901 0.003 0.0133726 34 
0 3 39 0.0302389 0.027 0.00904824 14 
1 3 39 0.00080361 0.003 0.00949341 4 
2 3 39 0.00351418 0.01 0.00767405 5 
3 3 39 0 0.028 0.0117085 1 
4 3 39 0 0.027 0.00987373 1 
5 3 39 0 0.022 0.0100174 1 
6 3 39 0 0.024 0.0114726 1 
7 3 39 0 0.036 0.00916894 1 
8 3 39 0.00390285 0.019 0.00988167 2 
9 3 39 0.00668984 0.006 0.0118406 10 
10 3 39 0.0207147 0.005 0.00906559 19 
11 3 39 0 0.033 0.0114579 1 
0 3 40 0.000762177 0.008 0.0121282 2 
1 3 40 0.00471972 0.037 0.0124652 4 
2 3 40 0.0041564 0.013 0.00901817 3 
3 3 40 0.004293 0.001 0.00997397 3 
4 3 40 0 0.044 0.00979743 1 
5 3 40 1.85083e-05 0.022 0.0110084 2 
6 3 40 0.00167031 0.043 0.00825545 3 
7 3 40 0 0.046 0.00944499 1 
8 3 40 0.04037 0.004 0.0109528 31 
9 3 40 0.025674 0.023 0.0115862 13 
10 3 40 0.00576838 0.041 0.0129776 2 
11 3 40 0.00741449 0.038 0.00877153 4 
0 3 41 0.0144094 0.015 0.0120294 14 
1 3 41 0.00140305 0.013 0.00736617 2 
2 3 41 0 0.026 0.00974491 1 
3 3 41 0.00557481 0.022 0.0126417 9 
4 3 41 0 0.005 0.00999056 1 
5 3 41 0 0.017 0.00862259 1 
6 3 41 0 0.027 0.00822672 1 
7 3 41 0 0.01 0.00922198 1 
8 3 41 0.0440687 0.01 0.00641816 31 
9 3 41 0 0.046 0.011348 1 
10 3 41 0 0.039 0.00749431 1 
11 3 41 0.00183387 0.003 0.0112005 3 
0 3 42 0.00669033 0.048 0.00666584 4 
1 3 42 3.72356e-05 0.032 0.0115991 2 
2 3 42 0.0332153 0.001 0.0104336 13 
3 3 42 0.000247252 0.001 0.0108456 2 
4 3 42 0 0.005 0.0117582 1 
5 3 42 0.0201455 0.022 0.0105071 8 
6 3 42 0.0211841 0.046 0.0112073 7 
7 3 42 0.00294668 0.038 0.00852813 2 
8 3 42 0.0161927 0.016 0.0123406 9 
9 3 42 0.0232932 0.021 0.0081256 9 
10 3 42 0.0138688 0.032 0.0109917 7 
11 3 42 0.0131849 0.028 0.0120097 8 
0 3 43 0 0.042 0.0110854 1 
1 3 43 0 0.009 0.0112987 1 
2 3 43 0 0.035 0.00745316 1 
3 3 43 0.00408955 0.038 0.0127726 5 
4 3 43 0.00942292 0.012 0.0115758 10 
5 3 43 0.0115947 0.039 0.0107269 7 
6 3 43 0 0.006 0.00784452 1 
7 3 43 0.00145787 0.011 0.0130127 2 
8 3 43 0 0.035 0.00914611 1 
9 3 43 0.0045168 0.026 0.0109392 7 
10 3 43 0.000218004 0.006 0.0110012 2 
11 3 43 0 0.014 0.0117491 1 
0 3 44 0 0.029 0.0115112 1 
1 3 44 0 0.002 0.00925206 1 
2 3 44 0.0036401 0.003 0.00944137 2 
3 3 44 0.00625324 0.01 0.0102347 2 
4 3 44 0 0.009 0.00973427 1 
5 3 44 0 0.014 0.00748873 1 
6 3 44 0 0.002 0.00910789 1 
7 3 44 0 0.007 0.00885241 1 
8 3 44 0.00593098 0.014 0.00914221 2 
9 3 44 0.00507712 0.047 0.0104675 2 
10 3 44 0.0446692 0.013 0.0103286 22 
11 3 44 0 0.001 0.00924579 1 
0 3 45 0.0151765 0.006 0.0108726 14 
1 3 45 0.0065947 0.002 0.0117657 11 
2 3 45 0 0.048 0.0110483 1 
3 3 45 0 0.021 0.0102175 1 
4 3 45 0.0205888 0.004 0.0106025 29 
5 3 45 0.0207058 0.017 0.0147931 14 
6 3 45 0 0.026 0.0125825 1 
7 3 45 0 0.029 0.009779 1 
8 3 45 0 0.039 0.00715793 1 
9 3 45 0.0028302 0.01 0.0121429 5 
10 3 45 0.0418759 0.008 0.0112556 22 
11 3 45 0.0127065 0.027 0.00767547 14 
0 3 46 0.0199823 0.021 0.0147308 5 
1 3 46 0 0.017 0.0101449 1 
2 3 46 0.017354 0.017 0.00900873 12 
3 3 46 0 0.009 0.0082019 1 
4 3 46 0.00230069 0.034 0.00888565 2 
5 3 46 0.00102086 0.048 0.00974289 2 
6 3 46 0 0.003 0.0143187 1 
7 3 46 0.0064495 0.037 0.0111054 5 
8 3 46 0.00582899 0.041 0.00839752 3 
9 3 46 0 0.027 0.0137316 1 
10 3 46 0.0143231 0.003 0.00972662 12 
11 3 46 0.000527277 0.019 0.012177 2 
0 3 47 0.00709239 0.019 0.00912413 2 
1 3 47 0 0.025 0.0079618 1 
2 3 47 0.00567762 0.027 0.00839238 2 
3 3 47 0 0.003 0.0112898 1 
4 3 47 0 0.007 0.00897646 1 
5 3 47 0 0.024 0.0128115 1 
6 3 47 0.00353259 0.002 0.0127311 3 
7 3 47 0.00824143 0.03 0.0115144 5 
8 3 47 0.0013746 0.037 0.0102362 2 
9 3 47 0 0.038 0.0116971 1 
10 3 47 0 0.032 0.00727981 1 
11 3 47 0 0.034 0.008413 1 
0 3 48 3.6037e-05 0.002 0.0100052 4 
1 3 48 0.00116355 0.028 0.00645475 2 
2 3 48 0 0.048 0.00914398 1 
3 3 48 0.016162 0.008 0.0117516 20 
4 3 48 0 0.006 0.00987869 1 
5 3 48 0.00574976 0.037 0.00737859 5 
6 3 48 0.0231926 0.014 0.0102019 18 
7 3 48 0.00554741 0.035 0.00972877 6 
8 3 48 0.0298777 0.015 0.0101036 21 
9 3 48 0.0279022 0.011 0.0131279 19 
10 3 48 0.00452367 0.04 0.0106024 4 
11 3 48 0.00134991 0.022 0.011977 2 
0 3 49 0.00295654 0.032 0.00899438 2 
1 3 49 0.0294364 0.006 0.0122703 37 
2 3 49 0.0647205 0.002 0.00955046 43 
3 3 49 0.0346475 0.006 0.0113914 16 
4 3 49 0.0275033 0.009 0.0108245 24 
5 3 49 0.000800437 0.005 0.00914799 3 
6 3 49 0 0.027 0.00715576 1 
7 3 49 0 0.005 0.0137607 1 
8 3 49 0 0.037 0.00885295 1 
9 3 49 0.00918661 0.004 0.011511 9 
10 3 49 0 0.032 0.0122797 1 
11 3 49 0 0.016 0.0103631 1 
0 3 50 0 0.047 0.00738178 1 
1 3 50 0 0.028 0.0117084 1 
2 3 50 0 0.032 0.00617735 1 
3 3 50 0.0237467 0.013 0.013485 13 
4 3 50 0 0.027 0.0110673 1 
5 3 50 0 0.014 0.0123831 1 
6 3 50 0 0.014 0.0119089 1 
7 3 50 0 0.016 0.0103307 1 
8 3 50 0.00181979 0.023 0.0108026 2 
9 3 50 0 0.006 0.0112853 1 
10 3 50 0 0.008 0.0112018 1 
11 3 50 0 0.003 0.00899136 1 
0 3 51 0.0537163 0.004 0.00851987 66 
1 3 51 0.00049841 0.027 0.00899526 2 
2 3 51 0 0.038 0.00882487 1 
3 3 51 0.00446354 0.003 0.0117013 4 
4 3 51 0.0130847 0.018 0.0089993 10 
5 3 51 0 0.008 0.0124939 1 
6 3 51 0 0.004 0.00913182 1 
7 3 51 0 0.033 0.0109778 1 
8 3 51 0 0.037 0.0139193 1 
9 3 51 0 0.041 0.00945063 1 
10 3 51 0 0.019 0.00726283 1 
11 3 51 0 0.018 0.0129225 1 
0 3 52 0.000642425 0.008 0.0100087 2 
1 3 52 0.00489953 0.031 0.010924 2 
2 3 52 0.00548701 0.003 0.00716026 8 
3 3 52 0.00201099 0.044 0.0107912 2 
4 3 52 0.0222501 0.014 0.0124984 13 
5 3 52 0 0.046 0.0156361 1 
6 3 52 0 0.006 0.00876561 1 
7 3 52 0.00432005 0.027 0.0104076 2 
8 3 52 0.0256332 0.036 0.0114197 10 
9 3 52 0.0482472 0.006 0.00829837 40 
10 3 52 0.00371948 0.045 0.00770836 3 
11 3 52 0.0202459 0.023 0.0132086 14 
0 3 53 0.0066198 0.016 0.00850861 2 
1 3 53 9.53139e-05 0.024 0.00987423 2 
2 3 53 0 0.041 0.0113077 1 
3 3 53 0.0256221 0.008 0.0091972 23 
4 3 53 0 0.007 0.0071753 1 
5 3 53 0.00621365 0.042 0.0104813 5 
6 3 53 0.0141007 0.035 0.00913064 5 
7 3 53 0.0248305 0.026 0.0126801 10 
8 3 53 0.00926865 0.028 0.00977692 3 
9 3 53 0.0171849 0.021 0.011434 10 
10 3 53 0 0.049 0.0100713 1 
11 3 53 0 0.024 0.00918342 1 
0 3 54 0.00244239 0.007 0.0115285 3 
1 3 54 0.00297127 0.003 0.00839105 4 
2 3 54 0.00257355 0.001 0.0114631 4 
3 3 54 0.0413285 0.006 0.0056782 30 
4 3 54 0.0202077 0.025 0.0118306 11 
5 3 54 0.00830915 0.041 0.0101398 6 
6 3 54 0.0163391 0.037 0.00671862 8 
7 3 54 0.0199975 0.045 0.0106534 8 
8 3 54 0.00671514 0.024 0.00896916 3 
9 3 54 0.0378849 0.018 0.00954477 22 
10 3 54 0.0188074 0.04 0.010353 9 
11 3 54 0.00722228 0.043 0.0103984 2 
0 3 55 0.0372273 0.002 0.0117491 38 
1 3 55 0 0.032 0.0105172 1 
2 3 55 0.0173231 0.001 0.0110114 16 
3 3 55 0.00196209 0.031 0.0102161 3 
4 3 55 0.0201253 0.031 0.0110357 11 
5 3 55 0.0235981 0.025 0.00684727 12 
6 3 55 0 0.041 0.0115277 1 
7 3 55 0 0.005 0.00930545 1 
8 3 55 0.00461164 0.048 0.0106205 3 
9 3 55 0 0.007 0.00988047 1 
10 3 55 0.00806703 0.003 0.0114415 4 
11 3 55 0.00128034 0.007 0.0111622 4 
0 3 56 0 0.011 0.0119419 1 
1 3 56 0 0.012 0.00793281 1 
2 3 56 0 0.005 0.00898172 1 
3 3 56 0.0176649 0.022 0.0131675 11 
4 3 56 0.0145828 0.022 0.0115651 11 
5 3 56 0 0.016 0.0121657 1 
6 3 56 0.0405085 0.001 0.0118791 35 
7 3 56 0 0.039 0.0108343 1 
8 3 56 0.000198849 0.011 0.00981336 2 
9 3 56 0.000289781 0.043 0.0133256 2 
10 3 56 0 0.043 0.00671497 1 
11 3 56 0.0123048 0.027 0.0083443 5 
0 3 57 0 0.036 0.0129192 1 
1 3 57 0 0.03 0.00741971 1 
2 3 57 0 0.039 0.0131718 1 
3 3 57 0.0126066 0.001 0.00985648 9 
4 3 57 0.0319945 0.009 0.0104758 23 
5 3 57 0 0.022 0.0110309 1 
6 3 57 0 0.021 0.00987544 1 
7 3 57 0 0.049 0.0117308 1 
8 3 57 0.000390396 0.029 0.00938532 4 
9 3 57 0.0741901 0.004 0.00866075 40 
10 3 57 0 0.047 0.00843716 1 
11 3 57 0 0.025 0.00735509 1 
0 3 58 0 0.001 0.00917246 1 
1 3 58 0.00248725 0.026 0.008968 3 
2 3 58 0 0.016 0.00929668 1 
3 3 58 0 0.034 0.013658 1 
4 3 58 0 0.022 0.012204 1 
5 3 58 0 0.026 0.0119325 1 
6 3 58 0 0.017 0.0137575 1 
7 3 58 0.0071497 0.006 0.00917034 4 
8 3 58 0 0.008 0.0100345 1 
9 3 58 0 0.034 0.0094564 1 
10 3 58 0 0.035 0.0104204 1 
11 3 58 0 0.047 0.0128541 1 
0 3 59 0 0.026 0.0107468 1 
1 3 59 0.0094344 0.035 0.0100398 12 
2 3 59 0.0319172 0.008 0.00949841 18 
3 3 59 0 0.011 0.0115969 1 
4 3 59 0 0.001 0.0095714 1 
5 3 59 0 0.038 0.0118337 1 
6 3 59 0 0.04 0.00869581 1 
7 3 59 0 0.038 0.0119239 1 
8 3 59 0.0178913 0.01 0.00977814 14 
9 3 59 0 0.011 0.0118582 1 
10 3 59 0 0.045 0.0106872 1 
11 3 59 0.000827717 0.028 0.0105011 2 
0 3 60 0.00321126 0.004 0.0101966 3 
1 3 60 0.00166678 0.047 0.0101653 2 
2 3 60 0 0.039 0.00856928 1 
3 3 60 0 0.002 0.0124861 1 
4 3 60 0 0.007 0.00938074 1 
5 3 60 0 0.017 0.0133113 1 
6 3 60 0.00292892 0.025 0.00890353 8 
7 3 60 0 0.045 0.0078296 1 
8 3 60 0 0.039 0.0111949 1 
9 3 60 0.0720786 0.004 0.0134921 50 
10 3 60 0 0.015 0.00892317 1 
11 3 60 0 0.047 0.0109578 1 
