0 4 0 0.00408898 0.007 0.00981485 5 
1 4 0 0.160987 0.045 0.00788706 23 
2 4 0 0 0.024 0.00887617 1 
3 4 0 0.0648449 0.025 0.00719884 18 
4 4 0 1 0.014 0.00776577 2 
5 4 0 0.816229 0.005 0.0114956 4 
6 4 0 0.950488 0.032 0.0134421 2 
7 4 0 0 0.033 0.00599398 1 
8 4 0 0.106957 0.011 0.00985312 47 
9 4 0 0.082135 0.025 0.0119802 24 
10 4 0 0.0573102 0.032 0.0101484 20 
11 4 0 0 0.045 0.011983 1 
0 4 1 0.00984086 0.044 0.00963204 3 
1 4 1 0 0.005 0.0103694 1 
2 4 1 0 0.021 0.010861 1 
3 4 1 0.0386727 0.018 0.0123418 23 
4 4 1 0.0932952 0.005 0.00966736 51 
5 4 1 0.00618739 0.026 0.00880338 2 
6 4 1 0.056811 0.025 0.0116145 15 
7 4 1 0.0155383 0.02 0.0118263 13 
8 4 1 0.011959 0.028 0.00803316 6 
9 4 1 0.00349985 0.049 0.0072292 2 
10 4 1 0.000268959 0.018 0.00939929 2 
11 4 1 0 0.013 0.0123182 1 
0 4 2 0.0117163 0.001 0.0118249 12 
1 4 2 0.0228246 0.001 0.0113147 17 
2 4 2 0.0401758 0.011 0.0108842 27 
3 4 2 0 0.04 0.00870033 1 
4 4 2 0 0.002 0.00989057 1 
5 4 2 4.2777e-05 0.001 0.00805493 2 
6 4 2 0.0104151 0.039 0.00784727 3 
7 4 2 0.000532937 0.037 0.00766076 3 
8 4 2 0.0464987 0.019 0.00999367 23 
9 4 2 0.0109239 0.028 0.00987669 2 
10 4 2 0.0233906 0.037 0.0112425 12 
11 4 2 0.0114272 0.022 0.0105221 2 
0 4 3 0 0.043 0.00873046 1 
1 4 3 0 0.021 0.00986748 1 
2 4 3 0.011202 0.044 0.00924425 6 
3 4 3 0.0187331 0.029 0.0102284 5 
4 4 3 0.00680622 0.024 0.00960664 6 
5 4 3 0.00304601 0.007 0.0116976 2 
6 4 3 0.00554994 0.037 0.00879207 4 
7 4 3 0.00395184 0.027 0.00920803 6 
8 4 3 0.00813491 0.039 0.00710914 4 
9 4 3 0.00743337 0.031 0.0104711 4 
10 4 3 0.00848262 0.029 0.0125923 10 
11 4 3 0.00800081 0.04 0.00872184 4 
0 4 4 0.01206 0.017 0.0104061 7 
1 4 4 0.0137332 0.032 0.00871087 6 
2 4 4 0.00102175 0.043 0.00910711 2 
3 4 4 0 0.024 0.0089169 1 
4 4 4 0 0.049 0.00896684 1 
5 4 4 0 0.006 0.00932741 1 
6 4 4 0 0.034 0.0109055 1 
7 4 4 0.00902888 0.032 0.0102205 7 
8 4 4 0 0.044 0.0115369 1 
9 4 4 0 0.045 0.0107313 1 
10 4 4 0 0.009 0.0098077 1 
11 4 4 0 0.005 0.0121697 1 
0 4 5 0 0.041 0.00923179 1 
1 4 5 0 0.001 0.0102674 1 
2 4 5 0 0.011 0.0118719 1 
3 4 5 0 0.013 0.0100043 1 
4 4 5 0.000288934 0.004 0.0123732 2 
5 4 5 0 0.013 0.00940762 1 
6 4 5 0.00597912 0.025 0.00772556 6 
7 4 5 0.00205826 0.016 0.0074372 4 
8 4 5 0 0.004 0.00886373 1 
9 4 5 0.00257995 0.01 0.00853357 2 
10 4 5 0 0.012 0.00756338 1 
11 4 5 0 0.033 0.00723445 1 
0 4 6 0 0.013 0.0102442 1 
1 4 6 0 0.007 0.0129133 1 
2 4 6 0.0442627 0.007 0.00851891 31 
3 4 6 0.00461197 0.011 0.00927262 6 
4 4 6 0.00354182 0.023 0.00899789 6 
5 4 6 0.00155178 0.017 0.00903547 2 
6 4 6 0 0.036 0.0102545 1 
7 4 6 0 0.023 0.0127802 1 
8 4 6 0.00594813 0.034 0.0108331 5 
9 4 6 0.0344731 0.008 0.00983628 32 
10 4 6 0 0.002 0.0125082 1 
11 4 6 0.00936819 0.011 0.0107591 28 
0 4 7 0.048621 0.003 0.0093083 45 
1 4 7 0.00204302 0.019 0.0073335 5 
2 4 7 0.0301174 0.016 0.00793762 19 
3 4 7 0 0.041 0.0108201 1 
4 4 7 0.00490421 0.005 0.00683615 7 
5 4 7 0.0145682 0.041 0.0107076 4 
6 4 7 5.49903e-06 0.037 0.0100307 2 
7 4 7 0.00469043 0.002 0.0101341 5 
8 4 7 0.00303113 0.017 0.00948922 3 
9 4 7 0.00398337 0.049 0.0104943 4 
10 4 7 0.00115958 0.004 0.00752055 3 
11 4 7 0.00489204 0.041 0.0099042 3 
0 4 8 0 0.028 0.0134353 1 
1 4 8 0 0.012 0.0112366 1 
2 4 8 0.012944 0.002 0.00948452 16 
3 4 8 0.000798252 0.038 0.00836371 2 
4 4 8 0 0.018 0.0117218 1 
5 4 8 0.000904158 0.003 0.0116459 4 
6 4 8 0.00626465 0.014 0.00963697 6 
7 4 8 0 0.026 0.0070044 1 
8 4 8 0.00413755 0.024 0.00903213 4 
9 4 8 0.00520276 0.043 0.00970261 2 
10 4 8 5.39931e-06 0.018 0.00788064 2 
11 4 8 0.0232058 0.008 0.0128178 25 
0 4 9 0 0.019 0.00988714 1 
1 4 9 0.00152077 0.029 0.0125524 3 
2 4 9 0.0163675 0.007 0.00855206 24 
3 4 9 0 0.009 0.0104972 1 
4 4 9 0 0.049 0.0117559 1 
5 4 9 0.0445915 0.003 0.00649474 49 
6 4 9 0 0.022 0.00971827 1 
7 4 9 0.0166237 0.024 0.00864394 10 
8 4 9 0.00103639 0.023 0.00931055 3 
9 4 9 0 0.038 0.00720776 1 
10 4 9 0.00103811 0.018 0.0103743 3 
11 4 9 0 0.016 0.00840147 1 
0 4 10 0.00174921 0.045 0.00920928 3 
1 4 10 0.0298709 0.024 0.00871001 17 
2 4 10 0.00382359 0.023 0.0106524 4 
3 4 10 0.00110446 0.037 0.00931612 2 
4 4 10 0.0108564 0.029 0.0122261 6 
5 4 10 0.0388906 0.017 0.0101058 21 
6 4 10 0.00866948 0.025 0.00909806 9 
7 4 10 0.0072812 0.002 0.0087365 4 
8 4 10 0 0.012 0.00867452 1 
9 4 10 0.00617913 0.018 0.0100345 14 
10 4 10 0.00435303 0.024 0.0102736 6 
11 4 10 0 0.004 0.00871531 1 
0 4 11 0 0.047 0.0100716 1 
1 4 11 0.0348002 0.016 0.00749892 30 
2 4 11 0 0.022 0.00913197 1 
3 4 11 0 0.044 0.0100181 1 
4 4 11 0.00268632 0.038 0.00958862 2 
5 4 11 0.0225536 0.001 0.00936892 32 
6 4 11 0.00595636 0.031 0.00908353 2 
7 4 11 0 0.007 0.0105537 1 
8 4 11 0.0178993 0.015 0.00909543 24 
9 4 11 0 0.012 0.0102585 1 
10 4 11 0 0.047 0.00772396 1 
11 4 11 0 0.014 0.0103606 1 
0 4 12 0 0.033 0.00855535 1 
1 4 12 0.0210304 0.009 0.0082415 23 
2 4 12 0.00106992 0.033 0.0107599 2 
3 4 12 0 0.024 0.0100675 1 
4 4 12 0 0.031 0.00727114 1 
5 4 12 0 0.048 0.00913247 1 
6 4 12 0 0.036 0.00958909 1 
7 4 12 0 0.019 0.0103679 1 
8 4 12 0 0.006 0.00803772 1 
9 4 12 0 0.002 0.00955898 1 
10 4 12 0.0171668 0.031 0.0128274 14 
11 4 12 0 0.048 0.011135 1 
0 4 13 0 0.049 0.00668473 1 
1 4 13 0 0.026 0.00877531 1 
2 4 13 0 0.042 0.0119753 1 
3 4 13 0 0.042 0.0102332 1 
4 4 13 0.00499455 0.005 0.0114113 6 
5 4 13 0 0.022 0.00934478 1 
6 4 13 0.000970995 0.01 0.010379 3 
7 4 13 0 0.047 0.0112483 1 
8 4 13 0 0.037 0.0087849 1 
9 4 13 0 0.034 0.0102183 1 
10 4 13 0 0.005 0.00811632 1 
11 4 13 0 0.02 0.0131928 1 
0 4 14 0 0.022 0.00860701 1 
1 4 14 0.0126129 0.022 0.0102283 5 
2 4 14 0 0.012 0.0102071 1 
3 4 14 0.0400141 0.012 0.00748646 24 
4 4 14 0 0.041 0.0137763 1 
5 4 14 0.0147401 0.031 0.00865629 5 
6 4 14 0.00703949 0.001 0.0128565 8 
7 4 14 0.00257624 0.027 0.010737 3 
8 4 14 0.00625108 0.028 0.00989597 16 
9 4 14 0.0117821 0.023 0.0124618 5 
10 4 14 0.00898681 0.008 0.0137177 14 
11 4 14 0.00604447 0.007 0.0120723 2 
0 4 15 0 0.024 0.00964152 1 
1 4 15 0.00296725 0.011 0.00986556 4 
2 4 15 0.00629026 0.003 0.00946744 5 
3 4 15 0.016041 0.02 0.00960321 10 
4 4 15 9.50388e-06 0.021 0.00690018 2 
5 4 15 0.00090002 0.027 0.00990057 2 
6 4 15 0 0.043 0.00884994 1 
7 4 15 0.00997783 0.015 0.0108969 11 
8 4 15 0.0155212 0.033 0.00901457 7 
9 4 15 0.0107624 0.047 0.00985446 5 
10 4 15 0.00824492 0.042 0.00891122 6 
11 4 15 0.0386096 0.002 0.00995141 36 
0 4 16 0.0275709 0.002 0.0110247 16 
1 4 16 0 0.045 0.00902423 1 
2 4 16 0 0.045 0.0108477 1 
3 4 16 0.00536757 0.017 0.0100415 2 
4 4 16 0 0.045 0.00827458 1 
5 4 16 0.000597173 0.006 0.00978752 3 
6 4 16 0 0.028 0.0085646 1 
7 4 16 0.000215692 0.017 0.00982923 2 
8 4 16 0.03147 0.007 0.0130434 19 
9 4 16 0 0.025 0.0113189 1 
10 4 16 0.0137649 0.034 0.0127376 6 
11 4 16 0.0107084 0.021 0.00844218 14 
0 4 17 0.00267749 0.037 0.0109282 3 
1 4 17 0 0.005 0.00799523 1 
2 4 17 0 0.021 0.00824327 1 
3 4 17 0.0207358 0.002 0.0115881 17 
4 4 17 0 0.013 0.0108673 1 
5 4 17 0 0.04 0.00929293 1 
6 4 17 0 0.026 0.00924955 1 
7 4 17 0 0.038 0.00751064 1 
8 4 17 0.0213865 0.007 0.0113611 18 
9 4 17 0.0139883 0.008 0.0106951 6 
10 4 17 0 0.02 0.00888695 1 
11 4 17 0 0.001 0.00923713 1 
0 4 18 0.00361895 0.012 0.012397 3 
1 4 18 0.0178242 0.028 0.00981618 12 
2 4 18 0 0.018 0.00872909 1 
3 4 18 0.06977 0.001 0.00903588 71 
4 4 18 0 0.012 0.0123984 1 
5 4 18 0 0.03 0.00935948 1 
6 4 18 0 0.038 0.00881429 1 
7 4 18 0.0106222 0.021 0.0118671 6 
8 4 18 0 0.02 0.0104628 1 
9 4 18 0 0.03 0.00851729 1 
10 4 18 0.0430614 0.008 0.0104327 31 
11 4 18 0.00252273 0.016 0.0104859 2 
0 4 19 0 0.024 0.00979212 1 
1 4 19 0 0.043 0.0122438 1 
2 4 19 0.00143356 0.002 0.0073002 3 
3 4 19 0.00508425 0.047 0.0100612 5 
4 4 19 0 0.01 0.00828618 1 
5 4 19 0.00287585 0.001 0.0119867 2 
6 4 19 0.00312233 0.008 0.00967577 3 
7 4 19 0.00282333 0.041 0.00660971 3 
8 4 19 0.00427886 0.007 0.00790213 2 
9 4 19 0 0.01 0.00818995 1 
10 4 19 0.0347935 0.004 0.00741687 37 
11 4 19 0.00353527 0.006 0.0125516 2 
0 4 20 0.0210986 0.003 0.00910589 23 
1 4 20 0.000924814 0.015 0.0108129 3 
2 4 20 5.6062e-06 0.016 0.00664407 2 
3 4 20 7.52026e-06 0.008 0.00904868 2 
4 4 20 0.00822868 0.02 0.0084273 11 
5 4 20 7.87171e-06 0.02 0.00819704 2 
6 4 20 3.19616e-05 0.015 0.00823948 2 
7 4 20 0.000160436 0.007 0.00930043 2 
8 4 20 0.0101614 0.037 0.00671487 5 
9 4 20 5.42164e-05 0.01 0.0066071 2 
10 4 20 0.0084697 0.023 0.0107747 3 
11 4 20 0.0173804 0.047 0.0102962 8 
0 4 21 0 0.046 0.00789373 1 
1 4 21 0.0229693 0.001 0.00784986 25 
2 4 21 0 0.021 0.00689854 1 
3 4 21 0 0.006 0.0117775 1 
4 4 21 0 0.029 0.0107822 1 
5 4 21 0.00181995 0.004 0.00723052 2 
6 4 21 0.00176659 0.005 0.0129286 2 
7 4 21 0 0.011 0.00887367 1 
8 4 21 0 0.024 0.0109272 1 
9 4 21 0 0.023 0.00834864 1 
10 4 21 0 0.042 0.0106376 1 
11 4 21 0.0060622 0.04 0.012187 3 
0 4 22 5.64637e-06 0.009 0.0101859 2 
1 4 22 0 0.042 0.0129043 1 
2 4 22 0 0.046 0.0102482 1 
3 4 22 0 0.02 0.0101631 1 
4 4 22 0.0447318 0.011 0.010282 34 
5 4 22 0.00929873 0.01 0.00891494 12 
6 4 22 0 0.023 0.00637923 1 
7 4 22 0.0198766 0.004 0.0104935 12 
8 4 22 0 0.04 0.0114571 1 
9 4 22 5.64637e-06 0.003 0.0133856 2 
10 4 22 0.0246408 0.01 0.0078723 31 
11 4 22 0.00311135 0.009 0.00845967 4 
0 4 23 0 0.019 0.00987383 1 
1 4 23 0 0.049 0.0122892 1 
2 4 23 1.31077e-06 0.002 0.00714827 2 
3 4 23 0.000221289 0.017 0.00919618 2 
4 4 23 0 0.047 0.0108069 1 
5 4 23 0 0.03 0.0114052 1 
6 4 23 0.0181129 0.016 0.0123009 28 
7 4 23 0 0.012 0.0121855 1 
8 4 23 0 0.008 0.0100416 1 
9 4 23 0 0.049 0.00724209 1 
10 4 23 0 0.041 0.00923112 1 
11 4 23 0.0183502 0.043 0.0095431 12 
0 4 24 0.00876256 0.008 0.0101 3 
1 4 24 0 0.002 0.011174 1 
2 4 24 0 0.007 0.0133469 1 
3 4 24 0 0.017 0.00940385 1 
4 4 24 0 0.044 0.00801275 1 
5 4 24 0 0.002 0.010013 1 
6 4 24 0 0.04 0.0109308 1 
7 4 24 0.000204552 0.005 0.0125875 3 
8 4 24 0.0204699 0.007 0.0096466 15 
9 4 24 0.00149255 0.03 0.0100213 2 
10 4 24 0 0.031 0.00893999 1 
11 4 24 0.00145471 0.032 0.0127665 2 
0 4 25 0 0.001 0.0126052 1 
1 4 25 0 0.046 0.0103159 1 
2 4 25 0 0.027 0.00955852 1 
3 4 25 0 0.009 0.00896095 1 
4 4 25 0 0.034 0.00884263 1 
5 4 25 0.00826368 0.029 0.00705512 12 
6 4 25 0 0.015 0.0113096 1 
7 4 25 0 0.02 0.0096697 1 
8 4 25 0 0.018 0.00994089 1 
9 4 25 0 0.004 0.0109137 1 
10 4 25 0 0.01 0.00692038 1 
11 4 25 0.00279899 0.005 0.00993375 4 
0 4 26 0 0.049 0.0113739 1 
1 4 26 0 0.021 0.00855209 1 
2 4 26 0.0140694 0.032 0.00860371 12 
3 4 26 0.000610662 0.025 0.00821132 2 
4 4 26 0.0137792 0.027 0.0109249 13 
5 4 26 0.00120693 0.014 0.00999769 2 
6 4 26 0.00425147 0.038 0.0110804 3 
7 4 26 0.000553306 0.011 0.00912462 5 
8 4 26 0.00700846 0.049 0.00714482 7 
9 4 26 0 0.001 0.00926613 1 
10 4 26 0.00505375 0.036 0.00874058 8 
11 4 26 0 0.005 0.00850453 1 
0 4 27 0 0.02 0.00836042 1 
1 4 27 0 0.016 0.00931464 1 
2 4 27 0 0.045 0.0104268 1 
3 4 27 0.00933295 0.008 0.0057409 10 
4 4 27 0 0.02 0.0111535 1 
5 4 27 0.0124219 0.001 0.0110715 6 
6 4 27 0.00313136 0.032 0.00993866 3 
7 4 27 0 0.024 0.0110936 1 
8 4 27 5.27392e-05 0.005 0.0120656 2 
9 4 27 0 0.013 0.0125183 1 
10 4 27 0 0.032 0.012056 1 
11 4 27 0 0.014 0.00853954 1 
0 4 28 0.00293027 0.004 0.0109175 9 
1 4 28 0 0.008 0.00947235 1 
2 4 28 0 0.008 0.00877274 1 
3 4 28 0 0.047 0.0104831 1 
4 4 28 0 0.021 0.00889885 1 
5 4 28 0.00234291 0.02 0.00880937 2 
6 4 28 0 0.021 0.00839651 1 
7 4 28 0 0.007 0.0105496 1 
8 4 28 0.00130448 0.001 0.00907264 6 
9 4 28 0 0.039 0.0115724 1 
10 4 28 0 0.032 0.010856 1 
11 4 28 0.000662881 0.007 0.0103366 7 
0 4 29 0 0.004 0.0092221 1 
1 4 29 0.00444165 0.01 0.0100527 3 
2 4 29 0 0.01 0.00914556 1 
3 4 29 0.0419109 0.004 0.0100174 35 
4 4 29 0 0.008 0.0106441 1 
5 4 29 0 0.027 0.00949731 1 
6 4 29 0 0.021 0.0121993 1 
7 4 29 0 0.037 0.00986476 1 
8 4 29 0.0118398 0.008 0.0118747 19 
9 4 29 0 0.031 0.0133837 1 
10 4 29 0 0.016 0.0117441 1 
11 4 29 0 0.031 0.00728668 1 
0 4 30 0.00688255 0.035 0.0106448 12 
1 4 30 0 0.008 0.0122213 1 
2 4 30 0.000555688 0.012 0.00917004 2 
3 4 30 0 0.036 0.0108568 1 
4 4 30 0 0.01 0.0138482 1 
5 4 30 0 0.041 0.0126843 1 
6 4 30 0 0.029 0.00910799 1 
7 4 30 0.000696885 0.036 0.00979353 3 
8 4 30 0 0.047 0.0103564 1 
9 4 30 1.92018e-05 0.002 0.0102514 2 
10 4 30 0 0.035 0.0092599 1 
11 4 30 0.000387641 0.008 0.0106718 2 
0 4 31 0 0.04 0.0123396 1 
1 4 31 0.000625899 0.005 0.0100462 2 
2 4 31 0.000971539 0.036 0.00729772 3 
3 4 31 0 0.043 0.010728 1 
4 4 31 0.0133645 0.005 0.0105902 7 
5 4 31 0 0.04 0.00933216 1 
6 4 31 0.0607429 0.002 0.0116761 65 
7 4 31 0 0.002 0.00999352 1 
8 4 31 0 0.038 0.0104524 1 
9 4 31 0 0.01 0.0111013 1 
10 4 31 6.72445e-05 0.002 0.0103755 2 
11 4 31 0 0.016 0.0124072 1 
0 4 32 0 0.001 0.0108486 1 
1 4 32 0.00454059 0.027 0.00986184 7 
2 4 32 0.000160271 0.028 0.00824955 2 
3 4 32 0.00131413 0.031 0.00898692 2 
4 4 32 0.0420641 0.005 0.00974481 28 
5 4 32 0.0248404 0.014 0.0082848 27 
6 4 32 0.025709 0.011 0.0121857 41 
7 4 32 0.00232921 0.023 0.0132133 7 
8 4 32 0.000888314 0.047 0.00894533 2 
9 4 32 0.00831126 0.014 0.0144731 9 
10 4 32 0 0.004 0.00985386 1 
11 4 32 0.00250842 0.032 0.0136382 3 
0 4 33 0 0.007 0.00981653 1 
1 4 33 0.00203834 0.005 0.0079453 2 
2 4 33 8.78361e-07 0.016 0.00840977 2 
3 4 33 0.0280971 0.011 0.00807373 26 
4 4 33 0.0128503 0.029 0.0089814 8 
5 4 33 0.0391455 0.011 0.00608791 22 
6 4 33 0.064577 0.006 0.00929457 42 
7 4 33 0.0120202 0.029 0.00998691 7 
8 4 33 0 0.045 0.0138119 1 
9 4 33 0 0.02 0.0103429 1 
10 4 33 0 0.016 0.0123623 1 
11 4 33 0.00379381 0.01 0.00773176 6 
0 4 34 0 0.039 0.00997498 1 
1 4 34 0.0046 0.001 0.0116631 7 
2 4 34 0.00521124 0.023 0.011953 7 
3 4 34 0 0.001 0.00993179 1 
4 4 34 0.0388287 0.007 0.0110659 38 
5 4 34 0.00160386 0.04 0.0136578 2 
6 4 34 0.0274626 0.011 0.0104903 34 
7 4 34 5.20958e-05 0.036 0.00838857 2 
8 4 34 0.000437034 0.027 0.00576689 3 
9 4 34 0.00859913 0.024 0.00957667 12 
10 4 34 0.0116058 0.016 0.00710459 5 
11 4 34 0.0232033 0.001 0.00864872 21 
0 4 35 0 0.046 0.00954924 1 
1 4 35 0.0358943 0.009 0.00982654 40 
2 4 35 0.011844 0.012 0.0111402 17 
3 4 35 0 0.048 0.0127924 1 
4 4 35 0 0.027 0.00949308 1 
5 4 35 0.013926 0.012 0.0124386 11 
6 4 35 0 0.039 0.0133104 1 
7 4 35 0 0.024 0.00905076 1 
8 4 35 0 0.037 0.0116799 1 
9 4 35 0 0.031 0.0129788 1 
10 4 35 0.023424 0.002 0.010166 24 
11 4 35 0 0.042 0.0125404 1 
0 4 36 0.0546292 0.008 0.0079602 34 
1 4 36 0.000783101 0.032 0.0102819 3 
2 4 36 0.00391463 0.027 0.00965666 3 
3 4 36 0 0.044 0.00644956 1 
4 4 36 0.0101387 0.031 0.0111013 11 
5 4 36 0.0235645 0.018 0.0101014 14 
6 4 36 0.037533 0.005 0.00849103 26 
7 4 36 0 0.049 0.00646815 1 
8 4 36 0 0.046 0.0122521 1 
9 4 36 0 0.038 0.0103928 1 
10 4 36 0 0.042 0.00927537 1 
11 4 36 0 0.008 0.00969663 1 
0 4 37 0 0.017 0.00899255 1 
1 4 37 0.0150656 0.005 0.00950533 40 
2 4 37 0.0012611 0.027 0.0128675 2 
3 4 37 0 0.002 0.00971123 1 
4 4 37 0 0.002 0.0110644 1 
5 4 37 0 0.014 0.0115681 1 
6 4 37 0 0.011 0.0111402 1 
7 4 37 0.00121533 0.02 0.00844902 2 
8 4 37 0.00267315 0.011 0.0109501 4 
9 4 37 0.000968791 0.004 0.00974409 2 
10 4 37 0 0.032 0.0136644 1 
11 4 37 0.0449066 0.005 0.0145773 28 
0 4 38 0.00535461 0.031 0.0119964 5 
1 4 38 0.00463314 0.006 0.0121817 6 
2 4 38 0 0.013 0.0105474 1 
3 4 38 0.00288796 0.034 0.00993687 3 
4 4 38 0.00140272 0.034 0.00862437 2 
5 4 38 0.0227938 0.013 0.00909715 23 
6 4 38 0 0.005 0.00922592 1 
7 4 38 0 0.04 0.00795789 1 
8 4 38 0 0.019 0.00999531 1 
9 4 38 0.000872504 0.003 0.00745092 2 
10 4 38 0.00301538 0.036 0.0117162 3 
11 4 38 0.0129004 0.026 0.00891385 12 
0 4 39 0.00667216 0.04 0.0106745 2 
1 4 39 0.0148344 0.012 0.0110912 14 
2 4 39 0.0116963 0.001 0.00910503 11 
3 4 39 0.0281184 0.014 0.00726995 22 
4 4 39 0 0.034 0.00930181 1 
5 4 39 0.00862248 0.013 0.0111039 13 
6 4 39 0 0.035 0.0118312 1 
7 4 39 0.000179752 0.004 0.00981812 2 
8 4 39 0 0.013 0.00727979 1 
9 4 39 0.00448289 0.032 0.0111737 6 
10 4 39 0.00266114 0.003 0.00803686 2 
11 4 39 0.00546805 0.028 0.00928408 3 
0 4 40 0.0135211 0.013 0.012027 10 
1 4 40 0 0.01 0.00977785 1 
2 4 40 0.0190019 0.023 0.0106191 14 
3 4 40 0.076294 0.009 0.00878698 40 
4 4 40 0 0.012 0.0113856 1 
5 4 40 0 0.016 0.00943106 1 
6 4 40 0.00993336 0.008 0.00977809 6 
7 4 40 0 0.043 0.0119268 1 
8 4 40 0.0243453 0.036 0.00942868 15 
9 4 40 0.0535569 0.008 0.0100454 28 
10 4 40 0 0.031 0.00859382 1 
11 4 40 0.00458544 0.038 0.00824024 7 
0 4 41 2.46499e-06 0.022 0.00967018 2 
1 4 41 0 0.011 0.00911227 1 
2 4 41 0.00358575 0.022 0.00992961 6 
3 4 41 0.00908084 0.037 0.00950529 2 
4 4 41 0.00683568 0.005 0.0133066 8 
5 4 41 0 0.02 0.00907722 1 
6 4 41 0.000533979 0.003 0.0066276 2 
7 4 41 0 0.007 0.0103137 1 
8 4 41 0.0212796 0.008 0.00973421 13 
9 4 41 3.89243e-05 0.015 0.0133987 2 
10 4 41 0.0279745 0.017 0.00814392 13 
11 4 41 0.0108793 0.005 0.0130048 5 
0 4 42 0 0.024 0.0104961 1 
1 4 42 0 0.022 0.0100964 1 
2 4 42 0.0169245 0.028 0.00821788 11 
3 4 42 0.00213073 0.002 0.0124992 2 
4 4 42 0 0.049 0.00966887 1 
5 4 42 0 0.044 0.0116879 1 
6 4 42 0.006001 0.001 0.0119478 7 
7 4 42 0.0120361 0.019 0.0107933 12 
8 4 42 0.00913625 0.016 0.00942402 8 
9 4 42 0.00627185 0.046 0.00768091 6 
10 4 42 0.022984 0.021 0.00806507 16 
11 4 42 0.01186 0.039 0.00897819 10 
0 4 43 0.00883072 0.028 0.00779009 8 
1 4 43 0 0.02 0.010749 1 
2 4 43 0 0.036 0.0120937 1 
3 4 43 0.0783421 0.001 0.0137585 46 
4 4 43 0 0.001 0.0108429 1 
5 4 43 0.00122243 0.024 0.0113309 2 
6 4 43 0.00237622 0.008 0.0114971 3 
7 4 43 0.0215441 0.026 0.0109883 14 
8 4 43 0 0.002 0.00977197 1 
9 4 43 8.192e-09 0.013 0.00732749 2 
10 4 43 0.0118967 0.034 0.0104541 7 
11 4 43 0.0151676 0.018 0.0120003 11 
0 4 44 0 0.005 0.00932036 1 
1 4 44 0 0.035 0.0091699 1 
2 4 44 0.00392761 0.02 0.00898076 7 
3 4 44 0 0.024 0.0140347 1 
4 4 44 0.00995607 0.016 0.0101594 5 
5 4 44 0 0.016 0.0114674 1 
6 4 44 0.0339499 0.027 0.0102629 14 
7 4 44 0 0.004 0.0108269 1 
8 4 44 0 0.034 0.0126195 1 
9 4 44 0.00381435 0.007 0.0102949 4 
10 4 44 0 0.029 0.00651618 1 
11 4 44 0 0.048 0.00593852 1 
0 4 45 0 0.031 0.011894 1 
1 4 45 0 0.001 0.010818 1 
2 4 45 0.00785558 0.014 0.00926053 7 
3 4 45 0.00543056 0.028 0.00863769 8 
4 4 45 0.0217188 0.021 0.0116983 19 
5 4 45 0 0.018 0.0108453 1 
6 4 45 0.0258369 0.004 0.0104829 14 
7 4 45 0.00244921 0.021 0.0087231 3 
8 4 45 0.00356988 0.008 0.0138841 4 
9 4 45 0.00830455 0.047 0.0130765 15 
10 4 45 0.0037332 0.046 0.00861407 4 
11 4 45 0.00552044 0.026 0.0105265 10 
0 4 46 0.0140981 0.014 0.00771195 25 
1 4 46 0 0.005 0.0114038 1 
2 4 46 0 0.038 0.010564 1 
3 4 46 0.00593571 0.01 0.0100118 10 
4 4 46 0 0.044 0.00682215 1 
5 4 46 0 0.004 0.0124424 1 
6 4 46 0.0351019 0.009 0.010102 26 
7 4 46 0 0.001 0.0127297 1 
8 4 46 0.000598754 0.014 0.0101649 3 
9 4 46 0 0.029 0.00670971 1 
10 4 46 0 0.028 0.00886971 1 
11 4 46 0 0.037 0.00989096 1 
0 4 47 0.00559602 0.025 0.00735157 9 
1 4 47 0 0.034 0.0115636 1 
2 4 47 0 0.024 0.0100169 1 
3 4 47 0 0.037 0.0122362 1 
4 4 47 0.0362984 0.012 0.0107216 25 
5 4 47 0 0.022 0.0087603 1 
6 4 47 0 0.016 0.0122688 1 
7 4 47 0 0.02 0.0105543 1 
8 4 47 1.9974e-05 0.008 0.0105727 2 
9 4 47 0 0.002 0.00457204 1 
10 4 47 0 0.02 0.0106086 1 
11 4 47 0.000684714 0.02 0.00988094 3 
0 4 48 0.0106696 0.006 0.0104839 13 
1 4 48 0 0.016 0.0121481 1 
2 4 48 3.93985e-05 0.018 0.0107985 2 
3 4 48 0 0.012 0.00868877 1 
4 4 48 0 0.017 0.0121154 1 
5 4 48 0.00233198 0.023 0.00889641 2 
6 4 48 0.00203308 0.038 0.0130206 2 
7 4 48 0.00345957 0.04 0.0114124 4 
8 4 48 0 0.008 0.0101828 1 
9 4 48 0 0.027 0.0125249 1 
10 4 48 0.0159701 0.033 0.0102905 11 
11 4 48 0 0.036 0.0101588 1 
0 4 49 0.00230412 0.026 0.00982871 3 
1 4 49 0 0.042 0.00777015 1 
2 4 49 0 0.035 0.0108492 1 
3 4 49 0 0.013 0.00869433 1 
4 4 49 0 0.002 0.0106394 1 
5 4 49 0 0.049 0.00989283 1 
6 4 49 0.000430234 0.003 0.00819414 3 
7 4 49 0.00213946 0.048 0.0101299 2 
8 4 49 0 0.007 0.00960232 1 
9 4 49 0.00275049 0.02 0.0112764 2 
10 4 49 0.000572005 0.003 0.00887933 2 
11 4 49 0.000347989 0.003 0.0102869 2 
0 4 50 0 0.01 0.00859088 1 
1 4 50 0 0.022 0.00872554 1 
2 4 50 0.000873006 0.003 0.00990247 5 
3 4 50 0 0.025 0.011307 1 
4 4 50 0.0356922 0.007 0.0105366 23 
5 4 50 0.00380104 0.049 0.00988995 4 
6 4 50 0 0.006 0.00847236 1 
7 4 50 0 0.006 0.00828366 1 
8 4 50 0 0.038 0.0131612 1 
9 4 50 0 0.042 0.0105565 1 
10 4 50 0 0.033 0.00959923 1 
11 4 50 0 0.023 0.0107805 1 
0 4 51 0 0.04 0.0122443 1 
1 4 51 0 0.005 0.00845343 1 
2 4 51 0 0.004 0.0119182 1 
3 4 51 0 0.028 0.0117394 1 
4 4 51 0.00579326 0.002 0.0105093 7 
5 4 51 0.0201439 0.012 0.0103829 22 
6 4 51 0.00772278 0.003 0.00775666 12 
7 4 51 0.00728185 0.025 0.011041 3 
8 4 51 0.00549207 0.009 0.0091435 6 
9 4 51 0 0.008 0.0083936 1 
10 4 51 0.00569469 0.04 0.010031 2 
11 4 51 0.00525097 0.033 0.00810491 2 
0 4 52 0.0030323 0.046 0.0117406 2 
1 4 52 1.12886e-05 0.015 0.010062 2 
2 4 52 0.00051859 0.04 0.0129369 2 
3 4 52 2.25928e-05 0.001 0.00702669 2 
4 4 52 0 0.004 0.0119773 1 
5 4 52 0 0.024 0.00957805 1 
6 4 52 0 0.034 0.0133939 1 
7 4 52 0.00104432 0.006 0.00954044 3 
8 4 52 0 0.029 0.00916066 1 
9 4 52 0.0629655 0.002 0.0121883 52 
10 4 52 0.0199334 0.008 0.0127989 20 
11 4 52 0 0.028 0.0118975 1 
0 4 53 0 0.023 0.0109702 1 
1 4 53 0.0103754 0.017 0.00797597 13 
2 4 53 0 0.037 0.00747912 1 
3 4 53 0.00688282 0.037 0.0113032 2 
4 4 53 0 0.031 0.00979439 1 
5 4 53 0 0.04 0.0114325 1 
6 4 53 0 0.043 0.0109999 1 
7 4 53 0 0.033 0.0115392 1 
8 4 53 0.0705616 0.004 0.0147352 49 
9 4 53 0.013444 0.024 0.0133269 13 
10 4 53 0.0131055 0.018 0.0122755 15 
11 4 53 0 0.014 0.00597137 1 
0 4 54 0.00230336 0.007 0.0103456 2 
1 4 54 0.00598287 0.003 0.00901127 4 
2 4 54 0 0.016 0.00969579 1 
3 4 54 0.00216829 0.01 0.0110457 2 
4 4 54 0 0.049 0.00981888 1 
5 4 54 0 0.014 0.0107646 1 
6 4 54 0.00246809 0.02 0.010107 7 
7 4 54 0.00234386 0.029 0.0109916 3 
8 4 54 0.00213907 0.005 0.0115405 2 
9 4 54 0 0.02 0.0109298 1 
10 4 54 0 0.019 0.00705774 1 
11 4 54 0 0.01 0.00776599 1 
0 4 55 0.00557888 0.039 0.00871411 4 
1 4 55 0 0.005 0.00938993 1 
2 4 55 0 0.003 0.0115469 1 
3 4 55 0 0.031 0.00607212 1 
4 4 55 0.0628455 0.003 0.0100233 41 
5 4 55 0 0.001 0.00670368 1 
6 4 55 0 0.034 0.0063077 1 
7 4 55 0 0.001 0.0132928 1 
8 4 55 0.0113451 0.001 0.012232 6 
9 4 55 0 0.022 0.0119735 1 
10 4 55 0.00856516 0.044 0.00888728 6 
11 4 55 0 0.018 0.00993927 1 
0 4 56 6.26387e-05 0.009 0.00914779 2 
1 4 56 0 0.021 0.00809072 1 
2 4 56 0.000630634 0.04 0.00999645 3 
3 4 56 0.0100828 0.027 0.0117924 6 
4 4 56 0.00676697 0.027 0.0072204 6 
5 4 56 0.0324559 0.006 0.0115309 46 
6 4 56 0 0.013 0.00892727 1 
7 4 56 0 0.029 0.0143784 1 
8 4 56 0 0.016 0.0114438 1 
9 4 56 0.00447737 0.048 0.00689285 3 
10 4 56 0.00300399 0.035 0.0093163 3 
11 4 56 0.0040899 0.044 0.0103726 3 
0 4 57 0 0.006 0.00911547 1 
1 4 57 0 0.011 0.0131253 1 
2 4 57 0.0123475 0.004 0.009041 12 
3 4 57 0 0.02 0.00875437 1 
4 4 57 0.00566038 0.032 0.0118544 10 
5 4 57 0.00510214 0.005 0.0101984 4 
6 4 57 0 0.018 0.0102039 1 
7 4 57 0.020455 0.032 0.00818553 12 
8 4 57 0.0142186 0.015 0.00716282 16 
9 4 57 0 0.035 0.0125729 1 
10 4 57 0 0.019 0.0132277 1 
11 4 57 8.07396e-05 0.005 0.0131187 2 
0 4 58 0 0.02 0.0097979 1 
1 4 58 0.00159473 0.02 0.0123333 4 
2 4 58 0 0.022 0.0122915 1 
3 4 58 0.0560607 0.004 0.0108969 56 
4 4 58 0.00118675 0.01 0.0091503 2 
5 4 58 0.0547758 0.003 0.00838831 46 
6 4 58 0.00132176 0.028 0.00983798 2 
7 4 58 0.000429925 0.005 0.00716579 2 
8 4 58 0 0.012 0.0111465 1 
9 4 58 0 0.031 0.010774 1 
10 4 58 0 0.008 0.0114697 1 
11 4 58 0 0.001 0.0103296 1 
0 4 59 0 0.042 0.00750037 1 
1 4 59 0 0.026 0.01044 1 
2 4 59 0 0.031 0.0094005 1 
3 4 59 0 0.015 0.0081055 1 
4 4 59 0.109003 0.006 0.012603 43 
5 4 59 0.0375793 0.002 0.00969877 67 
6 4 59 0 0.043 0.00871525 1 
7 4 59 0 0.029 0.00849967 1 
8 4 59 0.00622768 0.01 0.00887259 5 
9 4 59 0 0.008 0.0108423 1 
10 4 59 0 0.013 0.00999985 1 
11 4 59 0 0.036 0.0123608 1 
0 4 60 0.0101662 0.009 0.0117636 14 
1 4 60 0.00777552 0.016 0.0102919 10 
2 4 60 0 0.038 0.00864461 1 
3 4 60 0 0.003 0.0084076 1 
4 4 60 0 0.03 0.00876595 1 
5 4 60 0 0.044 0.00995448 1 
6 4 60 0 0.021 0.012257 1 
7 4 60 0 0.012 0.0115701 1 
8 4 60 0.00565527 0.014 0.0110501 8 
9 4 60 0.000168054 0.007 0.00967678 2 
10 4 60 0 0.044 0.00960819 1 
11 4 60 0.00529193 0.025 0.0070918 4 
