0 5 0 0.000691961 0.007 0.0101222 3 
1 5 0 0 0.019 0.00646584 1 
2 5 0 0 0.037 0.0100558 1 
3 5 0 0.0848839 0.025 0.00913974 16 
4 5 0 0.817632 0.029 0.0110041 4 
5 5 0 1 0.001 0.0362722 2 
6 5 0 0.810451 0.037 0.0124784 2 
7 5 0 0 0.041 0.0118254 1 
8 5 0 0.104183 0.023 0.0102412 24 
9 5 0 0.0855728 0.036 0.00818188 17 
10 5 0 0.0801991 0.042 0.00944029 9 
11 5 0 0.0869447 0.047 0.00959367 12 
0 5 1 0 0.017 0.00983025 1 
1 5 1 0.0391808 0.02 0.0105764 17 
2 5 1 0.0491343 0.011 0.0100408 24 
3 5 1 0.0144351 0.042 0.00964335 4 
4 5 1 0.0550387 0.037 0.0110383 15 
5 5 1 0.0587741 0.046 0.0100621 9 
6 5 1 0.0574474 0.021 0.00834373 22 
7 5 1 0.00930625 0.045 0.00922451 7 
8 5 1 0.0156384 0.045 0.00936279 4 
9 5 1 0.0168336 0.026 0.010613 7 
10 5 1 0.00944031 0.002 0.00815273 3 
11 5 1 0.00798043 0.005 0.0070718 7 
0 5 2 0.00206512 0.009 0.00663351 9 
1 5 2 0 0.009 0.00975195 1 
2 5 2 0 0.014 0.0113528 1 
3 5 2 0.010133 0.035 0.0092408 2 
4 5 2 0.0129354 0.031 0.00906345 5 
5 5 2 0.0150111 0.017 0.00724733 14 
6 5 2 0.0471058 0.006 0.00972054 44 
7 5 2 1.4021e-05 0.002 0.00848308 2 
8 5 2 0 0.025 0.00890541 1 
9 5 2 0.0307012 0.022 0.00972134 19 
10 5 2 3.54065e-05 0.011 0.0114789 2 
11 5 2 0 0.018 0.00940701 1 
0 5 3 0 0.037 0.00847358 1 
1 5 3 0.000171873 0.017 0.0121965 2 
2 5 3 0.00878009 0.031 0.00866176 4 
3 5 3 0.00552837 0.029 0.0105927 3 
4 5 3 0.00887867 0.049 0.00972506 4 
5 5 3 0.00121812 0.01 0.00894704 2 
6 5 3 0.0379199 0.016 0.00881336 27 
7 5 3 0.00696879 0.019 0.00802051 12 
8 5 3 0 0.041 0.0091659 1 
9 5 3 0.0302944 0.007 0.0118858 27 
10 5 3 0.009809 0.043 0.0144713 4 
11 5 3 0.00531596 0.011 0.0111271 8 
0 5 4 0.00166705 0.041 0.00845925 2 
1 5 4 0.00251392 0.046 0.00899389 2 
2 5 4 0.00244128 0.003 0.0081046 3 
3 5 4 0 0.045 0.0097331 1 
4 5 4 0.00535582 0.021 0.00930087 7 
5 5 4 0 0.031 0.0107488 1 
6 5 4 0 0.023 0.0112832 1 
7 5 4 0.0333759 0.01 0.0100002 20 
8 5 4 1.33863e-06 0.012 0.0088973 2 
9 5 4 0 0.032 0.00800523 1 
10 5 4 0 0.026 0.0104131 1 
11 5 4 0 0.043 0.00680381 1 
0 5 5 0 0.027 0.00924057 1 
1 5 5 0.0388894 0.018 0.012575 15 
2 5 5 3.80803e-07 0.002 0.0122023 2 
3 5 5 0.00477765 0.009 0.00942517 7 
4 5 5 0 0.017 0.00962826 1 
5 5 5 0 0.004 0.00755833 1 
6 5 5 0.0134417 0.024 0.00638681 10 
7 5 5 0.00310623 0.025 0.00737499 2 
8 5 5 0.0368594 0.001 0.0114566 32 
9 5 5 0 0.046 0.0120133 1 
10 5 5 0 0.021 0.00976832 1 
11 5 5 0 0.009 0.0130665 1 
0 5 6 0 0.037 0.0110807 1 
1 5 6 0 0.047 0.0111546 1 
2 5 6 0.00349611 0.001 0.0101249 5 
3 5 6 0.011888 0.007 0.0121541 10 
4 5 6 0 0.042 0.00637249 1 
5 5 6 0 0.027 0.00991079 1 
6 5 6 0 0.013 0.0103807 1 
7 5 6 0.00202717 0.021 0.00967576 2 
8 5 6 0 0.035 0.0116428 1 
9 5 6 0 0.049 0.0101405 1 
10 5 6 0.0154689 0.019 0.0119405 16 
11 5 6 0.00294055 0.024 0.00805528 14 
0 5 7 0 0.005 0.00948754 1 
1 5 7 0 0.013 0.0100949 1 
2 5 7 0 0.002 0.010943 1 
3 5 7 0.00314099 0.039 0.0089611 2 
4 5 7 7.37672e-05 0.013 0.0113537 2 
5 5 7 0.0137043 0.034 0.00963948 7 
6 5 7 0.00092695 0.005 0.0110159 2 
7 5 7 0 0.036 0.0101625 1 
8 5 7 0.00376675 0.047 0.00606872 3 
9 5 7 0.00449539 0.041 0.00968724 3 
10 5 7 0 0.045 0.00883303 1 
11 5 7 0.00316877 0.016 0.00751816 2 
0 5 8 0 0.01 0.00813413 1 
1 5 8 0 0.002 0.0109172 1 
2 5 8 0.00171195 0.001 0.00933316 2 
3 5 8 0.000824853 0.012 0.00938223 2 
4 5 8 0 0.012 0.00993581 1 
5 5 8 0 0.038 0.0127428 1 
6 5 8 0 0.012 0.00600476 1 
7 5 8 0 0.015 0.0071331 1 
8 5 8 0.0443568 0.003 0.011363 50 
9 5 8 0.0202711 0.01 0.00890199 19 
10 5 8 0.021634 0.027 0.0129546 16 
11 5 8 0 0.03 0.00951187 1 
0 5 9 0.00911604 0.031 0.0100382 2 
1 5 9 0.000393897 0.016 0.0097926 2 
2 5 9 0.00114563 0.023 0.00980968 6 
3 5 9 0 0.004 0.00863582 1 
4 5 9 0.0121306 0.016 0.00896504 14 
5 5 9 0.00229268 0.019 0.0105676 6 
6 5 9 0 0.012 0.0102978 1 
7 5 9 0 0.013 0.0103259 1 
8 5 9 0 0.003 0.0117205 1 
9 5 9 0.0185652 0.004 0.0116398 22 
10 5 9 0 0.017 0.00795971 1 
11 5 9 0 0.049 0.00997026 1 
0 5 10 0.000699588 0.026 0.0110588 2 
1 5 10 0 0.007 0.0109346 1 
2 5 10 0.00255161 0.029 0.0085959 4 
3 5 10 0 0.045 0.00986488 1 
4 5 10 0.00206391 0.037 0.0070791 2 
5 5 10 0.0128177 0.02 0.0112973 8 
6 5 10 0 0.009 0.0116857 1 
7 5 10 0.0100225 0.033 0.010704 8 
8 5 10 0 0.034 0.011221 1 
9 5 10 0 0.049 0.0104567 1 
10 5 10 0.000487042 0.023 0.0113462 2 
11 5 10 0 0.037 0.00885376 1 
0 5 11 0 0.013 0.0126646 1 
1 5 11 0.00761409 0.024 0.010821 17 
2 5 11 0.0280003 0.013 0.0140268 24 
3 5 11 0 0.045 0.0100455 1 
4 5 11 0.00517962 0.039 0.00732715 3 
5 5 11 0 0.014 0.0127363 1 
6 5 11 0 0.034 0.00819962 1 
7 5 11 0 0.004 0.0118816 1 
8 5 11 0 0.028 0.0112579 1 
9 5 11 0 0.016 0.00810702 1 
10 5 11 0 0.019 0.00935862 1 
11 5 11 0.0357927 0.015 0.00963627 20 
0 5 12 0 0.024 0.00946178 1 
1 5 12 0.0033859 0.001 0.00914783 4 
2 5 12 0 0.019 0.00912943 1 
3 5 12 0.0352625 0.015 0.0115884 24 
4 5 12 0.0200012 0.008 0.00881746 12 
5 5 12 0 0.049 0.0143152 1 
6 5 12 0.000181141 0.019 0.00973853 2 
7 5 12 0 0.017 0.00917899 1 
8 5 12 0.0118087 0.003 0.00843095 5 
9 5 12 0.0211956 0.007 0.010528 22 
10 5 12 0.0177156 0.031 0.00553944 15 
11 5 12 0.0349433 0.008 0.00818224 38 
0 5 13 0.000858318 0.043 0.009716 2 
1 5 13 0.00656118 0.018 0.0111333 15 
2 5 13 0 0.038 0.0118878 1 
3 5 13 7.95164e-05 0.015 0.0118836 2 
4 5 13 0 0.008 0.0107484 1 
5 5 13 0 0.029 0.00933613 1 
6 5 13 0 0.004 0.0110776 1 
7 5 13 0 0.036 0.011719 1 
8 5 13 0.0463238 0.008 0.00983915 41 
9 5 13 9.12557e-06 0.004 0.0103638 2 
10 5 13 0.00723015 0.026 0.00953822 11 
11 5 13 0 0.03 0.00836024 1 
0 5 14 0 0.036 0.0101901 1 
1 5 14 0.00479876 0.048 0.0117185 4 
2 5 14 0.00427631 0.015 0.0093541 3 
3 5 14 0.000991268 0.028 0.010753 3 
4 5 14 0.00332478 0.006 0.0115653 3 
5 5 14 0 0.001 0.0102979 1 
6 5 14 0.000146405 0.018 0.00854013 2 
7 5 14 0 0.012 0.0103524 1 
8 5 14 0 0.033 0.00633663 1 
9 5 14 0.00146461 0.003 0.00977254 2 
10 5 14 0.0464237 0.002 0.00986426 41 
11 5 14 0.00146461 0.022 0.0111179 2 
0 5 15 0 0.006 0.0135009 1 
1 5 15 0 0.013 0.0100905 1 
2 5 15 0 0.025 0.00754826 1 
3 5 15 0.0117244 0.009 0.0091051 14 
4 5 15 0.00445669 0.036 0.00955202 5 
5 5 15 0.0240337 0.014 0.0105761 24 
6 5 15 0.0434961 0.002 0.0114836 40 
7 5 15 0 0.027 0.00824743 1 
8 5 15 0.009734 0.009 0.0102244 9 
9 5 15 0 0.002 0.00886847 1 
10 5 15 0.000393369 0.017 0.0104875 2 
11 5 15 0 0.038 0.00904298 1 
0 5 16 0 0.023 0.00909968 1 
1 5 16 0 0.009 0.0116975 1 
2 5 16 0 0.018 0.00655226 1 
3 5 16 0 0.021 0.0074847 1 
4 5 16 0 0.031 0.00989935 1 
5 5 16 4.96405e-05 0.02 0.00835601 2 
6 5 16 0 0.049 0.00867189 1 
7 5 16 0 0.026 0.00772114 1 
8 5 16 0.0396535 0.004 0.0112671 40 
9 5 16 0.0188918 0.019 0.0111111 20 
10 5 16 0.0341105 0.008 0.0123152 22 
11 5 16 0.00628561 0.008 0.00966145 2 
0 5 17 0.00218647 0.003 0.00683958 3 
1 5 17 0 0.035 0.0115074 1 
2 5 17 0 0.031 0.0126999 1 
3 5 17 0 0.036 0.00671871 1 
4 5 17 0 0.005 0.00852657 1 
5 5 17 0 0.016 0.00820651 1 
6 5 17 0 0.047 0.0113542 1 
7 5 17 0 0.034 0.0142871 1 
8 5 17 0 0.002 0.00856997 1 
9 5 17 0 0.021 0.011301 1 
10 5 17 0.00452302 0.002 0.0115998 3 
11 5 17 0 0.03 0.00904209 1 
0 5 18 0 0.008 0.0109082 1 
1 5 18 0.00339423 0.009 0.00988121 2 
2 5 18 3.18596e-06 0.009 0.00651639 2 
3 5 18 0 0.011 0.0118061 1 
4 5 18 0 0.006 0.0138698 1 
5 5 18 0 0.028 0.012105 1 
6 5 18 0.000212013 0.005 0.0112104 2 
7 5 18 0.0063937 0.007 0.0111129 5 
8 5 18 0.00171326 0.011 0.0113654 2 
9 5 18 0 0.024 0.010635 1 
10 5 18 0 0.005 0.00893289 1 
11 5 18 0.00887328 0.016 0.0111323 3 
0 5 19 0.0075872 0.031 0.00930129 14 
1 5 19 0 0.041 0.0107862 1 
2 5 19 0 0.004 0.00863411 1 
3 5 19 0.0328043 0.021 0.0139545 22 
4 5 19 0.0286642 0.014 0.0111508 17 
5 5 19 0.00086303 0.037 0.0133905 2 
6 5 19 0.0115381 0.006 0.00918399 5 
7 5 19 0.00154899 0.037 0.00813031 2 
8 5 19 0.00286657 0.037 0.0108798 4 
9 5 19 0 0.012 0.00780879 1 
10 5 19 0.00226666 0.006 0.00948326 2 
11 5 19 0.024019 0.012 0.00953677 16 
0 5 20 0.0288986 0.003 0.00826061 27 
1 5 20 0 0.002 0.00919665 1 
2 5 20 0.00267216 0.02 0.00710262 5 
3 5 20 0 0.021 0.0108373 1 
4 5 20 0.00426503 0.01 0.00804244 4 
5 5 20 0 0.025 0.0102479 1 
6 5 20 0 0.038 0.00973437 1 
7 5 20 0 0.032 0.0102893 1 
8 5 20 0.0162681 0.011 0.00812485 16 
9 5 20 0.0233064 0.015 0.0111801 14 
10 5 20 0.0125024 0.002 0.012228 13 
11 5 20 0 0.026 0.00895316 1 
0 5 21 0.000150446 0.013 0.010345 2 
1 5 21 0 0.037 0.0107741 1 
2 5 21 0.0209383 0.002 0.0069352 14 
3 5 21 0 0.047 0.0108505 1 
4 5 21 0.00676636 0.009 0.00696745 5 
5 5 21 0.0042477 0.042 0.00988464 7 
6 5 21 0.00259253 0.002 0.0118224 2 
7 5 21 0 0.047 0.0113592 1 
8 5 21 0 0.022 0.00883227 1 
9 5 21 0.0378808 0.012 0.0117229 23 
10 5 21 0.00585673 0.045 0.0121294 3 
11 5 21 0.0206893 0.001 0.0090026 21 
0 5 22 0 0.005 0.0119085 1 
1 5 22 0 0.044 0.0117831 1 
2 5 22 0.0017064 0.036 0.00917724 2 
3 5 22 0 0.045 0.00770103 1 
4 5 22 0 0.025 0.0110309 1 
5 5 22 0.0186079 0.008 0.00683444 26 
6 5 22 0 0.038 0.00884206 1 
7 5 22 0.0252825 0.01 0.0103298 20 
8 5 22 0 0.011 0.0103755 1 
9 5 22 0 0.018 0.0120472 1 
10 5 22 8.45106e-05 0.006 0.00699641 2 
11 5 22 0.0255905 0.003 0.0121823 30 
0 5 23 0.00361934 0.045 0.00791903 3 
1 5 23 0 0.001 0.0108153 1 
2 5 23 0.0126738 0.001 0.00936985 18 
3 5 23 0.0117736 0.016 0.00920379 14 
4 5 23 0 0.005 0.0112862 1 
5 5 23 0.00400899 0.012 0.00928187 2 
6 5 23 0 0.028 0.00956716 1 
7 5 23 0.000597499 0.043 0.0100724 2 
8 5 23 0.00082834 0.009 0.00685707 5 
9 5 23 0 0.025 0.00649365 1 
10 5 23 0.00503357 0.002 0.0117744 10 
11 5 23 0.00965463 0.019 0.0098162 14 
0 5 24 0.00103219 0.025 0.0123666 3 
1 5 24 0.00630432 0.013 0.009088 8 
2 5 24 0.024147 0.009 0.0115575 21 
3 5 24 0.00169372 0.049 0.00984087 2 
4 5 24 0.0254447 0.021 0.0125386 13 
5 5 24 0 0.049 0.00914757 1 
6 5 24 0 0.008 0.011869 1 
7 5 24 0.00576199 0.026 0.0111862 9 
8 5 24 0.00498774 0.039 0.00900051 8 
9 5 24 0.00810372 0.011 0.0103575 11 
10 5 24 0.00932565 0.014 0.0099777 14 
11 5 24 0.000311747 0.009 0.00869867 2 
0 5 25 0 0.014 0.0106449 1 
1 5 25 0.0388034 0.006 0.00853533 29 
2 5 25 0 0.028 0.0101519 1 
3 5 25 0.00438358 0.004 0.0110456 4 
4 5 25 0.00339861 0.006 0.0077366 3 
5 5 25 0.0152825 0.007 0.0109234 12 
6 5 25 0.00644398 0.012 0.0128896 3 
7 5 25 0.0140985 0.001 0.0105226 10 
8 5 25 0.0172045 0.004 0.00889366 10 
9 5 25 0.000170386 0.011 0.00790979 2 
10 5 25 0.00624016 0.007 0.00826529 8 
11 5 25 0.00015964 0.003 0.0101282 2 
0 5 26 0 0.034 0.00888314 1 
1 5 26 0 0.009 0.0101873 1 
2 5 26 0 0.009 0.0100601 1 
3 5 26 0.0188562 0.003 0.00961886 25 
4 5 26 0.0285553 0.024 0.00723553 18 
5 5 26 0 0.047 0.00835868 1 
6 5 26 0.00272713 0.023 0.0111664 2 
7 5 26 0.000786455 0.032 0.00815042 2 
8 5 26 0 0.035 0.0117619 1 
9 5 26 0.0898307 0.004 0.0137037 51 
10 5 26 0 0.049 0.0114877 1 
11 5 26 0.016811 0.005 0.00843699 12 
0 5 27 0 0.014 0.0136488 1 
1 5 27 0.0115042 0.03 0.0123471 6 
2 5 27 0.000987011 0.009 0.00801612 2 
3 5 27 0 0.028 0.0126186 1 
4 5 27 0 0.027 0.0105792 1 
5 5 27 0 0.049 0.0106672 1 
6 5 27 0.000188869 0.005 0.0109099 3 
7 5 27 0.0036236 0.002 0.00907483 7 
8 5 27 0 0.008 0.012012 1 
9 5 27 0 0.044 0.00784073 1 
10 5 27 0 0.01 0.0110022 1 
11 5 27 0 0.029 0.0117485 1 
0 5 28 0.00466667 0.008 0.00850299 3 
1 5 28 0 0.014 0.0102868 1 
2 5 28 0 0.013 0.00849555 1 
3 5 28 0.00358743 0.001 0.00979315 7 
4 5 28 0.0144251 0.034 0.0112335 14 
5 5 28 0.00177734 0.038 0.00826655 2 
6 5 28 0 0.014 0.0104811 1 
7 5 28 0.00177114 0.048 0.0111771 2 
8 5 28 0.000857722 0.009 0.0108843 4 
9 5 28 0 0.023 0.0109993 1 
10 5 28 0 0.006 0.00739009 1 
11 5 28 0 0.017 0.00897817 1 
0 5 29 0.00380595 0.04 0.00827586 3 
1 5 29 0.00270755 0.03 0.00986241 3 
2 5 29 0 0.004 0.0100043 1 
3 5 29 0 0.034 0.00839198 1 
4 5 29 0.00491621 0.012 0.00927437 8 
5 5 29 0 0.009 0.00734729 1 
6 5 29 0.00102378 0.001 0.00946061 3 
7 5 29 0 0.038 0.0134419 1 
8 5 29 0 0.011 0.0102627 1 
9 5 29 0 0.019 0.010439 1 
10 5 29 0 0.022 0.0134025 1 
11 5 29 0 0.007 0.010044 1 
0 5 30 0 0.036 0.00961607 1 
1 5 30 0 0.032 0.00946789 1 
2 5 30 0.000605775 0.008 0.008497 2 
3 5 30 0.000264502 0.022 0.0120541 2 
4 5 30 0 0.02 0.011236 1 
5 5 30 0 0.009 0.010233 1 
6 5 30 0.00138637 0.004 0.0110177 2 
7 5 30 0 0.044 0.00794767 1 
8 5 30 0.0241508 0.007 0.0117835 23 
9 5 30 0.00357274 0.006 0.00954926 5 
10 5 30 0.000153369 0.01 0.00712801 2 
11 5 30 0.00720023 0.01 0.0115578 9 
0 5 31 0.00361617 0.032 0.00935196 5 
1 5 31 0 0.016 0.00715348 1 
2 5 31 0 0.015 0.01117 1 
3 5 31 0.00863949 0.004 0.00643118 8 
4 5 31 0.00228198 0.039 0.0101213 2 
5 5 31 0 0.035 0.0108378 1 
6 5 31 0.0273436 0.011 0.012667 29 
7 5 31 0 0.041 0.0095776 1 
8 5 31 0.000917158 0.03 0.0102923 2 
9 5 31 0.000357765 0.025 0.010612 2 
10 5 31 0.0007683 0.043 0.00667737 2 
11 5 31 0.00175726 0.031 0.00678661 5 
0 5 32 0.00214423 0.006 0.00861146 4 
1 5 32 0 0.045 0.0144501 1 
2 5 32 0.000250353 0.032 0.00733425 2 
3 5 32 0.00222707 0.01 0.0092849 4 
4 5 32 0 0.033 0.00903407 1 
5 5 32 0.0143438 0.01 0.0119923 21 
6 5 32 0 0.023 0.00965235 1 
7 5 32 0 0.01 0.0133704 1 
8 5 32 0 0.014 0.00795174 1 
9 5 32 0 0.027 0.01159 1 
10 5 32 0.00827468 0.025 0.0114967 11 
11 5 32 0.0119831 0.016 0.0084333 15 
0 5 33 0 0.048 0.0139302 1 
1 5 33 0.00583746 0.011 0.00789197 8 
2 5 33 0 0.003 0.00961556 1 
3 5 33 0 0.023 0.00972706 1 
4 5 33 0.0172812 0.014 0.009995 19 
5 5 33 0.0213976 0.015 0.00864789 16 
6 5 33 0.0101077 0.034 0.0123074 14 
7 5 33 0 0.007 0.00873918 1 
8 5 33 0 0.016 0.00764688 1 
9 5 33 4.33789e-05 0.025 0.00983935 3 
10 5 33 0 0.039 0.0132717 1 
11 5 33 0 0.004 0.00820304 1 
0 5 34 0 0.041 0.0109969 1 
1 5 34 0 0.01 0.0126924 1 
2 5 34 0.00290031 0.003 0.00613341 4 
3 5 34 0.000866216 0.029 0.0115499 3 
4 5 34 0.000303049 0.013 0.0125109 2 
5 5 34 0.0100698 0.04 0.0107412 10 
6 5 34 0.000656139 0.031 0.00944439 2 
7 5 34 0.00163248 0.007 0.00696213 4 
8 5 34 0 0.034 0.0102699 1 
9 5 34 0 0.038 0.00801048 1 
10 5 34 0 0.017 0.00977125 1 
11 5 34 0.000617579 0.03 0.0108311 2 
0 5 35 0 0.049 0.00955965 1 
1 5 35 0.0084584 0.016 0.00987029 5 
2 5 35 0 0.003 0.00905508 1 
3 5 35 0 0.036 0.0107935 1 
4 5 35 0 0.035 0.0150303 1 
5 5 35 0 0.029 0.0109206 1 
6 5 35 0.00169782 0.004 0.0100684 3 
7 5 35 0 0.025 0.00724204 1 
8 5 35 0 0.01 0.011753 1 
9 5 35 0.0022899 0.007 0.0103478 9 
10 5 35 0 0.022 0.0115193 1 
11 5 35 0.000644837 0.017 0.0102104 6 
0 5 36 0.0249279 0.008 0.00944618 18 
1 5 36 0 0.004 0.0101211 1 
2 5 36 0 0.02 0.00848949 1 
3 5 36 0.00530229 0.004 0.0100587 6 
4 5 36 0.0207194 0.021 0.0114425 17 
5 5 36 0.000564942 0.004 0.00783005 2 
6 5 36 0 0.048 0.00869687 1 
7 5 36 0.0212043 0.017 0.0111506 12 
8 5 36 0 0.001 0.0106878 1 
9 5 36 0 0.04 0.00936561 1 
10 5 36 0.00637612 0.008 0.0100101 8 
11 5 36 0 0.031 0.00939827 1 
0 5 37 0 0.01 0.0129794 1 
1 5 37 0.0321324 0.005 0.0100636 29 
2 5 37 0 0.04 0.00608864 1 
3 5 37 0 0.004 0.011238 1 
4 5 37 0 0.016 0.0087793 1 
5 5 37 0 0.045 0.00973516 1 
6 5 37 0 0.035 0.0112996 1 
7 5 37 0.00112669 0.045 0.0097922 2 
8 5 37 0 0.033 0.00932089 1 
9 5 37 0 0.041 0.0100353 1 
10 5 37 0 0.003 0.0113964 1 
11 5 37 0 0.019 0.0080759 1 
0 5 38 0 0.003 0.010058 1 
1 5 38 0 0.039 0.00997828 1 
2 5 38 0 0.038 0.0100486 1 
3 5 38 0.00447758 0.004 0.0103415 5 
4 5 38 0.00596342 0.011 0.0132034 24 
5 5 38 0.0249032 0.013 0.0068149 18 
6 5 38 0.00218032 0.002 0.0114769 4 
7 5 38 0.00222326 0.024 0.0108267 5 
8 5 38 0.0118845 0.006 0.0116684 27 
9 5 38 0 0.012 0.0118157 1 
10 5 38 0 0.029 0.0106896 1 
11 5 38 0 0.002 0.011507 1 
0 5 39 0 0.047 0.00597319 1 
1 5 39 0.00581043 0.04 0.00797403 6 
2 5 39 0 0.041 0.0126969 1 
3 5 39 0.00560264 0.009 0.0107174 13 
4 5 39 0 0.044 0.00799918 1 
5 5 39 0 0.005 0.0129383 1 
6 5 39 0 0.025 0.00886895 1 
7 5 39 0 0.025 0.00861049 1 
8 5 39 0.00956889 0.03 0.00810485 9 
9 5 39 0 0.024 0.0118693 1 
10 5 39 0.00448202 0.003 0.0118402 4 
11 5 39 0 0.033 0.00834665 1 
0 5 40 0.00568659 0.021 0.0083307 2 
1 5 40 0 0.004 0.0117351 1 
2 5 40 0 0.03 0.0102332 1 
3 5 40 0.0102663 0.028 0.00719986 10 
4 5 40 0.0166624 0.02 0.00851784 19 
5 5 40 0 0.027 0.0080207 1 
6 5 40 0.000324134 0.027 0.00773324 3 
7 5 40 0 0.014 0.00938548 1 
8 5 40 0 0.022 0.0101719 1 
9 5 40 0.0508204 0.006 0.00933691 29 
10 5 40 0.0193657 0.017 0.00725397 13 
11 5 40 0.00186194 0.03 0.00818066 2 
0 5 41 0.00478567 0.022 0.00827977 3 
1 5 41 0 0.011 0.0106869 1 
2 5 41 0 0.017 0.00893236 1 
3 5 41 0.00845323 0.048 0.0065888 8 
4 5 41 0 0.025 0.0138968 1 
5 5 41 0 0.017 0.0110121 1 
6 5 41 0 0.029 0.00960233 1 
7 5 41 0 0.033 0.00946848 1 
8 5 41 0.0138535 0.029 0.00527612 17 
9 5 41 0.0107578 0.023 0.0082207 11 
10 5 41 0.0119719 0.034 0.0120103 8 
11 5 41 0.0511094 0.005 0.0111013 43 
0 5 42 0.0196122 0.003 0.0130632 13 
1 5 42 0.00105827 0.003 0.0101577 4 
2 5 42 0 0.036 0.00782433 1 
3 5 42 0 0.024 0.0124503 1 
4 5 42 0 0.029 0.0117989 1 
5 5 42 0.0432471 0.006 0.0129685 41 
6 5 42 0 0.014 0.0128537 1 
7 5 42 0.02388 0.01 0.00731353 18 
8 5 42 0.0115112 0.016 0.0123307 15 
9 5 42 0.0183236 0.009 0.00980414 22 
10 5 42 0.0237258 0.03 0.00947398 14 
11 5 42 0.0152874 0.034 0.0104065 11 
0 5 43 0.00230794 0.042 0.00949815 2 
1 5 43 0 0.034 0.00702678 1 
2 5 43 0.00317437 0.003 0.0112714 4 
3 5 43 0.0215974 0.009 0.0102409 18 
4 5 43 0 0.007 0.0121335 1 
5 5 43 0 0.008 0.012347 1 
6 5 43 0 0.031 0.00671301 1 
7 5 43 0 0.003 0.0116504 1 
8 5 43 1.06381e-05 0.007 0.0094212 2 
9 5 43 0.000768482 0.002 0.0101501 4 
10 5 43 0 0.035 0.011131 1 
11 5 43 0 0.031 0.0096771 1 
0 5 44 0 0.037 0.0097783 1 
1 5 44 0 0.012 0.00990548 1 
2 5 44 0.000247864 0.02 0.0101782 2 
3 5 44 0.00284548 0.016 0.0116979 4 
4 5 44 6.19623e-06 0.001 0.0058576 2 
5 5 44 2.71056e-05 0.007 0.00920665 2 
6 5 44 0.0264886 0.013 0.00899821 18 
7 5 44 0 0.045 0.0116685 1 
8 5 44 9.51605e-06 0.006 0.00831586 2 
9 5 44 0 0.019 0.00954071 1 
10 5 44 0 0.02 0.00930222 1 
11 5 44 0.000131277 0.007 0.00878394 2 
0 5 45 0 0.032 0.00985937 1 
1 5 45 0 0.01 0.0101853 1 
2 5 45 0.0047853 0.043 0.0140711 5 
3 5 45 0 0.016 0.0132276 1 
4 5 45 0.0123822 0.028 0.00967308 6 
5 5 45 0 0.019 0.00971796 1 
6 5 45 0.018081 0.019 0.0101467 10 
7 5 45 0.0101648 0.027 0.0114909 9 
8 5 45 0 0.008 0.0138129 1 
9 5 45 0.00797255 0.035 0.00894561 11 
10 5 45 0.025584 0.008 0.00888543 20 
11 5 45 0.00241541 0.004 0.0113769 5 
0 5 46 0.00839217 0.029 0.00958825 11 
1 5 46 0.000119501 0.022 0.0103153 2 
2 5 46 0 0.033 0.0115459 1 
3 5 46 0 0.002 0.00887773 1 
4 5 46 0.00137 0.011 0.0119098 2 
5 5 46 0.0142702 0.03 0.00861792 9 
6 5 46 0.0133319 0.032 0.0101845 11 
7 5 46 0.0228715 0.039 0.0125571 9 
8 5 46 0 0.039 0.0122301 1 
9 5 46 0 0.03 0.0111187 1 
10 5 46 0 0.005 0.00757288 1 
11 5 46 0.00378948 0.022 0.0115776 8 
0 5 47 0.0116649 0.003 0.01267 10 
1 5 47 0 0.046 0.00857064 1 
2 5 47 0 0.019 0.0111758 1 
3 5 47 0 0.034 0.0107293 1 
4 5 47 5.21442e-07 0.006 0.01287 3 
5 5 47 0.0162107 0.002 0.0109477 16 
6 5 47 0.00427272 0.009 0.00776971 9 
7 5 47 0.0737539 0.002 0.0094805 36 
8 5 47 0.0231178 0.013 0.00871992 19 
9 5 47 4.59778e-05 0.011 0.00885405 3 
10 5 47 0 0.045 0.00925003 1 
11 5 47 0 0.017 0.00814459 1 
0 5 48 0.00129974 0.004 0.010911 2 
1 5 48 0.0284537 0.002 0.0063522 29 
2 5 48 0 0.008 0.00994051 1 
3 5 48 0.0139157 0.012 0.0121764 21 
4 5 48 0.0157628 0.018 0.0111261 19 
5 5 48 0.00286437 0.001 0.0105061 2 
6 5 48 0.00735138 0.021 0.00845641 12 
7 5 48 0.000233413 0.035 0.00926351 2 
8 5 48 0.013939 0.035 0.00942194 10 
9 5 48 0.00118864 0.01 0.010579 5 
10 5 48 0.0158357 0.043 0.0108796 11 
11 5 48 0.00119575 0.016 0.00983512 5 
0 5 49 0.00907645 0.014 0.0102489 8 
1 5 49 0.000852371 0.016 0.010696 5 
2 5 49 0.011692 0.022 0.0087036 12 
3 5 49 0.0133532 0.005 0.0101299 9 
4 5 49 0.00695673 0.002 0.00526084 14 
5 5 49 0.000406502 0.005 0.00754505 2 
6 5 49 0.0297992 0.008 0.00803733 32 
7 5 49 0.011638 0.045 0.00892365 7 
8 5 49 0 0.035 0.00932207 1 
9 5 49 0.000936482 0.038 0.00893143 2 
10 5 49 0.00265141 0.032 0.0101744 4 
11 5 49 0.000725192 0.046 0.0113832 2 
0 5 50 0.0181366 0.004 0.00967206 49 
1 5 50 0.000263273 0.035 0.00784478 2 
2 5 50 0 0.044 0.0115573 1 
3 5 50 0 0.017 0.011306 1 
4 5 50 0 0.049 0.00796582 1 
5 5 50 0 0.035 0.0101936 1 
6 5 50 0 0.032 0.0102217 1 
7 5 50 0 0.024 0.00900632 1 
8 5 50 0 0.022 0.0107579 1 
9 5 50 0 0.042 0.0140442 1 
10 5 50 0 0.038 0.0127964 1 
11 5 50 0 0.015 0.0117659 1 
0 5 51 0 0.033 0.00916267 1 
1 5 51 0 0.04 0.00949941 1 
2 5 51 0 0.017 0.0110552 1 
3 5 51 0.00326035 0.042 0.00671761 2 
4 5 51 0.0132878 0.018 0.00918662 7 
5 5 51 0.00130902 0.021 0.0105066 2 
6 5 51 0.00243717 0.008 0.0127312 9 
7 5 51 0 0.022 0.00638536 1 
8 5 51 0.00332887 0.009 0.0135551 2 
9 5 51 0.00268638 0.042 0.0101644 2 
10 5 51 0.0096267 0.003 0.00953386 12 
11 5 51 0.0152638 0.02 0.0102419 10 
0 5 52 0 0.009 0.00784154 1 
1 5 52 0 0.014 0.0105011 1 
2 5 52 0.0202768 0.009 0.0125382 18 
3 5 52 0.00681605 0.001 0.0087087 9 
4 5 52 0 0.023 0.0114164 1 
5 5 52 0.00205135 0.001 0.00912866 5 
6 5 52 0.00487654 0.003 0.0106337 7 
7 5 52 0 0.009 0.00977937 1 
8 5 52 0.0110815 0.003 0.0127523 11 
9 5 52 0 0.015 0.0103986 1 
10 5 52 0 0.001 0.0112521 1 
11 5 52 0 0.044 0.0116325 1 
0 5 53 0 0.014 0.0114652 1 
1 5 53 0 0.036 0.00918156 1 
2 5 53 0 0.045 0.0112258 1 
3 5 53 0.0125926 0.025 0.00959285 7 
4 5 53 0.000902534 0.013 0.00863777 2 
5 5 53 0.032045 0.001 0.0114226 26 
6 5 53 0 0.039 0.00814147 1 
7 5 53 0.0117789 0.043 0.0101675 7 
8 5 53 0 0.032 0.00882447 1 
9 5 53 0.0447381 0.012 0.00925656 28 
10 5 53 0.00712821 0.003 0.00998691 2 
11 5 53 0.0135882 0.03 0.0117023 8 
0 5 54 0.000631913 0.022 0.0117688 3 
1 5 54 0.0133275 0.013 0.00984405 8 
2 5 54 0 0.042 0.0135834 1 
3 5 54 0.000796264 0.003 0.0101987 4 
4 5 54 0 0.004 0.0122217 1 
5 5 54 0.00551459 0.036 0.0100946 4 
6 5 54 0 0.022 0.010975 1 
7 5 54 0 0.014 0.0119356 1 
8 5 54 0.0436958 0.004 0.00988539 49 
9 5 54 0.0341506 0.005 0.0111733 33 
10 5 54 0.0104233 0.003 0.00971817 7 
11 5 54 0 0.013 0.009849 1 
0 5 55 0.0487994 0.012 0.0103455 32 
1 5 55 0.0154909 0.038 0.00916218 10 
2 5 55 0.0107856 0.005 0.0121871 13 
3 5 55 0.0184735 0.02 0.0106403 19 
4 5 55 0.0108325 0.031 0.00941177 17 
5 5 55 0 0.01 0.0106908 1 
6 5 55 0.00754832 0.011 0.0117933 8 
7 5 55 0 0.018 0.00927949 1 
8 5 55 0 0.021 0.00903688 1 
9 5 55 0.0833047 0.011 0.0117374 30 
10 5 55 0.00478747 0.028 0.0094002 8 
11 5 55 0 0.034 0.00770202 1 
0 5 56 0.00577866 0.025 0.0102115 4 
1 5 56 0 0.013 0.00968468 1 
2 5 56 0.0405587 0.012 0.00866344 26 
3 5 56 0.0102105 0.018 0.0117044 11 
4 5 56 0 0.006 0.00936025 1 
5 5 56 0 0.025 0.00894041 1 
6 5 56 0 0.044 0.00897821 1 
7 5 56 0.000518824 0.002 0.00930881 3 
8 5 56 0.0434435 0.004 0.00895243 40 
9 5 56 0.0076772 0.026 0.0104103 5 
10 5 56 0.014659 0.026 0.00991146 11 
11 5 56 0 0.021 0.00903905 1 
0 5 57 0 0.035 0.00793202 1 
1 5 57 0.00018275 0.038 0.0113864 2 
2 5 57 0 0.046 0.0100211 1 
3 5 57 0 0.011 0.0120482 1 
4 5 57 0.0561548 0.006 0.0107483 46 
5 5 57 0.0157633 0.024 0.0132775 4 
6 5 57 0.00469633 0.027 0.00921479 2 
7 5 57 0 0.002 0.00935463 1 
8 5 57 0.00239963 0.004 0.0122005 3 
9 5 57 0 0.004 0.0120756 1 
10 5 57 0 0.009 0.0131635 1 
11 5 57 0 0.011 0.00962411 1 
0 5 58 0.000873052 0.024 0.0124025 3 
1 5 58 0.000428905 0.033 0.00977388 2 
2 5 58 0.00347511 0.001 0.00960169 5 
3 5 58 6.58305e-05 0.013 0.0076368 2 
4 5 58 0 0.04 0.00923482 1 
5 5 58 0 0.013 0.00893901 1 
6 5 58 0.000259785 0.032 0.00796148 2 
7 5 58 0.0765902 0.002 0.0105157 57 
8 5 58 0.000505238 0.024 0.00566742 4 
9 5 58 0 0.035 0.011263 1 
10 5 58 0 0.027 0.00852692 1 
11 5 58 0 0.005 0.0132178 1 
0 5 59 0.013302 0.01 0.00867065 9 
1 5 59 0 0.009 0.0094924 1 
2 5 59 0 0.005 0.013249 1 
3 5 59 0.00048526 0.008 0.0123812 2 
4 5 59 2.984e-06 0.001 0.0118847 2 
5 5 59 0 0.042 0.0110711 1 
6 5 59 0 0.01 0.0118753 1 
7 5 59 9.39561e-07 0.027 0.0105247 2 
8 5 59 0 0.028 0.00969682 1 
9 5 59 0 0.001 0.012973 1 
10 5 59 0 0.027 0.0098287 1 
11 5 59 0.0214753 0.001 0.0123725 17 
0 5 60 0 0.038 0.0124944 1 
1 5 60 0 0.002 0.0094043 1 
2 5 60 0 0.002 0.00915935 2 
3 5 60 0.0050247 0.028 0.0125088 5 
4 5 60 0.0013089 0.003 0.0129852 3 
5 5 60 0.0335158 0.014 0.0092375 29 
6 5 60 0 0.019 0.0108345 1 
7 5 60 9.6494e-05 0.001 0.011214 2 
8 5 60 0.000546616 0.018 0.0102559 2 
9 5 60 0.00505959 0.013 0.00970257 7 
10 5 60 0 0.032 0.010769 1 
11 5 60 0 0.04 0.00976506 1 
