0 6 0 0.00325977 0.002 0.00661373 5 
1 6 0 0.162277 0.035 0.0133475 23 
2 6 0 0 0.009 0.00976577 1 
3 6 0 0.11091 0.003 0.0134714 49 
4 6 0 0.974029 0.009 0.0113127 4 
5 6 0 0.81755 0.025 0.0141193 4 
6 6 0 1 0.047 0.0123694 2 
7 6 0 0.044236 0.02 0.0101275 9 
8 6 0 0 0.044 0.00869851 1 
9 6 0 0.116965 0.006 0.009516 58 
10 6 0 0 0.019 0.00852184 1 
11 6 0 0.0580407 0.039 0.00699314 14 
0 6 1 0.0124604 0.025 0.0122351 5 
1 6 1 0 0.004 0.011865 1 
2 6 1 0.000139178 0.017 0.00893148 2 
3 6 1 0.0118093 0.047 0.0109782 6 
4 6 1 0.100408 0.012 0.0110793 29 
5 6 1 0.0554026 0.031 0.0112607 10 
6 6 1 0 0.024 0.00900282 1 
7 6 1 0.00965726 0.007 0.0111934 8 
8 6 1 0.0431572 0.005 0.0079606 40 
9 6 1 0.017287 0.02 0.00960232 12 
10 6 1 0.000301885 0.026 0.00840145 2 
11 6 1 0.00588308 0.044 0.0111575 3 
0 6 2 0.0176123 0.006 0.0102216 15 
1 6 2 0 0.008 0.0108087 1 
2 6 2 0 0.023 0.0103284 1 
3 6 2 0.0220243 0.029 0.0103285 11 
4 6 2 0 0.005 0.00888836 1 
5 6 2 0.00393078 0.012 0.00901888 2 
6 6 2 0 0.011 0.00899317 1 
7 6 2 0 0.021 0.0101044 1 
8 6 2 0.012578 0.042 0.00979108 5 
9 6 2 0 0.035 0.0121953 1 
10 6 2 0.0355384 0.027 0.00980019 14 
11 6 2 0.018918 0.041 0.00823516 7 
0 6 3 0.00422759 0.013 0.0104845 5 
1 6 3 0.0157788 0.044 0.0112398 11 
2 6 3 1.20733e-06 0.005 0.0122519 2 
3 6 3 0.000853819 0.019 0.0074982 2 
4 6 3 0.0156629 0.005 0.0112998 18 
5 6 3 0.014229 0.001 0.0118554 21 
6 6 3 0.00688334 0.025 0.0095372 6 
7 6 3 0 0.048 0.0107955 1 
8 6 3 0.00484999 0.032 0.00830578 10 
9 6 3 0.0136745 0.019 0.011166 5 
10 6 3 0.00358172 0.047 0.00821366 4 
11 6 3 0.0116606 0.031 0.0114088 5 
0 6 4 0.0133424 0.022 0.00799482 10 
1 6 4 0.0124849 0.019 0.00518257 6 
2 6 4 0 0.01 0.0109869 1 
3 6 4 0 0.028 0.0160471 1 
4 6 4 0 0.011 0.0111604 1 
5 6 4 0 0.041 0.00996371 1 
6 6 4 0.0462699 0.004 0.0143116 40 
7 6 4 0.00307643 0.01 0.0127026 3 
8 6 4 0 0.003 0.0108977 1 
9 6 4 0 0.037 0.0104595 1 
10 6 4 0 0.016 0.00731637 1 
11 6 4 0.00018137 0.002 0.00804903 2 
0 6 5 0.0135938 0.001 0.00980804 8 
1 6 5 0.00624654 0.003 0.00879906 4 
2 6 5 0 0.048 0.0103484 1 
3 6 5 0 0.035 0.0121587 1 
4 6 5 0 0.048 0.00835861 1 
5 6 5 0 0.039 0.0104406 1 
6 6 5 0 0.013 0.00990019 1 
7 6 5 0 0.001 0.00830595 1 
8 6 5 0 0.018 0.00912921 1 
9 6 5 0 0.008 0.00844822 1 
10 6 5 0 0.018 0.00757119 1 
11 6 5 0 0.037 0.00857808 1 
0 6 6 0.0105413 0.009 0.0103327 10 
1 6 6 0.0741086 0.002 0.0112413 52 
2 6 6 0.00108358 0.001 0.0100083 2 
3 6 6 0.0228472 0.008 0.0102865 29 
4 6 6 0.0222853 0.002 0.0103081 22 
5 6 6 0 0.019 0.0110111 1 
6 6 6 0.000604179 0.003 0.0104471 2 
7 6 6 0 0.032 0.00928688 1 
8 6 6 0 0.011 0.00944849 1 
9 6 6 0 0.025 0.00764467 1 
10 6 6 0 0.006 0.00912125 1 
11 6 6 0.0137519 0.014 0.0088308 15 
0 6 7 1.18711e-06 0.003 0.00920762 2 
1 6 7 0.00324841 0.031 0.010598 4 
2 6 7 0.00582607 0.016 0.0116604 7 
3 6 7 1.18711e-06 0.006 0.0123126 2 
4 6 7 0 0.01 0.00713766 1 
5 6 7 0.00105339 0.003 0.0128314 2 
6 6 7 3.22105e-06 0.045 0.0096251 2 
7 6 7 0 0.028 0.00794291 1 
8 6 7 0.00924807 0.039 0.0114575 6 
9 6 7 0.000495842 0.012 0.00876949 2 
10 6 7 0.00923286 0.044 0.00979467 6 
11 6 7 0.00356749 0.049 0.00722546 4 
0 6 8 0.0641645 0.005 0.00888211 49 
1 6 8 0.0088437 0.006 0.0124528 10 
2 6 8 0.00200063 0.001 0.0109754 2 
3 6 8 0.000658561 0.026 0.0127062 5 
4 6 8 0 0.019 0.00886694 1 
5 6 8 0 0.034 0.00965639 1 
6 6 8 0.00331393 0.004 0.00882316 2 
7 6 8 0 0.012 0.00908179 1 
8 6 8 0.00310732 0.023 0.010625 7 
9 6 8 0 0.04 0.00957351 1 
10 6 8 0.00626832 0.01 0.0101957 9 
11 6 8 0 0.007 0.010754 1 
0 6 9 0 0.016 0.0126248 1 
1 6 9 0.00103869 0.039 0.0100995 2 
2 6 9 0.000331755 0.011 0.0128735 2 
3 6 9 0.00100784 0.026 0.00862249 4 
4 6 9 0 0.022 0.0108732 1 
5 6 9 0 0.027 0.00834473 1 
6 6 9 0.027427 0.006 0.0117055 24 
7 6 9 0 0.037 0.00984479 1 
8 6 9 0.000232879 0.023 0.00933768 2 
9 6 9 0 0.041 0.00911519 1 
10 6 9 0 0.033 0.0104525 1 
11 6 9 0.000232879 0.032 0.0100546 2 
0 6 10 0.00821885 0.039 0.0111152 8 
1 6 10 0.0127903 0.002 0.0111413 8 
2 6 10 0.00413287 0.029 0.00829943 4 
3 6 10 0 0.018 0.0123388 1 
4 6 10 0.00356021 0.035 0.0106347 3 
5 6 10 0.0142958 0.001 0.00838377 26 
6 6 10 0.0179473 0.005 0.00704146 13 
7 6 10 0 0.005 0.00753562 1 
8 6 10 0.00196291 0.017 0.0129422 3 
9 6 10 0.0373115 0.002 0.00770136 41 
10 6 10 0.00314092 0.006 0.00927039 7 
11 6 10 0.0150078 0.009 0.00833132 10 
0 6 11 0.040366 0.008 0.00837077 20 
1 6 11 0.00634453 0.007 0.00985161 2 
2 6 11 0.00359768 0.009 0.0083618 5 
3 6 11 0 0.049 0.0103385 1 
4 6 11 0.0547591 0.006 0.00794825 47 
5 6 11 0 0.029 0.0103061 1 
6 6 11 0 0.009 0.00927984 1 
7 6 11 0 0.024 0.00895332 1 
8 6 11 0.027438 0.022 0.00957812 16 
9 6 11 0 0.009 0.00673175 1 
10 6 11 0 0.03 0.00655704 1 
11 6 11 0 0.02 0.00881551 1 
0 6 12 0.0447104 0.002 0.00941522 56 
1 6 12 0.0268586 0.012 0.0103705 13 
2 6 12 0 0.002 0.00963178 1 
3 6 12 0.0312734 0.004 0.00934475 43 
4 6 12 9.26123e-06 0.018 0.00742087 2 
5 6 12 0 0.004 0.00967395 1 
6 6 12 0.00909839 0.019 0.00944161 7 
7 6 12 0 0.007 0.00925909 1 
8 6 12 0 0.044 0.00754007 1 
9 6 12 0.0406467 0.001 0.012264 48 
10 6 12 0 0.02 0.0100635 1 
11 6 12 0.00464279 0.049 0.0105373 8 
0 6 13 3.90073e-05 0.029 0.0108518 2 
1 6 13 0.0203216 0.001 0.011278 19 
2 6 13 0 0.029 0.0123633 1 
3 6 13 0 0.041 0.0102454 1 
4 6 13 0 0.03 0.010851 1 
5 6 13 0 0.002 0.00777787 1 
6 6 13 0 0.029 0.00888712 1 
7 6 13 0 0.029 0.00825809 1 
8 6 13 0 0.025 0.00751571 1 
9 6 13 0 0.019 0.0125819 1 
10 6 13 0.001234 0.048 0.0107516 2 
11 6 13 0.0118349 0.008 0.0112818 14 
0 6 14 0 0.024 0.00865591 1 
1 6 14 0.00368683 0.044 0.0112384 4 
2 6 14 0 0.023 0.00906376 1 
3 6 14 0.0109634 0.046 0.0131105 5 
4 6 14 0 0.047 0.0110314 1 
5 6 14 0.0036593 0.012 0.00867304 4 
6 6 14 0 0.036 0.00966775 1 
7 6 14 0.0166091 0.017 0.0101803 13 
8 6 14 0.00728475 0.037 0.0110791 6 
9 6 14 0.00612669 0.004 0.00937826 3 
10 6 14 0.0109992 0.018 0.0119136 8 
11 6 14 0.00585969 0.008 0.0110768 2 
0 6 15 0 0.047 0.00941333 1 
1 6 15 0.000125618 0.004 0.0109358 2 
2 6 15 0.0308083 0.017 0.00868722 19 
3 6 15 0 0.007 0.0113629 1 
4 6 15 0.00333036 0.041 0.00760068 5 
5 6 15 0 0.02 0.00833034 1 
6 6 15 0 0.01 0.0102986 1 
7 6 15 0 0.032 0.00810291 1 
8 6 15 0 0.03 0.00950351 1 
9 6 15 0.000515119 0.012 0.0109434 3 
10 6 15 0.00626614 0.028 0.00965586 5 
11 6 15 0.00679952 0.039 0.00854517 6 
0 6 16 0 0.046 0.00860046 1 
1 6 16 0.00405811 0.024 0.0106751 10 
2 6 16 0.0655014 0.002 0.0120906 52 
3 6 16 0.0152518 0.008 0.0091313 15 
4 6 16 0.0039027 0.018 0.0079113 6 
5 6 16 0.0178679 0.003 0.0102559 20 
6 6 16 0.00927192 0.019 0.0126141 11 
7 6 16 0 0.043 0.00852265 1 
8 6 16 0.00569231 0.016 0.0112117 2 
9 6 16 0 0.006 0.013216 1 
10 6 16 0.00532878 0.031 0.0114798 2 
11 6 16 0.00521553 0.047 0.0140505 2 
0 6 17 0.00222401 0.035 0.013101 3 
1 6 17 0 0.043 0.00910016 1 
2 6 17 0.0157338 0.013 0.0116664 7 
3 6 17 0 0.037 0.00727931 1 
4 6 17 0 0.035 0.0112672 1 
5 6 17 0.0746605 0.003 0.0113917 61 
6 6 17 0.00861623 0.003 0.0120379 12 
7 6 17 0 0.038 0.0106435 1 
8 6 17 0 0.03 0.00877945 1 
9 6 17 0 0.022 0.00867632 1 
10 6 17 0 0.049 0.00936738 1 
11 6 17 0 0.01 0.00771538 1 
0 6 18 0.0117432 0.016 0.00922907 10 
1 6 18 0 0.004 0.00958255 1 
2 6 18 0 0.046 0.0119266 1 
3 6 18 0 0.044 0.00940434 1 
4 6 18 0 0.005 0.014026 1 
5 6 18 0 0.005 0.0110362 1 
6 6 18 0 0.006 0.0112118 1 
7 6 18 0.0100134 0.028 0.00870015 6 
8 6 18 0 0.001 0.0104479 1 
9 6 18 0 0.035 0.00920225 1 
10 6 18 0 0.029 0.0123561 1 
11 6 18 0 0.042 0.00937678 1 
0 6 19 0 0.044 0.0115891 1 
1 6 19 0 0.025 0.0119046 1 
2 6 19 0.00689593 0.022 0.00821987 11 
3 6 19 0 0.016 0.00820316 1 
4 6 19 0 0.021 0.00944539 1 
5 6 19 0 0.012 0.0104058 1 
6 6 19 0.0099771 0.025 0.0071234 11 
7 6 19 0.0207593 0.01 0.00993704 20 
8 6 19 0.00325739 0.038 0.0124273 5 
9 6 19 0.00590979 0.031 0.00791076 8 
10 6 19 0.0036117 0.042 0.0110264 5 
11 6 19 0.00538139 0.048 0.00962121 5 
0 6 20 0.0330468 0.006 0.00502341 44 
1 6 20 0.00209692 0.011 0.00914658 3 
2 6 20 0 0.018 0.00962026 1 
3 6 20 0.00846302 0.004 0.00806713 4 
4 6 20 2.62463e-05 0.009 0.0121919 2 
5 6 20 5.43343e-07 0.013 0.00981575 3 
6 6 20 0 0.033 0.0101555 1 
7 6 20 0 0.028 0.00866801 1 
8 6 20 0.0042203 0.027 0.00611179 5 
9 6 20 0.0084141 0.04 0.011154 4 
10 6 20 0.000608082 0.045 0.0114487 5 
11 6 20 0.00861841 0.003 0.0108953 4 
0 6 21 0.00970553 0.004 0.00969759 4 
1 6 21 0 0.018 0.010961 1 
2 6 21 0.00464925 0.027 0.00717572 7 
3 6 21 0.0210616 0.016 0.00911055 13 
4 6 21 0 0.03 0.00936232 1 
5 6 21 0 0.001 0.00827891 1 
6 6 21 0 0.047 0.0105971 1 
7 6 21 0.00366446 0.031 0.00926657 5 
8 6 21 0.0200562 0.023 0.0075194 12 
9 6 21 0.00868181 0.007 0.0124517 7 
10 6 21 1.24888e-06 0.012 0.00880429 2 
11 6 21 0.0280076 0.008 0.0112286 29 
0 6 22 0 0.007 0.0107528 1 
1 6 22 5.47414e-05 0.003 0.00918669 2 
2 6 22 0 0.009 0.0114955 1 
3 6 22 0.000882378 0.008 0.00991294 2 
4 6 22 0.0260717 0.015 0.00962143 25 
5 6 22 0.0212261 0.033 0.013041 15 
6 6 22 0.0111815 0.047 0.0120086 6 
7 6 22 0.000479868 0.01 0.0115888 2 
8 6 22 0.00921551 0.012 0.0131147 25 
9 6 22 0 0.002 0.0094837 2 
10 6 22 0 0.023 0.0095519 1 
11 6 22 0.01984 0.028 0.0119694 12 
0 6 23 0 0.006 0.0117283 1 
1 6 23 0.0277952 0.005 0.0114347 26 
2 6 23 0.00125971 0.03 0.00929248 3 
3 6 23 0 0.005 0.00977821 1 
4 6 23 0 0.04 0.0112267 1 
5 6 23 0 0.009 0.0102957 1 
6 6 23 0.00280874 0.001 0.0109233 3 
7 6 23 0.000380464 0.016 0.00901941 2 
8 6 23 0 0.014 0.00892232 1 
9 6 23 0 0.006 0.0104134 1 
10 6 23 0.00693436 0.019 0.0104999 9 
11 6 23 0.00930393 0.003 0.0106786 7 
0 6 24 0.00150752 0.041 0.0110997 3 
1 6 24 0 0.011 0.00674609 2 
2 6 24 0.000973744 0.016 0.0112638 2 
3 6 24 0.0166515 0.009 0.0106405 33 
4 6 24 0 0.018 0.0103986 1 
5 6 24 0.000796646 0.002 0.00980104 2 
6 6 24 0.00104591 0.014 0.0097967 2 
7 6 24 0 0.034 0.0101953 1 
8 6 24 5.96e-05 0.002 0.011897 2 
9 6 24 0 0.005 0.0101279 1 
10 6 24 0.000720368 0.01 0.0125244 4 
11 6 24 0.00161235 0.011 0.013051 2 
0 6 25 0.00732406 0.006 0.010049 6 
1 6 25 0.00952474 0.016 0.0139625 15 
2 6 25 0 0.023 0.0106707 1 
3 6 25 0.0208127 0.004 0.0103607 21 
4 6 25 0 0.023 0.0107609 1 
5 6 25 0.0189615 0.013 0.0108657 24 
6 6 25 0 0.033 0.0107713 1 
7 6 25 0 0.025 0.00949171 1 
8 6 25 0.0010091 0.001 0.0095901 4 
9 6 25 0 0.04 0.0104795 1 
10 6 25 0.000190644 0.03 0.00713017 3 
11 6 25 0.00611004 0.003 0.0110875 7 
0 6 26 0 0.026 0.0102633 1 
1 6 26 0.00482721 0.003 0.010463 8 
2 6 26 0.00247834 0.021 0.0119735 3 
3 6 26 0.0177768 0.027 0.00810303 11 
4 6 26 0 0.01 0.0102982 1 
5 6 26 0.0177835 0.012 0.00843939 19 
6 6 26 0 0.022 0.0103742 1 
7 6 26 0 0.047 0.00951432 1 
8 6 26 0.0257625 0.017 0.0109087 12 
9 6 26 0 0.033 0.00893981 1 
10 6 26 0.00324691 0.042 0.00996679 6 
11 6 26 0 0.022 0.00663413 1 
0 6 27 0 0.016 0.00928065 1 
1 6 27 0 0.048 0.00805398 1 
2 6 27 0.0141977 0.013 0.00982507 21 
3 6 27 0 0.033 0.0103892 1 
4 6 27 0.0104114 0.019 0.0156865 25 
5 6 27 0 0.038 0.0116576 1 
6 6 27 0 0.032 0.00936139 1 
7 6 27 0 0.049 0.0109595 1 
8 6 27 0 0.019 0.0139766 1 
9 6 27 0.00299243 0.028 0.013362 4 
10 6 27 0 0.032 0.0125988 1 
11 6 27 0 0.026 0.00702577 1 
0 6 28 0 0.006 0.0114703 1 
1 6 28 0.0260217 0.018 0.0063389 20 
2 6 28 0.00973756 0.004 0.0100407 13 
3 6 28 0 0.029 0.00865938 1 
4 6 28 0.00267647 0.041 0.00995618 2 
5 6 28 0.00245859 0.003 0.0109236 3 
6 6 28 0.00198688 0.038 0.0100719 2 
7 6 28 0 0.031 0.00874814 1 
8 6 28 0 0.005 0.0126902 1 
9 6 28 0 0.045 0.00933403 1 
10 6 28 0 0.031 0.00910245 1 
11 6 28 0 0.017 0.00930246 1 
0 6 29 0 0.044 0.00888515 1 
1 6 29 0 0.006 0.0101767 1 
2 6 29 0 0.017 0.00722325 1 
3 6 29 0 0.019 0.00985771 1 
4 6 29 0 0.041 0.00976978 1 
5 6 29 0.000760733 0.005 0.00856369 2 
6 6 29 0.000456176 0.024 0.0109577 2 
7 6 29 0 0.018 0.0103911 1 
8 6 29 0 0.035 0.00820322 1 
9 6 29 0 0.023 0.00898387 1 
10 6 29 0 0.01 0.0117496 1 
11 6 29 0 0.031 0.0114084 1 
0 6 30 0.0135934 0.011 0.005392 14 
1 6 30 0 0.032 0.00900238 1 
2 6 30 0 0.024 0.00797367 1 
3 6 30 0 0.046 0.0101796 1 
4 6 30 0 0.034 0.0113649 1 
5 6 30 0 0.041 0.0127478 1 
6 6 30 0 0.008 0.00899078 1 
7 6 30 0.00129915 0.004 0.00869801 3 
8 6 30 0.0111573 0.016 0.0106029 9 
9 6 30 0.000338541 0.001 0.00985588 2 
10 6 30 0 0.046 0.00920826 1 
11 6 30 0 0.039 0.0112874 1 
0 6 31 0 0.011 0.0137947 1 
1 6 31 0.000849255 0.001 0.00866056 2 
2 6 31 0.000212782 0.01 0.0125019 2 
3 6 31 0 0.043 0.0105606 1 
4 6 31 0 0.002 0.00999058 1 
5 6 31 0 0.003 0.00903244 1 
6 6 31 0 0.02 0.0100457 1 
7 6 31 0.00326025 0.001 0.00813029 3 
8 6 31 7.09292e-05 0.012 0.0154325 2 
9 6 31 0 0.003 0.0103647 1 
10 6 31 0 0.031 0.00999684 1 
11 6 31 4.17053e-05 0.001 0.00904753 2 
0 6 32 0 0.047 0.00917218 1 
1 6 32 0 0.033 0.00966657 1 
2 6 32 0 0.049 0.0123591 1 
3 6 32 0.0231599 0.004 0.00709935 33 
4 6 32 0.0545869 0.007 0.0126094 40 
5 6 32 0 0.003 0.00652455 1 
6 6 32 0 0.024 0.01554 1 
7 6 32 0.02769 0.003 0.0108489 16 
8 6 32 0.000643341 0.036 0.0126932 2 
9 6 32 0 0.004 0.0103794 1 
10 6 32 0.0151048 0.018 0.00892439 20 
11 6 32 0.00149412 0.043 0.00965369 2 
0 6 33 0 0.005 0.0105934 1 
1 6 33 0 0.036 0.00784725 1 
2 6 33 0 0.019 0.00985829 2 
3 6 33 0 0.025 0.00645906 1 
4 6 33 0.0181257 0.012 0.0113166 12 
5 6 33 0.00355807 0.015 0.00944312 3 
6 6 33 0 0.001 0.00792186 1 
7 6 33 0 0.034 0.00495738 1 
8 6 33 0 0.038 0.0108805 1 
9 6 33 7.29578e-05 0.004 0.00960724 2 
10 6 33 0 0.009 0.0101572 1 
11 6 33 0 0.019 0.0109094 1 
0 6 34 0 0.039 0.0124933 1 
1 6 34 0.0127955 0.001 0.0133413 8 
2 6 34 0.00213941 0.02 0.00874583 2 
3 6 34 0.000585865 0.035 0.0112003 3 
4 6 34 0.00861343 0.037 0.00878485 5 
5 6 34 0.0013768 0.003 0.00915859 2 
6 6 34 0.00893839 0.025 0.0119133 8 
7 6 34 0.00470343 0.003 0.0105536 7 
8 6 34 0.00220094 0.007 0.0110943 2 
9 6 34 0.00315414 0.005 0.00789784 5 
10 6 34 0 0.038 0.00828592 1 
11 6 34 0.00230882 0.012 0.0125624 3 
0 6 35 0 0.004 0.0113771 1 
1 6 35 0.00974796 0.028 0.0112563 10 
2 6 35 0.0226153 0.001 0.0101867 15 
3 6 35 0 0.011 0.010331 1 
4 6 35 0 0.001 0.00897288 1 
5 6 35 0 0.018 0.0128057 1 
6 6 35 0 0.035 0.0106319 1 
7 6 35 0 0.006 0.00898395 1 
8 6 35 2.65228e-05 0.012 0.0128743 2 
9 6 35 0.00364082 0.006 0.0108905 4 
10 6 35 0 0.047 0.00811963 1 
11 6 35 0 0.028 0.0116756 1 
0 6 36 0.0125242 0.041 0.00892634 14 
1 6 36 0 0.004 0.00872145 1 
2 6 36 0.0219271 0.022 0.0117688 18 
3 6 36 0 0.014 0.00972465 1 
4 6 36 0.0212181 0.013 0.0129679 20 
5 6 36 0 0.045 0.0101598 1 
6 6 36 9.65719e-05 0.039 0.0103054 3 
7 6 36 0 0.012 0.0103096 1 
8 6 36 0.00123421 0.003 0.0128301 4 
9 6 36 0 0.031 0.00979262 1 
10 6 36 0 0.029 0.0080736 1 
11 6 36 0.00095777 0.013 0.00912552 2 
0 6 37 0 0.039 0.0105529 1 
1 6 37 0 0.043 0.010825 1 
2 6 37 5.43089e-06 0.003 0.00756023 2 
3 6 37 0.00100365 0.005 0.00664795 2 
4 6 37 0 0.026 0.00823377 1 
5 6 37 7.1552e-05 0.006 0.0100553 3 
6 6 37 0 0.008 0.0114528 1 
7 6 37 0 0.021 0.0102759 1 
8 6 37 0 0.012 0.0138759 1 
9 6 37 0.000185669 0.006 0.00891961 2 
10 6 37 0 0.027 0.010642 1 
11 6 37 0.0147997 0.011 0.0102489 15 
0 6 38 0.0390396 0.014 0.00789576 27 
1 6 38 0.012984 0.006 0.00921028 6 
2 6 38 0 0.015 0.01127 1 
3 6 38 0.00863311 0.034 0.00912183 5 
4 6 38 0.0416285 0.008 0.00847564 38 
5 6 38 0 0.036 0.0100278 1 
6 6 38 0.0027705 0.004 0.00660867 4 
7 6 38 0 0.029 0.00755759 1 
8 6 38 0.0024876 0.027 0.0135551 3 
9 6 38 0.00301379 0.032 0.00918945 3 
10 6 38 0 0.01 0.0105686 1 
11 6 38 0.00720735 0.007 0.0082606 4 
0 6 39 0.000643356 0.02 0.00944047 2 
1 6 39 0.000178039 0.001 0.0102311 2 
2 6 39 0.0193586 0.011 0.00984634 18 
3 6 39 0 0.048 0.00981457 1 
4 6 39 0 0.034 0.00759992 1 
5 6 39 0 0.015 0.0103608 1 
6 6 39 0.00101841 0.003 0.00889599 2 
7 6 39 0.0212058 0.002 0.0142179 10 
8 6 39 0 0.048 0.00794153 1 
9 6 39 0 0.036 0.0070091 1 
10 6 39 0 0.047 0.00865287 1 
11 6 39 1.35904e-05 0.016 0.0100066 2 
0 6 40 0.00125813 0.035 0.0113877 2 
1 6 40 0.00725741 0.037 0.00954308 4 
2 6 40 0.00757579 0.033 0.0140997 4 
3 6 40 0.0182787 0.031 0.0103921 8 
4 6 40 0.0377881 0.006 0.0143668 29 
5 6 40 0 0.028 0.0129194 1 
6 6 40 0.00600145 0.012 0.010127 7 
7 6 40 0 0.028 0.00990173 1 
8 6 40 0.0131974 0.046 0.0108428 11 
9 6 40 0 0.047 0.0111107 1 
10 6 40 0.00331297 0.01 0.00964503 2 
11 6 40 0.0201633 0.003 0.00848178 12 
0 6 41 0 0.006 0.00883744 1 
1 6 41 0 0.046 0.00993601 1 
2 6 41 0.00847279 0.007 0.0116787 11 
3 6 41 0.00982138 0.038 0.0076574 4 
4 6 41 2.16848e-05 0.014 0.00831919 2 
5 6 41 0 0.029 0.0116419 1 
6 6 41 0 0.003 0.00987005 1 
7 6 41 0.0109379 0.017 0.00852781 7 
8 6 41 0 0.016 0.00900358 1 
9 6 41 0.0179081 0.048 0.0119087 10 
10 6 41 0.0160954 0.026 0.0133927 10 
11 6 41 0.0186804 0.038 0.015169 11 
0 6 42 0.00684258 0.041 0.0110332 3 
1 6 42 0.00315179 0.049 0.00945434 2 
2 6 42 0.0750275 0.004 0.0118362 42 
3 6 42 0.00328136 0.004 0.00837923 5 
4 6 42 0 0.039 0.010929 1 
5 6 42 0 0.04 0.0118958 1 
6 6 42 0 0.012 0.0108836 1 
7 6 42 0.013702 0.03 0.0105645 11 
8 6 42 0.0593816 0.003 0.013267 49 
9 6 42 0.00200589 0.027 0.00837104 2 
10 6 42 0.0294711 0.01 0.0102738 19 
11 6 42 0.00930645 0.031 0.0103382 12 
0 6 43 0.0121484 0.017 0.00977057 10 
1 6 43 0.0111748 0.001 0.0124081 10 
2 6 43 0 0.01 0.0124149 1 
3 6 43 0.0158319 0.022 0.00689787 12 
4 6 43 0.000215455 0.005 0.00953297 2 
5 6 43 0.0351762 0.008 0.0079465 32 
6 6 43 0.0645987 0.003 0.00907498 31 
7 6 43 0 0.042 0.0110365 1 
8 6 43 0.0199355 0.012 0.00876573 20 
9 6 43 0.0234934 0.013 0.0087292 15 
10 6 43 0 0.03 0.0117246 1 
11 6 43 0.0133542 0.03 0.00853647 13 
0 6 44 0.000157296 0.004 0.0144506 2 
1 6 44 0 0.02 0.00880356 1 
2 6 44 0.00462718 0.022 0.00943073 5 
3 6 44 0 0.01 0.0072181 1 
4 6 44 0.00678547 0.038 0.0101411 9 
5 6 44 0.0161989 0.026 0.00946965 13 
6 6 44 0.0399761 0.008 0.0106611 37 
7 6 44 0 0.011 0.00783461 1 
8 6 44 0 0.021 0.0101235 1 
9 6 44 0.00407169 0.011 0.0120588 7 
10 6 44 0.00367874 0.002 0.0127774 3 
11 6 44 0 0.043 0.0100892 1 
0 6 45 0 0.009 0.0113915 1 
1 6 45 0.0414207 0.004 0.0117182 44 
2 6 45 0 0.042 0.0089944 1 
3 6 45 0.037482 0.013 0.0130126 27 
4 6 45 0 0.002 0.0132225 1 
5 6 45 0.0394324 0.009 0.0117213 41 
6 6 45 0.00759615 0.031 0.00863593 6 
7 6 45 0.0194042 0.032 0.0116858 15 
8 6 45 0.0045741 0.034 0.00917777 5 
9 6 45 0.00507485 0.027 0.0108275 2 
10 6 45 1.38634e-05 0.002 0.010823 2 
11 6 45 0 0.018 0.0101416 1 
0 6 46 0.00670284 0.017 0.0113684 10 
1 6 46 0 0.018 0.0105789 1 
2 6 46 0 0.014 0.0115378 1 
3 6 46 2.15803e-05 0.014 0.00814621 2 
4 6 46 0.0164979 0.043 0.00764208 9 
5 6 46 0 0.011 0.0121073 1 
6 6 46 0.0123854 0.033 0.00934876 13 
7 6 46 0 0.03 0.0099455 1 
8 6 46 0 0.034 0.00979151 1 
9 6 46 0 0.004 0.0112959 1 
10 6 46 0 0.006 0.0106946 1 
11 6 46 0 0.013 0.0121246 1 
0 6 47 0 0.011 0.00845857 1 
1 6 47 0 0.044 0.00964036 1 
2 6 47 0 0.043 0.0116082 1 
3 6 47 0.059523 0.002 0.0113316 53 
4 6 47 0.000579773 0.004 0.0132196 2 
5 6 47 0 0.036 0.0103226 1 
6 6 47 0.0179875 0.001 0.0105173 14 
7 6 47 0.00362643 0.028 0.0100945 2 
8 6 47 0 0.043 0.00964443 1 
9 6 47 0 0.047 0.0131451 1 
10 6 47 0.00685855 0.01 0.0108969 8 
11 6 47 0.0111998 0.004 0.00928687 10 
0 6 48 0 0.04 0.00744628 1 
1 6 48 0 0.043 0.00959481 1 
2 6 48 0.00206125 0.014 0.0092242 3 
3 6 48 0.000179894 0.037 0.00811498 3 
4 6 48 0 0.013 0.00904301 1 
5 6 48 0 0.011 0.0116616 1 
6 6 48 6.07032e-06 0.016 0.00837916 2 
7 6 48 0 0.033 0.00887493 1 
8 6 48 0 0.033 0.00925773 1 
9 6 48 0.00642067 0.048 0.00957 6 
10 6 48 0.000380773 0.017 0.0110125 3 
11 6 48 0.0009693 0.005 0.0121352 5 
0 6 49 0 0.041 0.0108094 1 
1 6 49 0.00152478 0.009 0.00913599 5 
2 6 49 0 0.006 0.0111546 1 
3 6 49 0 0.018 0.00840606 1 
4 6 49 0 0.043 0.0074067 1 
5 6 49 0 0.029 0.0114326 1 
6 6 49 0 0.046 0.0112368 1 
7 6 49 0.020155 0.02 0.00778133 14 
8 6 49 0 0.004 0.0100965 1 
9 6 49 0.000567531 0.027 0.0114479 2 
10 6 49 0.0056421 0.004 0.0103175 5 
11 6 49 0.000446583 0.035 0.0088868 2 
0 6 50 0.00111017 0.013 0.00664724 3 
1 6 50 0.0288333 0.005 0.0114218 23 
2 6 50 0.0117156 0.007 0.00970503 23 
3 6 50 0 0.017 0.0132277 1 
4 6 50 1.76485e-07 0.004 0.00933999 2 
5 6 50 0.00107917 0.004 0.0106275 9 
6 6 50 0 0.044 0.00770284 1 
7 6 50 0 0.033 0.0111429 1 
8 6 50 0 0.01 0.00847321 1 
9 6 50 0.023372 0.009 0.00953627 23 
10 6 50 0 0.009 0.0155626 1 
11 6 50 0.0231833 0.006 0.00901194 18 
0 6 51 0 0.042 0.00957937 1 
1 6 51 7.16643e-05 0.013 0.0085412 3 
2 6 51 0.000241024 0.004 0.0084645 3 
3 6 51 0.0226663 0.011 0.00682922 19 
4 6 51 0.0176338 0.003 0.011188 19 
5 6 51 0 0.04 0.0103483 1 
6 6 51 0.029779 0.005 0.00955615 22 
7 6 51 0.00680228 0.034 0.009008 6 
8 6 51 0.00378789 0.048 0.00858264 4 
9 6 51 0.000280555 0.008 0.00908288 2 
10 6 51 0.00871056 0.023 0.00708061 10 
11 6 51 0.0195675 0.015 0.00983746 10 
0 6 52 0.0107455 0.013 0.00737477 17 
1 6 52 0 0.046 0.0100385 1 
2 6 52 0 0.013 0.00904951 1 
3 6 52 0.0357202 0.014 0.0139411 24 
4 6 52 0 0.032 0.0070022 1 
5 6 52 0.0014444 0.007 0.0113574 2 
6 6 52 0.00167071 0.005 0.00985158 2 
7 6 52 0.00177192 0.014 0.0126759 2 
8 6 52 0.0612364 0.003 0.00689357 52 
9 6 52 0.000183313 0.018 0.0083355 2 
10 6 52 0.0025211 0.031 0.00676914 7 
11 6 52 0 0.006 0.00772574 1 
0 6 53 0.000117065 0.019 0.0096453 2 
1 6 53 0.00370049 0.02 0.00651946 2 
2 6 53 0 0.016 0.0105729 1 
3 6 53 0.00404943 0.002 0.011197 3 
4 6 53 0.0022744 0.003 0.00939941 3 
5 6 53 0.01149 0.032 0.00927548 10 
6 6 53 0 0.049 0.00887704 1 
7 6 53 0 0.022 0.0104567 1 
8 6 53 0.0365015 0.009 0.00920496 27 
9 6 53 0.0486701 0.003 0.00959492 42 
10 6 53 0.0472327 0.005 0.0111677 29 
11 6 53 0.0291447 0.014 0.0105034 22 
0 6 54 0.0133831 0.046 0.0104315 7 
1 6 54 0 0.004 0.0119708 1 
2 6 54 0.00772994 0.026 0.00845516 6 
3 6 54 0 0.01 0.0103402 1 
4 6 54 0 0.005 0.00878936 1 
5 6 54 0 0.013 0.0100232 1 
6 6 54 0.00912857 0.032 0.00842324 9 
7 6 54 0.000835282 0.039 0.00990736 2 
8 6 54 0 0.033 0.0149451 1 
9 6 54 0 0.047 0.0122405 1 
10 6 54 0 0.045 0.0103217 1 
11 6 54 0 0.016 0.0129831 1 
0 6 55 0.039235 0.014 0.0120753 23 
1 6 55 0.0178083 0.028 0.0101053 10 
2 6 55 0.0020261 0.018 0.00786094 4 
3 6 55 0.00367425 0.002 0.0121207 7 
4 6 55 0.0100388 0.021 0.0105303 12 
5 6 55 0.000623948 0.014 0.00951319 2 
6 6 55 0.00957472 0.026 0.00862426 10 
7 6 55 0 0.035 0.0114866 1 
8 6 55 0.0674507 0.002 0.00916941 62 
9 6 55 0.0190644 0.033 0.0129669 14 
10 6 55 0 0.021 0.00903257 1 
11 6 55 0 0.017 0.0115339 1 
0 6 56 0.00842637 0.033 0.00767659 4 
1 6 56 0.00469568 0.002 0.0107657 16 
2 6 56 0.00082093 0.04 0.00971121 3 
3 6 56 0.00401286 0.041 0.0102142 3 
4 6 56 0.00624392 0.002 0.011021 4 
5 6 56 0.0314988 0.006 0.0113852 31 
6 6 56 0.00377486 0.002 0.00947142 4 
7 6 56 0 0.037 0.00830329 1 
8 6 56 0.00358037 0.044 0.00946576 3 
9 6 56 0.00475668 0.034 0.0103856 3 
10 6 56 0.0032067 0.029 0.00868631 3 
11 6 56 0.0066938 0.02 0.0112669 5 
0 6 57 0.0215276 0.009 0.00830774 19 
1 6 57 0 0.011 0.0104247 1 
2 6 57 0.0168423 0.028 0.0127065 11 
3 6 57 0 0.008 0.00953398 1 
4 6 57 0.0870762 0.003 0.00858646 49 
5 6 57 0.00366801 0.002 0.0101726 3 
6 6 57 0 0.019 0.00631753 1 
7 6 57 0.0048773 0.047 0.0119264 6 
8 6 57 0 0.004 0.0105254 1 
9 6 57 0.0157465 0.004 0.0122108 25 
10 6 57 0.0203359 0.003 0.0116894 12 
11 6 57 0 0.04 0.00977334 1 
0 6 58 0.00144423 0.041 0.0115912 2 
1 6 58 0.00192651 0.036 0.0112101 2 
2 6 58 0.0108551 0.011 0.0137589 31 
3 6 58 0.000229994 0.013 0.0126289 2 
4 6 58 0.0155586 0.028 0.0103429 7 
5 6 58 0.00492879 0.023 0.010278 6 
6 6 58 0.000920486 0.022 0.0088521 2 
7 6 58 0 0.002 0.0095981 1 
8 6 58 0.000936265 0.003 0.00711345 2 
9 6 58 0.000290514 0.005 0.00872485 2 
10 6 58 0.0441383 0.002 0.0081266 57 
11 6 58 0.000290514 0.009 0.0119281 2 
0 6 59 0 0.035 0.00533007 1 
1 6 59 0 0.008 0.0104108 1 
2 6 59 0.0142141 0.013 0.0104798 18 
3 6 59 0.016373 0.025 0.010058 13 
4 6 59 0 0.001 0.00985502 2 
5 6 59 0.0165472 0.03 0.0109161 16 
6 6 59 0.00184787 0.017 0.0115744 9 
7 6 59 1.79829e-05 0.003 0.00870549 2 
8 6 59 0 0.044 0.0109975 1 
9 6 59 0.00464809 0.023 0.0110367 18 
10 6 59 0 0.01 0.0117879 1 
11 6 59 0.00281009 0.013 0.0103124 5 
0 6 60 0.0349815 0.009 0.0135072 19 
1 6 60 0.0106653 0.025 0.0114001 7 
2 6 60 0 0.003 0.00800466 1 
3 6 60 0 0.007 0.00812455 1 
4 6 60 0 0.015 0.0125645 1 
5 6 60 0 0.026 0.00672508 1 
6 6 60 0 0.01 0.0123967 1 
7 6 60 9.64395e-05 0.039 0.00878912 2 
8 6 60 0.0310082 0.011 0.0132313 21 
9 6 60 0.000437482 0.002 0.00720026 3 
10 6 60 0 0.049 0.0102243 1 
11 6 60 0.02944 0.013 0.0116843 21 
