0 7 0 0.0115157 0.024 0.01255 12 
1 7 0 0 0.02 0.0111548 1 
2 7 0 0 0.01 0.011543 1 
3 7 0 0.0538098 0.038 0.0124589 11 
4 7 0 0 0.004 0.00937043 1 
5 7 0 0.0602906 0.011 0.0111084 4 
6 7 0 0.122019 0.037 0.0112401 19 
7 7 0 1 0.001 0.0261854 2 
8 7 0 0.0571947 0.006 0.0101902 7 
9 7 0 0.139125 0.022 0.0158354 13 
10 7 0 0.0237117 0.013 0.0122567 3 
11 7 0 0.127058 0.037 0.00975034 12 
0 7 1 0 0.028 0.0111712 1 
1 7 1 0.0229713 0.039 0.00883288 6 
2 7 1 0 0.015 0.0116744 1 
3 7 1 0.027167 0.019 0.010026 8 
4 7 1 0 0.002 0.0110487 1 
5 7 1 0.0642316 0.009 0.0136247 28 
6 7 1 0 0.007 0.00776596 1 
7 7 1 0.0331614 0.027 0.00669566 8 
8 7 1 0.0497837 0.02 0.0141279 23 
9 7 1 0.0192109 0.041 0.00899208 5 
10 7 1 0.00878425 0.029 0.0126478 2 
11 7 1 0.074559 0.002 0.0114686 45 
0 7 2 0.0342133 0.002 0.0131894 32 
1 7 2 0.0528526 0.002 0.0090587 41 
2 7 2 0.00345363 0.049 0.012875 3 
3 7 2 0.0203378 0.009 0.0117394 38 
4 7 2 0.0271663 0.038 0.0108694 6 
5 7 2 0.0239354 0.022 0.0111319 8 
6 7 2 0.000554456 0.005 0.0120668 2 
7 7 2 0.00463179 0.038 0.00952051 4 
8 7 2 0 0.033 0.0126927 1 
9 7 2 0 0.029 0.0110534 1 
10 7 2 0.0244408 0.027 0.0107038 20 
11 7 2 0.00250542 0.012 0.0112133 5 
0 7 3 0 0.031 0.0105496 1 
1 7 3 0.0332244 0.01 0.00783805 27 
2 7 3 2.9013e-05 0.008 0.00809564 2 
3 7 3 0 0.045 0.00936494 1 
4 7 3 0.000137419 0.018 0.0108891 2 
5 7 3 0.0217458 0.021 0.0132336 12 
6 7 3 0 0.025 0.0122483 1 
7 7 3 0 0.017 0.0130193 1 
8 7 3 0 0.028 0.0122214 1 
9 7 3 0.0311982 0.003 0.0116542 27 
10 7 3 0 0.03 0.00844807 1 
11 7 3 0.0156828 0.007 0.0138413 12 
0 7 4 0.00522396 0.024 0.0113706 4 
1 7 4 0.00201363 0.006 0.0107293 4 
2 7 4 0.0104089 0.027 0.00882912 10 
3 7 4 0 0.035 0.0111209 1 
4 7 4 0.0248419 0.013 0.0108444 15 
5 7 4 0.0107271 0.049 0.0124357 8 
6 7 4 0.00443405 0.032 0.0109556 2 
7 7 4 0 0.012 0.013447 1 
8 7 4 0.00280251 0.015 0.0102364 4 
9 7 4 0 0.003 0.00866736 1 
10 7 4 0 0.005 0.00813044 1 
11 7 4 0 0.039 0.00902367 1 
0 7 5 0 0.028 0.0131771 1 
1 7 5 0 0.027 0.00763416 1 
2 7 5 0.0237095 0.031 0.0105708 10 
3 7 5 0.0150814 0.006 0.0114756 18 
4 7 5 0.0120552 0.004 0.00918801 9 
5 7 5 0 0.034 0.0110557 1 
6 7 5 0 0.009 0.0131868 1 
7 7 5 0.0164383 0.015 0.0100794 11 
8 7 5 0 0.043 0.0124393 1 
9 7 5 0.00234609 0.029 0.00753372 4 
10 7 5 0.00319415 0.013 0.0122489 6 
11 7 5 0 0.003 0.00882773 1 
0 7 6 0 0.04 0.0105825 1 
1 7 6 0.00172024 0.046 0.0149263 2 
2 7 6 0 0.029 0.0104218 1 
3 7 6 2.58495e-05 0.003 0.00777045 3 
4 7 6 0 0.007 0.0137052 1 
5 7 6 0 0.04 0.00996007 1 
6 7 6 0 0.017 0.0113778 1 
7 7 6 7.21253e-06 0.004 0.0120304 2 
8 7 6 0 0.016 0.012006 1 
9 7 6 0 0.011 0.0112186 1 
10 7 6 0 0.038 0.0121036 1 
11 7 6 0 0.033 0.0103874 1 
0 7 7 0.0137379 0.019 0.0137237 7 
1 7 7 0.0255264 0.006 0.010396 20 
2 7 7 0.00259721 0.015 0.0120511 2 
3 7 7 0 0.001 0.0150289 1 
4 7 7 0 0.005 0.0115614 1 
5 7 7 0.00992605 0.038 0.0125812 6 
6 7 7 0 0.011 0.00868024 1 
7 7 7 0 0.028 0.0118849 1 
8 7 7 0.000198591 0.001 0.0105821 2 
9 7 7 0 0.027 0.00938166 1 
10 7 7 0.00372623 0.003 0.00740928 2 
11 7 7 0 0.036 0.0111496 1 
0 7 8 0.00383134 0.011 0.0111466 10 
1 7 8 0 0.006 0.0102656 1 
2 7 8 0.0107692 0.02 0.0112244 5 
3 7 8 0.0107935 0.009 0.00830098 10 
4 7 8 0 0.008 0.0136575 1 
5 7 8 0.0137117 0.007 0.0104133 16 
6 7 8 0.00372518 0.043 0.0135998 2 
7 7 8 0 0.047 0.0101498 1 
8 7 8 0 0.01 0.0117073 1 
9 7 8 0.000175123 0.005 0.0117734 2 
10 7 8 0.000382791 0.021 0.010255 2 
11 7 8 0 0.016 0.0148274 1 
0 7 9 0 0.018 0.0150583 1 
1 7 9 0.0047368 0.025 0.0166184 5 
2 7 9 0.00440253 0.03 0.00938746 3 
3 7 9 0.0182701 0.008 0.0123075 20 
4 7 9 0 0.047 0.0142622 1 
5 7 9 0.000253551 0.005 0.0111352 2 
6 7 9 0.0199835 0.001 0.0133921 17 
7 7 9 0.0312092 0.008 0.0144181 15 
8 7 9 0 0.031 0.0111725 1 
9 7 9 0.00454677 0.022 0.00998776 4 
10 7 9 0 0.022 0.0119283 1 
11 7 9 0.000362747 0.019 0.00925142 2 
0 7 10 0 0.047 0.0103138 1 
1 7 10 0 0.003 0.00992181 1 
2 7 10 0 0.042 0.00997094 1 
3 7 10 9.67968e-05 0.008 0.0101046 2 
4 7 10 0.0133625 0.021 0.0119247 9 
5 7 10 0.00311366 0.014 0.0127166 3 
6 7 10 0 0.038 0.00946875 1 
7 7 10 0.0101265 0.021 0.0116377 4 
8 7 10 0.00547957 0.008 0.0114293 13 
9 7 10 0.00225204 0.006 0.0112353 3 
10 7 10 0.0175609 0.003 0.0104234 22 
11 7 10 0.000669775 0.021 0.0120527 2 
0 7 11 0 0.03 0.0103179 1 
1 7 11 0.0268963 0.011 0.0142373 22 
2 7 11 0.014883 0.014 0.00988387 13 
3 7 11 0.000312466 0.037 0.0108096 2 
4 7 11 0.00671348 0.01 0.0109411 5 
5 7 11 0.00559364 0.002 0.0123834 2 
6 7 11 0 0.026 0.0113097 1 
7 7 11 0.000141382 0.014 0.00984325 2 
8 7 11 0.0282607 0.008 0.0112629 20 
9 7 11 0 0.001 0.0141415 1 
10 7 11 0.00130601 0.016 0.0121822 5 
11 7 11 0 0.034 0.00752462 1 
0 7 12 0 0.012 0.0119153 1 
1 7 12 0 0.049 0.0113371 1 
2 7 12 0 0.006 0.009346 1 
3 7 12 0.0219028 0.008 0.0154169 14 
4 7 12 0 0.031 0.011595 1 
5 7 12 0 0.018 0.0116029 1 
6 7 12 0 0.025 0.0122521 1 
7 7 12 0.00134217 0.038 0.010852 7 
8 7 12 0 0.01 0.0113113 1 
9 7 12 0.00688475 0.026 0.00789129 10 
10 7 12 0.0195047 0.001 0.0143938 10 
11 7 12 0.000749122 0.008 0.0103541 2 
0 7 13 0 0.01 0.0148556 1 
1 7 13 0 0.007 0.0133672 1 
2 7 13 0.0364991 0.005 0.00633834 34 
3 7 13 0.00579955 0.044 0.0117457 3 
4 7 13 0 0.022 0.0107999 1 
5 7 13 0.00253071 0.019 0.0122082 2 
6 7 13 0.00292147 0.026 0.00939565 3 
7 7 13 0.0091964 0.019 0.0106979 9 
8 7 13 0 0.025 0.0101425 1 
9 7 13 0.0184222 0.017 0.00805886 12 
10 7 13 0 0.013 0.0141348 1 
11 7 13 0.00200368 0.028 0.0124866 4 
0 7 14 0 0.035 0.013815 1 
1 7 14 0 0.021 0.0089226 1 
2 7 14 0 0.027 0.0129294 1 
3 7 14 0.0329906 0.001 0.0109555 60 
4 7 14 0 0.001 0.0131904 1 
5 7 14 0 0.044 0.0154132 1 
6 7 14 0.0284078 0.015 0.013068 14 
7 7 14 0 0.03 0.00817726 1 
8 7 14 0.00769882 0.014 0.00957778 4 
9 7 14 0.00135447 0.021 0.0137895 2 
10 7 14 0 0.002 0.0103988 1 
11 7 14 0.00273651 0.01 0.0114365 6 
0 7 15 0.00111133 0.042 0.0126216 2 
1 7 15 0.0229018 0.001 0.00909391 16 
2 7 15 0.026145 0.018 0.0124604 11 
3 7 15 0 0.048 0.0124724 1 
4 7 15 0.0435748 0.002 0.00977918 36 
5 7 15 0 0.028 0.0134202 1 
6 7 15 0.00352637 0.014 0.0101719 4 
7 7 15 0 0.031 0.0112347 1 
8 7 15 0 0.037 0.0103407 1 
9 7 15 0 0.019 0.0130028 1 
10 7 15 0 0.012 0.0144978 1 
11 7 15 0 0.002 0.0114363 1 
0 7 16 0 0.03 0.0102776 1 
1 7 16 0 0.04 0.0108295 1 
2 7 16 7.1993e-05 0.002 0.011574 2 
3 7 16 0 0.039 0.0125144 1 
4 7 16 0.00272038 0.025 0.0121652 3 
5 7 16 0.00796461 0.014 0.0131919 3 
6 7 16 0 0.031 0.0126234 1 
7 7 16 0 0.017 0.0118822 1 
8 7 16 0.0123427 0.022 0.0104014 9 
9 7 16 0 0.004 0.00935847 1 
10 7 16 0.00239746 0.039 0.0116214 2 
11 7 16 0.00124618 0.044 0.00820928 2 
0 7 17 0.000419887 0.018 0.0154694 3 
1 7 17 0.0321818 0.005 0.00957013 30 
2 7 17 0 0.03 0.0151127 1 
3 7 17 0 0.026 0.00947994 1 
4 7 17 0 0.02 0.0134223 1 
5 7 17 0 0.048 0.0132292 1 
6 7 17 0 0.005 0.010271 1 
7 7 17 0 0.035 0.0159023 1 
8 7 17 0 0.035 0.00933171 1 
9 7 17 0 0.023 0.0112856 1 
10 7 17 0.00349357 0.026 0.0122283 8 
11 7 17 0 0.024 0.0123865 1 
0 7 18 0.0155777 0.012 0.0119699 14 
1 7 18 0 0.046 0.00848103 1 
2 7 18 0 0.012 0.0143573 1 
3 7 18 0 0.006 0.0135651 1 
4 7 18 0.0082642 0.001 0.013815 2 
5 7 18 0.0260814 0.021 0.0108895 16 
6 7 18 0.00998239 0.029 0.00945112 5 
7 7 18 0.00352479 0.043 0.010118 3 
8 7 18 0 0.046 0.0104642 1 
9 7 18 0 0.008 0.0108904 1 
10 7 18 0 0.047 0.00696278 1 
11 7 18 0.0197418 0.011 0.01532 18 
0 7 19 0.00595463 0.039 0.00976498 5 
1 7 19 0.0015023 0.003 0.0139681 2 
2 7 19 3.45342e-05 0.031 0.0107203 2 
3 7 19 0 0.002 0.0101092 1 
4 7 19 0.00393481 0.002 0.00914012 2 
5 7 19 0.0983545 0.005 0.0134368 45 
6 7 19 0.00345906 0.032 0.0104258 3 
7 7 19 0.0595488 0.001 0.0118898 37 
8 7 19 0.00543196 0.036 0.0105631 6 
9 7 19 0 0.025 0.0111322 1 
10 7 19 0.00974123 0.02 0.0134978 13 
11 7 19 5.10421e-05 0.012 0.00879613 2 
0 7 20 0.0352216 0.003 0.0117071 28 
1 7 20 0 0.019 0.0144062 1 
2 7 20 0 0.023 0.0104984 1 
3 7 20 0 0.027 0.00858844 1 
4 7 20 0 0.03 0.0132201 1 
5 7 20 0.0298806 0.008 0.0127315 18 
6 7 20 0.0121591 0.018 0.00855881 8 
7 7 20 0.00411519 0.027 0.00845111 3 
8 7 20 0.0461369 0.005 0.0122065 30 
9 7 20 0.0440091 0.007 0.0130804 27 
10 7 20 0 0.005 0.0137634 1 
11 7 20 0.00813571 0.033 0.0123422 9 
0 7 21 0 0.034 0.00955136 1 
1 7 21 0 0.008 0.0148096 1 
2 7 21 0.00391352 0.031 0.0131658 6 
3 7 21 0 0.043 0.00783056 1 
4 7 21 0 0.031 0.012199 1 
5 7 21 0 0.017 0.0176186 1 
6 7 21 0 0.001 0.0112423 1 
7 7 21 0 0.018 0.0111428 1 
8 7 21 0.0027145 0.032 0.00957596 2 
9 7 21 0.000325763 0.021 0.0107023 4 
10 7 21 0.00526748 0.027 0.0129259 7 
11 7 21 0.0026088 0.046 0.0117345 4 
0 7 22 0.000491871 0.02 0.0105517 5 
1 7 22 0 0.028 0.00841908 1 
2 7 22 0 0.036 0.0076191 1 
3 7 22 0 0.005 0.0108893 1 
4 7 22 0.00153481 0.003 0.0104799 6 
5 7 22 0 0.02 0.00971589 1 
6 7 22 0 0.013 0.0120007 1 
7 7 22 0.00136209 0.022 0.0108994 2 
8 7 22 0 0.048 0.0105591 1 
9 7 22 0 0.016 0.0131395 1 
10 7 22 0 0.002 0.0114188 1 
11 7 22 0 0.042 0.0102297 1 
0 7 23 0 0.008 0.0129627 1 
1 7 23 0 0.024 0.0108592 1 
2 7 23 0.00527491 0.01 0.0106254 6 
3 7 23 0.00106507 0.013 0.0094836 6 
4 7 23 0.00657567 0.02 0.0115967 5 
5 7 23 0.00266825 0.025 0.0103579 2 
6 7 23 0.000231198 0.008 0.00864108 4 
7 7 23 0 0.037 0.0119637 1 
8 7 23 0.000857423 0.011 0.0114993 2 
9 7 23 0.000517611 0.006 0.00955297 3 
10 7 23 0.00412331 0.004 0.0125742 6 
11 7 23 0 0.026 0.0150588 1 
0 7 24 0.0160907 0.03 0.0124984 7 
1 7 24 0.0488231 0.009 0.0137098 35 
2 7 24 0 0.039 0.0107991 1 
3 7 24 0.00393366 0.017 0.0120437 10 
4 7 24 0.00122661 0.001 0.0100396 2 
5 7 24 0.00071782 0.014 0.00916036 2 
6 7 24 0.00636792 0.041 0.0129237 3 
7 7 24 0.000116866 0.02 0.011136 2 
8 7 24 0.000459941 0.016 0.0106545 2 
9 7 24 0.000200358 0.001 0.0117065 2 
10 7 24 0.00127563 0.034 0.00788357 2 
11 7 24 0 0.036 0.0132652 1 
0 7 25 0.00497758 0.02 0.00842421 3 
1 7 25 0.0266389 0.01 0.00929184 14 
2 7 25 0.00331978 0.016 0.013548 7 
3 7 25 0 0.032 0.0104016 1 
4 7 25 0.0464386 0.003 0.0150015 41 
5 7 25 0 0.043 0.0115481 1 
6 7 25 0.000318679 0.004 0.0120827 2 
7 7 25 0 0.015 0.0112474 1 
8 7 25 0 0.046 0.00824819 1 
9 7 25 0 0.042 0.00994461 1 
10 7 25 0 0.049 0.0133632 1 
11 7 25 0 0.041 0.0129993 1 
0 7 26 0 0.036 0.0158441 1 
1 7 26 0.00178904 0.009 0.0120587 3 
2 7 26 0.0686106 0.001 0.0151323 46 
3 7 26 0.000102116 0.022 0.00772691 2 
4 7 26 0 0.039 0.0128262 1 
5 7 26 0 0.035 0.0115717 1 
6 7 26 0 0.017 0.00911787 1 
7 7 26 0 0.002 0.0123256 1 
8 7 26 0 0.042 0.0120895 1 
9 7 26 0 0.026 0.0148275 1 
10 7 26 0.00025467 0.017 0.0107875 2 
11 7 26 0 0.033 0.0117246 1 
0 7 27 7.24599e-05 0.011 0.00716559 2 
1 7 27 0.0139689 0.012 0.0126723 12 
2 7 27 0.0116741 0.023 0.010968 9 
3 7 27 0.00601163 0.017 0.00963824 11 
4 7 27 0 0.031 0.0120605 1 
5 7 27 0 0.039 0.013787 1 
6 7 27 0 0.022 0.0083312 1 
7 7 27 0.00220867 0.009 0.00998151 6 
8 7 27 0.021571 0.008 0.0108739 18 
9 7 27 0 0.041 0.00846964 1 
10 7 27 0.0947891 0.001 0.0172332 70 
11 7 27 0 0.042 0.0149483 1 
0 7 28 0 0.004 0.0107546 1 
1 7 28 0.0370092 0.001 0.0136175 25 
2 7 28 0.00134414 0.042 0.01279 3 
3 7 28 0 0.046 0.0129796 1 
4 7 28 0.000458371 0.025 0.00942267 2 
5 7 28 0 0.045 0.00927815 1 
6 7 28 0.00371951 0.031 0.00834036 2 
7 7 28 0.0041481 0.016 0.00787502 7 
8 7 28 0.00916077 0.001 0.00846501 8 
9 7 28 0.014918 0.013 0.0181348 18 
10 7 28 0 0.011 0.00957166 1 
11 7 28 0 0.024 0.0100957 1 
0 7 29 0.00188725 0.028 0.00917256 2 
1 7 29 0.00553644 0.027 0.0108239 9 
2 7 29 0.0396497 0.011 0.0128292 23 
3 7 29 0.00324852 0.01 0.0119709 5 
4 7 29 0 0.047 0.0163686 1 
5 7 29 0.00643486 0.022 0.00986504 5 
6 7 29 0 0.048 0.0125298 1 
7 7 29 0 0.019 0.0100335 1 
8 7 29 0.0070511 0.026 0.0122433 8 
9 7 29 0.0337185 0.001 0.0128247 64 
10 7 29 0 0.002 0.0116621 1 
11 7 29 0.000736539 0.032 0.0114918 2 
0 7 30 0 0.009 0.013948 1 
1 7 30 0.0330311 0.01 0.0123532 27 
2 7 30 6.55174e-05 0.018 0.0121459 2 
3 7 30 0 0.002 0.0115603 1 
4 7 30 0 0.029 0.0135836 1 
5 7 30 0 0.035 0.0119672 1 
6 7 30 0.0542004 0.004 0.0113687 39 
7 7 30 0 0.013 0.0103787 1 
8 7 30 0.00123643 0.005 0.0120663 2 
9 7 30 0 0.04 0.0106072 1 
10 7 30 0.000417753 0.028 0.0111446 2 
11 7 30 0.0673124 0.002 0.0103652 52 
0 7 31 0.00226923 0.008 0.00881328 2 
1 7 31 0.00199217 0.029 0.012129 2 
2 7 31 0 0.02 0.00945541 1 
3 7 31 0 0.008 0.0108896 1 
4 7 31 0 0.028 0.0121026 1 
5 7 31 0.000309192 0.019 0.0111738 4 
6 7 31 0.000917447 0.001 0.0124382 3 
7 7 31 0.0116976 0.041 0.0123741 7 
8 7 31 0 0.015 0.00800103 1 
9 7 31 0 0.035 0.0110864 1 
10 7 31 0 0.04 0.0137599 1 
11 7 31 0 0.033 0.011324 1 
0 7 32 0 0.041 0.0117059 1 
1 7 32 0 0.037 0.0108879 1 
2 7 32 0.0345996 0.014 0.0143579 14 
3 7 32 0.0248066 0.003 0.0109963 25 
4 7 32 0.0410777 0.003 0.0141677 39 
5 7 32 0 0.037 0.0114906 1 
6 7 32 0 0.009 0.0137902 1 
7 7 32 0.0101368 0.008 0.0115051 8 
8 7 32 0.0361033 0.011 0.0135753 18 
9 7 32 0.000104121 0.012 0.0104251 2 
10 7 32 0 0.014 0.0111252 1 
11 7 32 0.00547919 0.023 0.0142189 3 
0 7 33 0.0162394 0.014 0.00961479 8 
1 7 33 0.00269397 0.036 0.0141441 4 
2 7 33 0.00751916 0.027 0.0111608 4 
3 7 33 0.00863887 0.011 0.0123431 3 
4 7 33 0 0.029 0.0101364 1 
5 7 33 0 0.043 0.0132447 1 
6 7 33 0 0.02 0.00979965 1 
7 7 33 0.0103402 0.011 0.0119102 6 
8 7 33 0.0414091 0.012 0.011983 27 
9 7 33 0.0120013 0.022 0.012155 12 
10 7 33 0 0.01 0.0078934 1 
11 7 33 0.0025256 0.022 0.0102744 2 
0 7 34 0.0113055 0.012 0.0111523 14 
1 7 34 0.045139 0.006 0.0114885 26 
2 7 34 0 0.028 0.00977677 1 
3 7 34 0.0130735 0.014 0.0138966 8 
4 7 34 0 0.015 0.0135775 1 
5 7 34 0 0.029 0.0110284 1 
6 7 34 0.00167361 0.008 0.0126545 2 
7 7 34 0.00292827 0.003 0.00806269 2 
8 7 34 0 0.043 0.0118047 1 
9 7 34 0 0.02 0.00974402 1 
10 7 34 0.00684528 0.03 0.0102035 3 
11 7 34 0.00361548 0.028 0.0106038 3 
0 7 35 0.0886341 0.001 0.0129228 46 
1 7 35 0 0.027 0.00895205 1 
2 7 35 0.000549611 0.03 0.012354 2 
3 7 35 0.00703311 0.007 0.0078675 7 
4 7 35 0.0475799 0.001 0.0143829 37 
5 7 35 0 0.027 0.0126474 1 
6 7 35 0 0.045 0.0120713 1 
7 7 35 0 0.022 0.00894402 1 
8 7 35 0.00374902 0.016 0.00767253 3 
9 7 35 0.000673347 0.005 0.010609 2 
10 7 35 0.00286087 0.028 0.0104376 5 
11 7 35 0.000364929 0.011 0.0116115 2 
0 7 36 0.00270327 0.009 0.00852357 5 
1 7 36 0 0.026 0.0104716 1 
2 7 36 0 0.019 0.013426 1 
3 7 36 0 0.041 0.0122158 1 
4 7 36 0.000103987 0.049 0.0085724 2 
5 7 36 0.00184177 0.002 0.0136812 3 
6 7 36 0.0905754 0.007 0.0129819 31 
7 7 36 0.0297875 0.008 0.013394 15 
8 7 36 0 0.012 0.0128815 1 
9 7 36 0 0.024 0.00775191 1 
10 7 36 0 0.046 0.0105874 1 
11 7 36 0 0.046 0.0127961 1 
0 7 37 0 0.039 0.0153297 1 
1 7 37 0 0.001 0.00982914 1 
2 7 37 0 0.046 0.0102119 1 
3 7 37 0.00789084 0.018 0.00997832 10 
4 7 37 0 0.015 0.00820034 1 
5 7 37 0 0.029 0.0144202 1 
6 7 37 0.0882014 0.001 0.0155486 56 
7 7 37 0 0.012 0.010518 1 
8 7 37 0 0.01 0.0105371 1 
9 7 37 0 0.011 0.0101946 1 
10 7 37 0 0.044 0.00954304 1 
11 7 37 0.0194958 0.013 0.010141 12 
0 7 38 0 0.003 0.0144278 1 
1 7 38 0 0.047 0.0103928 1 
2 7 38 0 0.007 0.0114052 1 
3 7 38 0 0.036 0.0137999 1 
4 7 38 0.0196855 0.009 0.00965313 17 
5 7 38 0.00566804 0.015 0.0171657 3 
6 7 38 0.0104504 0.033 0.0101643 10 
7 7 38 0.00359209 0.006 0.012929 7 
8 7 38 0 0.042 0.0112702 1 
9 7 38 0 0.041 0.0096663 1 
10 7 38 0.0219391 0.013 0.0117555 15 
11 7 38 0.00227542 0.01 0.0126919 2 
0 7 39 0.004691 0.005 0.0134045 3 
1 7 39 0.00890334 0.008 0.0122145 11 
2 7 39 0 0.039 0.00983704 1 
3 7 39 0 0.04 0.00956991 1 
4 7 39 0 0.031 0.0104239 1 
5 7 39 0.0394311 0.003 0.0110858 35 
6 7 39 0.00040973 0.002 0.0147604 3 
7 7 39 0.00785821 0.012 0.00999972 11 
8 7 39 0 0.018 0.0114893 1 
9 7 39 0 0.032 0.0112115 1 
10 7 39 0 0.032 0.0149165 1 
11 7 39 0 0.041 0.0141879 1 
0 7 40 0.0235356 0.017 0.0130971 15 
1 7 40 0 0.033 0.0139893 1 
2 7 40 0.0020605 0.002 0.010329 4 
3 7 40 0 0.034 0.00938254 1 
4 7 40 0 0.006 0.0106321 1 
5 7 40 0.0240668 0.011 0.0125724 20 
6 7 40 0 0.024 0.0127494 1 
7 7 40 0 0.003 0.0106824 1 
8 7 40 0.0243725 0.007 0.00918355 18 
9 7 40 0.00247523 0.013 0.0152611 2 
10 7 40 0 0.042 0.0123635 1 
11 7 40 0.00260178 0.004 0.00891722 2 
0 7 41 0.00576898 0.038 0.00739914 8 
1 7 41 0.0447861 0.007 0.0093089 29 
2 7 41 0 0.034 0.0109039 1 
3 7 41 0 0.035 0.0124462 1 
4 7 41 0 0.045 0.00850731 1 
5 7 41 0.0179453 0.002 0.0149143 13 
6 7 41 0 0.015 0.00912944 1 
7 7 41 0.0153214 0.009 0.0137135 12 
8 7 41 0 0.024 0.00724922 1 
9 7 41 0 0.046 0.0122923 1 
10 7 41 0 0.012 0.0171419 1 
11 7 41 0 0.027 0.00814609 1 
0 7 42 0 0.023 0.0130411 1 
1 7 42 0.00110844 0.017 0.011306 2 
2 7 42 4.25789e-05 0.001 0.0115157 2 
3 7 42 0.0170538 0.012 0.0116846 16 
4 7 42 0.0607816 0.004 0.0100384 34 
5 7 42 0.00931082 0.048 0.010554 3 
6 7 42 0.016932 0.017 0.011066 9 
7 7 42 0.0259033 0.008 0.0108472 21 
8 7 42 0 0.026 0.0120052 1 
9 7 42 0 0.044 0.00964488 1 
10 7 42 0 0.041 0.0101917 1 
11 7 42 0.00835685 0.002 0.0111284 6 
0 7 43 0.00731436 0.023 0.0114153 4 
1 7 43 0.00122764 0.04 0.012152 2 
2 7 43 0 0.033 0.00680041 1 
3 7 43 0 0.009 0.0126113 1 
4 7 43 0 0.041 0.0108757 1 
5 7 43 0 0.021 0.0138119 1 
6 7 43 0.0066036 0.026 0.0103048 6 
7 7 43 0.0056663 0.013 0.0131861 4 
8 7 43 0.0082742 0.043 0.0136627 3 
9 7 43 0.0035486 0.03 0.00997137 5 
10 7 43 0 0.017 0.0109584 1 
11 7 43 0.00983372 0.044 0.0132427 3 
0 7 44 0.00831649 0.017 0.0114381 13 
1 7 44 0 0.049 0.012571 1 
2 7 44 0.00360842 0.024 0.0128544 3 
3 7 44 0.0770306 0.016 0.00832477 19 
4 7 44 0 0.003 0.00986312 1 
5 7 44 0.0361897 0.006 0.0098926 26 
6 7 44 0.0291981 0.001 0.0156804 18 
7 7 44 0.0592424 0.003 0.0136599 45 
8 7 44 0.00766587 0.001 0.0109554 3 
9 7 44 0.0027401 0.005 0.01175 2 
10 7 44 0.00475724 0.039 0.00994788 4 
11 7 44 0.00423768 0.013 0.00784285 2 
0 7 45 0 0.005 0.0132302 1 
1 7 45 0.0122994 0.033 0.0133732 5 
2 7 45 0.0219444 0.009 0.0128162 22 
3 7 45 0 0.014 0.0127457 1 
4 7 45 9.38569e-05 0.001 0.00923496 2 
5 7 45 0 0.045 0.00908597 1 
6 7 45 0 0.027 0.0113078 1 
7 7 45 0 0.006 0.015726 1 
8 7 45 0 0.046 0.0110129 1 
9 7 45 0.000286136 0.009 0.0126766 2 
10 7 45 0 0.013 0.00914972 2 
11 7 45 0.00853397 0.01 0.0110059 9 
0 7 46 0 0.04 0.0111781 1 
1 7 46 0 0.019 0.0132234 1 
2 7 46 0.0544262 0.008 0.0142839 33 
3 7 46 0.0724478 0.001 0.0120796 49 
4 7 46 0.000913023 0.005 0.0148231 2 
5 7 46 0 0.004 0.00592971 2 
6 7 46 0.00154613 0.035 0.0116424 2 
7 7 46 0.00259782 0.045 0.0154815 2 
8 7 46 0.0204257 0.022 0.0118889 13 
9 7 46 0.00747663 0.011 0.0105458 6 
10 7 46 0.0318694 0.003 0.0140813 34 
11 7 46 0 0.021 0.0116073 2 
0 7 47 0.0021371 0.022 0.0109132 2 
1 7 47 0.0466064 0.01 0.0110836 24 
2 7 47 0 0.04 0.0151043 1 
3 7 47 0.00215059 0.003 0.0174349 2 
4 7 47 0 0.033 0.0110192 1 
5 7 47 0 0.025 0.0112491 1 
6 7 47 0 0.016 0.0144503 1 
7 7 47 0.00208472 0.044 0.00919645 3 
8 7 47 0.00198587 0.016 0.012346 2 
9 7 47 0.0413232 0.002 0.0127669 38 
10 7 47 0 0.006 0.00779828 1 
11 7 47 0.0786694 0.002 0.0138284 49 
0 7 48 0 0.046 0.0119178 1 
1 7 48 0 0.034 0.0115799 1 
2 7 48 0.0378027 0.008 0.00480621 23 
3 7 48 0 0.005 0.00916862 1 
4 7 48 0 0.047 0.00877597 1 
5 7 48 0.00681046 0.003 0.00982712 3 
6 7 48 0 0.041 0.00885745 1 
7 7 48 0.00110338 0.015 0.0111289 2 
8 7 48 0 0.008 0.0105864 1 
9 7 48 0.000102155 0.006 0.013767 2 
10 7 48 0 0.049 0.0107738 1 
11 7 48 0.0540178 0.003 0.0103073 46 
0 7 49 0.0168146 0.01 0.0121429 15 
1 7 49 0 0.009 0.00882404 1 
2 7 49 0 0.002 0.0123732 1 
3 7 49 0 0.022 0.00885767 5 
4 7 49 0 0.025 0.0112528 1 
5 7 49 1.22588e-05 0.014 0.0106119 2 
6 7 49 0.00352196 0.027 0.00908851 2 
7 7 49 0 0.003 0.0097282 1 
8 7 49 0 0.011 0.0113491 1 
9 7 49 0.000499647 0.001 0.0141338 2 
10 7 49 0 0.044 0.0138671 1 
11 7 49 0.0299676 0.003 0.012662 29 
0 7 50 7.67653e-05 0.024 0.0102018 2 
1 7 50 0.0102685 0.015 0.0124218 9 
2 7 50 0 0.03 0.00996403 1 
3 7 50 0 0.044 0.0138165 1 
4 7 50 0.000415036 0.003 0.0124709 2 
5 7 50 0 0.027 0.0121474 1 
6 7 50 0 0.037 0.0147424 1 
7 7 50 0.0160889 0.032 0.00957365 9 
8 7 50 0 0.021 0.0108383 1 
9 7 50 0 0.038 0.0121611 1 
10 7 50 0 0.036 0.00906598 1 
11 7 50 0 0.027 0.0104139 1 
0 7 51 0.0289864 0.035 0.0133506 9 
1 7 51 0.035421 0.003 0.0158265 26 
2 7 51 0.0466742 0.008 0.0132168 33 
3 7 51 0 0.008 0.0100556 2 
4 7 51 0 0.042 0.0124216 1 
5 7 51 0.00202876 0.006 0.0137361 2 
6 7 51 0 0.011 0.0167372 1 
7 7 51 0.000152693 0.011 0.0104078 2 
8 7 51 0.0657751 0.005 0.0135476 40 
9 7 51 0.00520541 0.023 0.00903173 3 
10 7 51 0.00765691 0.016 0.00999395 3 
11 7 51 0 0.005 0.00997176 1 
0 7 52 0 0.039 0.00931056 1 
1 7 52 0 0.006 0.0121169 1 
2 7 52 0.00017578 0.003 0.0137622 2 
3 7 52 0.00077015 0.025 0.00753201 2 
4 7 52 0.0398107 0.006 0.0136734 21 
5 7 52 0 0.041 0.0137121 1 
6 7 52 0 0.039 0.0112909 1 
7 7 52 0 0.018 0.0101426 1 
8 7 52 0.0513491 0.01 0.0116877 22 
9 7 52 0 0.006 0.00788409 1 
10 7 52 0.0270803 0.008 0.00953477 24 
11 7 52 0.0390498 0.04 0.00985742 11 
0 7 53 0.0210397 0.005 0.0125163 27 
1 7 53 0.0495438 0.005 0.012261 27 
2 7 53 0 0.022 0.0116209 1 
3 7 53 0.0387713 0.005 0.0130106 29 
4 7 53 0 0.016 0.0112618 1 
5 7 53 0.0389774 0.004 0.0139841 30 
6 7 53 0 0.005 0.00865392 1 
7 7 53 0.0764964 0.001 0.0130037 49 
8 7 53 0 0.037 0.0140485 1 
9 7 53 0 0.041 0.0106485 1 
10 7 53 0 0.022 0.0110649 1 
11 7 53 0.0279932 0.004 0.0107067 17 
0 7 54 0 0.024 0.0101013 1 
1 7 54 0 0.03 0.00876454 1 
2 7 54 0.0469149 0.004 0.0117545 29 
3 7 54 0.0142103 0.016 0.0148451 16 
4 7 54 0 0.026 0.00842938 1 
5 7 54 0 0.019 0.0137089 1 
6 7 54 0.000547056 0.004 0.011184 3 
7 7 54 0 0.045 0.0104748 1 
8 7 54 0 0.046 0.0097287 1 
9 7 54 0.0267705 0.015 0.010149 16 
10 7 54 0 0.042 0.0106164 1 
11 7 54 0.0174146 0.005 0.00909203 8 
0 7 55 0 0.012 0.0104821 1 
1 7 55 0.00991629 0.002 0.00822177 3 
2 7 55 0.00556976 0.036 0.0084937 3 
3 7 55 0.0229734 0.024 0.0143292 8 
4 7 55 0 0.012 0.0143641 1 
5 7 55 0.000220326 0.04 0.00882654 2 
6 7 55 0 0.045 0.0123667 1 
7 7 55 0 0.048 0.0131068 1 
8 7 55 0.0217695 0.014 0.0128689 13 
9 7 55 0 0.034 0.0101012 1 
10 7 55 0 0.007 0.00883731 2 
11 7 55 0.00275384 0.026 0.0122179 2 
0 7 56 0.0276012 0.001 0.0101857 20 
1 7 56 0.00293745 0.027 0.0103318 2 
2 7 56 0.000710925 0.002 0.0100967 5 
3 7 56 0 0.028 0.0103407 1 
4 7 56 0 0.012 0.00899343 1 
5 7 56 0.00078466 0.027 0.0151255 2 
6 7 56 0 0.008 0.0104989 1 
7 7 56 0 0.038 0.0120316 1 
8 7 56 0.00401982 0.03 0.011388 6 
9 7 56 0 0.024 0.0131711 1 
10 7 56 0.00549305 0.029 0.0110961 7 
11 7 56 0 0.021 0.00849205 1 
0 7 57 0.0015211 0.001 0.0123843 2 
1 7 57 0 0.032 0.0131797 1 
2 7 57 0.00544294 0.029 0.010459 2 
3 7 57 0 0.037 0.013459 1 
4 7 57 0.00716882 0.014 0.013138 6 
5 7 57 0 0.027 0.0118646 1 
6 7 57 0.0398724 0.004 0.0115898 26 
7 7 57 0 0.048 0.00959846 1 
8 7 57 0.0548129 0.005 0.0147531 33 
9 7 57 0.00160328 0.008 0.0121261 3 
10 7 57 0.00614355 0.04 0.0125332 5 
11 7 57 0 0.018 0.0118354 1 
0 7 58 0.0034421 0.045 0.00909035 2 
1 7 58 0 0.026 0.0123906 1 
2 7 58 8.21833e-07 0.016 0.00907741 2 
3 7 58 0 0.04 0.0125432 1 
4 7 58 0.00580391 0.038 0.0113773 7 
5 7 58 0.0453614 0.012 0.00856997 24 
6 7 58 0 0.016 0.0112077 1 
7 7 58 0 0.028 0.0068728 1 
8 7 58 0.00510244 0.006 0.0139749 4 
9 7 58 0.00625068 0.03 0.011119 5 
10 7 58 0.00345349 0.023 0.012696 7 
11 7 58 0.00425542 0.022 0.0109419 5 
0 7 59 0 0.043 0.00872432 1 
1 7 59 0.00137071 0.008 0.0103762 2 
2 7 59 0.0212405 0.005 0.013571 14 
3 7 59 0.00377519 0.031 0.00994712 4 
4 7 59 0.0195195 0.021 0.0125352 6 
5 7 59 0.00641697 0.019 0.0106174 5 
6 7 59 7.51465e-06 0.019 0.00789208 2 
7 7 59 0 0.002 0.0101524 1 
8 7 59 0 0.002 0.0108291 1 
9 7 59 0.0178372 0.019 0.0110887 8 
10 7 59 0.0092445 0.017 0.00931983 7 
11 7 59 0 0.019 0.0100601 1 
0 7 60 8.89066e-05 0.028 0.00955489 2 
1 7 60 0.00797057 0.013 0.0085694 10 
2 7 60 0 0.019 0.0154544 1 
3 7 60 0 0.015 0.009957 1 
4 7 60 0 0.031 0.0140758 1 
5 7 60 0 0.02 0.0106926 1 
6 7 60 0 0.032 0.0124895 1 
7 7 60 0.00206585 0.001 0.0119167 3 
8 7 60 0 0.006 0.00951295 1 
9 7 60 0.00117575 0.017 0.0105224 2 
10 7 60 0 0.01 0.0123041 1 
11 7 60 0.00270076 0.025 0.0105537 7 
