0 8 0 0.0401025 0.016 0.011643 22 
1 8 0 0.2259 0.027 0.0137123 11 
2 8 0 0.0902319 0.042 0.0113629 3 
3 8 0 0.931003 0.029 0.0127295 2 
4 8 0 0.0213897 0.012 0.00996117 2 
5 8 0 0.0501629 0.009 0.0104733 3 
6 8 0 0.0412709 0.026 0.011691 2 
7 8 0 0.0132307 0.031 0.00837073 6 
8 8 0 1 0.016 0.00951743 2 
9 8 0 0.959051 0.043 0.0118492 2 
10 8 0 0.970204 0.023 0.00895989 2 
11 8 0 0.943687 0.006 0.0140965 3 
0 8 1 0 0.048 0.00817621 1 
1 8 1 0.0193781 0.003 0.00965679 16 
2 8 1 0 0.001 0.0106092 1 
3 8 1 0 0.008 0.0125002 1 
4 8 1 0 0.036 0.0140686 1 
5 8 1 0 0.044 0.010526 1 
6 8 1 0.00754387 0.033 0.00999516 5 
7 8 1 0.00129463 0.034 0.00848104 2 
8 8 1 0 0.025 0.00780371 1 
9 8 1 0.0152414 0.022 0.0145539 12 
10 8 1 0 0.014 0.00901076 1 
11 8 1 0 0.004 0.0125751 1 
0 8 2 0.0271613 0.012 0.00925621 28 
1 8 2 0 0.027 0.0104808 1 
2 8 2 0 0.038 0.00820984 1 
3 8 2 0 0.042 0.00885381 1 
4 8 2 0.00705158 0.004 0.00924788 10 
5 8 2 0.0032726 0.026 0.00942904 4 
6 8 2 0.00553465 0.047 0.00966047 3 
7 8 2 0.00127663 0.014 0.00829684 2 
8 8 2 0 0.041 0.0078192 1 
9 8 2 0 0.017 0.00888232 1 
10 8 2 0 0.013 0.00838763 1 
11 8 2 0 0.048 0.0100313 1 
0 8 3 0 0.011 0.00826501 1 
1 8 3 0 0.029 0.0114028 1 
2 8 3 0 0.025 0.0104166 1 
3 8 3 0 0.04 0.0142007 1 
4 8 3 0.00332297 0.001 0.0113817 4 
5 8 3 0.00271803 0.001 0.00979333 3 
6 8 3 0 0.009 0.0085456 1 
7 8 3 0.000471911 0.015 0.0109692 2 
8 8 3 0 0.047 0.0109429 1 
9 8 3 0 0.028 0.0109247 1 
10 8 3 0.0153216 0.014 0.0100617 12 
11 8 3 0 0.049 0.0109471 1 
0 8 4 0.00388134 0.045 0.00775419 3 
1 8 4 0.0262488 0.011 0.0121162 17 
2 8 4 0.0046201 0.004 0.010493 5 
3 8 4 0 0.034 0.0110234 1 
4 8 4 0.0011362 0.024 0.00912752 2 
5 8 4 0 0.047 0.00780669 1 
6 8 4 0 0.012 0.00815561 1 
7 8 4 0.000262971 0.02 0.0123845 2 
8 8 4 0.00162731 0.036 0.00830284 2 
9 8 4 0.00973712 0.028 0.00518947 9 
10 8 4 0.00197147 0.034 0.0049242 3 
11 8 4 0 0.039 0.00998863 1 
0 8 5 0.00945845 0.026 0.00885138 14 
1 8 5 0 0.02 0.0116435 1 
2 8 5 0.00172394 0.043 0.0153294 2 
3 8 5 0.00373909 0.002 0.0123179 9 
4 8 5 8.49249e-06 0.013 0.0108262 2 
5 8 5 0 0.024 0.0104969 1 
6 8 5 0 0.029 0.0089642 1 
7 8 5 0 0.035 0.0144185 1 
8 8 5 0.0498541 0.001 0.0144011 46 
9 8 5 0.00187964 0.002 0.00947663 2 
10 8 5 0 0.032 0.00982024 1 
11 8 5 0 0.029 0.0147194 1 
0 8 6 5.48371e-06 0.013 0.0107722 2 
1 8 6 0 0.049 0.00908628 1 
2 8 6 0 0.002 0.0135574 1 
3 8 6 0.0178277 0.013 0.010842 27 
4 8 6 0 0.004 0.011959 1 
5 8 6 0 0.002 0.0101958 1 
6 8 6 5.83718e-05 0.005 0.00931251 3 
7 8 6 0.0176569 0.002 0.00918191 4 
8 8 6 0.00390111 0.032 0.00946479 4 
9 8 6 0 0.01 0.00872056 1 
10 8 6 0.00120273 0.038 0.00988754 4 
11 8 6 0 0.043 0.00964546 1 
0 8 7 0 0.003 0.00576025 1 
1 8 7 0.0255833 0.04 0.00700127 10 
2 8 7 0.00715157 0.034 0.0122793 4 
3 8 7 0 0.044 0.00978427 1 
4 8 7 0 0.043 0.00957066 1 
5 8 7 0 0.008 0.00891866 1 
6 8 7 0 0.031 0.0106528 1 
7 8 7 0 0.009 0.00999899 1 
8 8 7 0 0.048 0.0103373 1 
9 8 7 0 0.041 0.0094511 1 
10 8 7 0 0.016 0.0134414 1 
11 8 7 0.00833125 0.018 0.0135313 9 
0 8 8 0.0149621 0.026 0.00881022 14 
1 8 8 0 0.004 0.011353 1 
2 8 8 0.0113591 0.001 0.00674865 9 
3 8 8 0.0125492 0.019 0.00973047 7 
4 8 8 0 0.047 0.00770268 1 
5 8 8 0.000498074 0.013 0.0111839 2 
6 8 8 0 0.048 0.00938247 1 
7 8 8 0 0.012 0.00694621 1 
8 8 8 0.0149699 0.007 0.00907538 11 
9 8 8 0 0.001 0.0093911 1 
10 8 8 0.0232632 0.003 0.00501764 21 
11 8 8 0 0.014 0.0109526 1 
0 8 9 0 0.017 0.00884912 1 
1 8 9 0 0.014 0.0123166 1 
2 8 9 0.0436041 0.014 0.00941585 17 
3 8 9 0.0185498 0.012 0.00874939 17 
4 8 9 0 0.004 0.00994755 1 
5 8 9 0.00817091 0.043 0.0104304 6 
6 8 9 0 0.043 0.0118645 1 
7 8 9 0.0524367 0.006 0.0114459 33 
8 8 9 0.00585494 0.011 0.00733064 3 
9 8 9 0.0580838 0.004 0.00937529 27 
10 8 9 0 0.025 0.01198 1 
11 8 9 0 0.027 0.0104121 1 
0 8 10 0 0.045 0.0102814 1 
1 8 10 0 0.042 0.0131238 1 
2 8 10 0.0226792 0.002 0.00829243 16 
3 8 10 0.0193778 0.013 0.010865 14 
4 8 10 0.0238589 0.005 0.0116774 10 
5 8 10 0.0129314 0.034 0.0116655 7 
6 8 10 0.00426872 0.018 0.0066377 5 
7 8 10 0 0.004 0.00675175 1 
8 8 10 0.0335522 0.013 0.0109962 32 
9 8 10 0 0.045 0.0119459 1 
10 8 10 0.0286239 0.019 0.00988743 20 
11 8 10 0.00639932 0.034 0.0100327 18 
0 8 11 0 0.024 0.00847724 1 
1 8 11 0 0.004 0.00804816 1 
2 8 11 2.13594e-05 0.015 0.00986643 2 
3 8 11 0 0.031 0.00717353 1 
4 8 11 0 0.048 0.00852709 1 
5 8 11 0 0.038 0.0110594 1 
6 8 11 0 0.018 0.0103766 1 
7 8 11 0.0246288 0.013 0.0130118 13 
8 8 11 0.0161874 0.002 0.0115622 21 
9 8 11 0.0506104 0.028 0.00707876 16 
10 8 11 0 0.01 0.00882797 1 
11 8 11 0.0436044 0.014 0.0106406 25 
0 8 12 0.0172266 0.005 0.00776319 8 
1 8 12 0.0591118 0.001 0.0107139 59 
2 8 12 0.0398583 0.011 0.00968244 20 
3 8 12 0 0.014 0.00730452 1 
4 8 12 0 0.001 0.00985713 1 
5 8 12 0 0.01 0.012992 1 
6 8 12 0.000714409 0.01 0.00709116 2 
7 8 12 0 0.038 0.0104376 1 
8 8 12 0.0514318 0.006 0.0103647 24 
9 8 12 0 0.001 0.00815085 1 
10 8 12 0.037007 0.011 0.0106809 26 
11 8 12 0.0258733 0.031 0.00846357 10 
0 8 13 0.0187184 0.001 0.00937029 13 
1 8 13 0.0224001 0.007 0.0104491 27 
2 8 13 0 0.041 0.00976657 1 
3 8 13 0 0.003 0.0112143 1 
4 8 13 0 0.049 0.00955251 1 
5 8 13 0 0.049 0.0125018 1 
6 8 13 0.000769679 0.004 0.010338 2 
7 8 13 0 0.021 0.0102669 1 
8 8 13 0.0459351 0.004 0.00774861 33 
9 8 13 0.00467899 0.034 0.0115807 3 
10 8 13 0.0243672 0.011 0.0101106 17 
11 8 13 0.0400238 0.009 0.00690004 30 
0 8 14 0.00658008 0.036 0.010893 4 
1 8 14 0.0221254 0.01 0.00933983 16 
2 8 14 0 0.047 0.0101357 1 
3 8 14 0.012803 0.022 0.0118841 7 
4 8 14 0 0.002 0.00840445 1 
5 8 14 0 0.019 0.00949345 1 
6 8 14 0 0.027 0.0116781 1 
7 8 14 0 0.026 0.0104306 1 
8 8 14 0 0.046 0.0107718 1 
9 8 14 0 0.04 0.0130096 1 
10 8 14 0.000928329 0.009 0.0118195 4 
11 8 14 0.0215765 0.022 0.00860306 11 
0 8 15 0.00152014 0.002 0.00769038 3 
1 8 15 0 0.016 0.00906427 1 
2 8 15 0.000421721 0.015 0.00887093 2 
3 8 15 0.00150569 0.033 0.00878835 2 
4 8 15 0 0.027 0.0135771 1 
5 8 15 0.0155367 0.002 0.0137624 17 
6 8 15 0 0.046 0.0119829 1 
7 8 15 0 0.007 0.0130849 1 
8 8 15 0.00242706 0.027 0.00886507 3 
9 8 15 0.0018008 0.049 0.00804424 2 
10 8 15 0 0.029 0.0142682 1 
11 8 15 0 0.048 0.0104654 1 
0 8 16 0.00115885 0.024 0.0109951 4 
1 8 16 0 0.005 0.0138103 1 
2 8 16 0 0.042 0.0128497 1 
3 8 16 0.00181946 0.018 0.00945739 2 
4 8 16 0 0.001 0.0135736 1 
5 8 16 0.00781918 0.011 0.00923649 8 
6 8 16 0 0.048 0.00876092 1 
7 8 16 1.80248e-06 0.004 0.00960664 2 
8 8 16 0 0.009 0.00797159 1 
9 8 16 0.000884345 0.013 0.00800588 2 
10 8 16 0.0336426 0.012 0.0115258 23 
11 8 16 0.0031114 0.047 0.0088728 2 
0 8 17 0.00096568 0.001 0.0119344 2 
1 8 17 0.0105915 0.024 0.0115134 12 
2 8 17 0.00459937 0.005 0.0101451 5 
3 8 17 3.87579e-06 0.02 0.010752 2 
4 8 17 0 0.034 0.011453 1 
5 8 17 0 0.015 0.0135387 1 
6 8 17 0 0.003 0.0115516 1 
7 8 17 0 0.008 0.00695489 1 
8 8 17 0 0.027 0.0105217 1 
9 8 17 0.014303 0.01 0.00990221 11 
10 8 17 0.00909629 0.002 0.01062 8 
11 8 17 0.0331501 0.006 0.00919685 23 
0 8 18 0.0176486 0.01 0.0119395 15 
1 8 18 0 0.042 0.00780601 1 
2 8 18 0 0.038 0.0101314 1 
3 8 18 0 0.02 0.00908528 1 
4 8 18 0.028819 0.012 0.00802047 16 
5 8 18 0 0.02 0.010858 1 
6 8 18 0.0172152 0.014 0.0101887 20 
7 8 18 0 0.016 0.00696831 1 
8 8 18 0 0.004 0.00837473 1 
9 8 18 0.00928477 0.024 0.0114419 10 
10 8 18 0.0238797 0.022 0.0102244 8 
11 8 18 0 0.014 0.00981083 1 
0 8 19 0.00295872 0.022 0.0126416 6 
1 8 19 0.0146108 0.013 0.0142031 14 
2 8 19 0.00742112 0.025 0.00906069 6 
3 8 19 0.0128782 0.03 0.0120299 6 
4 8 19 0.0224386 0.008 0.00974997 30 
5 8 19 0.00335715 0.002 0.00871951 4 
6 8 19 0.0543558 0.002 0.00926732 44 
7 8 19 0 0.049 0.0104601 1 
8 8 19 0 0.016 0.00879462 1 
9 8 19 0.0111065 0.029 0.0113276 6 
10 8 19 0.00229435 0.032 0.0116674 2 
11 8 19 0.00179332 0.017 0.0107923 2 
0 8 20 0 0.045 0.00975949 1 
1 8 20 0 0.036 0.00774765 1 
2 8 20 0.0270691 0.01 0.00972988 20 
3 8 20 0.0262523 0.015 0.00865258 19 
4 8 20 0.0171586 0.015 0.00811755 20 
5 8 20 0.0907441 0.005 0.00753872 35 
6 8 20 0 0.013 0.00860279 1 
7 8 20 0 0.018 0.00997722 1 
8 8 20 0 0.029 0.0079828 1 
9 8 20 0.000135282 0.001 0.0067081 3 
10 8 20 0.00276153 0.036 0.0107831 3 
11 8 20 0.044413 0.006 0.011697 27 
0 8 21 0.00243337 0.003 0.00881546 4 
1 8 21 0.00252836 0.038 0.00639083 2 
2 8 21 0 0.011 0.0109238 1 
3 8 21 0.00148752 0.013 0.0138521 2 
4 8 21 0.00898708 0.002 0.01113 16 
5 8 21 0.0229135 0.017 0.00978857 21 
6 8 21 0.0191227 0.029 0.00932669 9 
7 8 21 0.0110111 0.008 0.0107754 13 
8 8 21 0 0.033 0.0103154 1 
9 8 21 0.00339168 0.002 0.0090624 2 
10 8 21 0.00606508 0.03 0.00984535 6 
11 8 21 0 0.041 0.00935278 1 
0 8 22 0.0451177 0.007 0.0113031 25 
1 8 22 0 0.015 0.00852301 1 
2 8 22 0.00284435 0.008 0.0104486 11 
3 8 22 0.000147226 0.021 0.00999364 2 
4 8 22 0.0243231 0.002 0.0111493 23 
5 8 22 0.00352267 0.009 0.00952935 3 
6 8 22 0 0.02 0.0109088 1 
7 8 22 0.0112664 0.044 0.010025 3 
8 8 22 0.0585943 0.009 0.0159798 32 
9 8 22 0.0208253 0.01 0.0077943 22 
10 8 22 0 0.024 0.013145 1 
11 8 22 0 0.039 0.00636227 1 
0 8 23 4.18872e-05 0.03 0.0136981 3 
1 8 23 0 0.005 0.00841669 1 
2 8 23 0 0.037 0.00901495 1 
3 8 23 0.000582011 0.048 0.00871121 2 
4 8 23 0.0106187 0.032 0.0126032 3 
5 8 23 0 0.026 0.0103452 1 
6 8 23 0.00318757 0.001 0.00906964 3 
7 8 23 0 0.035 0.0133668 1 
8 8 23 0.0447247 0.005 0.00806353 48 
9 8 23 0.00540252 0.024 0.00995213 2 
10 8 23 0 0.018 0.00960596 1 
11 8 23 0.0179543 0.013 0.0104695 15 
0 8 24 0.00754484 0.022 0.0104973 15 
1 8 24 0 0.014 0.0077013 1 
2 8 24 0.00361872 0.012 0.00712496 2 
3 8 24 0 0.042 0.00868482 1 
4 8 24 0.00847289 0.016 0.0113375 11 
5 8 24 0 0.016 0.0111451 1 
6 8 24 0 0.025 0.00831245 1 
7 8 24 0 0.006 0.00719643 1 
8 8 24 0.0597107 0.001 0.0073481 62 
9 8 24 0.00328804 0.001 0.00895753 8 
10 8 24 0 0.03 0.0115542 1 
11 8 24 0.0646427 0.003 0.0114415 39 
0 8 25 0.0214023 0.006 0.010463 24 
1 8 25 0.0297981 0.008 0.00770948 27 
2 8 25 0.0154412 0.002 0.00838827 12 
3 8 25 0.0022095 0.005 0.0130491 4 
4 8 25 0 0.044 0.00935688 1 
5 8 25 0.0622979 0.011 0.00679389 29 
6 8 25 0.0309957 0.017 0.00944494 17 
7 8 25 0 0.035 0.0118319 1 
8 8 25 0 0.009 0.00875692 1 
9 8 25 0 0.042 0.0102815 1 
10 8 25 0.0311867 0.002 0.0110554 19 
11 8 25 3.88843e-05 0.006 0.0108632 2 
0 8 26 0 0.017 0.00946265 1 
1 8 26 0.0141455 0.046 0.0103649 8 
2 8 26 0.000290677 0.013 0.0101566 2 
3 8 26 0 0.043 0.0123677 1 
4 8 26 0 0.005 0.0140584 1 
5 8 26 0.0100587 0.004 0.0101969 8 
6 8 26 0.0194588 0.018 0.0104009 13 
7 8 26 0.00084471 0.001 0.00734214 6 
8 8 26 0 0.017 0.00999522 1 
9 8 26 0 0.002 0.0123011 1 
10 8 26 0 0.033 0.00961868 1 
11 8 26 0.0105711 0.006 0.00928093 12 
0 8 27 0.00450027 0.039 0.0116738 3 
1 8 27 0 0.002 0.0106399 1 
2 8 27 0 0.012 0.0118999 1 
3 8 27 0 0.027 0.0118564 1 
4 8 27 0 0.007 0.0110728 1 
5 8 27 0 0.036 0.00930915 1 
6 8 27 0 0.031 0.00715638 1 
7 8 27 0.0292929 0.002 0.0123209 25 
8 8 27 0 0.031 0.00884742 1 
9 8 27 0 0.024 0.0105731 1 
10 8 27 0 0.02 0.0101428 1 
11 8 27 0 0.02 0.00908565 1 
0 8 28 0 0.019 0.010801 1 
1 8 28 0.00188462 0.048 0.01357 2 
2 8 28 0.0176217 0.013 0.00713063 20 
3 8 28 0.0721067 0.004 0.0150265 45 
4 8 28 0 0.02 0.0120755 1 
5 8 28 0 0.042 0.0105821 1 
6 8 28 0 0.026 0.0117384 1 
7 8 28 0 0.033 0.0119978 1 
8 8 28 0.0491001 0.007 0.0138346 35 
9 8 28 0.0181872 0.013 0.0111041 20 
10 8 28 0 0.001 0.0129068 1 
11 8 28 0.0211226 0.015 0.009945 21 
0 8 29 0.00263584 0.014 0.0116093 2 
1 8 29 0 0.014 0.0101371 1 
2 8 29 0 0.025 0.00764772 1 
3 8 29 0.00646951 0.045 0.0124261 4 
4 8 29 0.00435303 0.037 0.0131687 2 
5 8 29 0 0.019 0.0105411 1 
6 8 29 0.0242462 0.009 0.0135008 23 
7 8 29 0.00327045 0.026 0.00925721 2 
8 8 29 0.0175479 0.006 0.00987903 18 
9 8 29 0.0757955 0.002 0.0140645 63 
10 8 29 0.0153974 0.019 0.00963423 7 
11 8 29 0.0204439 0.016 0.0107128 12 
0 8 30 0 0.039 0.012997 1 
1 8 30 0.00592555 0.027 0.00980851 7 
2 8 30 0.00780879 0.024 0.00974986 4 
3 8 30 0.0202137 0.005 0.0101629 24 
4 8 30 0.021496 0.014 0.0100985 9 
5 8 30 0 0.043 0.00947371 1 
6 8 30 0.0263427 0.005 0.0133153 23 
7 8 30 0.0150585 0.024 0.00874148 11 
8 8 30 0 0.012 0.0151539 1 
9 8 30 0.00359674 0.046 0.00963257 2 
10 8 30 0 0.049 0.0111521 1 
11 8 30 0.0103608 0.003 0.0117303 12 
0 8 31 0 0.005 0.00996469 1 
1 8 31 0 0.044 0.00953548 1 
2 8 31 0.00129923 0.035 0.00915975 2 
3 8 31 0 0.003 0.0137794 1 
4 8 31 0 0.032 0.00889065 1 
5 8 31 0 0.042 0.00909061 1 
6 8 31 0.0143451 0.02 0.0109539 10 
7 8 31 0 0.04 0.00865952 1 
8 8 31 0 0.029 0.0117998 1 
9 8 31 0.000566767 0.002 0.00910082 3 
10 8 31 0.0429661 0.004 0.0108716 25 
11 8 31 0 0.025 0.0103014 1 
0 8 32 0.00191929 0.028 0.00830042 3 
1 8 32 0.00665196 0.021 0.0101839 8 
2 8 32 0.0300521 0.004 0.00746643 21 
3 8 32 0.0289255 0.01 0.0106839 15 
4 8 32 0 0.031 0.00993337 1 
5 8 32 0.0029667 0.029 0.0100173 5 
6 8 32 0.000339729 0.005 0.0109062 2 
7 8 32 0.00262401 0.048 0.00823239 2 
8 8 32 0.00151593 0.012 0.00667369 2 
9 8 32 0 0.024 0.00867658 1 
10 8 32 0 0.046 0.00754903 1 
11 8 32 0.00151593 0.009 0.00862991 2 
0 8 33 0.0218234 0.007 0.0118798 33 
1 8 33 0 0.029 0.0126457 1 
2 8 33 0.00154434 0.016 0.0125243 3 
3 8 33 0 0.039 0.00902981 1 
4 8 33 4.62515e-06 0.004 0.0115841 2 
5 8 33 0 0.022 0.00668938 1 
6 8 33 0 0.031 0.0108052 1 
7 8 33 0.0111836 0.007 0.00918805 18 
8 8 33 0.00801121 0.02 0.0108974 6 
9 8 33 0.000555232 0.024 0.0083011 2 
10 8 33 0 0.048 0.00644304 1 
11 8 33 0 0.008 0.00747079 1 
0 8 34 0.0022998 0.034 0.0115577 3 
1 8 34 0 0.042 0.00893485 1 
2 8 34 0.0484564 0.006 0.00819674 16 
3 8 34 0 0.014 0.0114262 1 
4 8 34 0.0179074 0.019 0.0135143 7 
5 8 34 0 0.047 0.00901189 1 
6 8 34 0.0099663 0.017 0.0106067 7 
7 8 34 0 0.026 0.0111974 1 
8 8 34 0 0.007 0.0115452 1 
9 8 34 0.00203628 0.034 0.00938429 2 
10 8 34 0.00699332 0.003 0.0147218 12 
11 8 34 0.0113246 0.003 0.0114522 5 
0 8 35 4.3402e-05 0.015 0.0077426 2 
1 8 35 0.0351915 0.027 0.0105175 19 
2 8 35 0 0.003 0.013048 1 
3 8 35 0 0.031 0.0126975 1 
4 8 35 0 0.01 0.00934971 1 
5 8 35 0 0.024 0.0110636 1 
6 8 35 0.000881893 0.005 0.010411 4 
7 8 35 0.0166864 0.02 0.0104669 15 
8 8 35 0 0.037 0.0072891 1 
9 8 35 0 0.003 0.00947321 1 
10 8 35 0.0228716 0.037 0.0100081 9 
11 8 35 0 0.036 0.0105549 1 
0 8 36 0 0.021 0.00819365 1 
1 8 36 0 0.038 0.0124038 1 
2 8 36 0 0.041 0.0106447 1 
3 8 36 0 0.048 0.0105942 1 
4 8 36 0 0.023 0.0100583 1 
5 8 36 0 0.033 0.0108873 1 
6 8 36 0 0.01 0.0111579 1 
7 8 36 0.0118552 0.028 0.0091708 8 
8 8 36 0.053759 0.004 0.00897782 36 
9 8 36 0 0.032 0.0105981 1 
10 8 36 0.00766091 0.004 0.0105729 12 
11 8 36 0 0.012 0.0106282 1 
0 8 37 0.0048684 0.006 0.00749775 5 
1 8 37 0 0.044 0.0137214 1 
2 8 37 0 0.015 0.00788871 1 
3 8 37 0 0.026 0.00909354 1 
4 8 37 0.0223986 0.02 0.0122029 16 
5 8 37 0.0100665 0.014 0.0109753 8 
6 8 37 0.0193823 0.023 0.0114297 11 
7 8 37 0.0028844 0.011 0.00811101 3 
8 8 37 0.0186222 0.019 0.00889598 13 
9 8 37 0 0.002 0.0126509 1 
10 8 37 0.012839 0.019 0.00858804 16 
11 8 37 0 0.032 0.011903 1 
0 8 38 0.0392453 0.014 0.0114133 21 
1 8 38 0.0260592 0.042 0.0130957 13 
2 8 38 0.0370503 0.016 0.0103847 20 
3 8 38 0.00596786 0.001 0.0112088 3 
4 8 38 0 0.001 0.0107357 1 
5 8 38 0.0224782 0.009 0.00790047 19 
6 8 38 0 0.013 0.0157375 1 
7 8 38 0 0.017 0.00795788 1 
8 8 38 0.00958548 0.032 0.0114847 3 
9 8 38 0.0297831 0.018 0.00956477 17 
10 8 38 0.0368406 0.014 0.0100034 17 
11 8 38 0.0551774 0.003 0.0121045 51 
0 8 39 0.020178 0.014 0.0107603 19 
1 8 39 0.0157054 0.012 0.0108486 14 
2 8 39 0.0133139 0.049 0.00864993 10 
3 8 39 0 0.041 0.0101217 1 
4 8 39 0.015623 0.017 0.0105581 17 
5 8 39 0 0.004 0.00634529 1 
6 8 39 0.0373519 0.001 0.00649894 37 
7 8 39 0 0.015 0.00985346 1 
8 8 39 0.0122983 0.025 0.00742263 6 
9 8 39 0.0109393 0.012 0.0108672 6 
10 8 39 5.64965e-05 0.033 0.0101266 2 
11 8 39 0 0.014 0.00778817 1 
0 8 40 0 0.02 0.00788919 1 
1 8 40 0 0.033 0.0112832 1 
2 8 40 0.0102014 0.033 0.00904075 11 
3 8 40 0.0177672 0.014 0.00834323 18 
4 8 40 0.0130172 0.042 0.0124538 5 
5 8 40 0.0127878 0.034 0.012528 7 
6 8 40 0.0128576 0.025 0.0098843 7 
7 8 40 0 0.011 0.0123087 1 
8 8 40 0.00533777 0.037 0.00952444 3 
9 8 40 0 0.012 0.0101777 1 
10 8 40 0 0.007 0.0107737 1 
11 8 40 0.0158298 0.013 0.00880743 9 
0 8 41 0 0.037 0.0102951 1 
1 8 41 0.0128114 0.017 0.0137157 11 
2 8 41 0 0.043 0.0102206 1 
3 8 41 0 0.03 0.00921088 1 
4 8 41 0 0.019 0.00869769 1 
5 8 41 0 0.045 0.0131273 1 
6 8 41 0 0.019 0.01161 1 
7 8 41 0 0.004 0.00978632 1 
8 8 41 0.0430631 0.006 0.00847199 31 
9 8 41 0 0.046 0.00604324 1 
10 8 41 0.0292233 0.004 0.0108171 10 
11 8 41 0.0211837 0.016 0.0101615 17 
0 8 42 0 0.017 0.0107562 1 
1 8 42 0.00100331 0.006 0.00991692 4 
2 8 42 0.0189209 0.042 0.00865254 4 
3 8 42 0 0.032 0.00830603 1 
4 8 42 0.0163665 0.043 0.00763241 7 
5 8 42 0.00417542 0.006 0.00974421 2 
6 8 42 0.00334121 0.002 0.0102071 3 
7 8 42 0.00997178 0.027 0.00993746 3 
8 8 42 0.00530791 0.003 0.00896752 2 
9 8 42 0.0034121 0.004 0.0085751 5 
10 8 42 0 0.021 0.00984466 1 
11 8 42 0.0221366 0.004 0.00847361 12 
0 8 43 0.00290441 0.002 0.0115445 3 
1 8 43 0 0.018 0.0117057 1 
2 8 43 0 0.043 0.0079566 1 
3 8 43 0.00199199 0.042 0.00825676 3 
4 8 43 0.00590984 0.022 0.0107465 5 
5 8 43 0 0.028 0.00930292 1 
6 8 43 0.010625 0.028 0.00972991 5 
7 8 43 0.000582187 0.018 0.0113365 2 
8 8 43 0 0.045 0.0096541 1 
9 8 43 0.00907875 0.018 0.0127808 13 
10 8 43 0 0.019 0.0135177 1 
11 8 43 0.0193726 0.006 0.0103692 20 
0 8 44 0.00709094 0.044 0.00671643 8 
1 8 44 0 0.041 0.0119316 1 
2 8 44 0.00888742 0.015 0.00824261 3 
3 8 44 0.0562647 0.002 0.0103617 46 
4 8 44 0 0.042 0.009743 1 
5 8 44 0.0119023 0.003 0.0133335 12 
6 8 44 0.0451962 0.002 0.00934945 36 
7 8 44 0 0.002 0.0117834 1 
8 8 44 0 0.03 0.00886122 1 
9 8 44 0.00675875 0.034 0.00674602 2 
10 8 44 0.00854646 0.049 0.0101494 4 
11 8 44 0.00675875 0.039 0.0109353 2 
0 8 45 0.0723497 0.003 0.010064 48 
1 8 45 0 0.043 0.0147813 1 
2 8 45 0.0154856 0.014 0.00635345 12 
3 8 45 0.0065035 0.044 0.0152262 3 
4 8 45 0 0.028 0.0121945 1 
5 8 45 0 0.037 0.0118937 1 
6 8 45 0 0.002 0.012549 1 
7 8 45 0.00356039 0.047 0.0112605 7 
8 8 45 0.01075 0.035 0.0107125 3 
9 8 45 0.00119562 0.021 0.00842362 4 
10 8 45 0.00789374 0.039 0.00930066 3 
11 8 45 0.00558869 0.023 0.0101653 3 
0 8 46 0.0178015 0.045 0.00982313 9 
1 8 46 0 0.02 0.0139302 1 
2 8 46 0.0849237 0.001 0.00737508 56 
3 8 46 0.00391124 0.021 0.00932661 2 
4 8 46 0 0.049 0.0125611 1 
5 8 46 0 0.036 0.00924039 1 
6 8 46 0 0.016 0.0127144 1 
7 8 46 0.0107566 0.008 0.00991247 14 
8 8 46 0 0.001 0.0103859 1 
9 8 46 0.00606354 0.008 0.00892773 2 
10 8 46 0.0202794 0.009 0.00840624 13 
11 8 46 0.0152235 0.01 0.0140389 14 
0 8 47 0.0335228 0.024 0.0121422 15 
1 8 47 0.0107406 0.011 0.0090693 16 
2 8 47 0.0636686 0.004 0.00843468 43 
3 8 47 0 0.021 0.00935923 1 
4 8 47 0 0.043 0.00955707 1 
5 8 47 0 0.01 0.0139993 1 
6 8 47 0.0413781 0.013 0.0104519 17 
7 8 47 0.00468504 0.046 0.00798819 2 
8 8 47 0 0.026 0.0105936 1 
9 8 47 0 0.03 0.0128764 1 
10 8 47 0.00193916 0.026 0.00675968 2 
11 8 47 0.0309987 0.006 0.01164 33 
0 8 48 0.0170417 0.015 0.00986162 17 
1 8 48 0.000795098 0.032 0.00878112 2 
2 8 48 0 0.047 0.0107079 1 
3 8 48 0.0757631 0.006 0.00911759 38 
4 8 48 0.00463624 0.02 0.0125664 3 
5 8 48 0.0106138 0.037 0.00673664 5 
6 8 48 0.0158708 0.025 0.0107636 9 
7 8 48 0.00183884 0.026 0.00978779 2 
8 8 48 0 0.027 0.00779567 1 
9 8 48 0.011241 0.036 0.00916206 6 
10 8 48 0 0.024 0.0101431 1 
11 8 48 0 0.003 0.0110103 1 
0 8 49 0.00313512 0.015 0.00860923 3 
1 8 49 0 0.001 0.00884717 1 
2 8 49 0 0.046 0.0110914 1 
3 8 49 0 0.007 0.010057 1 
4 8 49 0 0.039 0.00985976 1 
5 8 49 0 0.03 0.0124773 1 
6 8 49 0 0.022 0.0108727 1 
7 8 49 0 0.001 0.0118702 1 
8 8 49 0 0.017 0.0102745 1 
9 8 49 0 0.046 0.0136139 1 
10 8 49 0 0.012 0.00845233 1 
11 8 49 0 0.022 0.0125467 1 
0 8 50 0 0.001 0.00984472 1 
1 8 50 0.0219643 0.005 0.0099817 22 
2 8 50 0 0.035 0.0118227 1 
3 8 50 0.000609624 0.006 0.0129205 3 
4 8 50 0.00720606 0.021 0.0126992 4 
5 8 50 0.000710233 0.022 0.00963686 3 
6 8 50 0.0018547 0.002 0.00913264 3 
7 8 50 0 0.024 0.010188 1 
8 8 50 0 0.029 0.00871522 1 
9 8 50 0 0.047 0.00751252 1 
10 8 50 0 0.01 0.00896087 1 
11 8 50 0 0.011 0.0103574 1 
0 8 51 0.0683914 0.002 0.00873347 57 
1 8 51 0 0.007 0.0102545 1 
2 8 51 0 0.036 0.00817296 1 
3 8 51 0 0.007 0.00907992 1 
4 8 51 0 0.004 0.0101281 1 
5 8 51 0.00156122 0.009 0.00911117 2 
6 8 51 0.00523979 0.014 0.0097892 10 
7 8 51 0.0252594 0.017 0.0104614 15 
8 8 51 0 0.013 0.0115854 1 
9 8 51 0 0.036 0.0113762 1 
10 8 51 0 0.017 0.0066772 1 
11 8 51 0 0.03 0.0103811 1 
0 8 52 0.00822255 0.041 0.00805682 4 
1 8 52 0.00286182 0.011 0.0103387 2 
2 8 52 0 0.009 0.0133574 1 
3 8 52 0.0245445 0.01 0.00643099 25 
4 8 52 0 0.003 0.012486 1 
5 8 52 0 0.036 0.013205 1 
6 8 52 0 0.039 0.010637 1 
7 8 52 0.00568624 0.002 0.00874888 4 
8 8 52 0 0.032 0.00786079 1 
9 8 52 0.015598 0.005 0.0093058 9 
10 8 52 0.00272049 0.049 0.0137859 3 
11 8 52 0.00796796 0.047 0.0109719 3 
0 8 53 0.00574527 0.026 0.00867933 5 
1 8 53 0 0.021 0.012585 1 
2 8 53 0.00238586 0.001 0.00885393 3 
3 8 53 2.18051e-05 0.02 0.0104055 2 
4 8 53 0.0199487 0.011 0.00877849 17 
5 8 53 0 0.002 0.00961138 1 
6 8 53 0.00859367 0.047 0.0101855 5 
7 8 53 0.0319278 0.012 0.0108619 19 
8 8 53 0 0.014 0.00976596 1 
9 8 53 0 0.006 0.00775017 2 
10 8 53 0.054391 0.005 0.00784317 40 
11 8 53 0 0.013 0.0094054 2 
0 8 54 0.00540048 0.012 0.00906633 9 
1 8 54 0.00766319 0.031 0.0110481 6 
2 8 54 0 0.023 0.0117945 1 
3 8 54 0 0.019 0.00609852 1 
4 8 54 0.0139027 0.021 0.0116765 9 
5 8 54 0.0300774 0.017 0.0110068 15 
6 8 54 0.0204826 0.048 0.010795 6 
7 8 54 0 0.018 0.0105994 1 
8 8 54 0.0177855 0.012 0.00886704 12 
9 8 54 0 0.023 0.0103883 1 
10 8 54 0 0.007 0.00881903 1 
11 8 54 0.0223549 0.001 0.00560334 15 
0 8 55 0.00570637 0.015 0.0117328 5 
1 8 55 0 0.044 0.00810488 1 
2 8 55 0.0105572 0.004 0.00750674 10 
3 8 55 0 0.004 0.00643616 1 
4 8 55 0.0641115 0.001 0.0142953 50 
5 8 55 0.00616585 0.015 0.0108619 2 
6 8 55 0.0200503 0.049 0.00976724 9 
7 8 55 0 0.013 0.00883321 1 
8 8 55 0.00618753 0.032 0.0153139 4 
9 8 55 0.0167856 0.009 0.00871473 15 
10 8 55 0 0.008 0.00923994 1 
11 8 55 0.00594951 0.025 0.0116166 4 
0 8 56 0.0321494 0.018 0.0112125 13 
1 8 56 0 0.047 0.00962122 1 
2 8 56 0.00519902 0.038 0.00790129 5 
3 8 56 0.00670577 0.021 0.0101417 12 
4 8 56 0 0.021 0.00839882 1 
5 8 56 0.0133707 0.013 0.0112152 12 
6 8 56 0.022362 0.009 0.0127752 25 
7 8 56 0 0.043 0.00970668 1 
8 8 56 0.00214908 0.029 0.0120866 3 
9 8 56 0.00606699 0.016 0.012383 5 
10 8 56 0.000321112 0.043 0.00946258 2 
11 8 56 0.00664874 0.027 0.00922505 4 
0 8 57 0 0.002 0.014567 1 
1 8 57 0.0012515 0.02 0.0117919 2 
2 8 57 0 0.021 0.00892081 1 
3 8 57 0.00413791 0.038 0.0110339 3 
4 8 57 0.000643618 0.021 0.00949172 2 
5 8 57 0 0.043 0.00884083 1 
6 8 57 0.000765117 0.02 0.00833785 2 
7 8 57 0 0.045 0.0109958 1 
8 8 57 0.00259497 0.012 0.00840055 2 
9 8 57 0 0.004 0.0124604 1 
10 8 57 0.00279903 0.021 0.0133323 2 
11 8 57 0.00273349 0.045 0.00894853 2 
0 8 58 0 0.032 0.0114885 1 
1 8 58 0.0153664 0.002 0.0107824 16 
2 8 58 0.00212617 0.01 0.010347 3 
3 8 58 0 0.003 0.00953711 1 
4 8 58 0 0.046 0.015885 1 
5 8 58 0 0.029 0.0140399 1 
6 8 58 0 0.009 0.00846936 1 
7 8 58 0 0.008 0.00834747 1 
8 8 58 0 0.041 0.00712754 1 
9 8 58 0 0.018 0.0112603 1 
10 8 58 7.27159e-05 0.006 0.00891412 2 
11 8 58 7.27159e-05 0.007 0.0124053 2 
0 8 59 0.023063 0.019 0.0099107 17 
1 8 59 0 0.041 0.0114377 1 
2 8 59 0.00170896 0.042 0.0120523 2 
3 8 59 0 0.011 0.0110446 1 
4 8 59 0 0.014 0.0100259 1 
5 8 59 0.000361885 0.002 0.0127526 2 
6 8 59 2.94588e-06 0.004 0.01071 2 
7 8 59 0.00174802 0.01 0.0103324 7 
8 8 59 0.0192435 0.014 0.0109464 16 
9 8 59 0 0.007 0.00942921 1 
10 8 59 0 0.014 0.0112543 1 
11 8 59 0 0.043 0.00843798 1 
0 8 60 0 0.03 0.0100897 1 
1 8 60 0.0163695 0.012 0.0102929 19 
2 8 60 0 0.04 0.00702434 1 
3 8 60 0.025049 0.006 0.0124173 24 
4 8 60 0.00814719 0.021 0.0110559 6 
5 8 60 0.00572802 0.028 0.0126615 5 
6 8 60 0.00686202 0.016 0.00885648 6 
7 8 60 0 0.031 0.0105558 1 
8 8 60 0 0.023 0.0108375 1 
9 8 60 0.00317638 0.013 0.00711304 4 
10 8 60 0 0.049 0.013195 1 
11 8 60 0.0386745 0.009 0.00901621 25 
