0 9 0 0.0063319 0.031 0.00796878 4 
1 9 0 0.206501 0.043 0.00908911 5 
2 9 0 0.0713568 0.027 0.00999084 15 
3 9 0 0.94225 0.019 0.0118184 3 
4 9 0 0.0530412 0.038 0.0106407 4 
5 9 0 0.000933135 0.031 0.00846302 1 
6 9 0 0.0620032 0.012 0.0111562 33 
7 9 0 0.000933135 0.002 0.0105896 1 
8 9 0 0.957678 0.043 0.0117951 2 
9 9 0 1 0.014 0.0121339 2 
10 9 0 0.94625 0.01 0.0093304 2 
11 9 0 0.974666 0.031 0.0120788 2 
0 9 1 0 0.006 0.00794008 1 
1 9 1 1.71238e-08 0.011 0.0111741 2 
2 9 1 0.000569062 0.024 0.00816678 2 
3 9 1 0 0.033 0.00912149 1 
4 9 1 0.00137309 0.002 0.00894073 3 
5 9 1 0.0126821 0.034 0.0104313 8 
6 9 1 0.0237082 0.027 0.0103961 11 
7 9 1 0.00150807 0.009 0.00987362 2 
8 9 1 0.00537322 0.016 0.00756951 6 
9 9 1 0 0.021 0.00832662 1 
10 9 1 0 0.043 0.012326 1 
11 9 1 0 0.007 0.0108123 1 
0 9 2 0 0.018 0.00883456 1 
1 9 2 0.048897 0.006 0.00929105 31 
2 9 2 0.0429399 0.008 0.00915647 33 
3 9 2 0 0.032 0.0106746 1 
4 9 2 0.013934 0.013 0.0106944 16 
5 9 2 0.0137646 0.004 0.00864872 15 
6 9 2 0.0264939 0.008 0.0103476 32 
7 9 2 0.00144465 0.037 0.00913914 2 
8 9 2 0 0.045 0.00893898 1 
9 9 2 0.0063269 0.041 0.00767936 5 
10 9 2 0.00638063 0.034 0.00995651 5 
11 9 2 0 0.027 0.0081454 1 
0 9 3 0 0.027 0.0129505 1 
1 9 3 0.00410563 0.003 0.0114559 5 
2 9 3 0 0.036 0.0109167 1 
3 9 3 0 0.041 0.0107475 1 
4 9 3 0 0.012 0.0117605 1 
5 9 3 0 0.042 0.00853558 1 
6 9 3 0 0.01 0.00723952 1 
7 9 3 0.000605174 0.025 0.00769374 2 
8 9 3 0 0.03 0.00960784 1 
9 9 3 0 0.041 0.00947961 1 
10 9 3 0 0.034 0.00965394 1 
11 9 3 0 0.006 0.00745828 1 
0 9 4 0.00409347 0.034 0.00610262 4 
1 9 4 0.0119775 0.04 0.00911362 11 
2 9 4 0.003597 0.025 0.00934644 3 
3 9 4 0.00131356 0.038 0.0081837 2 
4 9 4 0.000949433 0.027 0.00961389 2 
5 9 4 0 0.047 0.0106038 1 
6 9 4 0 0.039 0.008043 1 
7 9 4 0.000123582 0.029 0.00972152 2 
8 9 4 0.00271042 0.024 0.011806 4 
9 9 4 0.00208017 0.003 0.00983179 4 
10 9 4 0.0108624 0.028 0.0113671 11 
11 9 4 0 0.019 0.0100015 1 
0 9 5 0 0.018 0.0100754 1 
1 9 5 0.0501918 0.004 0.0116656 33 
2 9 5 0.0694084 0.013 0.00894961 18 
3 9 5 0 0.011 0.00771174 1 
4 9 5 0 0.04 0.00907392 1 
5 9 5 0.0016276 0.002 0.0118281 4 
6 9 5 0.00789167 0.006 0.0103911 5 
7 9 5 4.1078e-05 0.001 0.0101589 3 
8 9 5 0.00694853 0.003 0.0103847 3 
9 9 5 0.00020741 0.004 0.00961639 2 
10 9 5 0 0.008 0.00813992 1 
11 9 5 0 0.049 0.0133282 1 
0 9 6 0 0.001 0.00799176 1 
1 9 6 0.020693 0.003 0.0126529 15 
2 9 6 0 0.045 0.00980629 1 
3 9 6 0 0.02 0.00916454 1 
4 9 6 7.90791e-05 0.01 0.0106929 2 
5 9 6 0.00283998 0.012 0.00976903 3 
6 9 6 0 0.002 0.00790153 1 
7 9 6 0 0.01 0.00954102 1 
8 9 6 0 0.002 0.00947219 1 
9 9 6 0 0.019 0.00684833 1 
10 9 6 0 0.035 0.0101543 1 
11 9 6 0.00569654 0.025 0.00916924 11 
0 9 7 0.00307362 0.02 0.00991251 2 
1 9 7 0.0171571 0.011 0.00791422 21 
2 9 7 0 0.012 0.00889028 1 
3 9 7 0.00864866 0.025 0.0102404 9 
4 9 7 0 0.013 0.00914108 1 
5 9 7 0 0.015 0.00947681 1 
6 9 7 0 0.007 0.0109329 1 
7 9 7 0 0.006 0.00703894 1 
8 9 7 0 0.02 0.0104828 1 
9 9 7 0.0527558 0.004 0.0135133 40 
10 9 7 0 0.026 0.00984304 1 
11 9 7 0 0.004 0.0130205 1 
0 9 8 0.043778 0.01 0.0123454 28 
1 9 8 0 0.044 0.00968832 1 
2 9 8 0.002295 0.041 0.00915731 2 
3 9 8 0 0.022 0.0130605 1 
4 9 8 0.00012438 0.008 0.0113786 2 
5 9 8 0 0.027 0.00857052 1 
6 9 8 8.76867e-05 0.005 0.0100104 2 
7 9 8 0 0.01 0.00826952 1 
8 9 8 0.00952685 0.014 0.0135395 8 
9 9 8 0.00893026 0.048 0.00672679 4 
10 9 8 0 0.024 0.0108626 1 
11 9 8 0.0090909 0.041 0.0110985 4 
0 9 9 0 0.012 0.0120126 1 
1 9 9 0 0.006 0.0126249 1 
2 9 9 0 0.049 0.0094367 1 
3 9 9 0 0.016 0.00733314 1 
4 9 9 0.0161039 0.005 0.0100456 17 
5 9 9 0.0339311 0.006 0.00857293 40 
6 9 9 6.04639e-05 0.004 0.0122038 2 
7 9 9 0 0.02 0.00782631 1 
8 9 9 0.00395603 0.024 0.0108639 2 
9 9 9 1.46877e-05 0.036 0.0121014 2 
10 9 9 0.0166207 0.023 0.0103209 10 
11 9 9 0.0301386 0.021 0.0102374 14 
0 9 10 0.0277435 0.008 0.008282 34 
1 9 10 0.000791483 0.003 0.0107174 3 
2 9 10 0.00213957 0.001 0.0110841 5 
3 9 10 0.582974 0.03 0.0115502 14 
4 9 10 0 0.046 0.0095608 1 
5 9 10 0.00421904 0.012 0.00993467 2 
6 9 10 0.0345218 0.005 0.0104338 20 
7 9 10 0 0.005 0.00915979 1 
8 9 10 0.0146031 0.02 0.010033 5 
9 9 10 0.0417206 0.007 0.0109429 39 
10 9 10 0 0.04 0.0112383 1 
11 9 10 0 0.017 0.00644668 1 
0 9 11 0.0124601 0.02 0.00834118 9 
1 9 11 0.00369376 0.039 0.00899608 3 
2 9 11 0.0230007 0.036 0.00716624 11 
3 9 11 0 0.027 0.00823962 1 
4 9 11 0.00469874 0.007 0.0078406 3 
5 9 11 0.00590906 0.012 0.0087946 5 
6 9 11 0.00461129 0.012 0.0117488 5 
7 9 11 0 0.002 0.00909755 1 
8 9 11 0.065611 0.012 0.0114826 43 
9 9 11 0 0.006 0.00780819 1 
10 9 11 0 0.024 0.00781016 1 
11 9 11 0.0377041 0.018 0.00925507 27 
0 9 12 0 0.039 0.0125785 1 
1 9 12 0 0.015 0.0105116 1 
2 9 12 0 0.049 0.010121 1 
3 9 12 0.0340097 0.021 0.0105995 15 
4 9 12 0.00176002 0.002 0.0105987 5 
5 9 12 0.00470524 0.001 0.010484 2 
6 9 12 0.0546332 0.001 0.0095617 37 
7 9 12 0 0.019 0.0119127 1 
8 9 12 0.014961 0.032 0.0101221 8 
9 9 12 0.0227238 0.023 0.0133384 11 
10 9 12 0.0206148 0.013 0.0101747 21 
11 9 12 0.0415483 0.035 0.0089131 12 
0 9 13 0.00935969 0.039 0.00868689 5 
1 9 13 0 0.004 0.00835999 1 
2 9 13 0.0310147 0.027 0.0115962 14 
3 9 13 0.0152244 0.017 0.00714563 4 
4 9 13 0 0.022 0.0080593 1 
5 9 13 0.013337 0.016 0.0109877 27 
6 9 13 0.0210918 0.018 0.0118932 17 
7 9 13 0 0.005 0.00903448 1 
8 9 13 0.00049901 0.034 0.0102587 2 
9 9 13 0.000432648 0.011 0.0114692 3 
10 9 13 0.000783813 0.035 0.0105626 2 
11 9 13 0.000248238 0.006 0.00753895 3 
0 9 14 0.0176985 0.013 0.00779983 20 
1 9 14 0.0354886 0.005 0.0111134 34 
2 9 14 0.00167282 0.01 0.00958518 3 
3 9 14 0.0268584 0.002 0.00852137 15 
4 9 14 4.15479e-06 0.007 0.0132461 2 
5 9 14 0.00129293 0.004 0.00991438 4 
6 9 14 0 0.018 0.0130077 1 
7 9 14 0.00991404 0.022 0.0084901 4 
8 9 14 0.0125537 0.019 0.0105979 12 
9 9 14 0.021404 0.018 0.00713179 16 
10 9 14 0 0.028 0.00929973 1 
11 9 14 0 0.013 0.0108261 1 
0 9 15 0 0.042 0.0105605 1 
1 9 15 0 0.007 0.0134973 1 
2 9 15 0.0205162 0.017 0.0125369 9 
3 9 15 0.0157497 0.042 0.00842503 7 
4 9 15 0 0.038 0.0116049 1 
5 9 15 0 0.037 0.011759 1 
6 9 15 0 0.031 0.00852151 1 
7 9 15 0.000400935 0.011 0.00704233 2 
8 9 15 0 0.025 0.0100636 1 
9 9 15 0.0122759 0.022 0.00923442 9 
10 9 15 0.0312895 0.012 0.0119567 12 
11 9 15 0 0.007 0.0111858 1 
0 9 16 0.032906 0.007 0.0107036 34 
1 9 16 0 0.047 0.00940396 1 
2 9 16 0 0.021 0.0123657 1 
3 9 16 0 0.006 0.0089494 1 
4 9 16 0.00249517 0.031 0.00832695 2 
5 9 16 0.00212261 0.003 0.0105635 4 
6 9 16 0.0275557 0.006 0.00833597 24 
7 9 16 1.45554e-05 0.013 0.00967766 2 
8 9 16 0.00869896 0.028 0.00959224 9 
9 9 16 0 0.049 0.00986804 1 
10 9 16 0.00460619 0.004 0.00986859 5 
11 9 16 0.000694973 0.02 0.0107182 2 
0 9 17 0.0175145 0.029 0.0121401 9 
1 9 17 0.00658939 0.025 0.0095845 10 
2 9 17 0 0.035 0.0107775 1 
3 9 17 0.0134597 0.014 0.00692216 12 
4 9 17 0 0.004 0.0121152 1 
5 9 17 0 0.039 0.0105227 1 
6 9 17 0.0154697 0.01 0.013804 13 
7 9 17 0 0.016 0.00749556 1 
8 9 17 0.000240817 0.001 0.0108467 4 
9 9 17 0 0.032 0.00915159 1 
10 9 17 0 0.026 0.00980662 1 
11 9 17 6.76649e-05 0.01 0.00905351 2 
0 9 18 0.00222395 0.037 0.0069447 7 
1 9 18 0.107499 0.018 0.0122233 18 
2 9 18 0 0.048 0.00625857 1 
3 9 18 0 0.043 0.00607647 1 
4 9 18 0 0.032 0.00974695 1 
5 9 18 0.028454 0.014 0.0103651 11 
6 9 18 0.0199521 0.004 0.009129 17 
7 9 18 0 0.022 0.00956523 1 
8 9 18 0.00179697 0.044 0.00907013 2 
9 9 18 0.00918928 0.026 0.0127719 11 
10 9 18 0.0172736 0.026 0.00871328 11 
11 9 18 0.00291909 0.012 0.01047 4 
0 9 19 0.00272399 0.001 0.00740276 3 
1 9 19 0.00858488 0.004 0.0112847 9 
2 9 19 0.000138478 0.002 0.0114571 3 
3 9 19 0 0.011 0.0125383 1 
4 9 19 0 0.021 0.0100558 1 
5 9 19 0.0218506 0.003 0.0103357 22 
6 9 19 0 0.002 0.0100479 1 
7 9 19 0 0.025 0.0124151 1 
8 9 19 0.0189047 0.029 0.009662 8 
9 9 19 0 0.011 0.00820466 1 
10 9 19 0.0623823 0.005 0.0111236 38 
11 9 19 0.00250075 0.03 0.00654277 2 
0 9 20 0 0.025 0.00746347 1 
1 9 20 0 0.047 0.0105538 1 
2 9 20 0.00430061 0.044 0.0113332 3 
3 9 20 2.10522e-06 0.005 0.00952597 3 
4 9 20 0.0133323 0.035 0.0117047 9 
5 9 20 0.00837235 0.034 0.00853741 4 
6 9 20 0.0065501 0.049 0.00890877 4 
7 9 20 0 0.045 0.00840711 1 
8 9 20 0.000156747 0.005 0.00999931 2 
9 9 20 0.017616 0.016 0.0139563 12 
10 9 20 0.00891153 0.02 0.00907818 12 
11 9 20 0 0.035 0.0103878 1 
0 9 21 0 0.025 0.00744533 1 
1 9 21 0.0136794 0.015 0.00901818 12 
2 9 21 0.00357786 0.011 0.0111712 7 
3 9 21 0.00265815 0.045 0.00983874 2 
4 9 21 0.0175925 0.033 0.00938709 10 
5 9 21 0.00102003 0.001 0.00839384 2 
6 9 21 0 0.002 0.0130725 1 
7 9 21 0.0292487 0.023 0.0100692 16 
8 9 21 0.00297415 0.008 0.00721888 7 
9 9 21 0.00963859 0.019 0.0134399 7 
10 9 21 0.00418805 0.035 0.0113732 3 
11 9 21 0 0.037 0.0104481 1 
0 9 22 0.035017 0.003 0.00868832 16 
1 9 22 0 0.017 0.0119652 1 
2 9 22 0 0.043 0.0106123 1 
3 9 22 0.0266271 0.015 0.012092 25 
4 9 22 0 0.049 0.0100231 2 
5 9 22 0.0146385 0.015 0.0103877 16 
6 9 22 0 0.049 0.00771898 1 
7 9 22 0.0108715 0.041 0.0104528 3 
8 9 22 0 0.039 0.0123799 1 
9 9 22 0 0.047 0.0116671 1 
10 9 22 0.0399095 0.009 0.012984 21 
11 9 22 0.0155919 0.016 0.00894288 16 
0 9 23 0.0438537 0.008 0.00943991 34 
1 9 23 0 0.015 0.00922851 1 
2 9 23 0.0122416 0.018 0.0108657 8 
3 9 23 0 0.029 0.00780816 1 
4 9 23 0.0283378 0.002 0.0110122 19 
5 9 23 0.0334717 0.012 0.0107627 31 
6 9 23 0.0315598 0.014 0.0126862 23 
7 9 23 0 0.01 0.0115911 1 
8 9 23 0 0.007 0.0102443 1 
9 9 23 0.0057119 0.01 0.00869289 2 
10 9 23 0.00706658 0.038 0.00993079 4 
11 9 23 0.0495029 0.003 0.00788338 53 
0 9 24 0.000873383 0.003 0.00967022 4 
1 9 24 0 0.013 0.00711399 1 
2 9 24 0.000985368 0.006 0.00972712 3 
3 9 24 0.00955291 0.016 0.0101394 9 
4 9 24 0 0.047 0.00957096 1 
5 9 24 0 0.035 0.00961738 1 
6 9 24 0 0.042 0.00735041 1 
7 9 24 0 0.04 0.0083335 1 
8 9 24 5.53213e-05 0.006 0.00673063 2 
9 9 24 0.00510327 0.011 0.00880997 10 
10 9 24 0 0.038 0.0110069 1 
11 9 24 0.0193297 0.006 0.00877127 18 
0 9 25 0 0.005 0.0126891 1 
1 9 25 0.0114729 0.008 0.010913 8 
2 9 25 9.66714e-05 0.001 0.0126402 2 
3 9 25 0 0.009 0.0117804 1 
4 9 25 0.0157188 0.016 0.0100813 19 
5 9 25 0 0.003 0.0107134 1 
6 9 25 0.0160385 0.006 0.0107003 15 
7 9 25 0.0102316 0.006 0.00773212 3 
8 9 25 0 0.045 0.0103842 1 
9 9 25 0 0.049 0.00968026 1 
10 9 25 0.00452077 0.003 0.00995932 5 
11 9 25 0 0.006 0.0105575 1 
0 9 26 0 0.03 0.00931452 1 
1 9 26 0.0072064 0.044 0.0116031 8 
2 9 26 0.0246726 0.009 0.0112901 17 
3 9 26 0 0.008 0.00999494 1 
4 9 26 0 0.004 0.0134666 1 
5 9 26 0.00551882 0.029 0.00959103 7 
6 9 26 0.00516542 0.032 0.0118133 5 
7 9 26 0.000800541 0.003 0.0100553 5 
8 9 26 0 0.033 0.0112894 1 
9 9 26 0 0.016 0.0110486 1 
10 9 26 0 0.009 0.0109292 1 
11 9 26 0.00916288 0.001 0.00897539 8 
0 9 27 0.0186409 0.017 0.0130891 14 
1 9 27 0 0.013 0.00841513 1 
2 9 27 7.41011e-05 0.004 0.0123699 3 
3 9 27 0.0158922 0.02 0.0133968 15 
4 9 27 0 0.017 0.0115137 1 
5 9 27 0 0.013 0.0112742 1 
6 9 27 0.0262903 0.001 0.00976592 41 
7 9 27 0.0399993 0.009 0.00729483 30 
8 9 27 0 0.018 0.0106419 1 
9 9 27 0 0.048 0.0100183 1 
10 9 27 0 0.026 0.0107922 1 
11 9 27 0.000532199 0.006 0.0104468 2 
0 9 28 0.0430375 0.007 0.0105803 37 
1 9 28 0 0.027 0.0101416 1 
2 9 28 0.00279045 0.044 0.0125897 2 
3 9 28 0 0.002 0.0122282 1 
4 9 28 0 0.049 0.0133853 1 
5 9 28 0 0.008 0.00687314 1 
6 9 28 0 0.01 0.0105057 1 
7 9 28 0 0.049 0.00900318 1 
8 9 28 0 0.046 0.00919716 1 
9 9 28 0.0564489 0.005 0.00970429 40 
10 9 28 0.0122899 0.025 0.00992351 9 
11 9 28 0.00107893 0.033 0.00918434 5 
0 9 29 0.0219239 0.016 0.0107207 10 
1 9 29 0 0.047 0.00827808 1 
2 9 29 0.00194714 0.001 0.0087883 3 
3 9 29 0 0.027 0.00973706 1 
4 9 29 0.0302635 0.015 0.00784907 21 
5 9 29 0.00314581 0.034 0.0128132 2 
6 9 29 0 0.013 0.0114241 1 
7 9 29 0.0238766 0.009 0.0101996 16 
8 9 29 0.0013484 0.016 0.0111136 2 
9 9 29 0 0.004 0.00859548 1 
10 9 29 0.00891006 0.02 0.00841193 7 
11 9 29 0.0049944 0.047 0.0109648 4 
0 9 30 0 0.012 0.0143016 1 
1 9 30 0.000566217 0.004 0.0102487 2 
2 9 30 0 0.002 0.00748625 1 
3 9 30 0.00205183 0.002 0.0102016 2 
4 9 30 0.00106047 0.008 0.0112439 3 
5 9 30 0 0.034 0.010353 1 
6 9 30 0.00699394 0.001 0.00796904 13 
7 9 30 0 0.03 0.00885872 1 
8 9 30 0.00486481 0.02 0.0131239 8 
9 9 30 0 0.008 0.0119717 1 
10 9 30 0.00154271 0.015 0.010704 2 
11 9 30 0.00540737 0.042 0.0127259 3 
0 9 31 0.0059011 0.036 0.0117215 3 
1 9 31 0 0.043 0.0095871 1 
2 9 31 0 0.045 0.0104431 1 
3 9 31 0 0.024 0.0119764 1 
4 9 31 1.08242e-05 0.018 0.00998095 2 
5 9 31 0.00783648 0.003 0.00771748 5 
6 9 31 0.0223038 0.003 0.00858981 39 
7 9 31 0 0.01 0.00991787 1 
8 9 31 0 0.037 0.00992719 1 
9 9 31 0.000710851 0.001 0.0100067 2 
10 9 31 0.00140615 0.015 0.0133583 2 
11 9 31 0.0221548 0.011 0.0122075 16 
0 9 32 0 0.022 0.00958895 1 
1 9 32 0 0.01 0.0123982 1 
2 9 32 0 0.046 0.0105203 1 
3 9 32 0 0.036 0.00987622 1 
4 9 32 0 0.045 0.00828908 1 
5 9 32 0.0123012 0.024 0.00695463 7 
6 9 32 0 0.006 0.00825788 1 
7 9 32 0 0.008 0.0102163 1 
8 9 32 0 0.029 0.0141741 1 
9 9 32 0.0383097 0.015 0.0103221 22 
10 9 32 0 0.009 0.0108192 1 
11 9 32 0.00168818 0.033 0.00794 2 
0 9 33 0.00405571 0.03 0.0109999 5 
1 9 33 0.0166194 0.016 0.00905604 13 
2 9 33 0 0.02 0.00967245 1 
3 9 33 0.0106467 0.025 0.0116239 4 
4 9 33 0 0.044 0.00858145 1 
5 9 33 0 0.016 0.0109032 1 
6 9 33 0.0261944 0.005 0.0144611 17 
7 9 33 0.000526785 0.038 0.0113062 2 
8 9 33 0.00217571 0.014 0.0113134 4 
9 9 33 0 0.045 0.0118449 1 
10 9 33 0 0.046 0.0112904 1 
11 9 33 0.000725684 0.038 0.0118031 2 
0 9 34 0 0.011 0.0120723 1 
1 9 34 0 0.044 0.00840524 1 
2 9 34 0.00816171 0.009 0.00825572 4 
3 9 34 0 0.003 0.0115664 1 
4 9 34 0.000435617 0.021 0.00803452 2 
5 9 34 0.000287162 0.003 0.00898714 2 
6 9 34 0.0302864 0.013 0.0111238 24 
7 9 34 0.0003225 0.024 0.00846068 2 
8 9 34 0.0188376 0.005 0.0101906 18 
9 9 34 0 0.001 0.00759389 1 
10 9 34 0.00303438 0.033 0.00984253 3 
11 9 34 0.00404803 0.031 0.00852962 3 
0 9 35 0.00696256 0.03 0.00880571 4 
1 9 35 0.0410503 0.015 0.0121401 22 
2 9 35 0.00645268 0.002 0.0109007 4 
3 9 35 0.0101931 0.016 0.00702151 12 
4 9 35 0.0242878 0.004 0.00743352 28 
5 9 35 0 0.048 0.0133034 1 
6 9 35 0.0260088 0.01 0.0123766 25 
7 9 35 0.0266191 0.007 0.0131104 24 
8 9 35 0.0403426 0.006 0.0104496 34 
9 9 35 0.0425175 0.003 0.0100182 40 
10 9 35 0 0.048 0.00660656 1 
11 9 35 0 0.044 0.014034 1 
0 9 36 0 0.037 0.0113188 1 
1 9 36 0 0.015 0.00889593 1 
2 9 36 0 0.013 0.00891977 1 
3 9 36 0 0.001 0.0123133 1 
4 9 36 0 0.049 0.00939262 1 
5 9 36 0 0.023 0.0135547 1 
6 9 36 0 0.017 0.0112139 1 
7 9 36 0.0100171 0.009 0.011184 15 
8 9 36 0 0.031 0.0108064 1 
9 9 36 0.0275922 0.011 0.00982224 17 
10 9 36 0 0.049 0.0108855 1 
11 9 36 0.0189474 0.016 0.0059354 11 
0 9 37 0.00726332 0.048 0.00903864 3 
1 9 37 0 0.049 0.0134596 1 
2 9 37 0 0.011 0.0104282 1 
3 9 37 0.00620876 0.005 0.0139247 4 
4 9 37 0.0107113 0.031 0.0100944 14 
5 9 37 0 0.022 0.00967686 1 
6 9 37 0.0285456 0.006 0.0136977 18 
7 9 37 0 0.025 0.0109332 1 
8 9 37 0 0.003 0.0104214 1 
9 9 37 0.0241053 0.009 0.00979717 26 
10 9 37 0 0.018 0.00716908 1 
11 9 37 0.0151015 0.002 0.00853243 8 
0 9 38 0 0.046 0.0105225 1 
1 9 38 0.0168688 0.002 0.00976727 5 
2 9 38 0.0139506 0.039 0.0105538 10 
3 9 38 0.0714328 0.003 0.00880585 47 
4 9 38 0 0.047 0.0115286 1 
5 9 38 0.00196241 0.026 0.00996283 5 
6 9 38 0 0.034 0.0109587 1 
7 9 38 0 0.005 0.0114451 1 
8 9 38 0 0.027 0.00815372 1 
9 9 38 0.00710685 0.024 0.00735925 2 
10 9 38 0 0.015 0.00832174 1 
11 9 38 0.00758053 0.018 0.00689344 6 
0 9 39 0.0334494 0.017 0.00950763 15 
1 9 39 0.0548034 0.003 0.00919685 40 
2 9 39 0.0113327 0.006 0.0113028 11 
3 9 39 0.035652 0.007 0.00924762 27 
4 9 39 0 0.011 0.00939188 1 
5 9 39 0 0.037 0.0131471 1 
6 9 39 0 0.04 0.0108371 1 
7 9 39 0 0.013 0.0116525 1 
8 9 39 0.0212763 0.027 0.0124029 7 
9 9 39 0 0.031 0.0092483 1 
10 9 39 0 0.034 0.00849529 1 
11 9 39 0.018843 0.015 0.0111682 7 
0 9 40 0 0.017 0.0139013 1 
1 9 40 0 0.045 0.0107344 1 
2 9 40 0 0.027 0.0105574 1 
3 9 40 0.0243032 0.008 0.0119425 17 
4 9 40 0.00249036 0.032 0.0120116 3 
5 9 40 0.0164382 0.025 0.00956404 10 
6 9 40 0.0140612 0.033 0.0100794 7 
7 9 40 0 0.037 0.0130288 1 
8 9 40 0.00523824 0.019 0.0090589 4 
9 9 40 0.00066363 0.017 0.00968748 2 
10 9 40 0.00154715 0.033 0.0113278 2 
11 9 40 0.00529336 0.031 0.00923853 4 
0 9 41 0.0072204 0.041 0.0106399 4 
1 9 41 0 0.009 0.0110375 1 
2 9 41 0 0.002 0.0117524 1 
3 9 41 0.0115299 0.012 0.0100009 15 
4 9 41 0 0.009 0.0123161 1 
5 9 41 0.0428248 0.011 0.00955622 30 
6 9 41 0.0619898 0.002 0.00877911 55 
7 9 41 0.00689441 0.015 0.0111514 7 
8 9 41 0 0.002 0.0118376 1 
9 9 41 0.0179228 0.019 0.00939985 11 
10 9 41 0 0.044 0.00955211 1 
11 9 41 0.00380375 0.015 0.00883168 3 
0 9 42 0.00589932 0.042 0.01218 5 
1 9 42 0.000576697 0.023 0.0078328 2 
2 9 42 0.0214847 0.044 0.0101444 5 
3 9 42 0.00854349 0.033 0.00963286 4 
4 9 42 0 0.019 0.0121442 1 
5 9 42 0.00197671 0.003 0.00832394 2 
6 9 42 0.0781502 0.003 0.0138094 53 
7 9 42 0.0392989 0.013 0.0148494 26 
8 9 42 0.0116156 0.021 0.00805671 9 
9 9 42 0 0.012 0.0104122 1 
10 9 42 0.00998487 0.035 0.00997886 5 
11 9 42 0.0158513 0.043 0.00867744 9 
0 9 43 0.00204755 0.004 0.00840033 2 
1 9 43 0.0239471 0.009 0.00808987 23 
2 9 43 0.0285337 0.008 0.0113926 28 
3 9 43 0.00305757 0.028 0.0118045 5 
4 9 43 0.0263454 0.015 0.00823876 13 
5 9 43 0.00995237 0.045 0.011502 7 
6 9 43 0.0386882 0.004 0.0135883 36 
7 9 43 0.000582187 0.028 0.0104885 2 
8 9 43 0.0134745 0.007 0.0131881 24 
9 9 43 0 0.019 0.0075915 1 
10 9 43 0.0166838 0.008 0.0101946 22 
11 9 43 0 0.003 0.00796527 1 
0 9 44 0.00614132 0.041 0.00868958 8 
1 9 44 0 0.022 0.00863597 1 
2 9 44 0 0.018 0.0109505 1 
3 9 44 0.00665506 0.044 0.0116448 3 
4 9 44 0 0.038 0.012013 1 
5 9 44 0 0.03 0.0099978 1 
6 9 44 0 0.033 0.00555463 1 
7 9 44 0 0.046 0.0119101 1 
8 9 44 0.0110674 0.007 0.00810771 21 
9 9 44 0.00657602 0.038 0.0113119 4 
10 9 44 0.00739145 0.031 0.00989541 4 
11 9 44 0.00480281 0.004 0.00868743 4 
0 9 45 0.0292989 0.001 0.0120995 33 
1 9 45 0 0.026 0.0109219 1 
2 9 45 0.018605 0.011 0.0107463 18 
3 9 45 0.00473229 0.018 0.0116854 4 
4 9 45 0 0.013 0.00962492 1 
5 9 45 0 0.027 0.0113511 1 
6 9 45 0.0125331 0.026 0.0110214 12 
7 9 45 0.0403953 0.007 0.0134053 31 
8 9 45 0 0.022 0.00758242 1 
9 9 45 0.00474379 0.038 0.00748893 3 
10 9 45 0 0.04 0.0127602 1 
11 9 45 0.0119084 0.021 0.00869423 10 
0 9 46 0 0.024 0.0114651 1 
1 9 46 0 0.03 0.00907272 1 
2 9 46 0 0.039 0.0122928 1 
3 9 46 0.000604436 0.004 0.00943847 2 
4 9 46 0.00164148 0.038 0.0114001 2 
5 9 46 0.0131831 0.01 0.0114557 13 
6 9 46 0.00165683 0.012 0.0154347 2 
7 9 46 0.011129 0.007 0.0104189 15 
8 9 46 0.0500375 0.005 0.00931735 37 
9 9 46 0.0457726 0.01 0.00863017 25 
10 9 46 0.00606354 0.009 0.0105293 2 
11 9 46 0.0202632 0.01 0.00852828 15 
0 9 47 0.0218401 0.029 0.011683 16 
1 9 47 0.00764961 0.022 0.00961296 9 
2 9 47 0.0411512 0.006 0.00976042 32 
3 9 47 0 0.049 0.0105474 1 
4 9 47 0 0.02 0.0131336 1 
5 9 47 0.0220029 0.001 0.00874474 25 
6 9 47 0.0185237 0.012 0.00998213 16 
7 9 47 0.00549122 0.003 0.0115067 2 
8 9 47 0 0.007 0.0104076 1 
9 9 47 0.0851627 0.002 0.00776262 63 
10 9 47 0 0.005 0.0113836 1 
11 9 47 0 0.036 0.00751405 1 
0 9 48 0 0.034 0.0109253 1 
1 9 48 0 0.022 0.00952379 1 
2 9 48 0.000529521 0.047 0.00941633 4 
3 9 48 0.0181515 0.013 0.00914458 17 
4 9 48 0.0270138 0.015 0.0104414 19 
5 9 48 0.0417736 0.004 0.0103808 44 
6 9 48 0.00395533 0.049 0.00841795 3 
7 9 48 0.0326965 0.002 0.00856422 36 
8 9 48 0.00408878 0.026 0.00727537 2 
9 9 48 0.00295862 0.045 0.00648509 6 
10 9 48 0.00345351 0.004 0.010413 2 
11 9 48 0.0173899 0.023 0.00722401 11 
0 9 49 0 0.03 0.00896254 1 
1 9 49 0 0.012 0.0148372 1 
2 9 49 0.0336793 0.006 0.0119416 28 
3 9 49 0 0.033 0.0124864 1 
4 9 49 0 0.001 0.010658 1 
5 9 49 0 0.004 0.00814632 1 
6 9 49 0 0.039 0.00999403 1 
7 9 49 0.00269215 0.002 0.00895089 3 
8 9 49 0 0.021 0.0095383 1 
9 9 49 0 0.022 0.010038 1 
10 9 49 0 0.019 0.0112594 1 
11 9 49 0 0.016 0.0116866 1 
0 9 50 0.00140024 0.006 0.00957285 5 
1 9 50 0 0.033 0.00864975 1 
2 9 50 0 0.007 0.0128415 1 
3 9 50 0 0.038 0.00829743 1 
4 9 50 0.0270016 0.003 0.0095947 20 
5 9 50 0 0.039 0.00889765 1 
6 9 50 0 0.041 0.00808979 1 
7 9 50 0.00248999 0.001 0.00921597 5 
8 9 50 0.033122 0.005 0.00886815 21 
9 9 50 0.000395875 0.006 0.0100364 2 
10 9 50 0.00958679 0.02 0.0113786 6 
11 9 50 0 0.001 0.0109485 1 
0 9 51 0.0176099 0.036 0.00762302 8 
1 9 51 0 0.019 0.0100469 1 
2 9 51 0 0.037 0.0115173 1 
3 9 51 0 0.026 0.012289 1 
4 9 51 0.00453128 0.005 0.00845696 3 
5 9 51 0.0146869 0.012 0.0110724 15 
6 9 51 0.0378486 0.01 0.0105048 26 
7 9 51 0 0.021 0.00760631 1 
8 9 51 0 0.004 0.00964025 1 
9 9 51 0 0.041 0.0100824 1 
10 9 51 0.0547541 0.005 0.0098045 38 
11 9 51 0 0.005 0.0102654 1 
0 9 52 0.00822255 0.026 0.0105753 4 
1 9 52 0.00341106 0.019 0.0107685 2 
2 9 52 0 0.007 0.0107628 2 
3 9 52 0.0438892 0.011 0.011033 19 
4 9 52 0.0076805 0.021 0.0109631 7 
5 9 52 0 0.043 0.0068787 1 
6 9 52 0.0092717 0.032 0.0104538 8 
7 9 52 0 0.009 0.0091776 1 
8 9 52 0.025722 0.04 0.0092452 7 
9 9 52 0 0.011 0.0106036 1 
10 9 52 0.0413112 0.013 0.00934359 18 
11 9 52 0.0110954 0.022 0.00932974 19 
0 9 53 0.00472222 0.034 0.00886598 5 
1 9 53 0 0.04 0.0103016 1 
2 9 53 0.00525024 0.002 0.00989359 6 
3 9 53 0.00458654 0.028 0.0114024 2 
4 9 53 0.0195418 0.024 0.009626 9 
5 9 53 0.0117719 0.013 0.0114228 18 
6 9 53 0.0107652 0.013 0.0125912 2 
7 9 53 0.0361916 0.017 0.0112539 18 
8 9 53 0.00453318 0.017 0.00965327 3 
9 9 53 0.0180928 0.025 0.010264 13 
10 9 53 0.00453318 0.023 0.0106046 3 
11 9 53 0.0175167 0.018 0.0107363 9 
0 9 54 0 0.043 0.0114611 1 
1 9 54 0 0.039 0.00882882 1 
2 9 54 0.0031892 0.023 0.0113514 10 
3 9 54 0.00411418 0.036 0.0099587 2 
4 9 54 0.0220108 0.017 0.00839101 11 
5 9 54 0.0235895 0.016 0.0131481 17 
6 9 54 0.017643 0.034 0.0119215 7 
7 9 54 0.0205635 0.028 0.0109947 13 
8 9 54 0 0.025 0.00926782 1 
9 9 54 0.0589141 0.007 0.00994464 29 
10 9 54 0 0.004 0.00758095 1 
11 9 54 0.00300839 0.001 0.00678608 2 
0 9 55 0.00724567 0.019 0.00806262 5 
1 9 55 0 0.006 0.0120482 1 
2 9 55 0.00318086 0.042 0.0110341 5 
3 9 55 0 0.011 0.009352 1 
4 9 55 0.00397287 0.022 0.00932922 2 
5 9 55 0 0.02 0.011732 1 
6 9 55 0 0.03 0.0106233 1 
7 9 55 0.00978359 0.049 0.0101682 3 
8 9 55 0.0073499 0.019 0.014685 6 
9 9 55 4.68518e-05 0.017 0.0113699 2 
10 9 55 0.0544942 0.006 0.0126937 38 
11 9 55 0 0.021 0.0137474 1 
0 9 56 0 0.032 0.0114551 1 
1 9 56 0 0.029 0.00693409 1 
2 9 56 0.0601036 0.006 0.0151589 32 
3 9 56 0.00107332 0.032 0.0114839 4 
4 9 56 0.0649894 0.009 0.0124056 34 
5 9 56 0 0.003 0.0108866 1 
6 9 56 0 0.007 0.00919361 1 
7 9 56 0 0.045 0.0126209 1 
8 9 56 0 0.038 0.00960886 1 
9 9 56 7.09608e-05 0.04 0.0124319 2 
10 9 56 0 0.021 0.00934833 1 
11 9 56 0.00549326 0.012 0.0105363 5 
0 9 57 0 0.045 0.0106924 1 
1 9 57 0.001742 0.037 0.0112236 4 
2 9 57 0.00460246 0.017 0.00872447 8 
3 9 57 0.00242106 0.01 0.0100789 2 
4 9 57 0.0163271 0.004 0.0126614 18 
5 9 57 0 0.011 0.00905682 1 
6 9 57 0.0101982 0.008 0.0124357 10 
7 9 57 0.00196835 0.012 0.00834362 2 
8 9 57 0 0.026 0.0101068 1 
9 9 57 0.00919406 0.009 0.00923706 7 
10 9 57 0 0.013 0.00842628 1 
11 9 57 0.00881243 0.002 0.0131714 8 
0 9 58 0 0.046 0.00931178 1 
1 9 58 0.00672802 0.023 0.00721603 13 
2 9 58 0 0.007 0.0109063 1 
3 9 58 0 0.021 0.00789671 1 
4 9 58 4.59026e-05 0.001 0.0124698 2 
5 9 58 0.0691271 0.006 0.00867233 24 
6 9 58 0 0.022 0.0110828 1 
7 9 58 0.00392593 0.007 0.0114988 2 
8 9 58 0 0.049 0.00919609 1 
9 9 58 0 0.019 0.0123468 1 
10 9 58 0 0.016 0.010851 1 
11 9 58 0 0.03 0.011248 1 
0 9 59 0 0.035 0.00933226 1 
1 9 59 0.00901658 0.04 0.00812882 10 
2 9 59 0 0.007 0.010065 1 
3 9 59 0.000118587 0.007 0.00793537 2 
4 9 59 0 0.048 0.0109521 1 
5 9 59 0 0.048 0.00948911 1 
6 9 59 0.0437961 0.008 0.0111324 26 
7 9 59 0.00103328 0.038 0.00835622 2 
8 9 59 0.0190031 0.006 0.0104923 38 
9 9 59 0.0231647 0.013 0.00860804 13 
10 9 59 0.0184635 0.016 0.012052 16 
11 9 59 0 0.048 0.0101595 1 
0 9 60 0 0.038 0.0106122 1 
1 9 60 0.0208586 0.019 0.0116792 12 
2 9 60 0 0.043 0.0133958 1 
3 9 60 0 0.009 0.00865466 1 
4 9 60 0 0.009 0.011657 1 
5 9 60 0.00504932 0.027 0.00958582 5 
6 9 60 0.00519998 0.047 0.0123236 4 
7 9 60 0 0.017 0.00848193 1 
8 9 60 0 0.022 0.0151835 1 
9 9 60 0.0415816 0.009 0.0118524 32 
10 9 60 0 0.04 0.0109229 1 
11 9 60 0 0.035 0.0109441 1 
