0 0 0 1 0.001 0.019103 2 
1 0 0 0 0.02 0.0106357 1 
2 0 0 0.000685588 0.017 0.0101259 4 
3 0 0 0.00198449 0.023 0.0101922 2 
4 0 0 0 0.03 0.00909937 1 
5 0 0 0.00332443 0.047 0.0163581 1 
6 0 0 0 0.034 0.013229 1 
7 0 0 0.227672 0.011 0.0110579 7 
8 0 0 0 0.026 0.00981977 1 
9 0 0 0.000511028 0.031 0.0107237 2 
10 0 0 0.00262131 0.044 0.0124021 1 
11 0 0 0 0.048 0.0110109 1 
12 0 0 0 0.041 0.0103331 1 
13 0 0 0.0167651 0.009 0.0146643 22 
14 0 0 0.000526596 0.035 0.00798511 2 
15 0 0 5.95899e-05 0.021 0.0116515 1 
16 0 0 5.95899e-05 0.002 0.0139501 1 
17 0 0 0 0.021 0.0113336 1 
18 0 0 0 0.016 0.00913895 1 
19 0 0 0 0.024 0.0104691 1 
20 0 0 0.201531 0.018 0.0136272 3 
21 0 0 0.00427443 0.003 0.0106892 9 
22 0 0 0.0253854 0.005 0.0123117 47 
23 0 0 0 0.008 0.00991464 1 
24 0 0 0 0.037 0.00821382 1 
25 0 0 0.00078712 0.016 0.0111564 3 
26 0 0 0.000171211 0.002 0.0135355 2 
27 0 0 0.016381 0.006 0.0105845 19 
28 0 0 0 0.025 0.0114412 2 
29 0 0 0 0.018 0.011337 1 
30 0 0 0.0105123 0.035 0.0079662 11 
31 0 0 0 0.04 0.0129313 1 
32 0 0 0.0207975 0.005 0.00825668 29 
0 0 1 0.0129821 0.007 0.0120431 21 
1 0 1 0.00283173 0.002 0.0118411 5 
2 0 1 0 0.041 0.0111166 1 
3 0 1 0 0.038 0.0137815 1 
4 0 1 0.000286839 0.013 0.00962324 2 
5 0 1 0.000759227 0.036 0.0111055 2 
6 0 1 0.00012616 0.007 0.0105799 1 
7 0 1 0.000121354 0.038 0.00773843 2 
8 0 1 0 0.004 0.00983714 1 
9 0 1 1.08985e-05 0.011 0.0131629 3 
10 0 1 0 0.016 0.0121499 1 
11 0 1 6.63941e-05 0.039 0.00905667 1 
12 0 1 0 0.012 0.0114408 1 
13 0 1 0 0.015 0.00742094 1 
14 0 1 0 0.049 0.0163278 1 
15 0 1 0 0.037 0.0111616 2 
16 0 1 0 0.019 0.0100605 1 
17 0 1 0 0.049 0.00720207 1 
18 0 1 0 0.033 0.0113667 2 
19 0 1 0 0.013 0.0111713 1 
20 0 1 0 0.008 0.0112166 1 
21 0 1 0.00855563 0.006 0.00909083 8 
22 0 1 0.0146705 0.005 0.00934574 30 
23 0 1 0 0.045 0.0100421 1 
24 0 1 0 0.009 0.00997163 1 
25 0 1 0 0.03 0.0105303 1 
26 0 1 0.00555685 0.017 0.0108516 10 
27 0 1 0 0.036 0.0100673 1 
28 0 1 0 0.034 0.0142173 1 
29 0 1 0 0.03 0.00761763 1 
30 0 1 0.0032272 0.011 0.0110016 4 
31 0 1 0 0.001 0.0102447 1 
32 0 1 5.89585e-05 0.024 0.00966583 2 
0 0 2 0.00711032 0.011 0.0124667 10 
1 0 2 0 0.013 0.0119707 1 
2 0 2 0 0.031 0.00983812 1 
3 0 2 0.0359475 0.004 0.0127834 52 
4 0 2 0.000562962 0.048 0.00805986 2 
5 0 2 0 0.047 0.00892699 1 
6 0 2 0 0.001 0.0106276 1 
7 0 2 0.00769605 0.024 0.00861011 6 
8 0 2 0 0.026 0.0112128 1 
9 0 2 0.000580042 0.003 0.0108806 2 
10 0 2 0.00152704 0.045 0.00914251 2 
11 0 2 3.32583e-05 0.011 0.00995393 2 
12 0 2 0.0165405 0.001 0.0105954 20 
13 0 2 0.00195974 0.049 0.0109314 3 
14 0 2 0 0.015 0.0139612 1 
15 0 2 0 0.041 0.0122558 1 
16 0 2 0 0.001 0.0145013 1 
17 0 2 0.00546586 0.017 0.0100019 8 
18 0 2 0 0.031 0.0115786 1 
19 0 2 0.000319933 0.008 0.00992853 2 
20 0 2 0 0.011 0.0118605 1 
21 0 2 0 0.013 0.0109499 1 
22 0 2 0 0.039 0.010377 1 
23 0 2 0 0.019 0.00884544 1 
24 0 2 0 0.029 0.0121202 1 
25 0 2 0.00534114 0.02 0.0125906 7 
26 0 2 0 0.035 0.0124487 1 
27 0 2 0 0.004 0.0132843 1 
28 0 2 0 0.016 0.00912276 1 
29 0 2 0 0.047 0.0102413 1 
30 0 2 0.0211441 0.006 0.0114337 40 
31 0 2 0.00213707 0.026 0.00973183 2 
32 0 2 0.0335135 0.003 0.00991414 42 
0 0 3 0 0.013 0.01147 1 
1 0 3 0.00241687 0.041 0.00962542 2 
2 0 3 0 0.048 0.0116266 1 
3 0 3 0.000848169 0.033 0.0101122 2 
4 0 3 0.00242647 0.037 0.0111513 7 
5 0 3 0.00042865 0.034 0.00856013 2 
6 0 3 6.29808e-05 0.049 0.00883253 1 
7 0 3 0.00441599 0.03 0.0090404 7 
8 0 3 0 0.02 0.014581 1 
9 0 3 0 0.006 0.0103024 1 
10 0 3 0 0.046 0.00932111 1 
11 0 3 0 0.027 0.0147351 2 
12 0 3 0.014898 0.013 0.00651425 19 
13 0 3 0 0.034 0.00816001 1 
14 0 3 0 0.015 0.00986518 1 
15 0 3 0 0.033 0.0126312 1 
16 0 3 0 0.008 0.0129184 1 
17 0 3 0 0.002 0.00939886 1 
18 0 3 0 0.016 0.0130209 1 
19 0 3 0.00194997 0.014 0.0126539 3 
20 0 3 0 0.023 0.0112157 1 
21 0 3 0 0.048 0.0134917 1 
22 0 3 0 0.046 0.0118367 1 
23 0 3 0 0.01 0.0122032 1 
24 0 3 0 0.03 0.0120492 1 
25 0 3 0 0.005 0.0119613 1 
26 0 3 0 0.032 0.0117179 1 
27 0 3 0.00450757 0.009 0.0107572 5 
28 0 3 0 0.017 0.00936041 1 
29 0 3 0 0.017 0.015134 2 
30 0 3 0 0.005 0.0109613 1 
31 0 3 0.000180497 0.006 0.0134831 1 
32 0 3 0 0.007 0.0103579 1 
0 0 4 0 0.034 0.0105106 1 
1 0 4 0.000689204 0.049 0.0102809 2 
2 0 4 0 0.034 0.0149184 1 
3 0 4 0 0.039 0.00666953 1 
4 0 4 0.00121686 0.015 0.00869234 2 
5 0 4 0 0.039 0.00941018 1 
6 0 4 0 0.011 0.0110807 2 
7 0 4 0.00396073 0.028 0.0105232 6 
8 0 4 0.000982637 0.03 0.0162475 1 
9 0 4 0.00250997 0.022 0.00898539 3 
10 0 4 0 0.004 0.0133919 1 
11 0 4 0.000110896 0.046 0.0106166 2 
12 0 4 0.00071278 0.011 0.0104942 7 
13 0 4 0.00906082 0.02 0.010994 12 
14 0 4 0.0161005 0.023 0.0112911 14 
15 0 4 0 0.03 0.00930435 1 
16 0 4 0 0.037 0.0131325 1 
17 0 4 0 0.036 0.0100049 1 
18 0 4 7.59348e-05 0.014 0.0106233 2 
19 0 4 0.00118289 0.009 0.0129442 4 
20 0 4 0.00466673 0.013 0.0104643 11 
21 0 4 0 0.044 0.0107903 1 
22 0 4 0.00740612 0.02 0.00899963 9 
23 0 4 0.0134035 0.027 0.00971917 13 
24 0 4 0 0.027 0.0125173 1 
25 0 4 0.011168 0.022 0.0120022 10 
26 0 4 4.59017e-05 0.016 0.00742207 2 
27 0 4 0.0165219 0.004 0.0112602 24 
28 0 4 0 0.026 0.0119449 1 
29 0 4 0 0.03 0.00987277 1 
30 0 4 0 0.043 0.00970137 1 
31 0 4 0 0.027 0.0109386 1 
32 0 4 0.00139106 0.008 0.00992622 4 
0 0 5 5.71093e-05 0.013 0.0105699 2 
1 0 5 4.71186e-06 0.038 0.0081629 2 
2 0 5 0 0.038 0.0104606 1 
3 0 5 0 0.047 0.010859 1 
4 0 5 9.04466e-05 0.016 0.00849821 2 
5 0 5 0.000367665 0.03 0.0102275 2 
6 0 5 0 0.039 0.0116318 2 
7 0 5 0.0204764 0.006 0.0105193 15 
8 0 5 0 0.018 0.011027 1 
9 0 5 0 0.021 0.011885 1 
10 0 5 0.0010087 0.048 0.0106863 4 
11 0 5 0 0.027 0.0117482 2 
12 0 5 0.00366492 0.011 0.0135384 2 
13 0 5 0 0.013 0.0120893 1 
14 0 5 0.00268435 0.034 0.00805865 2 
15 0 5 0 0.034 0.0114443 1 
16 0 5 0 0.014 0.009491 1 
17 0 5 0.00330701 0.02 0.0124898 5 
18 0 5 9.47838e-05 0.035 0.0118892 2 
19 0 5 0 0.038 0.0125605 1 
20 0 5 0.00120021 0.01 0.0106566 2 
21 0 5 0 0.014 0.0125612 1 
22 0 5 0 0.019 0.0106647 1 
23 0 5 0.00149805 0.01 0.0116874 6 
24 0 5 0 0.048 0.011278 1 
25 0 5 0.00668143 0.02 0.0136831 6 
26 0 5 0.00578167 0.035 0.0122674 7 
27 0 5 0.0166056 0.009 0.00998099 18 
28 0 5 0 0.018 0.0111211 1 
29 0 5 0 0.005 0.0129089 1 
30 0 5 0.0113502 0.005 0.00990714 11 
31 0 5 0.00137723 0.021 0.0110623 2 
32 0 5 0 0.045 0.0134344 1 
0 0 6 0 0.038 0.0113612 1 
1 0 6 0 0.002 0.0116921 1 
2 0 6 0 0.042 0.0117435 3 
3 0 6 0.00173837 0.037 0.00958826 3 
4 0 6 0.00167228 0.033 0.0206863 1 
5 0 6 0.000610612 0.04 0.0116369 2 
6 0 6 0 0.025 0.0113514 2 
7 0 6 0.00276413 0.04 0.00631457 5 
8 0 6 0.00403098 0.034 0.0100772 6 
9 0 6 0 0.032 0.0105674 1 
10 0 6 0.00141525 0.014 0.0127442 1 
11 0 6 0 0.029 0.0130645 1 
12 0 6 0.0204864 0.003 0.00960616 31 
13 0 6 0.00426729 0.023 0.0099859 4 
14 0 6 0 0.015 0.0121882 1 
15 0 6 0 0.046 0.0109368 1 
16 0 6 0 0.04 0.0104645 1 
17 0 6 0 0.045 0.00956256 1 
18 0 6 0 0.008 0.0103854 1 
19 0 6 0 0.009 0.0124922 1 
20 0 6 0 0.041 0.00657061 1 
21 0 6 0 0.038 0.0116483 1 
22 0 6 0.00036906 0.022 0.0114357 2 
23 0 6 0 0.044 0.0127078 1 
24 0 6 0 0.036 0.013061 1 
25 0 6 0.0122529 0.001 0.00838792 27 
26 0 6 0.0119051 0.017 0.0108043 10 
27 0 6 0.0134858 0.011 0.00987845 20 
28 0 6 0 0.005 0.0122325 1 
29 0 6 0 0.032 0.0124864 1 
30 0 6 0.0119859 0.019 0.00892356 9 
31 0 6 0 0.012 0.00865983 1 
32 0 6 0 0.002 0.0124469 1 
0 0 7 0.00165659 0.002 0.00927791 5 
1 0 7 0.00480757 0.011 0.00973784 10 
2 0 7 0 0.015 0.0127347 1 
3 0 7 0 0.044 0.00994314 1 
4 0 7 0.000235689 0.037 0.0117308 2 
5 0 7 0.00223995 0.039 0.0192867 1 
6 0 7 0 0.002 0.0105191 2 
7 0 7 0 0.006 0.0108526 1 
8 0 7 6.29845e-05 0.022 0.0126895 3 
9 0 7 0 0.011 0.011853 1 
10 0 7 0 0.037 0.00910704 1 
11 0 7 0 0.049 0.0102053 1 
12 0 7 0.000183129 0.015 0.00919996 2 
13 0 7 0 0.039 0.0089059 1 
14 0 7 0.000590561 0.039 0.0091834 2 
15 0 7 0 0.029 0.0117374 1 
16 0 7 0 0.007 0.0113802 1 
17 0 7 0 0.024 0.0107316 1 
18 0 7 0 0.023 0.00981541 1 
19 0 7 0.000325653 0.038 0.0118086 2 
20 0 7 0 0.048 0.011024 1 
21 0 7 0 0.002 0.0123808 1 
22 0 7 0 0.043 0.0109845 1 
23 0 7 0.000261034 0.02 0.00899261 2 
24 0 7 9.50057e-05 0.019 0.0120239 2 
25 0 7 0.000109085 0.001 0.00894 2 
26 0 7 0 0.021 0.0102391 1 
27 0 7 0.0216175 0.009 0.0118446 31 
28 0 7 0 0.039 0.0113851 1 
29 0 7 0 0.023 0.0139325 1 
30 0 7 0.0456399 0.003 0.0119589 52 
31 0 7 0 0.029 0.00960192 1 
32 0 7 0.0182454 0.006 0.01092 31 
0 0 8 0.0166595 0.003 0.0133602 50 
1 0 8 0.00648255 0.041 0.0124864 12 
2 0 8 0 0.018 0.0126326 1 
3 0 8 0.000983655 0.006 0.00897648 2 
4 0 8 0.00112335 0.021 0.0145346 1 
5 0 8 0 0.039 0.0106606 1 
6 0 8 0 0.043 0.00839197 1 
7 0 8 0.00515615 0.008 0.0106255 6 
8 0 8 0.000373459 0.033 0.00926902 1 
9 0 8 0.0225516 0.007 0.00946878 31 
10 0 8 0 0.01 0.0101962 1 
11 0 8 0.000983467 0.033 0.0113664 4 
12 0 8 0.00985313 0.012 0.0095142 9 
13 0 8 0.0112418 0.006 0.012471 21 
14 0 8 3.13287e-05 0.016 0.0109653 2 
15 0 8 0 0.04 0.0105657 1 
16 0 8 0 0.038 0.0105893 1 
17 0 8 0 0.015 0.00794427 1 
18 0 8 0 0.027 0.00988251 1 
19 0 8 0.00388033 0.015 0.00923632 6 
20 0 8 0 0.001 0.00868571 1 
21 0 8 0 0.037 0.00952147 1 
22 0 8 0.0474699 0.001 0.00963045 86 
23 0 8 0 0.03 0.0102956 1 
24 0 8 0 0.008 0.0122471 1 
25 0 8 0 0.032 0.0118212 1 
26 0 8 0 0.024 0.0114326 1 
27 0 8 0 0.014 0.0135593 1 
28 0 8 0 0.018 0.00948835 1 
29 0 8 0 0.042 0.0109252 1 
30 0 8 0 0.005 0.0101975 1 
31 0 8 0.00148098 0.041 0.011893 2 
32 0 8 0 0.007 0.0140915 1 
0 0 9 0 0.015 0.0121837 1 
1 0 9 0.000234903 0.038 0.00945281 2 
2 0 9 0 0.042 0.0127499 1 
3 0 9 0 0.024 0.0117268 1 
4 0 9 0.000100743 0.002 0.00863669 2 
5 0 9 0 0.031 0.0126295 1 
6 0 9 0 0.008 0.0107172 1 
7 0 9 0.000683044 0.029 0.0111061 5 
8 0 9 0 0.011 0.0115947 1 
9 0 9 0.000611861 0.043 0.00789684 2 
10 0 9 0.00104069 0.018 0.0160472 1 
11 0 9 0.000754789 0.024 0.00952277 4 
12 0 9 0 0.035 0.0145395 1 
13 0 9 0.00436283 0.046 0.00998435 4 
14 0 9 0.0209115 0.009 0.0126578 27 
15 0 9 0 0.047 0.00926044 1 
16 0 9 9.09702e-05 0.001 0.0115273 2 
17 0 9 0 0.046 0.00908571 1 
18 0 9 9.52259e-05 0.04 0.0111126 2 
19 0 9 4.68941e-05 0.012 0.011004 2 
20 0 9 9.49102e-05 0.023 0.0122341 2 
21 0 9 0 0.027 0.00864558 1 
22 0 9 0.050061 0.002 0.0120567 70 
23 0 9 0 0.004 0.0113665 1 
24 0 9 0 0.007 0.0107069 1 
25 0 9 0.00139505 0.018 0.012125 3 
26 0 9 0 0.015 0.0131227 1 
27 0 9 0.0669139 0.003 0.0110784 47 
28 0 9 9.52259e-05 0.01 0.0112986 2 
29 0 9 0 0.024 0.0135653 1 
30 0 9 0 0.013 0.00971888 1 
31 0 9 0 0.02 0.0104219 1 
32 0 9 0.0108713 0.001 0.012219 21 
0 0 10 0 0.007 0.00995247 1 
1 0 10 0 0.032 0.0132711 1 
2 0 10 0.000102363 0.045 0.0134864 2 
3 0 10 0 0.017 0.0114823 1 
4 0 10 2.32015e-05 0.035 0.00979291 2 
5 0 10 0 0.038 0.0107478 1 
6 0 10 5.68068e-05 0.043 0.0117846 1 
7 0 10 0 0.045 0.00957435 1 
8 0 10 0.000317027 0.002 0.013182 1 
9 0 10 8.82243e-05 0.007 0.0112366 2 
10 0 10 0 0.044 0.00746482 1 
11 0 10 0.00242522 0.005 0.00956112 3 
12 0 10 0.00300675 0.034 0.0108335 7 
13 0 10 0 0.016 0.0132744 1 
14 0 10 0.000247252 0.019 0.0105319 2 
15 0 10 0.000111767 0.029 0.009578 2 
16 0 10 0 0.038 0.0122408 1 
17 0 10 0 0.047 0.00928269 1 
18 0 10 0.000359555 0.002 0.0114718 3 
19 0 10 0.00162554 0.019 0.00959351 6 
20 0 10 0 0.002 0.0101293 1 
21 0 10 0 0.012 0.0088555 1 
22 0 10 0 0.015 0.0105405 1 
23 0 10 0 0.041 0.0106188 1 
24 0 10 0 0.008 0.0134976 1 
25 0 10 0 0.019 0.0136262 1 
26 0 10 0 0.024 0.010588 1 
27 0 10 0 0.048 0.0116425 1 
28 0 10 0.000107065 0.004 0.00944403 2 
29 0 10 0 0.039 0.010926 1 
30 0 10 0.00209636 0.001 0.0114119 3 
31 0 10 0 0.007 0.00854143 1 
32 0 10 0.00571136 0.006 0.00981611 12 
0 0 11 0.000349319 0.017 0.0127736 2 
1 0 11 0 0.007 0.00966336 1 
2 0 11 0 0.021 0.0114926 1 
3 0 11 0 0.022 0.0111894 1 
4 0 11 0.0012809 0.034 0.0203554 1 
5 0 11 0 0.047 0.0114891 1 
6 0 11 0 0.001 0.0113808 1 
7 0 11 0 0.029 0.0112288 1 
8 0 11 0 0.049 0.0114492 1 
9 0 11 3.81302e-05 0.003 0.0118145 2 
10 0 11 0 0.007 0.0111668 1 
11 0 11 0.000376515 0.046 0.0130354 3 
12 0 11 0 0.002 0.0123236 1 
13 0 11 0.000127239 0.013 0.0129576 2 
14 0 11 0.0151386 0.019 0.0136867 12 
15 0 11 9.13841e-05 0.027 0.00851 2 
16 0 11 0 0.014 0.012951 1 
17 0 11 0.00636901 0.021 0.0103947 11 
18 0 11 0.000560073 0.02 0.0118059 2 
19 0 11 0.00303813 0.014 0.0126696 10 
20 0 11 0.0061389 0.032 0.00963432 8 
21 0 11 0 0.045 0.0111339 1 
22 0 11 0 0.012 0.0098234 1 
23 0 11 0 0.048 0.009893 1 
24 0 11 0 0.047 0.0133443 1 
25 0 11 0 0.038 0.00725266 1 
26 0 11 0.00808951 0.005 0.0119955 15 
27 0 11 0 0.027 0.0123894 1 
28 0 11 9.57131e-05 0.025 0.0115252 2 
29 0 11 0.000370604 0.037 0.0118301 3 
30 0 11 4.69063e-05 0.001 0.0114054 2 
31 0 11 0.00319906 0.024 0.00738389 6 
32 0 11 0 0.041 0.0082247 1 
0 0 12 0.000123193 0.032 0.0108318 3 
1 0 12 0 0.002 0.0115729 1 
2 0 12 7.29366e-05 0.032 0.012543 2 
3 0 12 0 0.004 0.0102023 1 
4 0 12 0.00144925 0.04 0.0144248 1 
5 0 12 0.00139525 0.038 0.0156433 1 
6 0 12 0 0.029 0.010659 1 
7 0 12 8.29975e-05 0.033 0.0105077 4 
8 0 12 0 0.036 0.00969372 1 
9 0 12 0.0475182 0.004 0.00885474 46 
10 0 12 0.00105251 0.023 0.00983046 3 
11 0 12 0 0.036 0.0116916 1 
12 0 12 0.0172398 0.003 0.0092219 22 
13 0 12 0 0.03 0.0125137 1 
14 0 12 0.0336734 0.004 0.011704 57 
15 0 12 0 0.005 0.0100798 1 
16 0 12 0 0.042 0.0126882 1 
17 0 12 0.00721971 0.014 0.00904138 16 
18 0 12 7.69383e-05 0.004 0.0154913 2 
19 0 12 0.000347587 0.001 0.0141385 3 
20 0 12 0 0.03 0.0114468 1 
21 0 12 0 0.008 0.00908274 1 
22 0 12 0.000701759 0.043 0.0122374 2 
23 0 12 0.000806637 0.011 0.00935283 3 
24 0 12 0 0.036 0.0112061 1 
25 0 12 0.00179594 0.017 0.00773828 4 
26 0 12 1.85605e-06 0.022 0.00992203 2 
27 0 12 0 0.005 0.0110102 1 
28 0 12 0 0.037 0.0126117 1 
29 0 12 0 0.032 0.0131059 1 
30 0 12 0.0106818 0.014 0.0131562 18 
31 0 12 0.00202684 0.041 0.00969264 2 
32 0 12 0 0.047 0.00914924 1 
0 0 13 0 0.046 0.00923874 1 
1 0 13 0.00128105 0.024 0.0106749 6 
2 0 13 7.09408e-05 0.009 0.0127472 2 
3 0 13 0 0.035 0.0114025 1 
4 0 13 0 0.04 0.0120259 1 
5 0 13 0.00116927 0.026 0.0166766 1 
6 0 13 0 0.032 0.0110517 1 
7 0 13 2.97241e-06 0.011 0.0107004 2 
8 0 13 0.000564827 0.005 0.00903415 2 
9 0 13 0 0.001 0.010633 1 
10 0 13 0 0.027 0.0131423 1 
11 0 13 0 0.034 0.0126709 1 
12 0 13 0.000304329 0.013 0.0100814 2 
13 0 13 0 0.047 0.0132044 1 
14 0 13 0.0281205 0.003 0.00900745 52 
15 0 13 0 0.026 0.0159353 1 
16 0 13 0 0.03 0.00988616 1 
17 0 13 0.000209894 0.008 0.0111446 2 
18 0 13 0 0.03 0.0135661 1 
19 0 13 0.00495898 0.036 0.0104057 6 
20 0 13 0 0.035 0.012426 1 
21 0 13 0.000260766 0.037 0.0110317 2 
22 0 13 0 0.035 0.0142979 1 
23 0 13 4.22012e-05 0.007 0.0149245 2 
24 0 13 6.73197e-05 0.023 0.0107399 2 
25 0 13 0 0.004 0.00926468 1 
26 0 13 0.000443423 0.007 0.00809168 4 
27 0 13 0 0.004 0.0091092 1 
28 0 13 0 0.028 0.0109745 1 
29 0 13 0 0.025 0.0112815 1 
30 0 13 0.00148751 0.014 0.0104599 2 
31 0 13 0 0.01 0.00766587 1 
32 0 13 0.00475308 0.016 0.00920395 17 
0 0 14 0 0.043 0.00768014 1 
1 0 14 0.000934156 0.043 0.00869136 2 
2 0 14 4.84323e-05 0.029 0.00757251 2 
3 0 14 0.00587373 0.008 0.0115901 10 
4 0 14 0 0.015 0.01422 1 
5 0 14 0.000897767 0.015 0.0204027 1 
6 0 14 0 0.042 0.00916762 1 
7 0 14 0.00430562 0.013 0.0103574 4 
8 0 14 0.00244574 0.006 0.012469 4 
9 0 14 0 0.048 0.010989 1 
10 0 14 0 0.004 0.0100886 1 
11 0 14 0 0.015 0.0105991 1 
12 0 14 0.0131497 0.015 0.0140957 17 
13 0 14 0 0.015 0.0132944 1 
14 0 14 0 0.04 0.00952639 1 
15 0 14 0 0.026 0.0094743 1 
16 0 14 0 0.011 0.0122299 1 
17 0 14 0 0.038 0.0114444 1 
18 0 14 0 0.001 0.0119414 1 
19 0 14 0 0.012 0.00834699 1 
20 0 14 0 0.027 0.0122767 1 
21 0 14 0.00015731 0.027 0.011981 2 
22 0 14 0.00313025 0.044 0.0116373 3 
23 0 14 0.00221275 0.001 0.0144401 7 
24 0 14 0 0.034 0.00838939 1 
25 0 14 0.0013406 0.008 0.0122634 2 
26 0 14 0 0.043 0.00997106 1 
27 0 14 0 0.029 0.0109799 1 
28 0 14 0 0.026 0.00961924 1 
29 0 14 0 0.032 0.0111519 1 
30 0 14 0.00241115 0.042 0.0114094 3 
31 0 14 0 0.031 0.00822296 1 
32 0 14 0.00625064 0.011 0.0105081 10 
0 0 15 0 0.001 0.0102126 1 
1 0 15 0 0.001 0.00909694 1 
2 0 15 0.00263922 0.011 0.00976067 3 
3 0 15 0 0.004 0.0114339 1 
4 0 15 0 0.026 0.0090007 1 
5 0 15 0.00121436 0.014 0.00897369 2 
6 0 15 0 0.026 0.00868606 1 
7 0 15 0.00494502 0.033 0.0123079 2 
8 0 15 0.0109482 0.003 0.00802165 6 
9 0 15 0 0.01 0.00938886 1 
10 0 15 0.0013074 0.015 0.0129399 1 
11 0 15 0 0.047 0.00829461 1 
12 0 15 0 0.036 0.0152415 1 
13 0 15 0.00261246 0.004 0.0122346 4 
14 0 15 0.00181516 0.008 0.0130349 6 
15 0 15 0 0.049 0.0125242 1 
16 0 15 0 0.006 0.0128485 1 
17 0 15 0.00297332 0.005 0.0143406 6 
18 0 15 0 0.004 0.0114791 1 
19 0 15 0 0.025 0.00904973 1 
20 0 15 0 0.023 0.00805992 1 
21 0 15 0 0.027 0.0131104 1 
22 0 15 0.000927115 0.031 0.00970557 2 
23 0 15 0 0.024 0.0106437 1 
24 0 15 0 0.047 0.0111152 1 
25 0 15 0 0.046 0.00923599 1 
26 0 15 3.75576e-05 0.001 0.0107161 2 
27 0 15 0 0.025 0.00955915 1 
28 0 15 0 0.029 0.00991314 1 
29 0 15 0 0.035 0.00995936 1 
30 0 15 0 0.034 0.0100163 1 
31 0 15 0 0.044 0.00953107 1 
32 0 15 0.0101965 0.016 0.0117926 11 
0 0 16 0.00331973 0.041 0.00992569 5 
1 0 16 0.000179614 0.004 0.0132918 2 
2 0 16 0.000293893 0.024 0.0107253 3 
3 0 16 0.00994606 0.012 0.0115762 17 
4 0 16 0.00133491 0.028 0.0137277 1 
5 0 16 0.000620435 0.045 0.0107043 2 
6 0 16 0 0.023 0.0131355 1 
7 0 16 0 0.01 0.0102957 1 
8 0 16 0.000210354 0.038 0.0111698 2 
9 0 16 0.0031011 0.027 0.00964874 8 
10 0 16 0.00726702 0.031 0.010017 4 
11 0 16 0 0.025 0.0127412 1 
12 0 16 0.0169105 0.033 0.0109954 12 
13 0 16 6.88344e-05 0.012 0.0130332 3 
14 0 16 0.0113506 0.005 0.0117776 12 
15 0 16 8.15901e-05 0.007 0.0111423 2 
16 0 16 0 0.028 0.0110665 1 
17 0 16 0 0.009 0.00978096 1 
18 0 16 0 0.042 0.0103332 1 
19 0 16 0 0.017 0.0116261 1 
20 0 16 0.00692441 0.049 0.00952284 5 
21 0 16 0 0.027 0.0109301 1 
22 0 16 0 0.001 0.00863024 1 
23 0 16 0 0.049 0.0107479 1 
24 0 16 0 0.01 0.0133844 1 
25 0 16 0 0.042 0.0117477 1 
26 0 16 0.000105147 0.034 0.00969096 2 
27 0 16 0.000512269 0.011 0.0102927 2 
28 0 16 7.7558e-05 0.037 0.011655 2 
29 0 16 6.94937e-05 0.028 0.00866675 2 
30 0 16 0.0159764 0.011 0.0135913 22 
31 0 16 0 0.002 0.0110151 1 
32 0 16 0 0.046 0.0104909 1 
0 0 17 0 0.005 0.0100849 1 
1 0 17 0.0109699 0.015 0.010676 12 
2 0 17 0 0.041 0.0116559 1 
3 0 17 0 0.026 0.0101189 1 
4 0 17 0 0.009 0.0104913 1 
5 0 17 0 0.025 0.0104877 1 
6 0 17 0 0.009 0.0105782 1 
7 0 17 0 0.021 0.00834199 1 
8 0 17 0.00324258 0.017 0.0134992 2 
9 0 17 0 0.048 0.0109122 1 
10 0 17 0 0.045 0.0139721 1 
11 0 17 0 0.028 0.00923397 1 
12 0 17 0 0.043 0.00780798 1 
13 0 17 0 0.039 0.00809348 1 
14 0 17 0.000349732 0.002 0.010977 2 
15 0 17 6.41951e-05 0.021 0.0112124 2 
16 0 17 6.41951e-05 0.021 0.011663 2 
17 0 17 0 0.034 0.0111177 1 
18 0 17 0 0.002 0.0145872 1 
19 0 17 0.00274229 0.017 0.0107226 3 
20 0 17 0 0.03 0.00808858 1 
21 0 17 0 0.015 0.0105715 1 
22 0 17 0.0160169 0.01 0.0119315 27 
23 0 17 0 0.025 0.0121569 1 
24 0 17 0 0.015 0.00933568 1 
25 0 17 0 0.028 0.0107982 1 
26 0 17 0.0100249 0.005 0.0114214 12 
27 0 17 0 0.047 0.0122839 1 
28 0 17 6.78437e-05 0.039 0.00892066 2 
29 0 17 0 0.028 0.0106063 1 
30 0 17 0 0.004 0.0102438 1 
31 0 17 0 0.028 0.0120719 1 
32 0 17 0 0.003 0.0104023 1 
0 0 18 0.0012353 0.036 0.01077 2 
1 0 18 0.00280268 0.011 0.00828707 3 
2 0 18 0 0.019 0.011584 1 
3 0 18 0 0.008 0.0100267 1 
4 0 18 0 0.011 0.012395 1 
5 0 18 0 0.001 0.012624 1 
6 0 18 0 0.028 0.0086699 1 
7 0 18 0.00227043 0.014 0.00955734 4 
8 0 18 0.00116229 0.011 0.0102536 2 
9 0 18 0 0.002 0.0103555 1 
10 0 18 0.00201624 0.006 0.0100219 2 
11 0 18 0 0.01 0.0106425 1 
12 0 18 0 0.036 0.0109117 1 
13 0 18 0.0128995 0.015 0.00983105 13 
14 0 18 0 0.04 0.0128915 1 
15 0 18 5.54574e-05 0.044 0.0124623 2 
16 0 18 5.54574e-05 0.04 0.0105833 2 
17 0 18 0 0.025 0.0107017 1 
18 0 18 0 0.025 0.00857741 1 
19 0 18 0 0.009 0.0118167 1 
20 0 18 0.00570594 0.016 0.00699199 12 
21 0 18 0 0.041 0.0140097 1 
22 0 18 0.0120446 0.001 0.0100617 20 
23 0 18 0.000128212 0.042 0.00914853 2 
24 0 18 0 0.006 0.0137612 1 
25 0 18 0.0230253 0.004 0.0124377 34 
26 0 18 0 0.043 0.0107817 1 
27 0 18 0 0.04 0.0106576 1 
28 0 18 0 0.037 0.0114258 1 
29 0 18 0 0.024 0.0118819 1 
30 0 18 0 0.006 0.00964369 1 
31 0 18 0 0.022 0.0111229 1 
32 0 18 0.000876587 0.048 0.00887968 2 
0 0 19 0.0288846 0.008 0.0113288 29 
1 0 19 0 0.011 0.010964 1 
2 0 19 0 0.045 0.0110937 1 
3 0 19 0.00367876 0.024 0.00910162 3 
4 0 19 1.08106e-06 0.006 0.0114142 2 
5 0 19 0 0.012 0.0130761 1 
6 0 19 0 0.023 0.01231 1 
7 0 19 0.000240343 0.012 0.010759 2 
8 0 19 0.00153971 0.039 0.0166805 1 
9 0 19 0.00314127 0.024 0.0107073 4 
10 0 19 0.00153042 0.008 0.0130124 2 
11 0 19 0 0.018 0.0126537 1 
12 0 19 0.0116376 0.014 0.0101281 16 
13 0 19 0.0145592 0.012 0.010736 10 
14 0 19 0.0284667 0.01 0.0105649 32 
15 0 19 0 0.021 0.0120068 1 
16 0 19 6.43811e-05 0.049 0.00799995 2 
17 0 19 0 0.025 0.0107022 1 
18 0 19 0 0.04 0.0109661 1 
19 0 19 0.00413276 0.026 0.011556 8 
20 0 19 0.000604117 0.001 0.0128833 3 
21 0 19 0.000813183 0.038 0.0103757 3 
22 0 19 0 0.012 0.012244 1 
23 0 19 0.0101681 0.005 0.0109259 9 
24 0 19 0 0.042 0.0114779 1 
25 0 19 0.00346173 0.014 0.00771035 6 
26 0 19 0 0.03 0.00962783 1 
27 0 19 0.00552434 0.001 0.007279 6 
28 0 19 0 0.037 0.0119859 1 
29 0 19 0 0.037 0.0100839 1 
30 0 19 0.00203209 0.011 0.0106545 5 
31 0 19 0 0.036 0.00932568 1 
32 0 19 0 0.024 0.0111876 1 
0 0 20 0 0.047 0.0129114 1 
1 0 20 0 0.044 0.00903346 1 
2 0 20 0 0.002 0.010234 1 
3 0 20 0 0.043 0.0122151 1 
4 0 20 0 0.024 0.010157 1 
5 0 20 0 0.019 0.00814782 1 
6 0 20 0 0.021 0.0116119 1 
7 0 20 0.000680483 0.043 0.00961104 2 
8 0 20 0.00131226 0.007 0.00978672 1 
9 0 20 0 0.004 0.0109568 1 
10 0 20 0 0.008 0.00919831 1 
11 0 20 0 0.002 0.0127765 1 
12 0 20 0 0.015 0.0108083 1 
13 0 20 0.000185209 0.021 0.0110378 2 
14 0 20 0 0.028 0.00981581 1 
15 0 20 0 0.02 0.0115635 1 
16 0 20 8.22329e-05 0.004 0.0102993 2 
17 0 20 0 0.025 0.0107939 1 
18 0 20 0 0.049 0.0112201 1 
19 0 20 0.00935227 0.032 0.011355 10 
20 0 20 0.000216118 0.017 0.01101 2 
21 0 20 0.000110223 0.007 0.010147 2 
22 0 20 0 0.048 0.0107965 1 
23 0 20 0 0.016 0.0142138 1 
24 0 20 7.81699e-05 0.019 0.012402 2 
25 0 20 0 0.016 0.0131156 1 
26 0 20 0 0.025 0.0137389 1 
27 0 20 0.00744425 0.021 0.0102513 7 
28 0 20 0 0.027 0.010719 1 
29 0 20 0 0.029 0.00882744 1 
30 0 20 0.00484438 0.011 0.0109272 10 
31 0 20 0 0.049 0.012192 1 
32 0 20 0 0.011 0.0110587 1 
0 0 21 0 0.035 0.0115483 1 
1 0 21 0 0.021 0.00951274 1 
2 0 21 0 0.019 0.0120777 1 
3 0 21 0 0.041 0.00650557 1 
4 0 21 0 0.03 0.0150006 1 
5 0 21 0.000120098 0.004 0.0117005 2 
6 0 21 0 0.047 0.0110122 1 
7 0 21 0 0.004 0.00603617 1 
8 0 21 0 0.04 0.0125195 1 
9 0 21 0.000945181 0.004 0.00845723 2 
10 0 21 0 0.03 0.0127809 1 
11 0 21 0 0.046 0.0091955 1 
12 0 21 0.00954848 0.009 0.0121515 11 
13 0 21 0 0.045 0.00914391 1 
14 0 21 0.0107783 0.016 0.0108794 13 
15 0 21 0 0.024 0.0110656 1 
16 0 21 9.30662e-05 0.045 0.0106836 2 
17 0 21 0.0239358 0.002 0.0128307 39 
18 0 21 0 0.044 0.0107118 1 
19 0 21 0 0.015 0.0115302 1 
20 0 21 0.00369661 0.028 0.0108509 3 
21 0 21 6.76599e-05 0.043 0.0111099 2 
22 0 21 0.00695378 0.041 0.0131496 4 
23 0 21 0 0.038 0.00882979 1 
24 0 21 9.74195e-05 0.048 0.0134749 2 
25 0 21 0.0013906 0.033 0.00932509 2 
26 0 21 0.00977796 0.011 0.00853925 14 
27 0 21 0 0.023 0.00944811 1 
28 0 21 0 0.047 0.0129421 1 
29 0 21 0 0.003 0.0125711 1 
30 0 21 0 0.025 0.0106405 1 
31 0 21 0.00487682 0.043 0.0097186 2 
32 0 21 0 0.028 0.0128957 1 
0 0 22 0 0.045 0.0103602 1 
1 0 22 0.0124269 0.012 0.0103649 10 
2 0 22 7.43853e-05 0.042 0.0127413 2 
3 0 22 0 0.019 0.012184 1 
4 0 22 0 0.006 0.0114062 1 
5 0 22 0 0.018 0.00893768 1 
6 0 22 0 0.041 0.0118549 1 
7 0 22 0 0.041 0.0100563 1 
8 0 22 0 0.016 0.0118093 1 
9 0 22 0.000121748 0.04 0.0113302 2 
10 0 22 0 0.047 0.0138322 1 
11 0 22 0 0.038 0.010505 1 
12 0 22 0 0.005 0.011165 1 
13 0 22 0.000398187 0.013 0.00953535 2 
14 0 22 0 0.047 0.0101187 1 
15 0 22 8.24327e-05 0.041 0.0132732 2 
16 0 22 0 0.008 0.00976332 1 
17 0 22 0 0.009 0.0116923 1 
18 0 22 0 0.009 0.0130933 1 
19 0 22 0 0.04 0.0122163 1 
20 0 22 0.00100105 0.021 0.0113443 4 
21 0 22 0 0.021 0.0114218 1 
22 0 22 0 0.047 0.0105715 1 
23 0 22 0.00602815 0.029 0.0115103 4 
24 0 22 7.8409e-05 0.007 0.0113271 2 
25 0 22 0 0.032 0.0116563 1 
26 0 22 0 0.002 0.0117293 1 
27 0 22 0 0.048 0.00897424 1 
28 0 22 0.000441285 0.003 0.00959446 3 
29 0 22 0 0.014 0.0134134 1 
30 0 22 0.000267842 0.019 0.00905293 2 
31 0 22 0 0.026 0.0106483 1 
32 0 22 0.00392683 0.041 0.0113652 3 
0 0 23 0 0.007 0.00773269 1 
1 0 23 1.0566e-05 0.004 0.0101185 2 
2 0 23 0.000101938 0.016 0.00834214 2 
3 0 23 0.0105527 0.011 0.0120055 12 
4 0 23 0 0.003 0.0102523 1 
5 0 23 0 0.031 0.0101749 1 
6 0 23 0 0.021 0.0120658 1 
7 0 23 0.00520767 0.042 0.00976272 4 
8 0 23 0 0.031 0.0116306 1 
9 0 23 0 0.013 0.0105452 1 
10 0 23 0 0.002 0.010631 1 
11 0 23 0 0.022 0.0128483 1 
12 0 23 0 0.029 0.0131165 1 
13 0 23 0.000520633 0.006 0.0145067 2 
14 0 23 0 0.021 0.0111282 1 
15 0 23 0 0.036 0.0136646 1 
16 0 23 0 0.013 0.0126351 1 
17 0 23 0 0.003 0.0132151 1 
18 0 23 0.000373321 0.03 0.00815114 3 
19 0 23 0.000420949 0.01 0.00970174 2 
20 0 23 0 0.003 0.00965196 1 
21 0 23 1.98416e-06 0.021 0.0100392 2 
22 0 23 0 0.034 0.0116167 1 
23 0 23 0.00483796 0.02 0.00940971 6 
24 0 23 0 0.039 0.00934026 1 
25 0 23 0 0.036 0.00871895 1 
26 0 23 0.00358162 0.001 0.0107214 8 
27 0 23 0 0.024 0.010507 1 
28 0 23 0.000386173 0.031 0.00878289 3 
29 0 23 0 0.008 0.0113017 1 
30 0 23 0 0.02 0.00847209 1 
31 0 23 0.0049378 0.016 0.0126653 4 
32 0 23 0.00659402 0.008 0.00905898 17 
0 0 24 0 0.001 0.0118368 1 
1 0 24 0 0.013 0.0121942 1 
2 0 24 0.000504072 0.005 0.0120932 2 
3 0 24 0 0.007 0.0114512 1 
4 0 24 0 0.028 0.0113367 1 
5 0 24 0 0.019 0.0104402 1 
6 0 24 6.26946e-05 0.015 0.0127214 2 
7 0 24 0 0.047 0.0111802 1 
8 0 24 0.000586909 0.035 0.00891686 6 
9 0 24 0 0.028 0.0110283 1 
10 0 24 0 0.004 0.0064802 1 
11 0 24 0 0.04 0.0114681 1 
12 0 24 0.000687196 0.001 0.0107083 4 
13 0 24 0 0.001 0.011922 1 
14 0 24 0.000998593 0.012 0.0114132 3 
15 0 24 0 0.011 0.011765 1 
16 0 24 0 0.018 0.00813632 1 
17 0 24 0 0.004 0.0100705 1 
18 0 24 0.00040889 0.013 0.0115918 3 
19 0 24 0 0.029 0.012616 1 
20 0 24 0 0.004 0.010872 1 
21 0 24 5.87105e-05 0.008 0.00974677 2 
22 0 24 0.0271049 0.006 0.00980215 23 
23 0 24 0 0.033 0.0113539 1 
24 0 24 0 0.033 0.012895 1 
25 0 24 0 0.01 0.00954908 1 
26 0 24 0 0.034 0.0108227 1 
27 0 24 0 0.024 0.0105596 1 
28 0 24 0 0.012 0.0107722 1 
29 0 24 0 0.044 0.00859341 1 
30 0 24 0.0432623 0.004 0.0105227 43 
31 0 24 0.000614754 0.043 0.00950204 3 
32 0 24 0.00161425 0.042 0.0123201 2 
0 0 25 0.0352986 0.004 0.0102939 46 
1 0 25 0 0.008 0.0107972 1 
2 0 25 0 0.048 0.0112273 1 
3 0 25 0.0110371 0.014 0.00819946 16 
4 0 25 0.000371703 0.011 0.0136276 1 
5 0 25 0 0.04 0.0106098 1 
6 0 25 0 0.046 0.0130963 1 
7 0 25 0.00192458 0.02 0.0108065 4 
8 0 25 0 0.028 0.0103846 1 
9 0 25 0 0.024 0.00971997 1 
10 0 25 0 0.007 0.0120809 1 
11 0 25 0 0.033 0.010995 1 
12 0 25 0.00494501 0.007 0.00850134 15 
13 0 25 0 0.031 0.00905968 1 
14 0 25 0 0.011 0.0116334 1 
15 0 25 6.50662e-05 0.022 0.0143266 2 
16 0 25 0 0.049 0.00977566 1 
17 0 25 0 0.027 0.0124345 1 
18 0 25 0.000371849 0.023 0.0140314 3 
19 0 25 6.50662e-05 0.022 0.0117151 2 
20 0 25 0.00896799 0.016 0.0113062 10 
21 0 25 3.9193e-05 0.018 0.00911943 2 
22 0 25 0 0.006 0.00999091 1 
23 0 25 0 0.031 0.0130748 1 
24 0 25 6.86728e-05 0.015 0.00828846 2 
25 0 25 0 0.011 0.0109054 1 
26 0 25 0.0059398 0.036 0.0131214 7 
27 0 25 0 0.027 0.0127081 1 
28 0 25 0 0.004 0.0151947 1 
29 0 25 0.000107964 0.042 0.0110697 2 
30 0 25 0 0.019 0.0149111 1 
31 0 25 0 0.029 0.0111253 1 
32 0 25 0 0.005 0.0144342 1 
0 0 26 0.0132279 0.013 0.00982614 22 
1 0 26 0.000443472 0.012 0.0111343 2 
2 0 26 4.9573e-05 0.045 0.00949775 2 
3 0 26 0.00212745 0.004 0.0112093 7 
4 0 26 0.000359032 0.047 0.00845627 2 
5 0 26 0 0.031 0.00939543 1 
6 0 26 0 0.047 0.0124281 1 
7 0 26 0.00047663 0.042 0.010192 3 
8 0 26 0.00107244 0.017 0.00851735 1 
9 0 26 0.00859095 0.039 0.0119791 9 
10 0 26 0.000298838 0.016 0.0148152 1 
11 0 26 0 0.004 0.00947646 1 
12 0 26 0 0.03 0.013696 1 
13 0 26 0.0118796 0.022 0.00898741 16 
14 0 26 0 0.02 0.0119953 1 
15 0 26 5.6136e-05 0.039 0.0101062 2 
16 0 26 5.6136e-05 0.045 0.0141401 2 
17 0 26 0 0.008 0.0128309 1 
18 0 26 0.000307579 0.009 0.0102384 3 
19 0 26 0 0.038 0.0103754 1 
20 0 26 0.000654228 0.008 0.0118768 2 
21 0 26 0 0.032 0.00995105 1 
22 0 26 0 0.047 0.010904 1 
23 0 26 0 0.008 0.00945895 1 
24 0 26 0 0.037 0.0133295 1 
25 0 26 0.0387393 0.001 0.0130141 60 
26 0 26 0 0.031 0.00991509 1 
27 0 26 6.28482e-05 0.003 0.0115753 2 
28 0 26 0 0.044 0.00916984 1 
29 0 26 4.62915e-05 0.001 0.00969298 2 
30 0 26 0 0.006 0.00941075 1 
31 0 26 0 0.029 0.00877584 1 
32 0 26 0 0.047 0.0109009 1 
0 0 27 0.0457365 0.001 0.0119933 62 
1 0 27 0 0.01 0.0096689 1 
2 0 27 0.000299484 0.03 0.0146484 3 
3 0 27 0 0.046 0.00802255 1 
4 0 27 0.000354482 0.029 0.0109422 2 
5 0 27 0.000573781 0.018 0.00952449 2 
6 0 27 0 0.021 0.0131516 1 
7 0 27 0 0.046 0.0102381 1 
8 0 27 0.000257122 0.022 0.012037 2 
9 0 27 0.0137353 0.008 0.0127561 14 
10 0 27 0 0.021 0.00867586 1 
11 0 27 0 0.003 0.00871658 1 
12 0 27 0.00129911 0.006 0.0089264 2 
13 0 27 0.00512369 0.008 0.011495 5 
14 0 27 0.00247215 0.018 0.00978466 9 
15 0 27 0 0.016 0.00697569 1 
16 0 27 0 0.032 0.0106833 1 
17 0 27 0 0.04 0.0114365 1 
18 0 27 0 0.013 0.0141324 1 
19 0 27 0.000125176 0.001 0.0126252 3 
20 0 27 0.00371374 0.036 0.00928684 5 
21 0 27 0 0.014 0.0113822 1 
22 0 27 0.00981326 0.027 0.0102147 7 
23 0 27 0.00344085 0.009 0.00965414 7 
24 0 27 0 0.018 0.0124018 1 
25 0 27 0 0.015 0.00950512 1 
26 0 27 0 0.009 0.0066473 1 
27 0 27 0 0.014 0.0128681 1 
28 0 27 0 0.007 0.011798 1 
29 0 27 0 0.006 0.0139724 1 
30 0 27 0.00266094 0.014 0.010291 11 
31 0 27 0 0.01 0.0131321 1 
32 0 27 0.00377598 0.021 0.00869536 5 
0 0 28 0 0.02 0.0103725 1 
1 0 28 0 0.018 0.0121526 1 
2 0 28 0.000371941 0.025 0.0112832 3 
3 0 28 0.0140829 0.01 0.00921013 28 
4 0 28 0.000484198 0.008 0.0184588 1 
5 0 28 0 0.003 0.0114402 1 
6 0 28 0 0.015 0.0115358 1 
7 0 28 0.00752709 0.004 0.0110667 4 
8 0 28 0.00101615 0.016 0.0147583 1 
9 0 28 0.0191705 0.008 0.0116334 21 
10 0 28 0.000665878 0.013 0.0151519 1 
11 0 28 2.95348e-05 0.049 0.0117142 2 
12 0 28 0 0.009 0.0112532 1 
13 0 28 0.000235955 0.022 0.01071 2 
14 0 28 0 0.035 0.0103457 1 
15 0 28 0 0.029 0.00865484 1 
16 0 28 0 0.039 0.0117702 1 
17 0 28 0 0.017 0.0116349 1 
18 0 28 0 0.042 0.012001 1 
19 0 28 0 0.031 0.00805705 1 
20 0 28 0.000982918 0.029 0.00991357 6 
21 0 28 1.92409e-05 0.008 0.0103687 2 
22 0 28 0 0.01 0.00937973 1 
23 0 28 0 0.038 0.0111134 1 
24 0 28 0 0.036 0.0115554 1 
25 0 28 0 0.007 0.0118383 1 
26 0 28 0.00131696 0.036 0.0115033 2 
27 0 28 0 0.012 0.0105602 1 
28 0 28 3.21083e-05 0.015 0.0124128 2 
29 0 28 0 0.048 0.00962933 1 
30 0 28 0 0.036 0.0121992 1 
31 0 28 0.00560075 0.034 0.0120548 2 
32 0 28 0 0.039 0.0103237 1 
0 0 29 0 0.043 0.0132991 1 
1 0 29 0.000398103 0.008 0.0126458 3 
2 0 29 0.00019873 0.028 0.00714831 2 
3 0 29 0.00359088 0.025 0.00962385 5 
4 0 29 0.000115551 0.005 0.00944971 2 
5 0 29 0 0.036 0.0101631 1 
6 0 29 0 0.028 0.0114037 1 
7 0 29 0 0.02 0.0111568 1 
8 0 29 0 0.036 0.0104477 1 
9 0 29 0.0104336 0.002 0.0116357 5 
10 0 29 0 0.035 0.0107102 1 
11 0 29 0 0.039 0.0126396 1 
12 0 29 0.00216844 0.012 0.00982736 4 
13 0 29 6.22713e-06 0.026 0.0121809 3 
14 0 29 0.004197 0.005 0.00885555 6 
15 0 29 0 0.049 0.0120924 1 
16 0 29 0 0.04 0.011927 1 
17 0 29 0.00116966 0.04 0.0127027 2 
18 0 29 0 0.027 0.0113436 1 
19 0 29 0.00173437 0.034 0.00926342 4 
20 0 29 0 0.038 0.00884243 1 
21 0 29 0 0.012 0.0123041 1 
22 0 29 0 0.045 0.00789318 1 
23 0 29 0 0.001 0.00910433 1 
24 0 29 2.57862e-05 0.015 0.0118104 2 
25 0 29 0 0.017 0.0106532 1 
26 0 29 0 0.003 0.00938203 1 
27 0 29 0 0.006 0.00844693 1 
28 0 29 0 0.016 0.0147354 1 
29 0 29 0 0.042 0.0112545 1 
30 0 29 0.00778864 0.022 0.0122769 9 
31 0 29 0 0.047 0.0114335 1 
32 0 29 0 0.02 0.00808647 1 
0 0 30 0.00959788 0.013 0.0116444 13 
1 0 30 0 0.027 0.00922401 1 
2 0 30 0.000165827 0.041 0.00927626 2 
3 0 30 0.00468978 0.027 0.0114648 7 
4 0 30 0 0.032 0.013246 1 
5 0 30 0.000399112 0.007 0.0210385 1 
6 0 30 0 0.007 0.0085891 1 
7 0 30 0 0.03 0.0115812 1 
8 0 30 2.22056e-05 0.01 0.0110144 2 
9 0 30 0 0.032 0.00913329 1 
10 0 30 0.000333174 0.024 0.009753 3 
11 0 30 0 0.018 0.012163 1 
12 0 30 0.00440744 0.027 0.00835396 9 
13 0 30 0.00094498 0.021 0.00890219 4 
14 0 30 0 0.015 0.0106436 1 
15 0 30 0 0.031 0.0134574 1 
16 0 30 3.48972e-05 0.006 0.0118716 2 
17 0 30 0 0.033 0.0151262 1 
18 0 30 0 0.045 0.0115365 1 
19 0 30 0.000578294 0.022 0.00847496 4 
20 0 30 0.000729951 0.027 0.0111204 2 
21 0 30 0 0.013 0.0101559 1 
22 0 30 0 0.021 0.0120021 1 
23 0 30 0.00131068 0.048 0.0113486 2 
24 0 30 0 0.04 0.0111412 1 
25 0 30 0 0.027 0.0104457 1 
26 0 30 0 0.008 0.00843199 1 
27 0 30 0 0.019 0.0139815 1 
28 0 30 0 0.018 0.00930877 1 
29 0 30 0 0.013 0.0142552 1 
30 0 30 0.000554388 0.031 0.00900118 2 
31 0 30 0 0.048 0.0148673 1 
32 0 30 0.00192616 0.006 0.00918998 2 
0 0 31 0.000431651 0.042 0.0105193 2 
1 0 31 0.0139778 0.02 0.0105496 12 
2 0 31 2.81771e-05 0.016 0.011032 2 
3 0 31 0 0.043 0.0123239 1 
4 0 31 0 0.015 0.0118217 1 
5 0 31 0.000168021 0.019 0.0186215 1 
6 0 31 0 0.046 0.0112852 1 
7 0 31 0.000484757 0.018 0.00778817 2 
8 0 31 0.00162925 0.006 0.0152485 1 
9 0 31 0 0.03 0.00999675 1 
10 0 31 0 0.031 0.00924808 1 
11 0 31 0 0.019 0.0118713 1 
12 0 31 0.000171332 0.039 0.0111092 4 
13 0 31 0.000241859 0.012 0.0095879 2 
14 0 31 0.0293848 0.005 0.0111014 33 
15 0 31 0 0.032 0.0107969 1 
16 0 31 0 0.01 0.0116098 1 
17 0 31 0.000267413 0.001 0.0115934 2 
18 0 31 0 0.044 0.0117501 1 
19 0 31 0 0.025 0.0125999 1 
20 0 31 0 0.016 0.0111238 1 
21 0 31 0 0.04 0.00931475 1 
22 0 31 0.0105188 0.018 0.0118564 16 
23 0 31 0 0.03 0.0120381 1 
24 0 31 0 0.048 0.00697159 1 
25 0 31 0 0.003 0.0108955 1 
26 0 31 0 0.012 0.0104925 1 
27 0 31 0.0161885 0.007 0.0103423 32 
28 0 31 2.59585e-05 0.038 0.0146949 2 
29 0 31 0 0.021 0.00720786 1 
30 0 31 0 0.039 0.00979992 1 
31 0 31 0 0.026 0.0115165 1 
32 0 31 0.000101855 0.015 0.0122767 2 
0 0 32 0.065834 0.002 0.0105425 68 
1 0 32 0 0.031 0.00905345 1 
2 0 32 0.000166938 0.011 0.0104969 2 
3 0 32 0.0136953 0.001 0.0103209 18 
4 0 32 0.00130931 0.031 0.01435 1 
5 0 32 0.000192795 0.033 0.00916423 2 
6 0 32 2.17726e-05 0.017 0.013011 2 
7 0 32 9.38042e-06 0.002 0.00914626 2 
8 0 32 0.00139619 0.009 0.016111 1 
9 0 32 0 0.022 0.0127308 1 
10 0 32 0 0.032 0.0116948 1 
11 0 32 0 0.034 0.0117311 1 
12 0 32 0 0.009 0.00813689 1 
13 0 32 0.0109456 0.023 0.00974078 10 
14 0 32 0.00608364 0.018 0.0124791 9 
15 0 32 0 0.007 0.0124842 1 
16 0 32 0 0.009 0.0121383 1 
17 0 32 0 0.009 0.0118927 1 
18 0 32 0 0.039 0.00918991 1 
19 0 32 0.000568231 0.013 0.0100068 2 
20 0 32 2.35473e-05 0.006 0.011762 2 
21 0 32 0 0.002 0.00940447 1 
22 0 32 0 0.031 0.0118026 1 
23 0 32 0 0.011 0.00922725 1 
24 0 32 0 0.045 0.0117629 1 
25 0 32 0.0117591 0.008 0.0119149 20 
26 0 32 0.00606261 0.03 0.00805325 15 
27 0 32 0 0.013 0.0105573 1 
28 0 32 0.00189822 0.045 0.0100527 2 
29 0 32 0 0.005 0.00631625 1 
30 0 32 0.000355857 0.01 0.0098594 3 
31 0 32 0 0.044 0.00822211 1 
32 0 32 0 0.044 0.00860903 1 
0 0 33 0.000681551 0.01 0.0110728 2 
1 0 33 0.00096398 0.008 0.0108716 4 
2 0 33 2.83472e-05 0.041 0.011967 2 
3 0 33 0.0167304 0.01 0.0106994 15 
4 0 33 3.1418e-05 0.002 0.00919427 2 
5 0 33 0 0.031 0.0111685 1 
6 0 33 3.51182e-05 0.002 0.0114256 2 
7 0 33 2.38331e-05 0.008 0.0091946 2 
8 0 33 0.00116087 0.025 0.013858 1 
9 0 33 2.05621e-06 0.016 0.010105 2 
10 0 33 1.73262e-06 0.008 0.0123743 2 
11 0 33 0 0.047 0.011523 1 
12 0 33 0 0.044 0.0133797 1 
13 0 33 0 0.03 0.0116274 1 
14 0 33 0.00022652 0.008 0.0125894 2 
15 0 33 0 0.01 0.0126471 1 
16 0 33 2.38331e-05 0.044 0.0101849 2 
17 0 33 0 0.038 0.0123649 1 
18 0 33 0 0.011 0.00835819 1 
19 0 33 0 0.006 0.0122173 1 
20 0 33 0 0.04 0.0124671 1 
21 0 33 0 0.015 0.0127806 1 
22 0 33 0 0.032 0.0120218 1 
23 0 33 0.000135276 0.032 0.0111682 3 
24 0 33 2.60901e-05 0.003 0.0133125 2 
25 0 33 0 0.025 0.0094012 1 
26 0 33 0 0.031 0.0106446 1 
27 0 33 0.00539413 0.01 0.0119282 15 
28 0 33 2.60901e-05 0.002 0.0117748 2 
29 0 33 0 0.008 0.0106886 1 
30 0 33 0.00796186 0.014 0.0129134 10 
31 0 33 0.00296355 0.016 0.00928371 7 
32 0 33 0 0.035 0.0131774 1 
0 0 34 0.00416828 0.03 0.0101233 4 
1 0 34 0 0.014 0.0120185 1 
2 0 34 0 0.03 0.0120575 1 
3 0 34 0 0.009 0.00899467 1 
4 0 34 0.00135134 0.008 0.011323 5 
5 0 34 0 0.025 0.010895 1 
6 0 34 2.17584e-05 0.032 0.0123326 2 
7 0 34 0 0.022 0.00826624 1 
8 0 34 0.00136809 0.014 0.0125782 1 
9 0 34 0.00377721 0.03 0.00723911 2 
10 0 34 0 0.03 0.014513 1 
11 0 34 0 0.011 0.0101056 1 
12 0 34 0.012083 0.026 0.00967918 10 
13 0 34 0.0214055 0.009 0.00966227 19 
14 0 34 0 0.027 0.0104693 1 
15 0 34 0 0.012 0.0121401 1 
16 0 34 3.53215e-05 0.024 0.0135712 2 
17 0 34 0 0.043 0.00990004 1 
18 0 34 0 0.016 0.0103166 1 
19 0 34 0 0.023 0.0116828 1 
20 0 34 0 0.034 0.0113231 1 
21 0 34 0 0.01 0.0110603 1 
22 0 34 0 0.019 0.00988009 1 
23 0 34 1.65174e-05 0.009 0.0100183 2 
24 0 34 0 0.049 0.0133313 1 
25 0 34 0 0.042 0.0110361 1 
26 0 34 0.0104451 0.028 0.00766335 13 
27 0 34 0 0.01 0.0113483 1 
28 0 34 0 0.043 0.0134488 1 
29 0 34 0 0.016 0.0097318 1 
30 0 34 0 0.042 0.0122763 1 
31 0 34 0 0.035 0.00742133 1 
32 0 34 9.78238e-06 0.013 0.0107187 2 
0 0 35 5.99706e-05 0.002 0.0120327 2 
1 0 35 0.00544279 0.044 0.00923231 10 
2 0 35 0 0.046 0.0116163 1 
3 0 35 0.0202339 0.001 0.0133261 39 
4 0 35 0 0.027 0.0131526 1 
5 0 35 2.29999e-06 0.049 0.0102828 2 
6 0 35 5.7647e-05 0.049 0.0163515 2 
7 0 35 0.00337516 0.029 0.010991 4 
8 0 35 0 0.023 0.0108122 1 
9 0 35 0 0.015 0.00986111 1 
10 0 35 0.00508348 0.04 0.00828936 7 
11 0 35 0.000893515 0.015 0.015807 4 
12 0 35 0.00105055 0.01 0.009827 2 
13 0 35 0 0.004 0.00600448 1 
14 0 35 0.00253111 0.011 0.0117839 10 
15 0 35 0 0.034 0.00759642 1 
16 0 35 4.25419e-05 0.034 0.013177 2 
17 0 35 0 0.037 0.0121416 1 
18 0 35 4.55629e-05 0.01 0.0079093 2 
19 0 35 0.0148865 0.004 0.00936469 27 
20 0 35 0.00180156 0.014 0.0114667 3 
21 0 35 0 0.023 0.0105519 1 
22 0 35 0.00306882 0.003 0.0120458 10 
23 0 35 0.00468207 0.038 0.00994118 6 
24 0 35 0 0.045 0.0115921 1 
25 0 35 0 0.034 0.0100306 1 
26 0 35 0 0.009 0.0104294 1 
27 0 35 0 0.021 0.00942455 1 
28 0 35 0 0.004 0.0115525 1 
29 0 35 0 0.015 0.0146312 1 
30 0 35 0 0.033 0.0104533 1 
31 0 35 0 0.006 0.0105002 1 
32 0 35 0.0113705 0.03 0.0113467 9 
0 0 36 0.00039915 0.012 0.00960659 5 
1 0 36 0 0.018 0.00739922 1 
2 0 36 0 0.017 0.00926534 1 
3 0 36 0.010518 0.008 0.0123571 27 
4 0 36 3.53674e-05 0.03 0.00971588 2 
5 0 36 0 0.033 0.0148929 1 
6 0 36 2.1934e-05 0.014 0.0122252 2 
7 0 36 0.000304709 0.016 0.0117185 3 
8 0 36 0.00159203 0.027 0.015281 5 
9 0 36 0.021414 0.008 0.0119615 25 
10 0 36 0 0.041 0.00824486 1 
11 0 36 0.000749509 0.024 0.0171488 4 
12 0 36 0.00249635 0.014 0.00854503 4 
13 0 36 0.0140084 0.005 0.00812932 19 
14 0 36 0.00462779 0.012 0.00892848 8 
15 0 36 0 0.024 0.0111577 1 
16 0 36 3.53674e-05 0.015 0.0124272 2 
17 0 36 0.00346439 0.04 0.0114815 3 
18 0 36 0 0.01 0.0103883 1 
19 0 36 0.00266349 0.01 0.010285 10 
20 0 36 0 0.012 0.0177163 1 
21 0 36 1.92473e-05 0.043 0.01049 2 
22 0 36 0 0.044 0.00912215 1 
23 0 36 0.00231289 0.014 0.0103379 2 
24 0 36 0 0.01 0.00937289 1 
25 0 36 0 0.016 0.0105063 1 
26 0 36 0.0125547 0.023 0.0097932 14 
27 0 36 0 0.021 0.0116402 1 
28 0 36 0.00220979 0.024 0.0111873 2 
29 0 36 0 0.023 0.0133719 1 
30 0 36 0 0.022 0.0120338 1 
31 0 36 0 0.049 0.00978623 1 
32 0 36 0.00233148 0.002 0.0101367 7 
0 0 37 4.29061e-07 0.028 0.0115483 2 
1 0 37 0.00221373 0.028 0.0103307 5 
2 0 37 4.86549e-05 0.046 0.0116205 2 
3 0 37 0 0.025 0.0114788 1 
4 0 37 1.57555e-05 0.018 0.0100939 2 
5 0 37 0 0.018 0.0122334 1 
6 0 37 0 0.004 0.010335 1 
7 0 37 0 0.012 0.0106063 1 
8 0 37 0 0.008 0.0133901 1 
9 0 37 0 0.023 0.0115955 1 
10 0 37 0.00155325 0.036 0.0208462 1 
11 0 37 0.00133977 0.033 0.0121703 3 
12 0 37 0 0.015 0.00990821 1 
13 0 37 0.00420363 0.035 0.0108638 5 
14 0 37 0 0.006 0.0122942 1 
15 0 37 0 0.037 0.0102275 1 
16 0 37 4.267e-05 0.04 0.00887953 2 
17 0 37 0 0.004 0.0120018 1 
18 0 37 0 0.028 0.0131952 1 
19 0 37 0.00107411 0.017 0.00924273 3 
20 0 37 0 0.011 0.0137253 1 
21 0 37 0 0.015 0.01238 1 
22 0 37 0 0.038 0.0110178 1 
23 0 37 0.000786343 0.007 0.00939031 2 
24 0 37 0 0.015 0.00910461 1 
25 0 37 0.000576847 0.029 0.0117555 2 
26 0 37 0.00470083 0.012 0.0116598 8 
27 0 37 0.0336552 0.003 0.0105271 50 
28 0 37 4.56625e-05 0.043 0.0150568 2 
29 0 37 0 0.03 0.0105912 1 
30 0 37 0 0.044 0.0112286 1 
31 0 37 0 0.013 0.00820292 1 
32 0 37 4.27877e-05 0.048 0.0113619 2 
0 0 38 0 0.049 0.0129624 1 
1 0 38 0 0.014 0.0093694 1 
2 0 38 0 0.043 0.00811511 1 
3 0 38 0.00266072 0.002 0.0121344 6 
4 0 38 0 0.015 0.00850286 1 
5 0 38 0 0.008 0.0120326 1 
6 0 38 0 0.014 0.0140201 1 
7 0 38 0 0.023 0.0124132 1 
8 0 38 0 0.005 0.00790148 1 
9 0 38 0.00234078 0.004 0.011249 6 
10 0 38 0 0.046 0.0145257 1 
11 0 38 0.000317225 0.021 0.0105698 3 
12 0 38 0.0112354 0.016 0.00909216 14 
13 0 38 0 0.02 0.0115419 1 
14 0 38 0 0.018 0.0135741 1 
15 0 38 0 0.005 0.0107719 1 
16 0 38 0 0.038 0.0118662 1 
17 0 38 0.00171923 0.001 0.00840434 5 
18 0 38 0 0.018 0.0114569 1 
19 0 38 0.00105875 0.009 0.00715577 4 
20 0 38 0.00284841 0.044 0.0080135 4 
21 0 38 0 0.046 0.0126775 1 
22 0 38 0.00556272 0.001 0.0122875 12 
23 0 38 0.0396103 0.002 0.011963 44 
24 0 38 0 0.033 0.0132158 1 
25 0 38 0 0.026 0.00868612 1 
26 0 38 0 0.019 0.0077745 1 
27 0 38 0 0.012 0.0143333 1 
28 0 38 3.28373e-05 0.01 0.0120399 2 
29 0 38 0.00155416 0.04 0.0102546 4 
30 0 38 0 0.025 0.0115893 1 
31 0 38 0.00572207 0.011 0.00956565 2 
32 0 38 0 0.041 0.0098007 1 
0 0 39 0 0.044 0.0123501 1 
1 0 39 0.000292081 0.024 0.00938246 3 
2 0 39 0 0.01 0.0107391 1 
3 0 39 0.0326176 0.008 0.00736938 31 
4 0 39 0 0.046 0.010996 1 
5 0 39 0 0.037 0.0113351 1 
6 0 39 0 0.022 0.0119744 1 
7 0 39 8.8009e-07 0.026 0.00876177 2 
8 0 39 0.00183426 0.047 0.0128725 1 
9 0 39 0.00283295 0.037 0.00827124 5 
10 0 39 0 0.035 0.010695 1 
11 0 39 0.000300285 0.033 0.0133271 3 
12 0 39 0 0.031 0.00767208 1 
13 0 39 0.00248292 0.015 0.00923823 6 
14 0 39 0.0160212 0.002 0.00856769 13 
15 0 39 0 0.036 0.0116182 1 
16 0 39 0 0.045 0.0112108 1 
17 0 39 0 0.023 0.00973362 1 
18 0 39 0 0.036 0.0146571 1 
19 0 39 0.0011055 0.019 0.00793621 3 
20 0 39 0 0.031 0.0116045 1 
21 0 39 0.00555995 0.015 0.0103365 3 
22 0 39 0 0.029 0.0108205 1 
23 0 39 0 0.039 0.011988 1 
24 0 39 0 0.038 0.0126296 1 
25 0 39 0 0.036 0.0091831 1 
26 0 39 0.00548461 0.027 0.00862462 8 
27 0 39 0 0.006 0.0105687 1 
28 0 39 0 0.026 0.0106295 1 
29 0 39 0.00141109 0.019 0.00959951 4 
30 0 39 0 0.026 0.0104747 1 
31 0 39 0 0.021 0.0121206 1 
32 0 39 0.0120114 0.014 0.0106303 13 
0 0 40 0 0.031 0.0127166 1 
1 0 40 0.0231511 0.007 0.0126737 29 
2 0 40 0 0.005 0.017111 1 
3 0 40 0 0.017 0.0117168 1 
4 0 40 0 0.036 0.0133082 1 
5 0 40 0.000300997 0.015 0.00860175 2 
6 0 40 0 0.049 0.0135074 1 
7 0 40 0 0.021 0.00937869 1 
8 0 40 0 0.03 0.0108457 1 
9 0 40 0.00642908 0.033 0.00872267 7 
10 0 40 0 0.003 0.0133104 1 
11 0 40 0.000576869 0.027 0.0113998 2 
12 0 40 0 0.026 0.00784906 1 
13 0 40 0.00872889 0.01 0.0123531 12 
14 0 40 0.00106994 0.022 0.00993272 3 
15 0 40 0 0.029 0.00949552 1 
16 0 40 0 0.005 0.00990057 1 
17 0 40 9.64248e-07 0.001 0.010382 2 
18 0 40 0 0.003 0.0110341 1 
19 0 40 0 0.031 0.0104255 1 
20 0 40 0 0.028 0.0102591 1 
21 0 40 0 0.006 0.0131318 1 
22 0 40 0 0.036 0.0124457 1 
23 0 40 1.88988e-05 0.01 0.0105624 2 
24 0 40 0 0.025 0.0132748 1 
25 0 40 0 0.041 0.013743 1 
26 0 40 0.000124264 0.017 0.010066 2 
27 0 40 0 0.022 0.01076 1 
28 0 40 0 0.048 0.00825376 1 
29 0 40 0.000928883 0.017 0.0163366 4 
30 0 40 0 0.015 0.00984299 1 
31 0 40 0 0.008 0.00984834 1 
32 0 40 0 0.018 0.010055 1 
0 0 41 0 0.009 0.0114091 1 
1 0 41 0 0.017 0.010584 1 
2 0 41 0 0.008 0.0121491 1 
3 0 41 0 0.02 0.0120128 1 
4 0 41 0 0.048 0.00929934 1 
5 0 41 0 0.009 0.00932662 1 
6 0 41 3.56744e-05 0.035 0.0113252 2 
7 0 41 0.00374268 0.009 0.0120191 2 
8 0 41 0 0.035 0.0112185 1 
9 0 41 0 0.022 0.0101339 1 
10 0 41 0 0.031 0.0104212 1 
11 0 41 0 0.027 0.00788588 1 
12 0 41 0 0.002 0.0122421 1 
13 0 41 0 0.027 0.0109 1 
14 0 41 0.00447356 0.029 0.0120096 9 
15 0 41 2.42134e-05 0.007 0.0119995 2 
16 0 41 0 0.042 0.0138677 1 
17 0 41 0 0.016 0.0116253 1 
18 0 41 2.65056e-05 0.043 0.0102775 2 
19 0 41 0.00568291 0.039 0.0110973 3 
20 0 41 0.00419939 0.005 0.00958104 21 
21 0 41 0 0.028 0.0134666 1 
22 0 41 0.00486579 0.017 0.00820676 4 
23 0 41 0 0.013 0.00776916 1 
24 0 41 0 0.032 0.0146889 1 
25 0 41 0 0.04 0.00931089 1 
26 0 41 0 0.015 0.0111433 1 
27 0 41 0.0298891 0.001 0.0129753 35 
28 0 41 0 0.048 0.0103024 1 
29 0 41 0.00063263 0.006 0.0121493 3 
30 0 41 0 0.004 0.00660269 1 
31 0 41 0 0.001 0.0105322 1 
32 0 41 0 0.047 0.00862468 1 
0 0 42 0 0.031 0.0115306 1 
1 0 42 0.00474923 0.022 0.0102126 9 
2 0 42 0 0.012 0.0119339 1 
3 0 42 0 0.025 0.00950378 1 
4 0 42 0 0.039 0.00973981 1 
5 0 42 0.00144405 0.001 0.0140444 1 
6 0 42 0 0.018 0.0113981 1 
7 0 42 0 0.003 0.0123944 1 
8 0 42 0.00288213 0.036 0.0108411 2 
9 0 42 0 0.043 0.0105757 1 
10 0 42 0.00673594 0.037 0.0104581 5 
11 0 42 3.03866e-05 0.034 0.0146078 2 
12 0 42 0 0.011 0.00956124 1 
13 0 42 0.00269192 0.027 0.00840303 4 
14 0 42 0.00368339 0.011 0.0109284 2 
15 0 42 0 0.028 0.0151533 1 
16 0 42 3.58974e-05 0.037 0.0106988 2 
17 0 42 0.0010939 0.02 0.00779031 3 
18 0 42 0 0.025 0.0120445 1 
19 0 42 0 0.016 0.0131799 1 
20 0 42 0 0.019 0.0105043 1 
21 0 42 0 0.003 0.0126361 1 
22 0 42 0.0037466 0.042 0.0122916 7 
23 0 42 0 0.021 0.0112824 1 
24 0 42 3.3142e-05 0.022 0.0113167 2 
25 0 42 0 0.001 0.0142326 1 
26 0 42 0 0.04 0.0119076 1 
27 0 42 0.00711764 0.001 0.0101695 14 
28 0 42 0 0.038 0.0134614 1 
29 0 42 0.000322824 0.013 0.0123262 3 
30 0 42 0 0.012 0.0109134 1 
31 0 42 0 0.005 0.00723104 1 
32 0 42 0 0.017 0.0122924 1 
0 0 43 0 0.006 0.00945752 1 
1 0 43 0 0.039 0.00906348 1 
2 0 43 0 0.046 0.0123889 1 
3 0 43 0 0.028 0.0102515 1 
4 0 43 0.00229973 0.049 0.0121867 4 
5 0 43 0 0.005 0.0127439 1 
6 0 43 0 0.047 0.00901138 1 
7 0 43 0.002227 0.011 0.00943764 6 
8 0 43 0.00129552 0.007 0.0114061 1 
9 0 43 0.0285121 0.004 0.0121738 41 
10 0 43 0 0.005 0.0114542 1 
11 0 43 0 0.009 0.0148201 1 
12 0 43 9.62778e-05 0.005 0.0137812 3 
13 0 43 0.00540219 0.037 0.0115637 3 
14 0 43 0 0.008 0.00980063 1 
15 0 43 0 0.043 0.013201 1 
16 0 43 0 0.045 0.0113162 1 
17 0 43 0 0.028 0.00861248 1 
18 0 43 0 0.026 0.0141021 1 
19 0 43 0.000349292 0.008 0.0107026 2 
20 0 43 0 0.017 0.0136171 1 
21 0 43 0.00689209 0.013 0.00879224 14 
22 0 43 0 0.005 0.010888 1 
23 0 43 0.000322082 0.03 0.0148258 2 
24 0 43 0 0.048 0.0115399 1 
25 0 43 0 0.012 0.0114911 1 
26 0 43 0 0.01 0.009782 1 
27 0 43 0 0.004 0.0100035 1 
28 0 43 0 0.028 0.0152525 1 
29 0 43 0.00057059 0.027 0.0104196 2 
30 0 43 0 0.037 0.00978508 1 
31 0 43 0 0.017 0.0114676 1 
32 0 43 0 0.027 0.0116768 1 
0 0 44 0 0.001 0.010098 1 
1 0 44 0.00209418 0.006 0.01314 2 
2 0 44 0 0.049 0.0141465 1 
3 0 44 0.00175586 0.042 0.00990823 7 
4 0 44 0.0013931 0.031 0.0157105 1 
5 0 44 0.00134212 0.022 0.0143343 1 
6 0 44 0 0.006 0.00769119 1 
7 0 44 0 0.046 0.0122387 1 
8 0 44 0 0.042 0.0111521 1 
9 0 44 0 0.008 0.00911212 1 
10 0 44 0.00113203 0.027 0.0148158 1 
11 0 44 0 0.014 0.00974027 1 
12 0 44 0.00155126 0.029 0.0119107 4 
13 0 44 0 0.019 0.0116726 1 
14 0 44 0.0235106 0.013 0.00947211 30 
15 0 44 3.60033e-05 0.022 0.0128329 2 
16 0 44 0 0.008 0.0119709 1 
17 0 44 0.031496 0.002 0.0107509 44 
18 0 44 0.00030955 0.029 0.0120983 3 
19 0 44 0 0.033 0.0103664 1 
20 0 44 0 0.019 0.00883266 1 
21 0 44 0.00445292 0.025 0.0108735 3 
22 0 44 0 0.045 0.0148078 1 
23 0 44 0 0.005 0.0131678 1 
24 0 44 0 0.008 0.0133268 1 
25 0 44 0.00213274 0.015 0.00817425 6 
26 0 44 0 0.032 0.0117374 1 
27 0 44 0 0.014 0.0110179 1 
28 0 44 0 0.025 0.0129288 1 
29 0 44 0.00106257 0.011 0.00942156 2 
30 0 44 0 0.04 0.00912775 1 
31 0 44 0 0.039 0.0105872 1 
32 0 44 0.00212422 0.046 0.0110876 4 
0 0 45 0 0.036 0.0110388 1 
1 0 45 0 0.024 0.0100123 1 
2 0 45 0 0.03 0.0126807 1 
3 0 45 0 0.045 0.0110918 1 
4 0 45 0.00115188 0.003 0.0155351 1 
5 0 45 0.00110089 0.02 0.0200265 1 
6 0 45 3.59524e-05 0.017 0.0102814 2 
7 0 45 0 0.03 0.0116347 1 
8 0 45 0 0.013 0.0128716 1 
9 0 45 0.000904534 0.002 0.0110042 2 
10 0 45 0 0.021 0.0141509 1 
11 0 45 0 0.04 0.0133468 1 
12 0 45 0.000328659 0.002 0.0111634 2 
13 0 45 0 0.039 0.0128619 1 
14 0 45 0.0121632 0.012 0.00785858 23 
15 0 45 2.44019e-05 0.027 0.0104914 2 
16 0 45 2.44019e-05 0.049 0.0101116 2 
17 0 45 0 0.041 0.013038 1 
18 0 45 0 0.037 0.0115993 1 
19 0 45 0.000188068 0.022 0.0111737 2 
20 0 45 0 0.026 0.00966742 1 
21 0 45 0 0.025 0.0104837 1 
22 0 45 0 0.023 0.0103327 1 
23 0 45 0.0018327 0.009 0.0120154 2 
24 0 45 2.6712e-05 0.03 0.0118017 2 
25 0 45 0 0.049 0.0111786 1 
26 0 45 0 0.02 0.00971837 1 
27 0 45 0.00740961 0.018 0.0103111 4 
28 0 45 0 0.008 0.0133512 1 
29 0 45 3.13322e-05 0.035 0.0127074 2 
30 0 45 0.00403921 0.026 0.00894629 6 
31 0 45 0 0.004 0.0121646 1 
32 0 45 0.00187332 0.021 0.00981435 2 
0 0 46 0.0463745 0.001 0.0113435 75 
1 0 46 0.0101601 0.009 0.010913 19 
2 0 46 0 0.009 0.0159866 1 
3 0 46 0.00147582 0.033 0.0110516 4 
4 0 46 0 0.036 0.0138636 1 
5 0 46 0 0.045 0.0102995 1 
6 0 46 0 0.025 0.0127248 1 
7 0 46 0.000324159 0.024 0.00952403 2 
8 0 46 0.000527145 0.042 0.0127427 1 
9 0 46 0.011839 0.008 0.0114695 15 
10 0 46 0 0.038 0.0101143 1 
11 0 46 0.000369396 0.027 0.00914214 2 
12 0 46 0.01038 0.001 0.0111283 13 
13 0 46 5.66052e-05 0.002 0.0122235 2 
14 0 46 0.00158081 0.02 0.0113813 2 
15 0 46 0 0.047 0.0107002 1 
16 0 46 0 0.043 0.0134073 1 
17 0 46 0 0.044 0.00787187 1 
18 0 46 0 0.039 0.0107613 1 
19 0 46 0 0.041 0.0137568 1 
20 0 46 0 0.037 0.011401 1 
21 0 46 0 0.037 0.0103075 1 
22 0 46 0 0.042 0.0113606 1 
23 0 46 0 0.021 0.00878056 1 
24 0 46 0 0.045 0.00846772 1 
25 0 46 0 0.035 0.00674241 1 
26 0 46 0.00161021 0.027 0.0104811 6 
27 0 46 0.000609554 0.023 0.011445 2 
28 0 46 0 0.026 0.0120489 1 
29 0 46 0.000768293 0.017 0.0121434 2 
30 0 46 0 0.015 0.00878379 1 
31 0 46 0 0.02 0.0136818 1 
32 0 46 0 0.033 0.0119367 1 
0 0 47 0.00924465 0.025 0.0131686 6 
1 0 47 0 0.002 0.0126194 1 
2 0 47 0 0.014 0.0112379 1 
3 0 47 7.00951e-07 0.027 0.0079658 2 
4 0 47 0 0.019 0.011407 1 
5 0 47 0 0.045 0.0118201 1 
6 0 47 0 0.037 0.0119741 1 
7 0 47 0.00210496 0.047 0.00830674 8 
8 0 47 0 0.042 0.0083804 1 
9 0 47 0.0215354 0.002 0.0112833 32 
10 0 47 0 0.038 0.0115332 1 
11 0 47 0.000438057 0.027 0.0084581 2 
12 0 47 0 0.028 0.0114135 1 
13 0 47 0 0.016 0.00799308 1 
14 0 47 0 0.011 0.0103152 1 
15 0 47 0 0.045 0.0130039 1 
16 0 47 0 0.005 0.0097339 1 
17 0 47 0 0.006 0.0111171 1 
18 0 47 0 0.042 0.00936019 1 
19 0 47 0 0.016 0.0115911 1 
20 0 47 0 0.025 0.00972752 1 
21 0 47 0.00389729 0.033 0.0105992 6 
22 0 47 0.0193603 0.014 0.0103175 23 
23 0 47 0.00194122 0.001 0.0101886 4 
24 0 47 0 0.014 0.0124885 1 
25 0 47 0 0.041 0.0125141 1 
26 0 47 0 0.031 0.0118877 1 
27 0 47 0.0106484 0.019 0.0110334 16 
28 0 47 0 0.012 0.0117346 1 
29 0 47 0 0.029 0.00995671 1 
30 0 47 0 0.001 0.0138999 1 
31 0 47 0.00487892 0.009 0.0113187 7 
32 0 47 0.000788416 0.046 0.0094409 2 
0 0 48 0 0.034 0.0104407 1 
1 0 48 0 0.037 0.0117086 1 
2 0 48 0.000744468 0.024 0.0106073 4 
3 0 48 0.0109566 0.021 0.0106373 17 
4 0 48 0.0013993 0.009 0.0136904 4 
5 0 48 0 0.009 0.0111949 1 
6 0 48 9.28241e-06 0.014 0.0102499 2 
7 0 48 0 0.041 0.0114971 1 
8 0 48 0 0.045 0.0115169 1 
9 0 48 0.0024943 0.001 0.0100399 6 
10 0 48 0 0.003 0.00954622 1 
11 0 48 1.51445e-05 0.007 0.0134798 2 
12 0 48 0.000663043 0.033 0.0092419 2 
13 0 48 0.000128977 0.004 0.00890068 2 
14 0 48 0.00547235 0.043 0.0090722 3 
15 0 48 1.90525e-05 0.006 0.0110019 2 
16 0 48 0 0.03 0.011781 1 
17 0 48 0.0132676 0.018 0.0113011 13 
18 0 48 0 0.02 0.0135026 1 
19 0 48 0 0.02 0.0117418 1 
20 0 48 7.309e-05 0.044 0.0114993 2 
21 0 48 0.00126805 0.006 0.0105714 2 
22 0 48 0 0.031 0.0135162 1 
23 0 48 0.00114384 0.001 0.00914227 2 
24 0 48 1.70985e-05 0.02 0.0134441 2 
25 0 48 0 0.042 0.0115669 1 
26 0 48 0 0.035 0.0113482 1 
27 0 48 0 0.011 0.0121739 1 
28 0 48 1.70985e-05 0.01 0.0103172 2 
29 0 48 1.31905e-05 0.018 0.0130078 2 
30 0 48 0.0224449 0.005 0.0122646 25 
31 0 48 0 0.021 0.011476 1 
32 0 48 0.0125939 0.013 0.0104935 9 
0 0 49 0 0.04 0.00977841 1 
1 0 49 0 0.008 0.0107431 1 
2 0 49 0 0.034 0.0116871 1 
3 0 49 0.00425964 0.019 0.0139544 10 
4 0 49 0.00222136 0.016 0.0111282 5 
5 0 49 0.00135907 0.02 0.0113515 1 
6 0 49 3.59018e-05 0.011 0.0127634 2 
7 0 49 0.000138584 0.038 0.0121646 2 
8 0 49 0 0.048 0.00870705 1 
9 0 49 0 0.008 0.0104858 1 
10 0 49 0 0.034 0.00991448 1 
11 0 49 0.00061522 0.041 0.0085545 3 
12 0 49 0 0.016 0.0121333 1 
13 0 49 0.0280589 0.004 0.0126312 40 
14 0 49 0.0237812 0.006 0.00886626 37 
15 0 49 0 0.012 0.00831283 1 
16 0 49 0 0.008 0.0112447 1 
17 0 49 0 0.041 0.01202 1 
18 0 49 0 0.037 0.00928461 1 
19 0 49 2.45695e-05 0.033 0.0116253 2 
20 0 49 0.00229984 0.015 0.00873186 7 
21 0 49 0 0.003 0.011758 1 
22 0 49 0.0126734 0.012 0.0138085 13 
23 0 49 0.00220853 0.002 0.0116096 4 
24 0 49 0 0.007 0.00856513 1 
25 0 49 0 0.006 0.0106437 1 
26 0 49 0.0219968 0.012 0.0122453 25 
27 0 49 0 0.027 0.0127901 1 
28 0 49 0 0.03 0.0110032 1 
29 0 49 0.000789841 0.033 0.0102513 4 
30 0 49 0.0600698 0.001 0.0112129 71 
31 0 49 0 0.016 0.0110869 1 
32 0 49 0 0.018 0.00953045 1 
0 0 50 0 0.032 0.0106558 1 
1 0 50 0.000201925 0.02 0.0145937 3 
2 0 50 0 0.016 0.00966795 1 
3 0 50 0.000711341 0.012 0.0100529 2 
4 0 50 0 0.016 0.00973423 1 
5 0 50 0 0.033 0.0103122 1 
6 0 50 9.45223e-06 0.026 0.00972142 2 
7 0 50 0.00210092 0.012 0.0135358 6 
8 0 50 0 0.03 0.00964237 1 
9 0 50 0.00171528 0.018 0.00961107 5 
10 0 50 0 0.048 0.0116731 1 
11 0 50 0.000622354 0.025 0.0117105 3 
12 0 50 0 0.01 0.0140173 1 
13 0 50 0 0.011 0.0102507 1 
14 0 50 0.0333704 0.004 0.00982118 53 
15 0 50 0 0.029 0.0115833 1 
16 0 50 0 0.018 0.012017 1 
17 0 50 0 0.025 0.0100339 1 
18 0 50 0 0.009 0.012079 1 
19 0 50 0.0123779 0.036 0.0115158 6 
20 0 50 9.27117e-06 0.002 0.0124898 3 
21 0 50 0 0.005 0.0125878 1 
22 0 50 0.0112358 0.011 0.0112687 8 
23 0 50 0 0.001 0.0100518 1 
24 0 50 0 0.043 0.00981091 1 
25 0 50 0.00123523 0.001 0.00629667 3 
26 0 50 0 0.047 0.00958896 1 
27 0 50 0 0.012 0.00878295 1 
28 0 50 0 0.028 0.0126684 1 
29 0 50 0 0.008 0.0118182 1 
30 0 50 0 0.021 0.0149254 1 
31 0 50 0.00436865 0.044 0.0129678 2 
32 0 50 3.76892e-05 0.012 0.0107793 2 
0 0 51 0 0.031 0.0123266 1 
1 0 51 0.00116284 0.026 0.0109406 2 
2 0 51 0 0.005 0.0118545 1 
3 0 51 0.00157807 0.018 0.00994487 5 
4 0 51 0 0.015 0.0119915 1 
5 0 51 0.00126385 0.014 0.0226556 1 
6 0 51 3.58231e-05 0.047 0.0152354 2 
7 0 51 0.000411381 0.031 0.00903172 2 
8 0 51 0 0.023 0.0105906 1 
9 0 51 0 0.009 0.00894316 1 
10 0 51 0 0.047 0.0128133 1 
11 0 51 0.000697799 0.018 0.0111839 3 
12 0 51 0 0.007 0.0132954 1 
13 0 51 0.0015673 0.037 0.010575 2 
14 0 51 0.0383566 0.004 0.00780849 39 
15 0 51 2.46008e-05 0.032 0.0114812 2 
16 0 51 2.46008e-05 0.025 0.0106252 2 
17 0 51 0 0.011 0.0100103 1 
18 0 51 0 0.017 0.010825 1 
19 0 51 0.0136356 0.013 0.0101165 15 
20 0 51 0 0.031 0.0119521 1 
21 0 51 0 0.033 0.00917539 1 
22 0 51 0 0.015 0.00983449 1 
23 0 51 0 0.041 0.0101317 1 
24 0 51 0 0.039 0.0125224 1 
25 0 51 0.0258377 0.01 0.00858452 33 
26 0 51 0 0.029 0.00837645 1 
27 0 51 0 0.006 0.0141686 1 
28 0 51 0 0.004 0.0124258 1 
29 0 51 0 0.041 0.00970682 1 
30 0 51 0 0.003 0.0103102 1 
31 0 51 0 0.022 0.0102108 1 
32 0 51 0.000494285 0.003 0.0122596 2 
0 0 52 0 0.003 0.0110536 1 
1 0 52 0 0.002 0.00961222 1 
2 0 52 0 0.005 0.0134024 1 
3 0 52 0 0.048 0.0111067 1 
4 0 52 0.00105345 0.007 0.0170732 1 
5 0 52 0.00143848 0.039 0.0135937 1 
6 0 52 9.53886e-06 0.036 0.0105319 2 
7 0 52 0 0.027 0.0100037 1 
8 0 52 0.00030351 0.043 0.0135374 1 
9 0 52 0.00580734 0.049 0.0101786 3 
10 0 52 0 0.042 0.00917877 1 
11 0 52 0.000394534 0.003 0.011971 3 
12 0 52 0 0.019 0.0113928 1 
13 0 52 0.00147024 0.002 0.0123454 2 
14 0 52 0 0.004 0.0112042 1 
15 0 52 1.91138e-05 0.048 0.00854992 2 
16 0 52 0 0.007 0.0138191 1 
17 0 52 0.000674533 0.019 0.0125326 2 
18 0 52 0 0.046 0.0116117 1 
19 0 52 2.60087e-06 0.043 0.0116932 2 
20 0 52 0 0.01 0.0123427 1 
21 0 52 0 0.02 0.0104268 1 
22 0 52 0 0.002 0.0065243 1 
23 0 52 0.00033154 0.016 0.0116751 2 
24 0 52 0 0.005 0.0121853 1 
25 0 52 0 0.013 0.012226 1 
26 0 52 0.00021432 0.024 0.00996115 2 
27 0 52 0 0.012 0.0136631 1 
28 0 52 0 0.008 0.0126065 1 
29 0 52 0 0.016 0.0123875 1 
30 0 52 0.00446517 0.032 0.00872879 7 
31 0 52 0 0.002 0.011065 1 
32 0 52 0.00401608 0.041 0.011006 3 
0 0 53 0.00123245 0.01 0.0148781 2 
1 0 53 0.00118623 0.034 0.0094603 2 
2 0 53 0 0.038 0.0119377 1 
3 0 53 0.00493915 0.009 0.012706 7 
4 0 53 0.00125819 0.043 0.0132221 1 
5 0 53 0.00165066 0.03 0.0183358 1 
6 0 53 0 0.046 0.0139966 1 
7 0 53 0 0.045 0.00782607 1 
8 0 53 0.0004907 0.013 0.0106598 1 
9 0 53 0.00305886 0.024 0.00989179 2 
10 0 53 0 0.017 0.0104923 1 
11 0 53 0.000375731 0.049 0.0124394 2 
12 0 53 0 0.005 0.0110395 1 
13 0 53 0.0184319 0.006 0.00954637 25 
14 0 53 0 0.003 0.0101979 1 
15 0 53 1.09646e-05 0.008 0.0122507 2 
16 0 53 0 0.035 0.0130807 1 
17 0 53 0 0.025 0.0110647 1 
18 0 53 0 0.036 0.0113111 1 
19 0 53 0 0.026 0.0115481 1 
20 0 53 0 0.026 0.0110425 1 
21 0 53 0 0.045 0.0086941 1 
22 0 53 2.85208e-06 0.035 0.0117191 2 
23 0 53 0 0.01 0.0126484 1 
24 0 53 0 0.017 0.0129803 1 
25 0 53 0 0.015 0.00880612 1 
26 0 53 0.003623 0.001 0.00939895 3 
27 0 53 0.00288936 0.048 0.00849711 3 
28 0 53 0 0.016 0.0117135 1 
29 0 53 0 0.017 0.0124406 1 
30 0 53 0 0.023 0.010629 1 
31 0 53 0 0.047 0.0122542 1 
32 0 53 0.00286613 0.027 0.0119672 3 
0 0 54 0.0224283 0.004 0.0108439 35 
1 0 54 0.00100723 0.006 0.0105587 4 
2 0 54 0 0.036 0.00962581 1 
3 0 54 0 0.002 0.0107674 1 
4 0 54 0 0.028 0.0126149 1 
5 0 54 0 0.028 0.0112613 1 
6 0 54 0 0.039 0.00792867 1 
7 0 54 0.00570186 0.023 0.0102713 2 
8 0 54 0.000666085 0.04 0.00913041 1 
9 0 54 0 0.032 0.0106125 1 
10 0 54 0 0.038 0.00855894 1 
11 0 54 5.05226e-06 0.015 0.0137739 2 
12 0 54 0.00349158 0.032 0.0121956 6 
13 0 54 0.00998875 0.03 0.00952441 4 
14 0 54 0.017009 0.007 0.0127553 30 
15 0 54 0 0.006 0.0135336 1 
16 0 54 0 0.026 0.0122932 1 
17 0 54 0.0004039 0.014 0.0100581 2 
18 0 54 0 0.027 0.0116937 1 
19 0 54 0 0.046 0.012294 1 
20 0 54 0.0101868 0.009 0.0102425 10 
21 0 54 0.00140019 0.009 0.0130301 2 
22 0 54 0 0.028 0.00957852 1 
23 0 54 0 0.027 0.0122777 1 
24 0 54 0 0.047 0.00933482 1 
25 0 54 0 0.012 0.0127788 1 
26 0 54 0.000806352 0.025 0.0132213 2 
27 0 54 0 0.005 0.0141035 1 
28 0 54 0 0.022 0.0124242 1 
29 0 54 0 0.003 0.0134378 1 
30 0 54 0 0.016 0.0100149 1 
31 0 54 0 0.037 0.0113448 1 
32 0 54 0.000136911 0.021 0.0117321 2 
0 0 55 0 0.025 0.011649 1 
1 0 55 0.010759 0.011 0.0101472 19 
2 0 55 0 0.033 0.012805 1 
3 0 55 0.00290222 0.016 0.0119368 6 
4 0 55 0 0.002 0.0101398 1 
5 0 55 0 0.028 0.0102838 1 
6 0 55 0 0.029 0.0101899 1 
7 0 55 0.00426447 0.032 0.00810181 5 
8 0 55 0.00043064 0.025 0.016696 1 
9 0 55 5.05672e-06 0.004 0.0103417 2 
10 0 55 0 0.04 0.0118214 1 
11 0 55 0.000394347 0.022 0.00966701 3 
12 0 55 0.00454088 0.031 0.011923 4 
13 0 55 0 0.013 0.0115169 1 
14 0 55 0.00753538 0.013 0.0109007 8 
15 0 55 0 0.03 0.0141755 1 
16 0 55 0 0.002 0.010639 1 
17 0 55 0.00180592 0.011 0.011932 6 
18 0 55 0.000380651 0.033 0.00945786 3 
19 0 55 0 0.027 0.00986829 1 
20 0 55 8.57749e-05 0.003 0.00998625 2 
21 0 55 0 0.036 0.00991169 1 
22 0 55 0 0.021 0.0140114 1 
23 0 55 0 0.047 0.0132693 1 
24 0 55 0 0.026 0.00990215 1 
25 0 55 0 0.037 0.0114427 1 
26 0 55 0.00347157 0.016 0.0111972 5 
27 0 55 0.0266455 0.005 0.0150145 36 
28 0 55 0 0.041 0.0117366 1 
29 0 55 0.00050573 0.04 0.0106723 2 
30 0 55 0.00208664 0.032 0.0125506 3 
31 0 55 0 0.024 0.0101857 1 
32 0 55 0 0.018 0.010457 1 
0 0 56 0.00117256 0.002 0.0105635 4 
1 0 56 0.00127734 0.017 0.0103612 7 
2 0 56 0 0.012 0.00901077 1 
3 0 56 0.00704177 0.031 0.0124596 7 
4 0 56 2.35203e-05 0.008 0.0119316 2 
5 0 56 0.00139394 0.011 0.00908386 2 
6 0 56 0 0.004 0.0118955 1 
7 0 56 0.00358929 0.017 0.0107369 3 
8 0 56 0 0.025 0.00816933 1 
9 0 56 0.0236968 0.003 0.0110127 24 
10 0 56 0.00298234 0.046 0.0124871 4 
11 0 56 0.000332261 0.021 0.0125303 3 
12 0 56 0 0.044 0.0124456 1 
13 0 56 0.00903803 0.011 0.0099752 9 
14 0 56 0 0.01 0.0124358 1 
15 0 56 0 0.016 0.0141682 1 
16 0 56 0 0.038 0.0105249 1 
17 0 56 0.011212 0.02 0.0114615 19 
18 0 56 0.00078952 0.048 0.00908649 4 
19 0 56 0 0.001 0.0123971 1 
20 0 56 0 0.019 0.0114375 1 
21 0 56 0 0.036 0.00954856 1 
22 0 56 0.000851738 0.015 0.00922833 2 
23 0 56 0.00781391 0.028 0.00935977 4 
24 0 56 7.0533e-07 0.036 0.014285 2 
25 0 56 0.000130111 0.018 0.0107085 3 
26 0 56 0.000876634 0.024 0.00913601 2 
27 0 56 0.00471713 0.029 0.0125262 7 
28 0 56 0 0.015 0.0147139 1 
29 0 56 0 0.025 0.00842449 1 
30 0 56 0 0.044 0.0109486 1 
31 0 56 0 0.027 0.0127005 1 
32 0 56 0 0.019 0.00999321 1 
0 0 57 0 0.017 0.00992781 1 
1 0 57 0.000328104 0.006 0.0123795 2 
2 0 57 0 0.022 0.0114539 1 
3 0 57 0 0.048 0.00935462 1 
4 0 57 2.21786e-06 0.017 0.0109551 2 
5 0 57 0 0.038 0.0101492 1 
6 0 57 0 0.041 0.00960594 2 
7 0 57 0 0.048 0.00952113 1 
8 0 57 0 0.016 0.011659 1 
9 0 57 0 0.012 0.00891285 1 
10 0 57 0.0013258 0.005 0.0213008 1 
11 0 57 0 0.025 0.010401 1 
12 0 57 0.000538086 0.026 0.00939114 2 
13 0 57 0.00480839 0.001 0.00772605 5 
14 0 57 0.00121597 0.018 0.0108311 2 
15 0 57 0 0.049 0.0135854 1 
16 0 57 0 0.021 0.0098478 1 
17 0 57 0 0.023 0.0112882 1 
18 0 57 0.000790089 0.007 0.0122444 4 
19 0 57 0 0.02 0.0113655 1 
20 0 57 0 0.032 0.0109819 1 
21 0 57 0.00123064 0.024 0.0107397 2 
22 0 57 0 0.004 0.0100972 2 
23 0 57 7.00496e-06 0.01 0.0113048 2 
24 0 57 0 0.03 0.00990426 2 
25 0 57 0 0.002 0.0120777 1 
26 0 57 0 0.004 0.0105244 1 
27 0 57 0.027006 0.005 0.013107 42 
28 0 57 0 0.018 0.0113614 1 
29 0 57 0 0.022 0.0117267 1 
30 0 57 0.0140434 0.007 0.0101313 14 
31 0 57 0.00151481 0.04 0.012223 2 
32 0 57 0 0.046 0.0111468 1 
0 0 58 0 0.006 0.0109013 1 
1 0 58 0.0013622 0.034 0.0108688 2 
2 0 58 0 0.031 0.00958951 1 
3 0 58 0.00277078 0.003 0.0133544 7 
4 0 58 0.000272554 0.02 0.00736751 2 
5 0 58 0.00036316 0.029 0.0107427 2 
6 0 58 0 0.044 0.0113177 1 
7 0 58 0.0113638 0.007 0.0112799 15 
8 0 58 0.000125132 0.042 0.0149205 1 
9 0 58 0 0.01 0.013527 1 
10 0 58 0 0.032 0.0115662 1 
11 0 58 0.000403432 0.016 0.0138276 3 
12 0 58 0 0.035 0.0107193 1 
13 0 58 0 0.004 0.0111123 1 
14 0 58 0 0.039 0.0136996 1 
15 0 58 0 0.01 0.011467 1 
16 0 58 0 0.026 0.0112945 1 
17 0 58 0.0601741 0.006 0.0131326 57 
18 0 58 3.41212e-05 0.003 0.0113477 2 
19 0 58 0 0.024 0.0108858 1 
20 0 58 0.00990036 0.003 0.0140656 18 
21 0 58 2.25207e-06 0.016 0.00879299 2 
22 0 58 0.00347822 0.022 0.0113405 5 
23 0 58 0.00518382 0.007 0.0126693 20 
24 0 58 0 0.029 0.00958306 1 
25 0 58 0 0.012 0.00762814 1 
26 0 58 0.00715522 0.027 0.0113299 8 
27 0 58 0 0.004 0.0098473 1 
28 0 58 0 0.027 0.0111821 1 
29 0 58 0 0.045 0.00820254 1 
30 0 58 0.0157995 0.011 0.0134616 29 
31 0 58 0 0.04 0.0125803 1 
32 0 58 0.00250088 0.042 0.00891573 2 
0 0 59 0.025213 0.007 0.0117972 32 
1 0 59 0 0.003 0.011347 1 
2 0 59 0 0.027 0.014095 1 
3 0 59 0 0.042 0.00940745 1 
4 0 59 0 0.011 0.0109357 1 
5 0 59 0.00143611 0.011 0.0155214 1 
6 0 59 0 0.035 0.0107892 1 
7 0 59 0.0167399 0.005 0.00901941 18 
8 0 59 0 0.016 0.00946461 1 
9 0 59 0 0.032 0.0141892 1 
10 0 59 0 0.018 0.0112383 1 
11 0 59 0 0.043 0.0118887 1 
12 0 59 0.0137039 0.016 0.0120447 15 
13 0 59 0.0164752 0.001 0.0112586 26 
14 0 59 0 0.04 0.0122117 1 
15 0 59 0 0.042 0.0112202 1 
16 0 59 0 0.019 0.0102333 1 
17 0 59 0.0389334 0.008 0.00957187 42 
18 0 59 2.24999e-05 0.012 0.0078085 2 
19 0 59 0 0.025 0.00886029 1 
20 0 59 0.00943594 0.04 0.00984279 9 
21 0 59 0 0.029 0.0104898 2 
22 0 59 0.00839846 0.019 0.0106793 7 
23 0 59 0 0.037 0.00977971 1 
24 0 59 0 0.028 0.0113994 1 
25 0 59 0.0231722 0.008 0.0124367 37 
26 0 59 2.82972e-05 0.025 0.0108602 2 
27 0 59 0 0.027 0.0114318 1 
28 0 59 0 0.047 0.0124803 1 
29 0 59 0 0.015 0.0116695 1 
30 0 59 0 0.047 0.0110654 1 
31 0 59 0 0.047 0.00942607 1 
32 0 59 0.00825496 0.009 0.0117009 8 
0 0 60 0.00153701 0.018 0.0104418 2 
1 0 60 0 0.009 0.0125893 1 
2 0 60 0.000748581 0.032 0.010678 4 
3 0 60 0 0.041 0.0108072 1 
4 0 60 0.00250933 0.022 0.0122359 3 
5 0 60 0 0.03 0.0127905 1 
6 0 60 1.94904e-06 0.047 0.0117504 2 
7 0 60 0 0.041 0.00922651 1 
8 0 60 0.000338837 0.002 0.0109132 2 
9 0 60 0.00756231 0.03 0.0117655 20 
10 0 60 0 0.013 0.00961282 1 
11 0 60 0 0.012 0.0117439 1 
12 0 60 0 0.036 0.00835079 1 
13 0 60 0 0.018 0.0108728 1 
14 0 60 0 0.011 0.0131519 1 
15 0 60 0 0.045 0.0129936 1 
16 0 60 3.52323e-07 0.002 0.0101794 2 
17 0 60 0.000107243 0.019 0.0106281 2 
18 0 60 6.71666e-07 0.019 0.0113973 2 
19 0 60 0.00815764 0.005 0.0125107 2 
20 0 60 0.000754705 0.032 0.0108064 6 
21 0 60 0 0.008 0.0119849 1 
22 0 60 0 0.032 0.0138218 1 
23 0 60 0 0.012 0.0117717 1 
24 0 60 0 0.049 0.0101578 1 
25 0 60 0.00549434 0.028 0.0155019 5 
26 0 60 0 0.008 0.0112673 1 
27 0 60 0.0835217 0.006 0.00983942 48 
28 0 60 0.000333463 0.026 0.0110318 3 
29 0 60 0 0.049 0.012472 1 
30 0 60 0 0.012 0.0116205 1 
31 0 60 0 0.047 0.0116271 1 
32 0 60 0.00289362 0.027 0.0113632 3 
