0 10 0 0.0198338 0.024 0.0181977 4 
1 10 0 0 0.045 0.0192446 1 
2 10 0 0.0120058 0.021 0.0207439 3 
3 10 0 0 0.017 0.0162427 1 
4 10 0 0 0.016 0.0264885 1 
5 10 0 0.00859498 0.014 0.133111 1 
6 10 0 0 0.009 0.0249515 1 
7 10 0 0.00130477 0.008 0.0212312 3 
8 10 0 0 0.046 0.0180565 1 
9 10 0 0 0.038 0.021688 1 
10 10 0 1 0.035 0.0246548 2 
11 10 0 0 0.022 0.0219005 1 
12 10 0 0.00471186 0.009 0.0205076 4 
13 10 0 0 0.04 0.0204499 1 
14 10 0 0 0.025 0.0202814 1 
15 10 0 0 0.019 0.0234567 1 
16 10 0 0 0.037 0.0264059 1 
17 10 0 0 0.012 0.0209189 1 
18 10 0 0 0.029 0.0230707 1 
19 10 0 0 0.041 0.0213723 1 
20 10 0 0 0.029 0.0247649 2 
21 10 0 0 0.019 0.0229971 1 
22 10 0 0 0.014 0.0235254 1 
23 10 0 0.00247025 0.019 0.0170136 3 
24 10 0 0 0.048 0.0188442 1 
25 10 0 0.0102244 0.015 0.0229809 4 
26 10 0 0.00289174 0.038 0.0213308 2 
27 10 0 0 0.045 0.0150765 1 
28 10 0 0.0051059 0.047 0.03348 1 
29 10 0 0.0115582 0.044 0.0219416 1 
30 10 0 0 0.017 0.0254679 1 
31 10 0 0 0.022 0.027904 1 
32 10 0 0.0116745 0.005 0.0224837 11 
0 10 1 0.00303133 0.02 0.0233028 2 
1 10 1 0.00962961 0.048 0.0194442 2 
2 10 1 0.0131295 0.049 0.0266715 3 
3 10 1 0.0212254 0.008 0.0258469 14 
4 10 1 0.0135755 0.029 0.103774 1 
5 10 1 0.0101125 0.036 0.135175 1 
6 10 1 0 0.043 0.0220094 1 
7 10 1 0 0.028 0.0264199 1 
8 10 1 0 0.034 0.0226192 1 
9 10 1 0.00175884 0.004 0.0216648 3 
10 10 1 0.0373017 0.037 0.0241516 2 
11 10 1 0 0.025 0.0247065 1 
12 10 1 0.00456092 0.047 0.0216767 2 
13 10 1 0 0.036 0.0166349 1 
14 10 1 0.0266481 0.001 0.0222849 9 
15 10 1 0 0.043 0.021244 1 
16 10 1 0 0.025 0.0249234 1 
17 10 1 0 0.021 0.0253296 1 
18 10 1 0 0.015 0.0179629 1 
19 10 1 0 0.031 0.0209661 1 
20 10 1 0.0245355 0.038 0.0192242 6 
21 10 1 0.00610366 0.032 0.0225331 3 
22 10 1 0.0246036 0.002 0.0270993 18 
23 10 1 0.00966469 0.02 0.0188004 3 
24 10 1 0 0.026 0.0209644 1 
25 10 1 0 0.048 0.0184959 1 
26 10 1 0.00560238 0.006 0.023418 5 
27 10 1 0 0.03 0.0316575 1 
28 10 1 0.00150085 0.021 0.0216466 2 
29 10 1 5.15488e-05 0.032 0.0185671 2 
30 10 1 0.00040778 0.029 0.0247457 2 
31 10 1 0.00725443 0.046 0.0275627 1 
32 10 1 0 0.026 0.0292235 1 
0 10 2 0 0.026 0.0238679 1 
1 10 2 0 0.014 0.0271035 1 
2 10 2 0 0.037 0.0199307 1 
3 10 2 0 0.011 0.0187999 1 
4 10 2 0.0154788 0.011 0.0706239 3 
5 10 2 0 0.025 0.0263322 1 
6 10 2 0 0.033 0.0213048 1 
7 10 2 0 0.009 0.0240273 1 
8 10 2 0.0167196 0.037 0.0818445 1 
9 10 2 0.00239383 0.005 0.0152556 2 
10 10 2 0.0148996 0.011 0.116544 1 
11 10 2 0.0117653 0.047 0.0239194 1 
12 10 2 0 0.013 0.0243938 1 
13 10 2 0.0261765 0.01 0.0245801 8 
14 10 2 0 0.007 0.0202841 1 
15 10 2 0 0.025 0.0210385 1 
16 10 2 0 0.034 0.0178532 1 
17 10 2 0.00402507 0.022 0.0181044 3 
18 10 2 0 0.004 0.0213715 1 
19 10 2 0 0.037 0.0240355 1 
20 10 2 0.0155046 0.009 0.0179573 7 
21 10 2 0 0.003 0.0268772 1 
22 10 2 0 0.042 0.0177268 1 
23 10 2 0 0.039 0.0234699 1 
24 10 2 0 0.049 0.0202695 1 
25 10 2 0 0.033 0.0264394 1 
26 10 2 0 0.012 0.0195083 1 
27 10 2 0 0.033 0.0204923 1 
28 10 2 0 0.002 0.0236378 1 
29 10 2 0.0101987 0.047 0.0201813 2 
30 10 2 0.032096 0.005 0.0219472 17 
31 10 2 0.00789338 0.046 0.0236195 1 
32 10 2 0 0.012 0.0202817 1 
0 10 3 0 0.028 0.0194248 1 
1 10 3 0.00532616 0.045 0.0210636 2 
2 10 3 0 0.031 0.0227735 1 
3 10 3 0 0.028 0.0242954 1 
4 10 3 0.0148449 0.044 0.12355 1 
5 10 3 0 0.008 0.0160105 1 
6 10 3 0 0.035 0.0301652 1 
7 10 3 0 0.048 0.0196975 1 
8 10 3 0.0173525 0.001 0.0868795 1 
9 10 3 0.118526 0.001 0.0201939 42 
10 10 3 0 0.018 0.0244473 1 
11 10 3 0 0.008 0.022135 1 
12 10 3 0.0135969 0.001 0.0205663 11 
13 10 3 0 0.047 0.0257386 1 
14 10 3 0 0.032 0.0207457 1 
15 10 3 0 0.003 0.0217578 1 
16 10 3 0 0.015 0.0256556 1 
17 10 3 0.0179065 0.011 0.0234894 12 
18 10 3 0 0.036 0.017956 1 
19 10 3 0 0.022 0.0186691 1 
20 10 3 0.0068565 0.01 0.0196518 6 
21 10 3 0.0125679 0.046 0.0314673 1 
22 10 3 0 0.03 0.0237857 1 
23 10 3 8.52206e-05 0.01 0.0193007 2 
24 10 3 0 0.012 0.0246782 1 
25 10 3 0 0.027 0.0250949 1 
26 10 3 0.00765026 0.009 0.0200409 6 
27 10 3 0 0.007 0.0261448 1 
28 10 3 0 0.028 0.0238061 1 
29 10 3 0 0.01 0.0233289 1 
30 10 3 0.0433867 0.006 0.0258998 17 
31 10 3 0 0.043 0.0201611 1 
32 10 3 0 0.023 0.0165216 1 
0 10 4 0.00578607 0.017 0.022884 4 
1 10 4 0.00181397 0.004 0.0192891 2 
2 10 4 0.00455371 0.044 0.0272327 1 
3 10 4 0.00601552 0.019 0.0250824 2 
4 10 4 0 0.038 0.0257355 1 
5 10 4 0.0120236 0.006 0.12138 1 
6 10 4 0 0.004 0.028194 1 
7 10 4 0.0145843 0.022 0.0224136 4 
8 10 4 0.0328212 0.012 0.0263279 2 
9 10 4 0 0.011 0.0218199 1 
10 10 4 0.0311798 0.04 0.040886 2 
11 10 4 0.00455371 0.038 0.0293638 1 
12 10 4 0.000969229 0.037 0.0207535 2 
13 10 4 0.011046 0.014 0.0213905 5 
14 10 4 0.00862467 0.01 0.024349 8 
15 10 4 0 0.042 0.0201003 1 
16 10 4 0 0.022 0.0214062 1 
17 10 4 0.00181254 0.001 0.0183007 3 
18 10 4 0 0.021 0.0220934 1 
19 10 4 0 0.042 0.0182872 1 
20 10 4 0.02692 0.014 0.0276756 6 
21 10 4 0.00428646 0.042 0.0191281 3 
22 10 4 0 0.007 0.0217106 1 
23 10 4 0.00100229 0.002 0.0162537 3 
24 10 4 0 0.03 0.0208951 1 
25 10 4 0 0.015 0.0238972 1 
26 10 4 0 0.001 0.024365 1 
27 10 4 0.019088 0.014 0.0252883 7 
28 10 4 0 0.011 0.0219917 1 
29 10 4 0 0.032 0.0254241 1 
30 10 4 0 0.012 0.0210052 1 
31 10 4 0 0.035 0.0169132 1 
32 10 4 0.0185345 0.009 0.0210003 13 
0 10 5 0 0.037 0.022771 1 
1 10 5 0.0106426 0.015 0.0234669 6 
2 10 5 0.00530641 0.04 0.0218016 1 
3 10 5 0 0.016 0.0173656 1 
4 10 5 0 0.025 0.0204506 1 
5 10 5 0 0.037 0.0187058 1 
6 10 5 0.0126163 0.032 0.024035 1 
7 10 5 0 0.008 0.0207631 1 
8 10 5 0 0.013 0.0216933 1 
9 10 5 0 0.01 0.0230633 1 
10 10 5 0 0.046 0.0215426 1 
11 10 5 0 0.049 0.0219152 1 
12 10 5 0.00224187 0.031 0.0203507 3 
13 10 5 0 0.002 0.0227267 1 
14 10 5 0 0.039 0.0241415 1 
15 10 5 0 0.002 0.0225608 1 
16 10 5 0 0.017 0.0218346 1 
17 10 5 0.0710486 0.001 0.0211981 47 
18 10 5 0 0.003 0.0253501 1 
19 10 5 0.0269722 0.019 0.0188887 10 
20 10 5 0 0.036 0.0233259 1 
21 10 5 0 0.01 0.0200956 1 
22 10 5 0.000473529 0.003 0.0153469 3 
23 10 5 0 0.038 0.0244527 1 
24 10 5 0.00478755 0.028 0.024254 2 
25 10 5 0 0.032 0.0200411 1 
26 10 5 0 0.006 0.0191593 1 
27 10 5 0.00814959 0.009 0.0216845 5 
28 10 5 0 0.01 0.0281322 1 
29 10 5 0 0.035 0.0185986 1 
30 10 5 0.000794154 0.004 0.0225693 2 
31 10 5 0 0.007 0.0196714 1 
32 10 5 0 0.011 0.0236223 1 
0 10 6 0 0.021 0.0195959 1 
1 10 6 0 0.034 0.0181337 1 
2 10 6 0 0.046 0.0199289 1 
3 10 6 0 0.003 0.0258545 1 
4 10 6 0 0.018 0.0197453 1 
5 10 6 0 0.044 0.0162234 1 
6 10 6 0.00465522 0.025 0.0242232 1 
7 10 6 0 0.045 0.0237933 1 
8 10 6 0.0279665 0.038 0.0377997 2 
9 10 6 0.00113225 0.002 0.0227455 2 
10 10 6 0.0183492 0.03 0.126716 1 
11 10 6 0 0.008 0.0205391 1 
12 10 6 0 0.001 0.0207543 1 
13 10 6 0 0.036 0.0249185 1 
14 10 6 0 0.049 0.0219185 1 
15 10 6 0 0.038 0.0217909 1 
16 10 6 0 0.044 0.0227245 1 
17 10 6 0.00415889 0.017 0.0192599 2 
18 10 6 0 0.01 0.0260177 1 
19 10 6 0.0144151 0.009 0.0252711 8 
20 10 6 0 0.027 0.0171939 1 
21 10 6 0 0.041 0.0236221 1 
22 10 6 0.0137531 0.009 0.0289538 8 
23 10 6 0 0.001 0.0216645 1 
24 10 6 0.00519023 0.027 0.0251089 2 
25 10 6 0 0.048 0.0199213 1 
26 10 6 0.000656999 0.011 0.02202 3 
27 10 6 0 0.027 0.0229596 1 
28 10 6 0 0.043 0.0209532 1 
29 10 6 0 0.005 0.0177748 1 
30 10 6 0 0.016 0.024954 1 
31 10 6 0 0.029 0.0247609 1 
32 10 6 0.0257365 0.042 0.0205502 6 
0 10 7 0.00483719 0.004 0.0236992 2 
1 10 7 0.00337685 0.002 0.0165479 2 
2 10 7 0 0.03 0.0247321 1 
3 10 7 0.00208002 0.016 0.0181759 3 
4 10 7 0.0182969 0.032 0.126659 1 
5 10 7 0.0215556 0.044 0.0617795 2 
6 10 7 0.00529932 0.033 0.0265178 1 
7 10 7 0 0.011 0.0212424 2 
8 10 7 0 0.034 0.027578 1 
9 10 7 0.000153614 0.001 0.0182661 2 
10 10 7 0.025493 0.028 0.0392069 2 
11 10 7 0 0.013 0.0224697 1 
12 10 7 0 0.018 0.0216984 1 
13 10 7 0.00680245 0.002 0.0209248 4 
14 10 7 0 0.009 0.0222149 1 
15 10 7 0 0.035 0.0255836 1 
16 10 7 0 0.003 0.0235861 1 
17 10 7 0 0.006 0.0224175 1 
18 10 7 0 0.001 0.0231265 1 
19 10 7 0.00134824 0.005 0.0218073 2 
20 10 7 0.0189637 0.013 0.0204735 4 
21 10 7 0.0067603 0.025 0.0311145 1 
22 10 7 0 0.049 0.0221122 1 
23 10 7 0.00250693 0.048 0.0211353 2 
24 10 7 0.00479116 0.007 0.0218374 2 
25 10 7 0 0.041 0.0218915 1 
26 10 7 0.0695593 0.002 0.0215416 39 
27 10 7 0.0159575 0.02 0.0223517 10 
28 10 7 0 0.003 0.0161618 1 
29 10 7 0.00375083 0.043 0.0159112 2 
30 10 7 0 0.047 0.0178117 1 
31 10 7 0.0113126 0.029 0.0251342 1 
32 10 7 0.0160831 0.017 0.0173553 3 
0 10 8 0 0.024 0.0192654 1 
1 10 8 0 0.031 0.0213563 1 
2 10 8 0 0.024 0.0224798 1 
3 10 8 0 0.014 0.0195348 1 
4 10 8 0.0292451 0.036 0.0536324 2 
5 10 8 0 0.014 0.0215674 1 
6 10 8 0 0.009 0.026971 1 
7 10 8 0 0.025 0.0175526 1 
8 10 8 0.031768 0.04 0.0431667 5 
9 10 8 0 0.038 0.0227037 1 
10 10 8 0 0.034 0.021742 1 
11 10 8 0 0.047 0.0221092 1 
12 10 8 0 0.032 0.020678 1 
13 10 8 0 0.029 0.0214212 1 
14 10 8 0.00885891 0.023 0.0198201 3 
15 10 8 0 0.005 0.0198206 1 
16 10 8 0 0.019 0.0246563 1 
17 10 8 0 0.045 0.0187532 1 
18 10 8 0 0.029 0.0193269 1 
19 10 8 0 0.019 0.0189634 1 
20 10 8 0.0535483 0.002 0.0189433 31 
21 10 8 0.0152337 0.022 0.0164472 2 
22 10 8 0 0.003 0.0234466 1 
23 10 8 0 0.042 0.0232999 1 
24 10 8 0 0.03 0.0198224 1 
25 10 8 0.00372098 0.013 0.0195511 3 
26 10 8 0 0.003 0.0191534 1 
27 10 8 0 0.038 0.0247785 1 
28 10 8 0 0.006 0.0227634 1 
29 10 8 0 0.01 0.0206613 1 
30 10 8 0.0322168 0.004 0.0217 14 
31 10 8 0.00424414 0.02 0.0223967 2 
32 10 8 0 0.004 0.0211213 1 
0 10 9 0 0.033 0.0190142 1 
1 10 9 0 0.027 0.0209533 1 
2 10 9 0 0.005 0.0213665 1 
3 10 9 0.0025583 0.01 0.0255499 5 
4 10 9 0.00886211 0.03 0.0249551 2 
5 10 9 0.0170545 0.027 0.121462 1 
6 10 9 0 0.009 0.0208085 1 
7 10 9 0.00818371 0.001 0.0235277 2 
8 10 9 0.0135395 0.013 0.0937569 1 
9 10 9 0 0.038 0.0232842 1 
10 10 9 0.0211931 0.029 0.120617 1 
11 10 9 0 0.049 0.0160109 1 
12 10 9 0 0.014 0.0209767 1 
13 10 9 0.00710483 0.01 0.023299 3 
14 10 9 0.00144878 0.004 0.0210902 2 
15 10 9 0 0.012 0.0184513 1 
16 10 9 0 0.009 0.0206948 1 
17 10 9 0.0399928 0.019 0.0218679 12 
18 10 9 0 0.001 0.0186443 1 
19 10 9 0 0.036 0.0212567 1 
20 10 9 0 0.003 0.0185874 1 
21 10 9 0 0.007 0.0211614 1 
22 10 9 0.0016985 0.008 0.0211734 3 
23 10 9 0.00410449 0.034 0.0205871 3 
24 10 9 0 0.01 0.0231738 1 
25 10 9 0.0308674 0.015 0.0156905 7 
26 10 9 0 0.045 0.0221281 1 
27 10 9 0 0.044 0.0242126 1 
28 10 9 0.00424374 0.027 0.0232588 2 
29 10 9 0 0.024 0.0195514 1 
30 10 9 0.00199081 0.008 0.0222455 3 
31 10 9 0.0128248 0.013 0.0227177 1 
32 10 9 0.0463893 0.001 0.0272296 25 
0 10 10 0.0049584 0.011 0.0162463 5 
1 10 10 0.00021653 0.031 0.0255303 2 
2 10 10 0.00484593 0.039 0.0259552 2 
3 10 10 0.00115932 0.008 0.0281907 2 
4 10 10 0.0205043 0.047 0.0224664 2 
5 10 10 0.0338872 0.037 0.0417427 2 
6 10 10 0 0.032 0.0236609 1 
7 10 10 0.025704 0.001 0.0184839 21 
8 10 10 0 0.033 0.0243664 1 
9 10 10 0 0.026 0.0242188 1 
10 10 10 0.0218292 0.028 0.107295 1 
11 10 10 0 0.021 0.0269256 1 
12 10 10 0.00159275 0.021 0.0224131 4 
13 10 10 0 0.007 0.0251554 1 
14 10 10 0.00083308 0.01 0.0178985 5 
15 10 10 0 0.024 0.0182406 1 
16 10 10 0 0.049 0.0218256 1 
17 10 10 0 0.044 0.0210767 1 
18 10 10 0 0.025 0.0220507 1 
19 10 10 0.00217731 0.026 0.0213489 2 
20 10 10 0.0107713 0.009 0.022606 4 
21 10 10 0.00175342 0.018 0.0226308 2 
22 10 10 0 0.019 0.0217169 1 
23 10 10 0.0143498 0.008 0.0214417 8 
24 10 10 0.00462413 0.008 0.0231043 2 
25 10 10 0.00221233 0.022 0.0216202 2 
26 10 10 0.0545968 0.001 0.0153655 20 
27 10 10 0.015379 0.009 0.0199716 10 
28 10 10 0 0.031 0.0207583 1 
29 10 10 0 0.013 0.0243785 1 
30 10 10 0 0.035 0.0184852 1 
31 10 10 0.000855577 0.001 0.0180373 4 
32 10 10 0.0197364 0.002 0.0223704 10 
0 10 11 0 0.014 0.0196989 1 
1 10 11 0.00228808 0.011 0.0196333 3 
2 10 11 0 0.048 0.0263868 1 
3 10 11 0.000955243 0.023 0.0234066 2 
4 10 11 0 0.008 0.0224671 1 
5 10 11 0 0.031 0.0139146 1 
6 10 11 0 0.017 0.0237539 1 
7 10 11 0 0.031 0.0206926 1 
8 10 11 0.000784961 0.034 0.0191321 2 
9 10 11 0 0.008 0.0206357 1 
10 10 11 0.0206487 0.022 0.0280362 4 
11 10 11 0 0.034 0.0157876 1 
12 10 11 0.00465035 0.011 0.0219586 4 
13 10 11 0 0.03 0.0213091 1 
14 10 11 0.0663349 0.003 0.0271227 31 
15 10 11 0 0.033 0.0165075 1 
16 10 11 0 0.012 0.0149689 1 
17 10 11 0 0.033 0.0192257 1 
18 10 11 0 0.001 0.0274622 1 
19 10 11 0 0.026 0.0252873 1 
20 10 11 0 0.031 0.0232992 1 
21 10 11 0.00392197 0.019 0.0195752 2 
22 10 11 0.00197125 0.007 0.0202388 3 
23 10 11 0.0199479 0.002 0.0239807 11 
24 10 11 0 0.035 0.0242846 1 
25 10 11 0 0.014 0.0229845 1 
26 10 11 0 0.048 0.0211135 1 
27 10 11 0 0.003 0.0288733 1 
28 10 11 0 0.006 0.0232436 1 
29 10 11 0 0.003 0.0216379 1 
30 10 11 0 0.007 0.0192138 1 
31 10 11 0.0107748 0.044 0.0218426 4 
32 10 11 0 0.01 0.0181367 1 
0 10 12 0 0.017 0.0233157 1 
1 10 12 0.00737 0.016 0.0246652 4 
2 10 12 0 0.02 0.0243162 1 
3 10 12 0 0.023 0.0197375 1 
4 10 12 0.0224152 0.03 0.109104 1 
5 10 12 0.0189707 0.02 0.131828 1 
6 10 12 0 0.007 0.0154929 1 
7 10 12 0.0719812 0.001 0.022235 38 
8 10 12 0.000142175 0.017 0.0203532 2 
9 10 12 0 0.04 0.0209637 1 
10 10 12 0.013758 0.034 0.118285 1 
11 10 12 0.00544524 0.03 0.0204199 4 
12 10 12 0.00749328 0.002 0.0156924 3 
13 10 12 0 0.002 0.0227933 1 
14 10 12 0 0.019 0.0253999 1 
15 10 12 0 0.025 0.0234314 1 
16 10 12 0 0.027 0.022063 1 
17 10 12 0.0212061 0.002 0.027662 13 
18 10 12 0 0.046 0.0249004 1 
19 10 12 0 0.016 0.0172078 1 
20 10 12 0 0.043 0.015882 1 
21 10 12 0.0177915 0.016 0.025208 2 
22 10 12 0.0434297 0.002 0.0244753 37 
23 10 12 0 0.031 0.0253627 1 
24 10 12 0 0.001 0.0228681 1 
25 10 12 0.00644641 0.012 0.0222061 3 
26 10 12 0 0.029 0.0213654 1 
27 10 12 0.00292675 0.014 0.0249433 6 
28 10 12 0 0.037 0.0236732 1 
29 10 12 0 0.006 0.0258218 1 
30 10 12 0 0.021 0.0210621 1 
31 10 12 0 0.033 0.0239787 1 
32 10 12 0 0.02 0.0187713 1 
0 10 13 0.0281062 0.005 0.0201518 13 
1 10 13 0 0.041 0.0213195 1 
2 10 13 0 0.007 0.0292173 1 
3 10 13 0 0.023 0.0198342 1 
4 10 13 0.0137096 0.037 0.132821 1 
5 10 13 0 0.001 0.0157814 1 
6 10 13 0 0.03 0.0285395 1 
7 10 13 0.00249463 0.002 0.0190563 3 
8 10 13 0.0218997 0.047 0.0504165 3 
9 10 13 0 0.018 0.0237621 1 
10 10 13 0 0.028 0.021486 1 
11 10 13 0 0.036 0.0186845 1 
12 10 13 0 0.017 0.0230878 1 
13 10 13 0 0.038 0.0239277 1 
14 10 13 0 0.029 0.0236456 1 
15 10 13 0 0.019 0.0176514 1 
16 10 13 0 0.022 0.0233073 1 
17 10 13 0 0.04 0.0184712 1 
18 10 13 0 0.016 0.0253259 1 
19 10 13 0.00492922 0.012 0.0254467 4 
20 10 13 0 0.026 0.0252114 1 
21 10 13 0 0.049 0.015846 1 
22 10 13 0 0.017 0.0219896 1 
23 10 13 0.00271345 0.034 0.0173696 2 
24 10 13 0 0.043 0.0220584 1 
25 10 13 0.00177257 0.004 0.018456 5 
26 10 13 0.00655305 0.002 0.0204106 7 
27 10 13 0.0415997 0.004 0.0202922 17 
28 10 13 0 0.027 0.0169578 1 
29 10 13 0.00380908 0.033 0.0244604 2 
30 10 13 0 0.001 0.0232488 1 
31 10 13 0 0.047 0.0258031 1 
32 10 13 0.00383072 0.002 0.0183198 2 
0 10 14 0 0.009 0.0211987 1 
1 10 14 0.00181647 0.017 0.0207689 3 
2 10 14 0.00485183 0.03 0.0232124 2 
3 10 14 0.000214408 0.003 0.0237672 2 
4 10 14 0.0143525 0.037 0.115008 1 
5 10 14 0.0202488 0.029 0.14774 1 
6 10 14 0 0.035 0.0272747 1 
7 10 14 0 0.019 0.0198229 1 
8 10 14 0 0.005 0.0252252 1 
9 10 14 0.00252041 0.001 0.0225894 3 
10 10 14 0.0712951 0.017 0.0266823 6 
11 10 14 0 0.044 0.0200416 1 
12 10 14 0.0129949 0.027 0.0151619 4 
13 10 14 0.00110482 0.001 0.019161 3 
14 10 14 0 0.022 0.0267497 1 
15 10 14 0 0.036 0.0194988 1 
16 10 14 0.00440844 0.033 0.022165 2 
17 10 14 0 0.003 0.0170961 1 
18 10 14 0 0.037 0.0249779 1 
19 10 14 0 0.032 0.0173331 1 
20 10 14 0.0272518 0.008 0.0245066 12 
21 10 14 0.0114947 0.022 0.0317179 1 
22 10 14 0.0286718 0.005 0.0257166 16 
23 10 14 0 0.022 0.0230464 1 
24 10 14 0 0.04 0.0295763 1 
25 10 14 0 0.04 0.0210992 1 
26 10 14 0.00681152 0.046 0.015671 3 
27 10 14 0 0.033 0.0230358 1 
28 10 14 0.00463013 0.044 0.0233911 2 
29 10 14 0 0.018 0.0210248 1 
30 10 14 0 0.015 0.0207287 1 
31 10 14 0 0.026 0.0219194 1 
32 10 14 0.00867352 0.008 0.0175302 7 
0 10 15 0 0.031 0.0202068 1 
1 10 15 0.0325792 0.005 0.0224091 11 
2 10 15 0.00403293 0.041 0.0236145 2 
3 10 15 0.00566503 0.018 0.0179909 4 
4 10 15 0.0149955 0.024 0.117145 1 
5 10 15 0 0.01 0.015441 1 
6 10 15 0 0.023 0.0189488 1 
7 10 15 0 0.034 0.0239026 1 
8 10 15 0 0.034 0.0265107 1 
9 10 15 0.0101998 0.008 0.016754 4 
10 10 15 0 0.022 0.0176043 1 
11 10 15 0 0.034 0.0170391 1 
12 10 15 0 0.009 0.0185649 1 
13 10 15 0 0.001 0.0215266 1 
14 10 15 0 0.032 0.0197172 1 
15 10 15 0 0.018 0.0192284 1 
16 10 15 0 0.034 0.0229859 1 
17 10 15 0 0.038 0.0179337 1 
18 10 15 0 0.018 0.0264054 1 
19 10 15 0 0.036 0.025633 1 
20 10 15 0 0.02 0.0163791 1 
21 10 15 0 0.001 0.0198028 1 
22 10 15 0 0.044 0.0203639 1 
23 10 15 0 0.027 0.0173088 1 
24 10 15 0 0.002 0.0216074 1 
25 10 15 0 0.002 0.0225535 1 
26 10 15 0 0.011 0.0203407 1 
27 10 15 0.0265376 0.004 0.0164099 30 
28 10 15 0 0.008 0.0231922 1 
29 10 15 0 0.022 0.0244738 1 
30 10 15 0 0.003 0.021681 1 
31 10 15 0 0.04 0.0251464 1 
32 10 15 0 0.001 0.0178189 1 
0 10 16 0 0.007 0.0196799 1 
1 10 16 0 0.048 0.0209895 1 
2 10 16 0.00485469 0.028 0.0213625 2 
3 10 16 0.000206611 0.003 0.0194628 2 
4 10 16 0.0156385 0.047 0.122539 1 
5 10 16 0 0.028 0.0241098 1 
6 10 16 0 0.019 0.0253884 1 
7 10 16 0.00219253 0.02 0.0232496 4 
8 10 16 0.018028 0.023 0.109261 1 
9 10 16 0 0.008 0.0215362 1 
10 10 16 1.23844e-05 0.044 0.0229141 2 
11 10 16 0 0.039 0.0193746 1 
12 10 16 0 0.028 0.018297 1 
13 10 16 0 0.044 0.023619 1 
14 10 16 0 0.025 0.0268717 1 
15 10 16 0 0.031 0.0176692 1 
16 10 16 0 0.031 0.0147139 1 
17 10 16 0 0.022 0.0184089 1 
18 10 16 0 0.032 0.0280451 1 
19 10 16 0.00776443 0.042 0.0230556 4 
20 10 16 0.0017812 0.01 0.0231905 3 
21 10 16 0.0127843 0.026 0.0310037 1 
22 10 16 0.0114369 0.001 0.0243701 7 
23 10 16 0.00584191 0.027 0.0235416 3 
24 10 16 0 0.034 0.0253004 1 
25 10 16 0 0.026 0.0235413 1 
26 10 16 0 0.017 0.0307057 1 
27 10 16 0 0.022 0.0222837 1 
28 10 16 0 0.034 0.03026 1 
29 10 16 0 0.002 0.0243611 1 
30 10 16 0 0.044 0.0205577 1 
31 10 16 0 0.034 0.0182721 1 
32 10 16 0 0.011 0.0233793 1 
0 10 17 0.0067786 0.005 0.0208803 3 
1 10 17 0.0205951 0.043 0.0232771 3 
2 10 17 0 0.018 0.0256181 1 
3 10 17 0.00508922 0.001 0.0163768 4 
4 10 17 0.0147943 0.036 0.0698926 4 
5 10 17 0 0.026 0.0214894 1 
6 10 17 0 0.013 0.0201126 1 
7 10 17 0 0.02 0.0195623 1 
8 10 17 0.00803727 0.046 0.0332078 2 
9 10 17 0 0.049 0.023138 1 
10 10 17 0 0.016 0.0162841 1 
11 10 17 0 0.025 0.0303551 1 
12 10 17 0.00158439 0.006 0.0282138 3 
13 10 17 0 0.025 0.0164021 1 
14 10 17 0 0.039 0.0207204 1 
15 10 17 0 0.009 0.0180291 1 
16 10 17 0 0.014 0.0223111 1 
17 10 17 0.0918348 0.003 0.029206 32 
18 10 17 0 0.003 0.0222359 1 
19 10 17 0.0285099 0.005 0.021718 12 
20 10 17 0 0.023 0.0164707 1 
21 10 17 0 0.008 0.021804 1 
22 10 17 0.00955262 0.049 0.0189281 2 
23 10 17 0 0.012 0.0173425 1 
24 10 17 0.00425646 0.008 0.0197563 2 
25 10 17 0 0.049 0.0265221 1 
26 10 17 0.000352951 0.021 0.015722 2 
27 10 17 0 0.019 0.0244701 1 
28 10 17 0 0.013 0.0200404 1 
29 10 17 0.0038156 0.013 0.0302402 2 
30 10 17 0.0155393 0.012 0.017194 4 
31 10 17 7.91345e-06 0.02 0.0180432 2 
32 10 17 0.0500548 0.002 0.0204553 32 
0 10 18 0 0.019 0.0210725 1 
1 10 18 0.00180939 0.012 0.0220907 3 
2 10 18 0 0.024 0.0202198 1 
3 10 18 0 0.008 0.0273388 1 
4 10 18 0.00341508 0.024 0.0231134 2 
5 10 18 0.0173367 0.047 0.0200966 3 
6 10 18 0 0.047 0.0176582 1 
7 10 18 0 0.017 0.0188278 1 
8 10 18 0 0.019 0.0214642 1 
9 10 18 0 0.009 0.0160314 1 
10 10 18 0.0176134 0.032 0.130041 1 
11 10 18 0.00233441 0.004 0.0215217 3 
12 10 18 0.00760281 0.007 0.0234013 5 
13 10 18 0 0.015 0.0206931 1 
14 10 18 0.00911022 0.005 0.020156 3 
15 10 18 0 0.049 0.0250454 1 
16 10 18 0.00441432 0.035 0.0254127 2 
17 10 18 0.0125343 0.031 0.0184593 3 
18 10 18 0 0.021 0.0206161 1 
19 10 18 0.000257414 0.02 0.0210094 2 
20 10 18 0 0.043 0.0221674 1 
21 10 18 0.00537215 0.018 0.0285898 1 
22 10 18 0 0.026 0.0204457 1 
23 10 18 0.000884128 0.009 0.0252444 2 
24 10 18 0 0.015 0.0182902 1 
25 10 18 0 0.047 0.0221956 1 
26 10 18 0 0.003 0.020204 1 
27 10 18 0 0.045 0.0280566 1 
28 10 18 0.0046359 0.012 0.0162221 2 
29 10 18 0 0.025 0.0224278 1 
30 10 18 0 0.026 0.0197562 1 
31 10 18 0 0.023 0.0231929 1 
32 10 18 0.0278573 0.016 0.023086 10 
0 10 19 0.086565 0.002 0.0223473 46 
1 10 19 0 0.048 0.0138409 1 
2 10 19 0 0.001 0.0224071 1 
3 10 19 0 0.013 0.0208081 1 
4 10 19 0 0.044 0.0224151 1 
5 10 19 0.00599402 0.011 0.0353302 3 
6 10 19 0 0.043 0.017977 1 
7 10 19 0.0094353 0.028 0.0219735 5 
8 10 19 0 0.033 0.0262918 1 
9 10 19 0 0.017 0.0220055 1 
10 10 19 0.0182563 0.017 0.132291 1 
11 10 19 0 0.043 0.0173079 1 
12 10 19 0 0.009 0.0180793 1 
13 10 19 0 0.047 0.0247586 1 
14 10 19 0 0.049 0.0218617 1 
15 10 19 0 0.033 0.0267551 1 
16 10 19 0 0.013 0.0187563 1 
17 10 19 0 0.022 0.0182397 1 
18 10 19 0 0.015 0.0228417 1 
19 10 19 0 0.001 0.030202 1 
20 10 19 0.000840463 0.001 0.0273414 7 
21 10 19 0.000546023 0.048 0.0231386 2 
22 10 19 0 0.018 0.019392 1 
23 10 19 0 0.013 0.0197704 1 
24 10 19 0 0.008 0.0225931 1 
25 10 19 0 0.044 0.0245112 1 
26 10 19 0.0039576 0.036 0.0203996 3 
27 10 19 0 0.02 0.0184524 1 
28 10 19 0.000780292 0.002 0.0207158 2 
29 10 19 0 0.031 0.0163427 1 
30 10 19 0.010341 0.023 0.0189273 6 
31 10 19 0 0.028 0.024642 1 
32 10 19 0.003068 0.011 0.0117968 2 
0 10 20 0 0.033 0.017424 1 
1 10 20 0 0.038 0.0209829 1 
2 10 20 0 0.008 0.0190447 1 
3 10 20 0.00593389 0.007 0.0260068 9 
4 10 20 0.0190071 0.037 0.0448717 2 
5 10 20 0 0.047 0.0235138 1 
6 10 20 0 0.039 0.0238559 1 
7 10 20 0 0.049 0.0225527 1 
8 10 20 0 0.046 0.0198265 1 
9 10 20 0 0.037 0.0199673 1 
10 10 20 0 0.022 0.0197736 1 
11 10 20 0.00176294 0.006 0.0242507 3 
12 10 20 0 0.016 0.0243701 1 
13 10 20 0 0.028 0.0205757 1 
14 10 20 0 0.028 0.0209811 1 
15 10 20 0 0.005 0.0222957 1 
16 10 20 0 0.001 0.0228524 1 
17 10 20 0 0.033 0.0187618 1 
18 10 20 0 0.012 0.0192025 1 
19 10 20 0 0.026 0.0252794 1 
20 10 20 0.00781336 0.011 0.0215997 4 
21 10 20 0.00384887 0.019 0.0248177 2 
22 10 20 0.0123048 0.001 0.0210466 6 
23 10 20 0 0.044 0.0218742 1 
24 10 20 0 0.007 0.0220036 1 
25 10 20 0.00184905 0.022 0.0205504 2 
26 10 20 0.000870289 0.031 0.0198858 2 
27 10 20 0.00732586 0.021 0.0256065 3 
28 10 20 0.00463905 0.043 0.0249261 2 
29 10 20 0 0.004 0.0195956 1 
30 10 20 0.0508349 0.003 0.0223804 24 
31 10 20 0 0.034 0.0203006 1 
32 10 20 0 0.013 0.0195824 1 
0 10 21 0.000484359 0.007 0.0222266 2 
1 10 21 0.00928286 0.004 0.017001 5 
2 10 21 0.00404249 0.027 0.0198297 2 
3 10 21 0 0.019 0.0241434 1 
4 10 21 0.00553721 0.005 0.0191475 3 
5 10 21 0 0.012 0.0275262 1 
6 10 21 0 0.046 0.0251891 1 
7 10 21 0 0.029 0.0170361 1 
8 10 21 0 0.048 0.0233741 1 
9 10 21 0 0.048 0.0223872 1 
10 10 21 0.0181081 0.04 0.0343686 3 
11 10 21 0 0.024 0.0208759 1 
12 10 21 0.00132814 0.009 0.0225478 4 
13 10 21 0.0360435 0.005 0.0246321 16 
14 10 21 0 0.042 0.0233954 1 
15 10 21 0 0.008 0.0227112 1 
16 10 21 0 0.031 0.0221088 1 
17 10 21 0 0.001 0.0237508 1 
18 10 21 0 0.029 0.0205935 1 
19 10 21 0.0049165 0.049 0.019754 2 
20 10 21 0 0.047 0.0243967 1 
21 10 21 0.00185519 0.016 0.0288219 2 
22 10 21 0 0.009 0.0297467 1 
23 10 21 0 0.001 0.0213746 1 
24 10 21 0 0.001 0.0213795 1 
25 10 21 0.00326372 0.004 0.0186324 4 
26 10 21 0 0.016 0.0184789 1 
27 10 21 0.00926029 0.039 0.0207857 2 
28 10 21 0.0042628 0.005 0.0222055 2 
29 10 21 0 0.023 0.0242159 1 
30 10 21 0.0061381 0.006 0.0174012 5 
31 10 21 0.00274993 0.033 0.0237114 2 
32 10 21 0 0.038 0.024741 1 
0 10 22 0.0123851 0.001 0.0270967 6 
1 10 22 0.00403285 0.022 0.0196959 3 
2 10 22 0 0.018 0.0249253 1 
3 10 22 0 0.045 0.0204134 1 
4 10 22 0.0202931 0.035 0.0445804 2 
5 10 22 0.0160501 0.041 0.15061 1 
6 10 22 0 0.025 0.0246144 1 
7 10 22 0.00449499 0.043 0.0159827 3 
8 10 22 0.00219203 0.018 0.0206408 3 
9 10 22 0.0193861 0.013 0.0168168 8 
10 10 22 0 0.002 0.0205295 1 
11 10 22 0 0.036 0.0198204 1 
12 10 22 0 0.048 0.0251605 1 
13 10 22 0.00470141 0.01 0.0192535 4 
14 10 22 0.00679706 0.007 0.0153766 4 
15 10 22 0 0.024 0.0201874 1 
16 10 22 0 0.028 0.0215644 1 
17 10 22 0 0.021 0.0238546 1 
18 10 22 0 0.049 0.0169661 1 
19 10 22 0 0.026 0.0214769 1 
20 10 22 0 0.017 0.0209861 1 
21 10 22 0 0.002 0.023063 1 
22 10 22 0.00699374 0.006 0.0218329 5 
23 10 22 0 0.008 0.02567 1 
24 10 22 0 0.046 0.0219747 1 
25 10 22 0 0.031 0.0155705 1 
26 10 22 0 0.042 0.013545 1 
27 10 22 0 0.031 0.0224467 1 
28 10 22 0.00464206 0.049 0.0173665 2 
29 10 22 0 0.048 0.0271289 1 
30 10 22 9.55658e-05 0.001 0.0235299 2 
31 10 22 0.00412657 0.021 0.0293458 2 
32 10 22 0 0.024 0.0189407 1 
0 10 23 0 0.044 0.021074 1 
1 10 23 0 0.04 0.0220996 1 
2 10 23 0 0.038 0.0278915 1 
3 10 23 0 0.024 0.0233871 1 
4 10 23 0 0.043 0.0257575 1 
5 10 23 0.0147074 0.007 0.0425098 3 
6 10 23 0 0.033 0.0221003 1 
7 10 23 0 0.042 0.0245714 1 
8 10 23 0 0.038 0.0261315 1 
9 10 23 0 0.034 0.0212485 1 
10 10 23 0 0.046 0.0212753 1 
11 10 23 0 0.036 0.0236467 1 
12 10 23 0 0.007 0.0233918 1 
13 10 23 0 0.031 0.0155101 1 
14 10 23 0 0.02 0.0212025 1 
15 10 23 0 0.021 0.0221213 1 
16 10 23 0 0.022 0.0244338 1 
17 10 23 0.00148028 0.009 0.0229218 2 
18 10 23 0 0.005 0.0194851 1 
19 10 23 0.000505101 0.001 0.0172036 2 
20 10 23 0.00449023 0.042 0.0186825 2 
21 10 23 0 0.007 0.0206647 1 
22 10 23 0 0.048 0.02008 1 
23 10 23 0.00594539 0.035 0.0211528 2 
24 10 23 0 0.007 0.0194102 1 
25 10 23 0.000401411 0.005 0.016105 2 
26 10 23 0.00216005 0.029 0.017978 2 
27 10 23 0 0.042 0.0186354 1 
28 10 23 0 0.007 0.0202726 1 
29 10 23 0 0.002 0.0208042 1 
30 10 23 0 0.016 0.0209541 1 
31 10 23 0 0.007 0.0258096 1 
32 10 23 0 0.003 0.0148018 1 
0 10 24 0 0.009 0.0194788 1 
1 10 24 0.00371065 0.042 0.0228135 2 
2 10 24 0.00430175 0.043 0.0211033 2 
3 10 24 0 0.001 0.017516 1 
4 10 24 0.0122656 0.001 0.134318 1 
5 10 24 0.0181743 0.027 0.132239 1 
6 10 24 0 0.034 0.0290169 1 
7 10 24 0.0107699 0.002 0.0250133 6 
8 10 24 0 0.049 0.0272066 1 
9 10 24 0 0.046 0.0182711 1 
10 10 24 0.015432 0.035 0.0172374 4 
11 10 24 0.000266246 0.047 0.0259118 2 
12 10 24 0 0.049 0.0225855 1 
13 10 24 0 0.038 0.0180683 1 
14 10 24 0 0.038 0.0239534 1 
15 10 24 0 0.009 0.0295372 1 
16 10 24 0.0038847 0.012 0.0260567 2 
17 10 24 0.0170007 0.01 0.0212818 12 
18 10 24 0 0.03 0.0220007 1 
19 10 24 0.014884 0.04 0.0195888 4 
20 10 24 0.00658176 0.017 0.0198094 3 
21 10 24 0 0.046 0.0341802 1 
22 10 24 0.0793967 0.002 0.0267269 32 
23 10 24 8.33321e-05 0.018 0.0203928 2 
24 10 24 0 0.049 0.023265 1 
25 10 24 0.0189065 0.006 0.0221151 9 
26 10 24 0 0.019 0.0232447 1 
27 10 24 0 0.016 0.0207482 1 
28 10 24 0 0.021 0.0192607 1 
29 10 24 0 0.012 0.0236571 1 
30 10 24 0 0.01 0.0233992 1 
31 10 24 0 0.017 0.0179143 1 
32 10 24 0 0.023 0.0204846 1 
0 10 25 0 0.022 0.0231326 1 
1 10 25 0 0.01 0.0208207 1 
2 10 25 0.00353218 0.015 0.0212226 2 
3 10 25 0.000846565 0.001 0.0232529 2 
4 10 25 0.018482 0.001 0.0618324 3 
5 10 25 0 0.02 0.0141836 1 
6 10 25 0 0.013 0.0196426 1 
7 10 25 0 0.033 0.0194931 1 
8 10 25 0.0153123 0.037 0.106584 1 
9 10 25 0 0.009 0.0204351 1 
10 10 25 0 0.004 0.0227554 1 
11 10 25 0.00353218 0.011 0.019552 2 
12 10 25 0 0.031 0.0229348 1 
13 10 25 0 0.025 0.0273279 1 
14 10 25 0 0.038 0.0171661 1 
15 10 25 0 0.045 0.0287312 1 
16 10 25 0.00394678 0.04 0.0197545 2 
17 10 25 0 0.021 0.0206258 1 
18 10 25 0 0.047 0.0219263 1 
19 10 25 0.00749959 0.03 0.0188702 3 
20 10 25 0 0.038 0.0187265 1 
21 10 25 0.000543272 0.01 0.0223993 2 
22 10 25 0 0.043 0.0196743 1 
23 10 25 0.0197684 0.008 0.0233734 10 
24 10 25 0 0.021 0.0152327 1 
25 10 25 0 0.028 0.0173524 1 
26 10 25 0.00150454 0.017 0.0218767 4 
27 10 25 0 0.036 0.0242116 1 
28 10 25 0 0.004 0.0214729 1 
29 10 25 0.00332488 0.003 0.0210706 2 
30 10 25 0 0.033 0.0178256 1 
31 10 25 0.00408324 0.022 0.0246967 2 
32 10 25 0 0.001 0.0231175 1 
0 10 26 0 0.046 0.0163586 1 
1 10 26 0 0.005 0.0255667 1 
2 10 26 0 0.038 0.023415 1 
3 10 26 0 0.018 0.0279881 1 
4 10 26 0.0135668 0.028 0.140749 1 
5 10 26 0.0230343 0.047 0.0605882 4 
6 10 26 0 0.021 0.0202997 1 
7 10 26 0 0.031 0.0267073 1 
8 10 26 0 0.009 0.0227578 1 
9 10 26 0.00356483 0.022 0.0237242 2 
10 10 26 0.00153938 0.016 0.0137397 2 
11 10 26 0 0.003 0.0287352 1 
12 10 26 0.0140703 0.003 0.0225424 5 
13 10 26 0.0055605 0.006 0.0277803 5 
14 10 26 0.00141119 0.002 0.0240881 2 
15 10 26 0 0.035 0.0235349 1 
16 10 26 0.00388738 0.036 0.0249099 2 
17 10 26 0 0.01 0.0195792 1 
18 10 26 0 0.005 0.0224563 1 
19 10 26 0 0.002 0.0255182 1 
20 10 26 0 0.046 0.0211209 1 
21 10 26 0 0.015 0.0249667 1 
22 10 26 0.00220176 0.001 0.0206212 5 
23 10 26 0 0.033 0.0189602 1 
24 10 26 0 0.015 0.0202073 1 
25 10 26 0 0.012 0.0227043 1 
26 10 26 0.00307687 0.023 0.0178516 3 
27 10 26 0 0.018 0.017143 1 
28 10 26 0 0.002 0.0250697 1 
29 10 26 0 0.003 0.020711 1 
30 10 26 0 0.043 0.0255332 1 
31 10 26 0 0.022 0.0198597 1 
32 10 26 0 0.003 0.0230488 1 
0 10 27 0.00198183 0.01 0.0250224 3 
1 10 27 0 0.009 0.0213117 1 
2 10 27 0 0.032 0.0211315 1 
3 10 27 0.00386815 0.016 0.0215601 3 
4 10 27 0.00825811 0.011 0.0184711 2 
5 10 27 0.0107503 0.001 0.14672 1 
6 10 27 0 0.025 0.0231407 1 
7 10 27 0 0.013 0.0189901 1 
8 10 27 0.0143483 0.011 0.0372001 2 
9 10 27 0.0904998 0.002 0.0249165 37 
10 10 27 0 0.043 0.0256647 1 
11 10 27 0 0.039 0.022028 1 
12 10 27 0 0.016 0.02005 1 
13 10 27 0.0040412 0.044 0.0224664 2 
14 10 27 0 0.029 0.0273932 1 
15 10 27 0 0.032 0.0221292 1 
16 10 27 0 0.004 0.0208887 1 
17 10 27 0 0.032 0.0170202 1 
18 10 27 0 0.019 0.0268574 1 
19 10 27 0.001887 0.022 0.0223274 3 
20 10 27 0 0.023 0.0255912 1 
21 10 27 0 0.038 0.0364151 1 
22 10 27 0 0.016 0.0185805 1 
23 10 27 0.000591441 0.009 0.0201441 2 
24 10 27 0 0.036 0.0248668 1 
25 10 27 0.000646261 0.002 0.0258382 2 
26 10 27 0 0.028 0.0190205 1 
27 10 27 0.00902217 0.034 0.0201569 3 
28 10 27 0 0.034 0.0230667 1 
29 10 27 0 0.022 0.020001 1 
30 10 27 0 0.037 0.0186941 1 
31 10 27 0 0.007 0.0211157 1 
32 10 27 0 0.001 0.0178448 1 
0 10 28 0 0.034 0.0239176 1 
1 10 28 0.0176703 0.015 0.0197378 7 
2 10 28 0 0.044 0.0190734 1 
3 10 28 0 0.042 0.0209049 1 
4 10 28 0.0137134 0.001 0.0406242 2 
5 10 28 0.0114036 0.012 0.120404 1 
6 10 28 0 0.025 0.0199099 1 
7 10 28 0.0241215 0.001 0.0188384 13 
8 10 28 0 0.007 0.0268926 1 
9 10 28 0 0.002 0.0218046 1 
10 10 28 0 0.022 0.0273214 1 
11 10 28 0 0.036 0.0217354 1 
12 10 28 0 0.047 0.0177072 1 
13 10 28 7.47227e-05 0.043 0.0214555 2 
14 10 28 0 0.032 0.0232873 1 
15 10 28 0 0.042 0.0209362 1 
16 10 28 0 0.02 0.0283245 1 
17 10 28 0.0157203 0.035 0.0198276 3 
18 10 28 0 0.03 0.0214787 1 
19 10 28 0 0.044 0.0221472 1 
20 10 28 0 0.033 0.0211203 1 
21 10 28 0.00514072 0.029 0.0269297 2 
22 10 28 0.0166441 0.004 0.0229808 18 
23 10 28 2.28243e-05 0.007 0.0177681 2 
24 10 28 0 0.015 0.0217975 1 
25 10 28 0.00408799 0.003 0.0235286 3 
26 10 28 0.00903781 0.028 0.020549 3 
27 10 28 0.0200872 0.006 0.0232693 9 
28 10 28 0 0.006 0.0188693 1 
29 10 28 0 0.03 0.0177087 1 
30 10 28 0 0.014 0.0187468 1 
31 10 28 0 0.033 0.0279148 1 
32 10 28 0.00739933 0.018 0.0211205 4 
0 10 29 0.0158884 0.01 0.0222229 5 
1 10 29 0 0.026 0.0225174 1 
2 10 29 0 0.022 0.0230231 1 
3 10 29 0.0134867 0.015 0.0228886 11 
4 10 29 0 0.042 0.0220104 1 
5 10 29 0 0.013 0.0265528 1 
6 10 29 0.00291639 0.039 0.0265317 2 
7 10 29 0 0.017 0.0247007 1 
8 10 29 0.0179092 0.049 0.105742 1 
9 10 29 0 0.049 0.0213559 1 
10 10 29 0 0.049 0.0262516 1 
11 10 29 0 0.029 0.0259391 1 
12 10 29 0.000217401 0.005 0.0244119 2 
13 10 29 0 0.027 0.0227182 1 
14 10 29 0 0.013 0.0201405 1 
15 10 29 0 0.02 0.0255056 1 
16 10 29 0 0.031 0.0216784 1 
17 10 29 0 0.015 0.016472 1 
18 10 29 0 0.004 0.0195185 1 
19 10 29 0.0120419 0.003 0.020521 2 
20 10 29 0 0.025 0.022226 1 
21 10 29 0.0027092 0.041 0.0296109 2 
22 10 29 0.00739081 0.037 0.0231732 2 
23 10 29 0 0.007 0.0214993 1 
24 10 29 0.00374517 0.004 0.0235249 2 
25 10 29 0 0.003 0.0179504 1 
26 10 29 0.00465471 0.028 0.0204664 2 
27 10 29 0.0372597 0.005 0.019023 20 
28 10 29 0 0.034 0.0239202 1 
29 10 29 0 0.049 0.0256004 1 
30 10 29 0.00220979 0.004 0.0172411 2 
31 10 29 0 0.004 0.0206456 1 
32 10 29 0.00817837 0.018 0.0171795 3 
0 10 30 0.00386232 0.011 0.0272318 3 
1 10 30 0.0552821 0.019 0.0200857 6 
2 10 30 0 0.008 0.0227479 1 
3 10 30 0 0.006 0.026535 1 
4 10 30 0.00196363 0.039 0.0216981 2 
5 10 30 0.0127103 0.025 0.13785 1 
6 10 30 0 0.032 0.0243307 1 
7 10 30 0 0.02 0.0199593 1 
8 10 30 0.0185588 0.035 0.101914 1 
9 10 30 0.00847401 0.006 0.0265533 3 
10 10 30 0.0168596 0.038 0.102716 1 
11 10 30 0 0.047 0.0277296 1 
12 10 30 0 0.023 0.0247349 1 
13 10 30 0.000415215 0.003 0.0186918 2 
14 10 30 0.0396226 0.006 0.0210207 15 
15 10 30 0 0.044 0.0192133 1 
16 10 30 0 0.043 0.0262465 1 
17 10 30 0 0.025 0.0252082 1 
18 10 30 0 0.021 0.0155159 1 
19 10 30 0 0.033 0.0218032 1 
20 10 30 0.00306871 0.036 0.0257699 2 
21 10 30 0 0.048 0.0216004 1 
22 10 30 0 0.025 0.0206934 1 
23 10 30 0 0.029 0.0239685 1 
24 10 30 0.00410128 0.033 0.024018 2 
25 10 30 0.000637453 0.008 0.0185664 2 
26 10 30 0 0.003 0.0226536 1 
27 10 30 0.00610188 0.011 0.0211661 2 
28 10 30 0 0.011 0.0200149 1 
29 10 30 0 0.003 0.0250734 1 
30 10 30 0 0.042 0.0175762 1 
31 10 30 0.0159369 0.023 0.0211003 3 
32 10 30 0.00156986 0.015 0.0242863 2 
0 10 31 0 0.002 0.017092 1 
1 10 31 0.000133054 0.017 0.0199898 2 
2 10 31 0.00354097 0.032 0.0260404 2 
3 10 31 0.0496128 0.007 0.0247467 22 
4 10 31 0.0168217 0.019 0.122613 1 
5 10 31 0.0133638 0.01 0.124865 1 
6 10 31 0 0.039 0.0266068 1 
7 10 31 0.0242222 0.012 0.0249637 5 
8 10 31 0.0192084 0.042 0.0924673 1 
9 10 31 0 0.018 0.0188153 1 
10 10 31 0.00539702 0.012 0.0376137 2 
11 10 31 0 0.014 0.0166137 1 
12 10 31 0 0.004 0.021589 1 
13 10 31 0 0.014 0.0154774 1 
14 10 31 0 0.032 0.0241114 1 
15 10 31 0 0.043 0.0122553 1 
16 10 31 0 0.029 0.0163704 1 
17 10 31 0 0.043 0.0207658 1 
18 10 31 0 0.032 0.0220741 1 
19 10 31 0 0.031 0.0175727 1 
20 10 31 5.00658e-05 0.002 0.0201819 2 
21 10 31 0 0.029 0.0271547 1 
22 10 31 0 0.031 0.0180439 1 
23 10 31 0 0.022 0.0215321 1 
24 10 31 0 0.021 0.0194077 1 
25 10 31 0.00166625 0.002 0.0237417 2 
26 10 31 0.0006187 0.01 0.0177034 3 
27 10 31 0 0.002 0.0156436 1 
28 10 31 0 0.001 0.0178911 1 
29 10 31 0 0.031 0.0202654 1 
30 10 31 0 0.02 0.022947 1 
31 10 31 0.00312669 0.003 0.0233019 2 
32 10 31 0 0.011 0.0189724 2 
0 10 32 0.0217251 0.014 0.0251473 7 
1 10 32 0.0125447 0.001 0.0224637 10 
2 10 32 0 0.002 0.0189556 1 
3 10 32 0 0.046 0.0258385 1 
4 10 32 0.0174728 0.042 0.13316 1 
5 10 32 0.0140171 0.01 0.130565 1 
6 10 32 0 0.021 0.0317551 1 
7 10 32 0.00375263 0.021 0.0232325 2 
8 10 32 0.01406 0.026 0.0589652 3 
9 10 32 0 0.032 0.0207087 1 
10 10 32 0 0.002 0.0250592 1 
11 10 32 0 0.013 0.0261601 1 
12 10 32 0.00294751 0.001 0.0260246 2 
13 10 32 0.0384344 0.003 0.0260624 16 
14 10 32 0.0320709 0.006 0.0229965 18 
15 10 32 0 0.036 0.0191917 1 
16 10 32 0 0.038 0.0263312 1 
17 10 32 0.00314317 0.029 0.0213473 3 
18 10 32 0.00410387 0.021 0.0183169 2 
19 10 32 0 0.018 0.0259512 1 
20 10 32 0 0.036 0.0211316 1 
21 10 32 0.00514545 0.008 0.0257242 2 
22 10 32 0.0289558 0.003 0.0188622 7 
23 10 32 0.00394217 0.011 0.0206055 2 
24 10 32 0 0.016 0.0237658 1 
25 10 32 0 0.018 0.0198651 1 
26 10 32 0.0304823 0.006 0.0194856 14 
27 10 32 0.0598861 0.001 0.0232131 43 
28 10 32 0 0.035 0.0249429 1 
29 10 32 0.00452051 0.017 0.0269858 2 
30 10 32 0 0.044 0.0178934 1 
31 10 32 0.00159298 0.016 0.0179911 3 
32 10 32 0 0.02 0.0171034 1 
0 10 33 0 0.012 0.0263653 1 
1 10 33 0 0.049 0.0206524 1 
2 10 33 0 0.043 0.0146369 1 
3 10 33 0 0.038 0.0192226 1 
4 10 33 0.000598575 0.017 0.0235211 2 
5 10 33 0.0146707 0.017 0.144806 1 
6 10 33 0.00292237 0.011 0.0211765 2 
7 10 33 0.00152411 0.005 0.0220668 2 
8 10 33 0 0.039 0.0235484 1 
9 10 33 0 0.024 0.0205555 1 
10 10 33 0.0188117 0.046 0.124597 1 
11 10 33 0 0.015 0.0206023 1 
12 10 33 0 0.023 0.0230122 1 
13 10 33 0 0.044 0.0242266 1 
14 10 33 0 0.028 0.0228311 1 
15 10 33 0 0.019 0.0244734 1 
16 10 33 0 0.031 0.0179036 1 
17 10 33 0 0.004 0.0156729 1 
18 10 33 0 0.035 0.0232849 1 
19 10 33 0.0274269 0.042 0.0268794 8 
20 10 33 0.00980668 0.006 0.0175044 5 
21 10 33 0 0.017 0.0246785 1 
22 10 33 0 0.037 0.0222911 1 
23 10 33 0 0.01 0.0174881 1 
24 10 33 0 0.019 0.0171047 1 
25 10 33 0 0.039 0.0256508 1 
26 10 33 0 0.006 0.0216502 1 
27 10 33 0 0.043 0.0285769 1 
28 10 33 0 0.001 0.0219555 1 
29 10 33 0.00333654 0.029 0.0222381 2 
30 10 33 0 0.037 0.0212939 1 
31 10 33 0.000800291 0.015 0.0258946 3 
32 10 33 0.0260393 0.027 0.0183754 6 
0 10 34 0 0.022 0.0240231 1 
1 10 34 0.00505294 0.012 0.0186588 3 
2 10 34 0 0.007 0.0224907 1 
3 10 34 0 0.007 0.0221505 1 
4 10 34 0.00723066 0.01 0.0357865 2 
5 10 34 0.0153247 0.035 0.135534 1 
6 10 34 0 0.003 0.0216474 1 
7 10 34 0 0.008 0.022624 2 
8 10 34 6.98523e-05 0.008 0.0188166 2 
9 10 34 0 0.024 0.0241484 1 
10 10 34 0.000468686 0.037 0.0223713 3 
11 10 34 0 0.015 0.0186997 1 
12 10 34 0 0.046 0.0219652 1 
13 10 34 0 0.049 0.0241242 1 
14 10 34 0.0232541 0.01 0.0227931 10 
15 10 34 0 0.033 0.02009 1 
16 10 34 0 0.032 0.025555 1 
17 10 34 0 0.016 0.021319 1 
18 10 34 0 0.007 0.0202072 1 
19 10 34 0.00451043 0.007 0.015568 5 
20 10 34 0 0.049 0.0218918 1 
21 10 34 0 0.032 0.0349361 1 
22 10 34 0.0200904 0.006 0.0190248 9 
23 10 34 0.0149895 0.002 0.0214214 11 
24 10 34 0 0.049 0.0225221 1 
25 10 34 0 0.002 0.0237934 1 
26 10 34 0 0.047 0.0247696 1 
27 10 34 0 0.027 0.0152615 1 
28 10 34 0 0.029 0.021948 1 
29 10 34 0 0.026 0.0222023 1 
30 10 34 0 0.016 0.0229944 1 
31 10 34 0 0.006 0.0242467 1 
32 10 34 0 0.011 0.0183077 1 
0 10 35 0.0548396 0.004 0.0193543 19 
1 10 35 0 0.002 0.0212951 1 
2 10 35 0 0.013 0.0166882 1 
3 10 35 0.0351349 0.008 0.025353 15 
4 10 35 0 0.048 0.0229517 1 
5 10 35 0.0159784 0.025 0.119207 1 
6 10 35 0 0.031 0.0222739 1 
7 10 35 0.000384831 0.002 0.0227244 2 
8 10 35 0 0.036 0.0203874 1 
9 10 35 0 0.001 0.021124 1 
10 10 35 0.00321197 0.036 0.0192145 3 
11 10 35 0.00142292 0.026 0.0194663 3 
12 10 35 0 0.01 0.0259485 1 
13 10 35 0 0.011 0.0186576 1 
14 10 35 0.00360845 0.004 0.0264283 3 
15 10 35 0 0.033 0.018897 1 
16 10 35 0 0.023 0.0208688 1 
17 10 35 0 0.008 0.0185173 1 
18 10 35 0 0.036 0.017975 1 
19 10 35 0.0147053 0.005 0.022432 14 
20 10 35 0.0272764 0.001 0.0213333 11 
21 10 35 0 0.021 0.0259009 1 
22 10 35 0.000659765 0.007 0.0196144 2 
23 10 35 0.0108742 0.001 0.0237957 8 
24 10 35 0 0.01 0.0236155 1 
25 10 35 0.00380175 0.016 0.0198304 2 
26 10 35 0.00384834 0.001 0.0164712 5 
27 10 35 0 0.04 0.0237595 1 
28 10 35 0 0.035 0.0261464 1 
29 10 35 0 0.039 0.0185417 1 
30 10 35 0 0.01 0.0163834 1 
31 10 35 0.00166377 0.003 0.0287068 2 
32 10 35 0 0.045 0.0198538 1 
0 10 36 0 0.001 0.0243368 1 
1 10 36 0.0110571 0.012 0.0202637 3 
2 10 36 0 0.008 0.0323027 1 
3 10 36 0.019415 0.016 0.0242497 6 
4 10 36 0.0208081 0.007 0.119247 1 
5 10 36 0.00346209 0.049 0.0275817 2 
6 10 36 0.00436044 0.042 0.0269822 2 
7 10 36 0 0.048 0.0205548 1 
8 10 36 0.0230662 0.032 0.0918153 1 
9 10 36 0 0.009 0.0184115 1 
10 10 36 0 0.024 0.0217026 1 
11 10 36 0 0.035 0.0226483 1 
12 10 36 0.000228499 0.01 0.0228198 2 
13 10 36 0 0.046 0.0254667 1 
14 10 36 0.0171524 0.003 0.0234909 3 
15 10 36 0 0.036 0.0271226 1 
16 10 36 0.00338559 0.027 0.0233978 2 
17 10 36 0 0.045 0.0231527 1 
18 10 36 0 0.021 0.02543 1 
19 10 36 0 0.046 0.0218861 1 
20 10 36 0 0.042 0.0239503 1 
21 10 36 0.00855903 0.036 0.0188632 4 
22 10 36 0 0.03 0.0194924 1 
23 10 36 0.00231707 0.009 0.0233716 2 
24 10 36 0 0.036 0.0226079 1 
25 10 36 0 0.019 0.0224307 1 
26 10 36 0.0367402 0.001 0.0249974 17 
27 10 36 0.00589861 0.024 0.0179311 3 
28 10 36 0.00358056 0.019 0.0265771 2 
29 10 36 0 0.003 0.0224477 1 
30 10 36 0 0.02 0.0261115 1 
31 10 36 0.00416547 0.018 0.0283588 2 
32 10 36 0 0.046 0.0183633 1 
0 10 37 0.0109429 0.011 0.0279771 5 
1 10 37 0 0.008 0.0218998 1 
2 10 37 0 0.045 0.0246092 1 
3 10 37 0 0.04 0.0195032 1 
4 10 37 0.0222108 0.002 0.123472 1 
5 10 37 0.0187592 0.018 0.150092 1 
6 10 37 0 0.007 0.0277415 1 
7 10 37 0.00356878 0.008 0.0224 4 
8 10 37 0 0.01 0.0179297 1 
9 10 37 0.00731129 0.011 0.0217973 3 
10 10 37 0 0.038 0.0168376 1 
11 10 37 0.00370276 0.044 0.0226943 2 
12 10 37 0.00137275 0.002 0.0204277 3 
13 10 37 0.00989807 0.017 0.0241569 9 
14 10 37 0 0.041 0.0183391 1 
15 10 37 0 0.019 0.0192624 1 
16 10 37 0 0.028 0.0207094 1 
17 10 37 0.0252873 0.009 0.023902 11 
18 10 37 0 0.006 0.0282832 1 
19 10 37 0.0312177 0.047 0.0225577 3 
20 10 37 0.000552765 0.001 0.0203655 2 
21 10 37 0.000217317 0.023 0.0256881 4 
22 10 37 0 0.035 0.0152562 1 
23 10 37 0 0.014 0.0176836 1 
24 10 37 0 0.018 0.0279738 1 
25 10 37 0.0107353 0.004 0.021637 6 
26 10 37 0 0.004 0.0208448 1 
27 10 37 0 0.001 0.0157938 1 
28 10 37 0.00391573 0.029 0.0182204 2 
29 10 37 0 0.023 0.017828 1 
30 10 37 0 0.007 0.0222962 1 
31 10 37 0 0.003 0.0183868 1 
32 10 37 0.0030516 0.038 0.0202396 4 
0 10 38 0.00459997 0.013 0.0254021 4 
1 10 38 0 0.012 0.0218883 1 
2 10 38 0 0.028 0.0271962 1 
3 10 38 1.28882e-05 0.003 0.0196631 3 
4 10 38 0.00749321 0.025 0.0384656 2 
5 10 38 0.0194146 0.022 0.129275 1 
6 10 38 0.00120013 0.005 0.0262928 3 
7 10 38 0 0.009 0.0170412 1 
8 10 38 0.0249948 0.021 0.0764731 1 
9 10 38 0.0203891 0.018 0.0174232 8 
10 10 38 0.0106618 0.021 0.0512766 4 
11 10 38 0 0.024 0.025447 1 
12 10 38 0 0.005 0.0193857 1 
13 10 38 0 0.044 0.0206881 1 
14 10 38 0 0.047 0.0193237 1 
15 10 38 0 0.042 0.020166 1 
16 10 38 0 0.044 0.0206359 1 
17 10 38 0 0.005 0.0263259 1 
18 10 38 0.00428092 0.018 0.021478 2 
19 10 38 0 0.008 0.013066 4 
20 10 38 0 0.045 0.0206417 1 
21 10 38 0 0.045 0.0186156 1 
22 10 38 0.0131662 0.005 0.0209084 7 
23 10 38 0 0.004 0.0163294 1 
24 10 38 0 0.035 0.0251613 1 
25 10 38 0 0.03 0.0245893 1 
26 10 38 0.000255821 0.011 0.0187969 2 
27 10 38 0 0.022 0.0253676 1 
28 10 38 0.00428092 0.022 0.0197261 2 
29 10 38 0 0.003 0.0203757 1 
30 10 38 0 0.003 0.0264942 1 
31 10 38 0 0.031 0.0214165 1 
32 10 38 0.0543134 0.003 0.0222327 23 
0 10 39 0 0.049 0.024456 1 
1 10 39 0 0.002 0.0176845 1 
2 10 39 0.00142438 0.014 0.0250505 3 
3 10 39 0 0.01 0.0260545 1 
4 10 39 1.48072e-05 0.002 0.0167155 2 
5 10 39 0.0200702 0.025 0.125297 1 
6 10 39 0.00306723 0.013 0.0196244 2 
7 10 39 0 0.021 0.0180109 1 
8 10 39 0.000512265 0.029 0.0316329 2 
9 10 39 0 0.008 0.0218858 1 
10 10 39 0.0147259 0.007 0.130894 1 
11 10 39 0 0.021 0.0197303 1 
12 10 39 0.00226165 0.032 0.0198434 2 
13 10 39 0 0.026 0.0245662 1 
14 10 39 0 0.044 0.0242894 1 
15 10 39 0 0.03 0.0229028 1 
16 10 39 0 0.032 0.015987 1 
17 10 39 0.0259845 0.003 0.0257058 11 
18 10 39 0.00391889 0.005 0.017238 2 
19 10 39 0 0.019 0.0184614 3 
20 10 39 0 0.047 0.0162505 1 
21 10 39 0 0.041 0.0174464 1 
22 10 39 0 0.017 0.0251714 1 
23 10 39 0.0133517 0.029 0.0241778 6 
24 10 39 0 0.017 0.0225159 1 
25 10 39 0.00800386 0.024 0.0241026 5 
26 10 39 0.00652116 0.004 0.024534 2 
27 10 39 0.0322551 0.007 0.0218579 13 
28 10 39 0 0.014 0.022381 1 
29 10 39 0 0.049 0.018667 1 
30 10 39 0.00670655 0.001 0.0272893 3 
31 10 39 0 0.036 0.0321366 1 
32 10 39 0.00883854 0.002 0.018461 5 
0 10 40 0.0536257 0.002 0.0247204 37 
1 10 40 0 0.038 0.0195076 1 
2 10 40 0 0.029 0.0250841 1 
3 10 40 0.065711 0.001 0.0254437 40 
4 10 40 0.00749526 0.04 0.0435975 2 
5 10 40 0 0.016 0.0268008 1 
6 10 40 0.00514015 0.044 0.0273786 2 
7 10 40 0 0.043 0.0215498 1 
8 10 40 0 0.038 0.0175161 1 
9 10 40 0 0.031 0.0263797 1 
10 10 40 0 0.001 0.0295963 1 
11 10 40 0 0.001 0.026424 1 
12 10 40 2.69272e-05 0.008 0.0174184 2 
13 10 40 0 0.021 0.0250986 1 
14 10 40 0 0.036 0.0217867 1 
15 10 40 0 0.039 0.0177297 1 
16 10 40 0.00406965 0.045 0.0216316 2 
17 10 40 0 0.029 0.0240951 1 
18 10 40 0.00428375 0.016 0.024766 2 
19 10 40 0 0.022 0.0234051 1 
20 10 40 0 0.02 0.0234418 1 
21 10 40 0 0.021 0.0235922 1 
22 10 40 0 0.032 0.0273831 1 
23 10 40 0 0.016 0.0207093 1 
24 10 40 0 0.04 0.0220733 1 
25 10 40 0 0.009 0.019168 1 
26 10 40 0.0242017 0.001 0.0300682 20 
27 10 40 0 0.041 0.0195473 1 
28 10 40 0 0.047 0.0253541 1 
29 10 40 0 0.044 0.0234954 1 
30 10 40 0 0.037 0.0247142 1 
31 10 40 0.00492605 0.013 0.0207687 2 
32 10 40 0 0.034 0.0190104 1 
0 10 41 0 0.023 0.0237746 1 
1 10 41 0 0.003 0.0252758 1 
2 10 41 0 0.015 0.0212569 1 
3 10 41 0 0.031 0.022241 1 
4 10 41 0 0.023 0.0259885 1 
5 10 41 0 0.043 0.0245131 1 
6 10 41 0.0030702 0.008 0.0276625 2 
7 10 41 0 0.009 0.0174075 1 
8 10 41 0.0176239 0.023 0.0829434 1 
9 10 41 0.00163268 0.01 0.0227454 2 
10 10 41 0 0.02 0.0207253 1 
11 10 41 0 0.023 0.0201671 1 
12 10 41 0 0.047 0.0225656 1 
13 10 41 0 0.015 0.0211618 1 
14 10 41 0.011567 0.004 0.0197056 5 
15 10 41 0 0.01 0.0176111 1 
16 10 41 0 0.036 0.0179094 1 
17 10 41 0 0.035 0.0203162 1 
18 10 41 0 0.024 0.0242652 1 
19 10 41 0 0.005 0.0194916 1 
20 10 41 0 0.03 0.0245605 1 
21 10 41 0 0.038 0.0395509 1 
22 10 41 0 0.001 0.0199083 1 
23 10 41 0.000697449 0.046 0.025667 3 
24 10 41 0 0.012 0.022082 1 
25 10 41 0 0.036 0.0184901 1 
26 10 41 0 0.042 0.0233512 1 
27 10 41 0 0.002 0.0193819 1 
28 10 41 0 0.013 0.0254857 1 
29 10 41 0 0.013 0.0218439 1 
30 10 41 0 0.024 0.0231998 1 
31 10 41 0 0.023 0.0192005 1 
32 10 41 0 0.031 0.0187076 1 
0 10 42 0.000237128 0.001 0.0247451 3 
1 10 42 0 0.007 0.0276541 1 
2 10 42 0 0.039 0.0206733 1 
3 10 42 0.00521387 0.011 0.0252796 2 
4 10 42 0.0160134 0.001 0.139718 1 
5 10 42 0.0220373 0.03 0.13996 1 
6 10 42 0 0.023 0.026687 1 
7 10 42 0.0267106 0.025 0.0209154 7 
8 10 42 0.0077114 0.002 0.0311529 2 
9 10 42 0 0.043 0.023138 1 
10 10 42 0 0.048 0.0176737 1 
11 10 42 0.00450069 0.04 0.0278576 2 
12 10 42 0 0.036 0.0164089 1 
13 10 42 0 0.025 0.0262212 1 
14 10 42 0.00011579 0.006 0.0214747 2 
15 10 42 0 0.044 0.0198608 1 
16 10 42 0 0.034 0.0214782 1 
17 10 42 0 0.006 0.0181311 1 
18 10 42 0 0.028 0.0293755 1 
19 10 42 0 0.025 0.0236792 1 
20 10 42 0 0.004 0.0185303 1 
21 10 42 0 0.007 0.018567 1 
22 10 42 0 0.003 0.0217069 1 
23 10 42 0 0.001 0.0249955 1 
24 10 42 0 0.04 0.0237896 1 
25 10 42 0.00725582 0.014 0.0236677 4 
26 10 42 0.00481099 0.038 0.0225067 3 
27 10 42 0 0.009 0.0222686 1 
28 10 42 0 0.026 0.0173001 1 
29 10 42 0.00471474 0.002 0.0235702 2 
30 10 42 0 0.041 0.0220473 1 
31 10 42 0 0.032 0.0301704 1 
32 10 42 0 0.033 0.0204946 1 
0 10 43 0.0682202 0.005 0.0172731 28 
1 10 43 0.00446783 0.036 0.0218155 2 
2 10 43 0 0.009 0.0336116 1 
3 10 43 0 0.037 0.0266031 1 
4 10 43 0.0127469 0.001 0.0868002 4 
5 10 43 0.00143704 0.049 0.0217514 2 
6 10 43 0 0.019 0.0180197 1 
7 10 43 0 0.047 0.0213576 1 
8 10 43 0 0.043 0.0201307 1 
9 10 43 0 0.032 0.0252066 1 
10 10 43 0 0.001 0.0254505 1 
11 10 43 0.00371179 0.017 0.0207541 2 
12 10 43 0.00377315 0.004 0.0254152 6 
13 10 43 0 0.026 0.0272212 1 
14 10 43 0 0.039 0.0197426 1 
15 10 43 0 0.009 0.0220303 1 
16 10 43 0 0.042 0.0260936 1 
17 10 43 0 0.004 0.0285678 1 
18 10 43 0 0.008 0.0256246 1 
19 10 43 0 0.023 0.0231014 1 
20 10 43 0.00515495 0.013 0.0208575 3 
21 10 43 0 0.027 0.0143609 1 
22 10 43 0.0361828 0.004 0.0201127 19 
23 10 43 0 0.036 0.0213855 1 
24 10 43 0 0.026 0.0252279 1 
25 10 43 0 0.012 0.0192449 1 
26 10 43 0.000848456 0.033 0.0157863 2 
27 10 43 0.0256316 0.004 0.0226141 10 
28 10 43 0 0.001 0.0256049 1 
29 10 43 0.00349899 0.02 0.0197041 2 
30 10 43 0.0417877 0.007 0.0255697 12 
31 10 43 0 0.034 0.0367791 1 
32 10 43 0 0.017 0.0206957 1 
0 10 44 0.0062799 0.003 0.0193333 4 
1 10 44 0.0195749 0.022 0.0197651 7 
2 10 44 0 0.016 0.0204932 1 
3 10 44 0 0.045 0.0244069 1 
4 10 44 0 0.01 0.0257686 1 
5 10 44 0.00856926 0.034 0.0563163 2 
6 10 44 0 0.028 0.0204238 1 
7 10 44 0.00109392 0.008 0.0153657 4 
8 10 44 0.0195993 0.037 0.109538 1 
9 10 44 0.00923996 0.008 0.0195348 6 
10 10 44 0 0.005 0.0264196 1 
11 10 44 0 0.024 0.0215939 1 
12 10 44 0.00999117 0.021 0.0202489 7 
13 10 44 0 0.044 0.0231293 1 
14 10 44 0.00717065 0.011 0.0209087 2 
15 10 44 0 0.013 0.0270006 1 
16 10 44 0 0.031 0.0194533 1 
17 10 44 0 0.03 0.0240274 1 
18 10 44 0 0.033 0.0230625 1 
19 10 44 0 0.023 0.0237949 1 
20 10 44 0 0.005 0.0187926 1 
21 10 44 0 0.013 0.0285156 1 
22 10 44 0 0.002 0.0189563 1 
23 10 44 4.29584e-05 0.002 0.0219661 2 
24 10 44 0 0.016 0.0229753 1 
25 10 44 0.008389 0.004 0.0236983 3 
26 10 44 0.00148812 0.018 0.0190708 2 
27 10 44 0 0.023 0.0226032 1 
28 10 44 0 0.014 0.0256863 1 
29 10 44 0.00471737 0.008 0.0187838 2 
30 10 44 0 0.01 0.0223821 1 
31 10 44 0.00204292 0.027 0.0172462 3 
32 10 44 0 0.02 0.0221134 1 
0 10 45 0 0.004 0.0175517 1 
1 10 45 0.00454374 0.023 0.0188855 2 
2 10 45 0 0.01 0.0242618 1 
3 10 45 0.0389492 0.001 0.0245288 13 
4 10 45 0 0.018 0.0319175 1 
5 10 45 0 0.025 0.0223908 1 
6 10 45 0 0.038 0.0199832 1 
7 10 45 0 0.035 0.0207943 1 
8 10 45 0.000523741 0.025 0.0357358 2 
9 10 45 0.0199511 0.005 0.0200129 17 
10 10 45 0 0.038 0.0200305 1 
11 10 45 0 0.019 0.0229027 1 
12 10 45 0 0.008 0.029812 1 
13 10 45 0 0.023 0.0203023 1 
14 10 45 0 0.029 0.0202739 1 
15 10 45 0 0.018 0.0211116 1 
16 10 45 0 0.038 0.0225205 1 
17 10 45 0 0.026 0.0271709 1 
18 10 45 0 0.035 0.0226112 1 
19 10 45 0.0306851 0.03 0.0249183 7 
20 10 45 0 0.047 0.0151794 1 
21 10 45 0 0.01 0.0251992 1 
22 10 45 0 0.024 0.0183694 1 
23 10 45 0 0.034 0.0244737 1 
24 10 45 0 0.011 0.0172198 1 
25 10 45 0.00742983 0.033 0.0228952 2 
26 10 45 0 0.029 0.0243405 1 
27 10 45 0 0.044 0.0194657 1 
28 10 45 0.00392771 0.04 0.023733 2 
29 10 45 0.00350222 0.034 0.0202631 2 
30 10 45 0.030335 0.006 0.0205552 12 
31 10 45 0 0.022 0.0198861 1 
32 10 45 0 0.014 0.0178201 1 
0 10 46 0 0.039 0.0293493 1 
1 10 46 0 0.017 0.0253413 1 
2 10 46 0 0.032 0.0159771 1 
3 10 46 0.0219337 0.019 0.0269037 6 
4 10 46 0 0.034 0.0269877 1 
5 10 46 0.0151958 0.047 0.126777 1 
6 10 46 0 0.023 0.0256402 1 
7 10 46 0.00188942 0.032 0.0225858 2 
8 10 46 0 0.022 0.02491 1 
9 10 46 0.0207967 0.005 0.0169642 4 
10 10 46 0.00315247 0.001 0.0236126 8 
11 10 46 0 0.026 0.0239002 1 
12 10 46 0 0.024 0.0235416 1 
13 10 46 0.0184511 0.011 0.0255296 8 
14 10 46 0.0749545 0.002 0.024551 39 
15 10 46 0 0.024 0.0142181 1 
16 10 46 0.00407825 0.031 0.0209622 2 
17 10 46 0 0.036 0.0210941 1 
18 10 46 0 0.012 0.0255191 1 
19 10 46 0.0334261 0.005 0.0208637 13 
20 10 46 0.00436233 0.044 0.0236328 2 
21 10 46 0 0.045 0.0249721 1 
22 10 46 0 0.024 0.0287588 1 
23 10 46 0 0.012 0.0207827 1 
24 10 46 0 0.006 0.0225969 1 
25 10 46 0 0.004 0.0229285 1 
26 10 46 0 0.007 0.0201758 1 
27 10 46 0 0.04 0.0204033 1 
28 10 46 0.00429219 0.032 0.0245756 2 
29 10 46 0.00472007 0.047 0.0186701 2 
30 10 46 0 0.035 0.0220692 1 
31 10 46 0 0.008 0.0248774 1 
32 10 46 0 0.029 0.0223375 1 
0 10 47 0 0.036 0.0212728 1 
1 10 47 0 0.034 0.0171457 1 
2 10 47 0 0.046 0.0254823 1 
3 10 47 0.00746361 0.023 0.0243287 4 
4 10 47 0.0193138 0.025 0.122641 1 
5 10 47 0.0158584 0.001 0.133119 1 
6 10 47 0.00307994 0.032 0.0232334 2 
7 10 47 0.00377807 0.011 0.0248455 3 
8 10 47 0.0123391 0.049 0.0974893 1 
9 10 47 0.00650827 0.016 0.0214462 4 
10 10 47 0.00399898 0.039 0.0226078 3 
11 10 47 0 0.024 0.0244119 1 
12 10 47 0 0.014 0.0229962 1 
13 10 47 0.00966558 0.009 0.0259435 5 
14 10 47 0 0.029 0.0205721 1 
15 10 47 0 0.045 0.0240541 1 
16 10 47 0 0.014 0.0236884 1 
17 10 47 0 0.021 0.025624 1 
18 10 47 0 0.009 0.0221615 1 
19 10 47 0.011339 0.031 0.0283891 3 
20 10 47 0 0.026 0.0201857 1 
21 10 47 0 0.003 0.0298834 1 
22 10 47 0.00529038 0.001 0.0239951 4 
23 10 47 0 0.021 0.020037 1 
24 10 47 0 0.023 0.0287576 1 
25 10 47 0 0.003 0.0209364 1 
26 10 47 0 0.001 0.0230448 1 
27 10 47 0.0401469 0.002 0.0186832 31 
28 10 47 0.00393071 0.031 0.0309887 2 
29 10 47 0 0.028 0.0184688 1 
30 10 47 0 0.049 0.0233716 1 
31 10 47 0 0.042 0.0303173 1 
32 10 47 0.00412514 0.007 0.0244891 8 
0 10 48 0.00443012 0.005 0.023984 2 
1 10 48 0 0.048 0.025882 1 
2 10 48 0 0.004 0.0214139 1 
3 10 48 0.0028536 0.011 0.0201955 3 
4 10 48 0 0.002 0.0222902 1 
5 10 48 0.0165211 0.013 0.136555 1 
6 10 48 0 0.026 0.0290224 1 
7 10 48 0.00661397 0.006 0.0254957 5 
8 10 48 0.0130042 0.034 0.0996787 1 
9 10 48 0 0.036 0.0221976 1 
10 10 48 0.000293167 0.005 0.0436652 3 
11 10 48 0 0.021 0.0210657 1 
12 10 48 0 0.027 0.0239632 1 
13 10 48 0 0.031 0.0202907 1 
14 10 48 0 0.003 0.0250393 1 
15 10 48 0 0.013 0.0238502 1 
16 10 48 0 0.01 0.0191329 1 
17 10 48 0 0.023 0.0208081 1 
18 10 48 0 0.001 0.0245888 1 
19 10 48 0.00348915 0.021 0.0240316 5 
20 10 48 0 0.042 0.0169351 1 
21 10 48 0.0142244 0.013 0.0251035 3 
22 10 48 0.00304188 0.002 0.0277746 3 
23 10 48 0 0.031 0.0273305 1 
24 10 48 0 0.008 0.0312359 1 
25 10 48 0 0.022 0.0162057 1 
26 10 48 0.0314515 0.002 0.0212229 13 
27 10 48 0.0102536 0.013 0.0203387 4 
28 10 48 0.00429498 0.046 0.0213974 2 
29 10 48 0 0.032 0.0182423 1 
30 10 48 0 0.005 0.0279809 1 
31 10 48 0 0.018 0.0259763 1 
32 10 48 0 0.037 0.0269986 1 
0 10 49 0.00153724 0.019 0.0198295 2 
1 10 49 0 0.023 0.0245864 1 
2 10 49 0 0.024 0.0209274 1 
3 10 49 0.00863615 0.017 0.0236986 6 
4 10 49 0.0206348 0.027 0.129034 1 
5 10 49 0.00415565 0.029 0.0418538 3 
6 10 49 0 0.01 0.0120403 1 
7 10 49 0.0268694 0.049 0.0213158 4 
8 10 49 0.0136694 0.006 0.0857716 1 
9 10 49 0 0.014 0.0168941 1 
10 10 49 0 0.007 0.0167386 1 
11 10 49 0 0.026 0.0219403 1 
12 10 49 0.00741493 0.045 0.0192663 3 
13 10 49 0 0.003 0.0203565 1 
14 10 49 0.0194528 0.004 0.0289295 16 
15 10 49 0 0.009 0.0302289 1 
16 10 49 0 0.001 0.0212624 1 
17 10 49 0.00563092 0.004 0.0171114 11 
18 10 49 0 0.016 0.023654 1 
19 10 49 5.00471e-05 0.004 0.02253 2 
20 10 49 0 0.029 0.0245423 1 
21 10 49 0 0.024 0.030213 1 
22 10 49 0 0.028 0.0229862 1 
23 10 49 0 0.031 0.0233825 1 
24 10 49 0 0.044 0.0230954 1 
25 10 49 0.0282046 0.009 0.0224408 8 
26 10 49 0.00527145 0.028 0.0192554 2 
27 10 49 0 0.013 0.0222245 2 
28 10 49 0.00393385 0.046 0.026325 2 
29 10 49 0 0.02 0.0248426 1 
30 10 49 0 0.044 0.0215948 1 
31 10 49 0 0.02 0.0239658 1 
32 10 49 0 0.009 0.0181933 1 
0 10 50 0 0.023 0.0222108 1 
1 10 50 0.0154762 0.011 0.020785 6 
2 10 50 0 0.043 0.0281854 1 
3 10 50 0 0.027 0.0238158 1 
4 10 50 0.0219347 0.049 0.125723 1 
5 10 50 0 0.031 0.0276265 1 
6 10 50 0 0.037 0.0241061 1 
7 10 50 0.00912323 0.04 0.0208667 2 
8 10 50 0.0147136 0.028 0.0878137 1 
9 10 50 0.000633206 0.008 0.0196779 4 
10 10 50 0 0.044 0.0249736 1 
11 10 50 0.00394701 0.036 0.0232222 2 
12 10 50 0 0.024 0.0220734 1 
13 10 50 0 0.016 0.0229248 1 
14 10 50 0 0.044 0.0207716 1 
15 10 50 0.00354641 0.04 0.0237784 2 
16 10 50 0 0.044 0.0320777 1 
17 10 50 0 0.047 0.0229129 1 
18 10 50 0 0.038 0.0231546 1 
19 10 50 0 0.045 0.0236457 1 
20 10 50 8.36589e-05 0.03 0.0200525 2 
21 10 50 0 0.002 0.0295567 1 
22 10 50 0.0150545 0.005 0.0242743 10 
23 10 50 0.000610396 0.034 0.0134088 2 
24 10 50 0 0.006 0.0193634 1 
25 10 50 0.00234094 0.007 0.0188217 5 
26 10 50 0 0.004 0.0228359 1 
27 10 50 0 0.019 0.0264691 1 
28 10 50 0.00374671 0.014 0.0276191 2 
29 10 50 0 0.036 0.0214435 1 
30 10 50 0 0.018 0.0267268 1 
31 10 50 0.0044899 0.012 0.0233819 2 
32 10 50 0.00761471 0.034 0.019268 3 
0 10 51 0 0.021 0.0307799 1 
1 10 51 0 0.024 0.0238948 1 
2 10 51 0.00195006 0.045 0.0189932 3 
3 10 51 0 0.043 0.0257419 1 
4 10 51 0 0.034 0.0211413 1 
5 10 51 0.000135642 0.022 0.0240616 3 
6 10 51 0.00261251 0.011 0.0293066 2 
7 10 51 0 0.032 0.0211198 1 
8 10 51 0.0153799 0.004 0.0988158 1 
9 10 51 0 0.042 0.0235312 1 
10 10 51 0.0232831 0.007 0.121459 1 
11 10 51 0 0.004 0.0262443 1 
12 10 51 0 0.041 0.0189683 1 
13 10 51 0 0.018 0.0238779 1 
14 10 51 0.00877029 0.02 0.0274984 3 
15 10 51 0 0.035 0.0274573 1 
16 10 51 0 0.023 0.0223173 1 
17 10 51 0 0.003 0.0220034 1 
18 10 51 0 0.023 0.0231018 1 
19 10 51 0.0103044 0.009 0.0178602 4 
20 10 51 0 0.02 0.023368 1 
21 10 51 0.00241346 0.047 0.0261699 2 
22 10 51 0.00377061 0.01 0.0181896 2 
23 10 51 0.00208489 0.032 0.0194805 2 
24 10 51 0 0.019 0.0253111 1 
25 10 51 0 0.049 0.0215969 1 
26 10 51 0 0.048 0.0317209 1 
27 10 51 0.000956539 0.043 0.0171168 2 
28 10 51 0 0.042 0.0202172 1 
29 10 51 0 0.007 0.0272063 1 
30 10 51 0.0183659 0.007 0.0223544 5 
31 10 51 0 0.044 0.0293961 1 
32 10 51 0.000384004 0.005 0.0229194 2 
0 10 52 0 0.031 0.0168541 1 
1 10 52 0.00270838 0.007 0.0200033 2 
2 10 52 0 0.026 0.0200206 1 
3 10 52 0 0.02 0.0255971 1 
4 10 52 0.00675274 0.044 0.0432642 2 
5 10 52 0.000112664 0.048 0.0371788 2 
6 10 52 0 0.037 0.0247623 1 
7 10 52 0 0.01 0.0249224 1 
8 10 52 0.00695298 0.004 0.0293736 2 
9 10 52 0.00229566 0.007 0.0193964 2 
10 10 52 0.00320283 0.029 0.0349371 4 
11 10 52 0 0.008 0.0226181 1 
12 10 52 0 0.044 0.0251844 1 
13 10 52 0 0.001 0.0200515 1 
14 10 52 0 0.019 0.0215554 1 
15 10 52 0 0.032 0.0225851 1 
16 10 52 0 0.005 0.0232577 1 
17 10 52 0 0.03 0.0209776 1 
18 10 52 0 0.038 0.0192553 1 
19 10 52 0 0.012 0.0110263 1 
20 10 52 0 0.047 0.0189429 1 
21 10 52 0 0.023 0.0221868 1 
22 10 52 0.0200848 0.002 0.023079 12 
23 10 52 0 0.02 0.018959 1 
24 10 52 0 0.047 0.021021 1 
25 10 52 0 0.04 0.0258171 1 
26 10 52 0 0.012 0.0187701 1 
27 10 52 0.00255954 0.001 0.0206355 6 
28 10 52 0 0.003 0.0286671 1 
29 10 52 0 0.024 0.0222912 1 
30 10 52 0 0.035 0.0230848 1 
31 10 52 0.00053569 0.039 0.0216999 2 
32 10 52 0 0.021 0.0246907 1 
0 10 53 0 0.013 0.0187449 1 
1 10 53 0.00363985 0.013 0.0207064 4 
2 10 53 0.00321228 0.042 0.0261373 2 
3 10 53 0 0.022 0.0274118 1 
4 10 53 0 0.008 0.0245198 1 
5 10 53 0.0204737 0.016 0.120508 1 
6 10 53 0 0.011 0.0231116 1 
7 10 53 0.00993051 0.014 0.0182339 4 
8 10 53 0 0.038 0.0233346 1 
9 10 53 0 0.012 0.0195477 1 
10 10 53 0 0.03 0.0258751 1 
11 10 53 0 0.009 0.0251066 1 
12 10 53 0.0171819 0.001 0.027106 6 
13 10 53 0 0.025 0.026595 1 
14 10 53 0.000175474 0.016 0.0182891 2 
15 10 53 0 0.017 0.0227781 1 
16 10 53 0 0.049 0.0262548 1 
17 10 53 0 0.032 0.0246457 1 
18 10 53 0 0.044 0.0201686 1 
19 10 53 0 0.041 0.0280203 1 
20 10 53 0.0158347 0.016 0.0213334 5 
21 10 53 0 0.04 0.0331994 1 
22 10 53 0 0.009 0.0180992 1 
23 10 53 0.00528336 0.001 0.0174022 5 
24 10 53 0 0.014 0.023065 1 
25 10 53 0 0.031 0.0232649 1 
26 10 53 0 0.01 0.0224586 1 
27 10 53 0 0.029 0.023611 1 
28 10 53 0 0.01 0.0170861 1 
29 10 53 0 0.02 0.0216296 1 
30 10 53 0.0322377 0.001 0.0219521 18 
31 10 53 0.000747781 0.028 0.0187822 2 
32 10 53 0 0.013 0.0216993 1 
0 10 54 0 0.024 0.0203881 1 
1 10 54 0 0.043 0.0244507 1 
2 10 54 0 0.008 0.0266901 1 
3 10 54 0.00509105 0.017 0.0224198 2 
4 10 54 0.00602145 0.015 0.0524113 2 
5 10 54 0 0.025 0.025857 1 
6 10 54 0.000320015 0.012 0.0276067 3 
7 10 54 0 0.002 0.0261953 1 
8 10 54 0.0083582 0.032 0.0918112 1 
9 10 54 0 0.033 0.0189222 1 
10 10 54 0 0.011 0.0156509 1 
11 10 54 0.00138369 0.042 0.0223304 2 
12 10 54 0 0.019 0.0216838 1 
13 10 54 0.00789562 0.007 0.0242454 9 
14 10 54 0 0.042 0.0213096 1 
15 10 54 0 0.003 0.0263302 1 
16 10 54 0 0.03 0.0237998 1 
17 10 54 0.0154019 0.008 0.0228564 9 
18 10 54 0 0.021 0.0257594 1 
19 10 54 0 0.008 0.0211541 1 
20 10 54 0.0043612 0.011 0.0206383 2 
21 10 54 0 0.037 0.0234239 1 
22 10 54 0 0.02 0.0177647 1 
23 10 54 0 0.016 0.0266257 1 
24 10 54 0 0.032 0.0202505 1 
25 10 54 0 0.034 0.0225235 1 
26 10 54 0.0016698 0.003 0.0223373 2 
27 10 54 0 0.015 0.0244826 1 
28 10 54 0 0.021 0.0220493 1 
29 10 54 0.00359987 0.041 0.0235202 2 
30 10 54 0.00586339 0.024 0.026369 2 
31 10 54 0.000334619 0.047 0.0229782 2 
32 10 54 0 0.014 0.0197773 1 
0 10 55 0 0.033 0.0255928 1 
1 10 55 0.0160922 0.01 0.0206013 15 
2 10 55 0 0.029 0.0220251 1 
3 10 55 0 0.04 0.0224244 1 
4 10 55 0 0.031 0.0249637 1 
5 10 55 0.0224588 0.012 0.141676 1 
6 10 55 0.00217359 0.018 0.0262483 2 
7 10 55 0 0.03 0.0190491 1 
8 10 55 0 0.039 0.0186247 2 
9 10 55 0.00412348 0.001 0.0252378 6 
10 10 55 0 0.024 0.0239654 1 
11 10 55 0.00272864 0.021 0.0255631 2 
12 10 55 0.00881648 0.012 0.017215 4 
13 10 55 0 0.033 0.018465 1 
14 10 55 0 0.048 0.0175432 1 
15 10 55 0.00309868 0.026 0.0316557 2 
16 10 55 0 0.002 0.0210549 1 
17 10 55 0 0.035 0.020727 1 
18 10 55 0 0.032 0.0188776 1 
19 10 55 0 0.037 0.0232372 1 
20 10 55 0.00537283 0.01 0.018701 7 
21 10 55 0.0102868 0.024 0.0281264 3 
22 10 55 0 0.007 0.0231822 1 
23 10 55 0 0.019 0.0255219 1 
24 10 55 0 0.039 0.0268765 1 
25 10 55 0 0.011 0.0241077 1 
26 10 55 0 0.018 0.0252757 1 
27 10 55 0 0.006 0.0210073 1 
28 10 55 0 0.016 0.0231558 1 
29 10 55 0.00254363 0.019 0.0221758 2 
30 10 55 0.00706695 0.018 0.0221977 7 
31 10 55 0 0.007 0.0215288 1 
32 10 55 0 0.01 0.0297066 1 
0 10 56 0 0.004 0.02012 1 
1 10 56 0 0.047 0.0210522 1 
2 10 56 0 0.042 0.0226248 1 
3 10 56 0 0.022 0.0261265 1 
4 10 56 0.0265663 0.005 0.116682 1 
5 10 56 0 0.049 0.0246397 1 
6 10 56 0 0.043 0.0270238 1 
7 10 56 0.00484915 0.002 0.0191885 3 
8 10 56 0 0.037 0.0225263 1 
9 10 56 0 0.024 0.0230135 1 
10 10 56 0.0176551 0.03 0.112975 1 
11 10 56 0 0.036 0.0255028 1 
12 10 56 0.00716988 0.006 0.0215675 2 
13 10 56 0 0.034 0.0227781 1 
14 10 56 0 0.005 0.0167421 1 
15 10 56 0 0.025 0.0219678 1 
16 10 56 0 0.013 0.0242448 1 
17 10 56 0 0.017 0.0243952 1 
18 10 56 0 0.027 0.023395 1 
19 10 56 0 0.04 0.0241368 1 
20 10 56 0 0.029 0.0216603 1 
21 10 56 0 0.007 0.0223784 1 
22 10 56 0 0.025 0.0247659 1 
23 10 56 0.00187415 0.003 0.0228375 2 
24 10 56 0.00322945 0.038 0.0204057 2 
25 10 56 0 0.033 0.0281543 1 
26 10 56 0 0.024 0.0194939 1 
27 10 56 0 0.036 0.0222958 1 
28 10 56 0.0014064 0.03 0.0292779 3 
29 10 56 0.00360191 0.032 0.0232093 2 
30 10 56 0.0173449 0.004 0.0219007 7 
31 10 56 0 0.01 0.0196261 1 
32 10 56 0.00248291 0.002 0.018011 3 
0 10 57 0.0206261 0.007 0.0248596 10 
1 10 57 0.0221516 0.008 0.0165425 14 
2 10 57 0 0.003 0.0155606 1 
3 10 57 0 0.001 0.0206329 1 
4 10 57 0.0176334 0.031 0.123368 1 
5 10 57 0.000987636 0.023 0.0188478 2 
6 10 57 0 0.001 0.0233441 1 
7 10 57 0.0131747 0.011 0.0188572 5 
8 10 57 0.0103806 0.016 0.0960361 1 
9 10 57 0 0.025 0.0195858 1 
10 10 57 0.00247441 0.031 0.0324363 2 
11 10 57 0 0.009 0.0231138 1 
12 10 57 0.014267 0.01 0.0153624 3 
13 10 57 0.000869573 0.009 0.0235532 2 
14 10 57 0 0.047 0.0295862 1 
15 10 57 0 0.045 0.0218805 1 
16 10 57 0 0.024 0.0153481 1 
17 10 57 0 0.004 0.0218094 1 
18 10 57 0 0.032 0.0213349 1 
19 10 57 0.0016579 0.01 0.021905 2 
20 10 57 0 0.024 0.02313 1 
21 10 57 0 0.019 0.0279219 1 
22 10 57 0 0.021 0.0251577 1 
23 10 57 0 0.012 0.0188809 1 
24 10 57 0 0.032 0.0250693 1 
25 10 57 0 0.027 0.0249139 1 
26 10 57 0.00736567 0.006 0.0198259 2 
27 10 57 0 0.048 0.0205912 1 
28 10 57 0 0.027 0.0175827 1 
29 10 57 0.00254577 0.041 0.0206753 2 
30 10 57 0.00935896 0.015 0.023469 4 
31 10 57 5.71217e-06 0.033 0.0250338 2 
32 10 57 0 0.024 0.0210121 1 
0 10 58 0.00896459 0.014 0.0253078 6 
1 10 58 0.00535604 0.02 0.0268709 5 
2 10 58 0 0.007 0.0223752 1 
3 10 58 0 0.005 0.0217395 1 
4 10 58 0.0183028 0.039 0.112343 1 
5 10 58 0 0.031 0.0295555 1 
6 10 58 0 0.037 0.02417 1 
7 10 58 0 0.006 0.026765 1 
8 10 58 0.00621062 0.007 0.0359546 2 
9 10 58 0 0.012 0.0225022 1 
10 10 58 0.0189929 0.036 0.140144 1 
11 10 58 0 0.007 0.0200368 1 
12 10 58 0 0.001 0.0188472 1 
13 10 58 0.000227876 0.022 0.0209854 2 
14 10 58 0.00079755 0.008 0.0211092 2 
15 10 58 0 0.02 0.0258754 1 
16 10 58 0 0.013 0.0234715 1 
17 10 58 0 0.042 0.0163384 1 
18 10 58 0 0.028 0.0203855 1 
19 10 58 0 0.045 0.0252354 1 
20 10 58 0 0.01 0.0227366 1 
21 10 58 0 0.031 0.0304455 1 
22 10 58 0 0.029 0.0229623 1 
23 10 58 0 0.045 0.017927 1 
24 10 58 0 0.002 0.031579 1 
25 10 58 0.0350541 0.004 0.023212 17 
26 10 58 0 0.038 0.0244464 1 
27 10 58 0 0.049 0.0248809 1 
28 10 58 0 0.026 0.0245934 1 
29 10 58 0.00360406 0.044 0.0228671 2 
30 10 58 0 0.024 0.0202809 1 
31 10 58 0 0.026 0.0259897 1 
32 10 58 0.000245645 0.022 0.0230235 2 
0 10 59 0 0.02 0.0225411 1 
1 10 59 0 0.041 0.0285663 1 
2 10 59 0.00273308 0.019 0.0191859 2 
3 10 59 0.0306264 0.001 0.024478 15 
4 10 59 0.0189721 0.008 0.125822 1 
5 10 59 0.025119 0.021 0.143526 1 
6 10 59 0 0.033 0.0208068 1 
7 10 59 0.0102332 0.011 0.0208841 4 
8 10 59 0 0.049 0.0222081 1 
9 10 59 0 0.014 0.0296473 1 
10 10 59 0.0196617 0.049 0.104103 1 
11 10 59 0 0.028 0.0183616 1 
12 10 59 0.00172506 0.006 0.0267415 3 
13 10 59 0 0.017 0.0294894 1 
14 10 59 0 0.001 0.0218531 1 
15 10 59 0 0.002 0.0236279 1 
16 10 59 0.00310292 0.025 0.0269661 2 
17 10 59 0 0.043 0.0204424 1 
18 10 59 0 0.013 0.0218492 1 
19 10 59 0.0136927 0.026 0.0325324 7 
20 10 59 0 0.03 0.0232875 1 
21 10 59 0.00545257 0.039 0.0266425 5 
22 10 59 0 0.049 0.0272414 1 
23 10 59 0 0.031 0.0257173 1 
24 10 59 0 0.011 0.0254474 1 
25 10 59 0.0106363 0.02 0.0238316 5 
26 10 59 0 0.01 0.0212226 1 
27 10 59 0 0.041 0.0229789 1 
28 10 59 0 0.04 0.0238303 1 
29 10 59 0.00254816 0.006 0.022439 2 
30 10 59 0.00743031 0.032 0.0261314 3 
31 10 59 0 0.002 0.0254702 1 
32 10 59 0 0.031 0.0257648 1 
0 10 60 0.0112136 0.005 0.0230037 2 
1 10 60 0.00418731 0.039 0.0260637 2 
2 10 60 0 0.008 0.0234928 1 
3 10 60 0 0.038 0.0273622 1 
4 10 60 0.00531587 0.01 0.0355987 2 
5 10 60 0.0264637 0.01 0.1405 1 
6 10 60 0 0.048 0.0166783 1 
7 10 60 0.00124166 0.002 0.022939 3 
8 10 60 0.0126721 0.015 0.0815479 1 
9 10 60 0 0.017 0.0247131 1 
10 10 60 0.00682369 0.032 0.0207308 3 
11 10 60 0 0.001 0.0272141 1 
12 10 60 0 0.035 0.0203554 1 
13 10 60 0.00180399 0.016 0.0221523 2 
14 10 60 0 0.038 0.0275861 1 
15 10 60 0 0.031 0.0161758 1 
16 10 60 0 0.032 0.0265207 1 
17 10 60 0.0107727 0.009 0.0203843 11 
18 10 60 0 0.038 0.0237818 1 
19 10 60 0.0590375 0.01 0.0179625 11 
20 10 60 0.00580111 0.034 0.0206306 2 
21 10 60 0 0.026 0.0163544 1 
22 10 60 0.0111125 0.004 0.0285975 6 
23 10 60 0.000383276 0.025 0.0246401 2 
24 10 60 0 0.03 0.0231358 1 
25 10 60 0 0.016 0.0185796 1 
26 10 60 0.00697922 0.008 0.0185271 2 
27 10 60 0 0.031 0.0235575 1 
28 10 60 0 0.031 0.0266229 1 
29 10 60 0.00308235 0.045 0.0184038 2 
30 10 60 0 0.028 0.0239583 1 
31 10 60 0 0.016 0.0285264 1 
32 10 60 0.00360703 0.002 0.0195478 3 
