0 11 0 0 0.035 0.0651026 1 
1 11 0 0 0.025 0.0775304 1 
2 11 0 0 0.042 0.10385 1 
3 11 0 0 0.028 0.0678549 1 
4 11 0 0.0193535 0.008 0.348749 1 
5 11 0 0.0015912 0.004 0.0790437 2 
6 11 0 0 0.024 0.0716233 1 
7 11 0 0.06549 0.001 0.08339 4 
8 11 0 0 0.04 0.0771409 1 
9 11 0 0 0.024 0.0757856 1 
10 11 0 0.0201539 0.024 0.368012 1 
11 11 0 0 0.04 0.0656473 1 
12 11 0 0 0.004 0.0694564 1 
13 11 0 0 0.047 0.0677692 1 
14 11 0 0 0.007 0.0695826 1 
15 11 0 0 0.025 0.0728892 1 
16 11 0 0 0.039 0.0774147 1 
17 11 0 0 0.024 0.0608938 1 
18 11 0 0 0.007 0.0684175 1 
19 11 0 0.0542415 0.045 0.0612008 2 
20 11 0 0 0.015 0.0772189 1 
21 11 0 0.0670753 0.03 0.124498 1 
22 11 0 0 0.02 0.069053 1 
23 11 0 0.00210609 0.003 0.078022 2 
24 11 0 0 0.022 0.0610166 1 
25 11 0 0 0.013 0.0654367 1 
26 11 0 0.000505647 0.018 0.0597533 2 
27 11 0 0 0.037 0.0857852 1 
28 11 0 0 0.035 0.0669868 1 
29 11 0 0 0.023 0.0943457 1 
30 11 0 0.0295353 0.006 0.0618682 6 
31 11 0 0 0.035 0.128362 1 
32 11 0 0 0.022 0.0608906 1 
0 11 1 0 0.021 0.0600923 1 
1 11 1 0 0.04 0.0998364 1 
2 11 1 0 0.015 0.0953812 1 
3 11 1 0 0.045 0.0882245 1 
4 11 1 0.0301933 0.048 0.357804 1 
5 11 1 0 0.003 0.0578555 1 
6 11 1 0 0.045 0.0730458 1 
7 11 1 0 0.033 0.0826957 1 
8 11 1 0 0.014 0.0712975 1 
9 11 1 0.0111425 0.018 0.0727646 2 
10 11 1 0.0156483 0.024 0.0863857 3 
11 11 1 0 0.035 0.0892088 1 
12 11 1 0.0606277 0.013 0.105224 2 
13 11 1 0 0.033 0.0652251 1 
14 11 1 0.0128865 0.002 0.0747912 2 
15 11 1 0 0.045 0.0756936 1 
16 11 1 0 0.004 0.0726867 1 
17 11 1 0 0.022 0.0618121 1 
18 11 1 0 0.007 0.0775361 1 
19 11 1 0 0.043 0.0836575 1 
20 11 1 0.00550334 0.006 0.0785888 2 
21 11 1 0.0775882 0.006 0.142605 1 
22 11 1 0.0316072 0.033 0.0812527 2 
23 11 1 0 0.036 0.0908536 1 
24 11 1 0 0.008 0.0816145 1 
25 11 1 0 0.042 0.0689465 1 
26 11 1 0 0.013 0.0740322 1 
27 11 1 0.000209413 0.002 0.0817999 2 
28 11 1 0 0.04 0.0795358 1 
29 11 1 0 0.043 0.0873012 1 
30 11 1 0.0402158 0.001 0.0750956 6 
31 11 1 0.00181353 0.039 0.129176 2 
32 11 1 0 0.02 0.0584502 1 
0 11 2 0 0.019 0.0741672 1 
1 11 2 0 0.016 0.0557492 1 
2 11 2 0 0.005 0.0890101 1 
3 11 2 0 0.007 0.0834472 1 
4 11 2 0 0.038 0.0838689 1 
5 11 2 0.0269392 0.046 0.371752 1 
6 11 2 0 0.023 0.079813 1 
7 11 2 0 0.034 0.0961116 1 
8 11 2 0 0.009 0.0790216 1 
9 11 2 0 0.011 0.0996396 1 
10 11 2 0.031719 0.003 0.342947 1 
11 11 2 0 0.041 0.0680073 1 
12 11 2 0 0.048 0.0839591 1 
13 11 2 0 0.038 0.0835724 1 
14 11 2 0 0.005 0.0789937 1 
15 11 2 0 0.039 0.090205 1 
16 11 2 0 0.001 0.0834983 1 
17 11 2 0 0.037 0.068109 1 
18 11 2 0 0.029 0.0648199 1 
19 11 2 0 0.035 0.101195 1 
20 11 2 0 0.041 0.0810854 1 
21 11 2 0.0782843 0.039 0.147762 1 
22 11 2 0.0361635 0.006 0.062296 3 
23 11 2 0 0.048 0.0735007 1 
24 11 2 0 0.004 0.0759661 1 
25 11 2 0 0.032 0.0818516 1 
26 11 2 0.0141158 0.001 0.0845933 3 
27 11 2 0 0.039 0.0717934 1 
28 11 2 0 0.01 0.0703001 1 
29 11 2 0 0.003 0.0878984 1 
30 11 2 0 0.034 0.075279 1 
31 11 2 0 0.023 0.0824521 1 
32 11 2 0 0.018 0.0960912 1 
0 11 3 0 0.036 0.0625072 1 
1 11 3 0 0.037 0.0697051 1 
2 11 3 0.00378142 0.031 0.0962852 2 
3 11 3 0 0.031 0.0735935 1 
4 11 3 0 0.038 0.0830278 1 
5 11 3 0.0276727 0.049 0.377201 1 
6 11 3 0 0.024 0.0705817 1 
7 11 3 0 0.017 0.0610935 1 
8 11 3 0 0.039 0.071233 1 
9 11 3 0.113437 0.001 0.0826763 15 
10 11 3 0.0324489 0.025 0.35031 1 
11 11 3 0 0.002 0.0910552 1 
12 11 3 0 0.037 0.074282 1 
13 11 3 0 0.04 0.0787518 1 
14 11 3 0.0132378 0.007 0.0734323 2 
15 11 3 0 0.007 0.0738143 1 
16 11 3 0 0.042 0.0731227 1 
17 11 3 0 0.048 0.0865351 1 
18 11 3 0 0.003 0.0644291 1 
19 11 3 0.00669058 0.002 0.0691093 3 
20 11 3 0 0.018 0.0551097 1 
21 11 3 0.0789791 0.035 0.175365 1 
22 11 3 0 0.004 0.0645046 1 
23 11 3 0 0.034 0.0558083 1 
24 11 3 0 0.015 0.0724082 1 
25 11 3 0 0.021 0.059654 1 
26 11 3 0 0.016 0.0686684 1 
27 11 3 0 0.044 0.0783335 1 
28 11 3 0 0.03 0.07263 1 
29 11 3 0 0.023 0.0854759 1 
30 11 3 0 0.045 0.0828332 1 
31 11 3 0 0.003 0.119357 1 
32 11 3 0 0.037 0.0899626 1 
0 11 4 0 0.031 0.0758972 1 
1 11 4 0 0.047 0.0860181 1 
2 11 4 0 0.036 0.0585283 1 
3 11 4 0 0.031 0.0741341 1 
4 11 4 0 0.03 0.0863878 1 
5 11 4 0.0284084 0.01 0.385037 1 
6 11 4 0 0.021 0.0810565 1 
7 11 4 0 0.028 0.0874015 1 
8 11 4 0 0.031 0.0709302 1 
9 11 4 0 0.003 0.0731452 1 
10 11 4 0.033181 0.017 0.358096 1 
11 11 4 0 0.013 0.107767 1 
12 11 4 0.00500242 0.041 0.0707221 2 
13 11 4 0 0.03 0.0602066 2 
14 11 4 0 0.043 0.0715655 1 
15 11 4 0 0.007 0.0820446 1 
16 11 4 0 0.038 0.0878131 1 
17 11 4 0 0.027 0.0593439 1 
18 11 4 0 0.039 0.0714966 1 
19 11 4 0.032616 0.023 0.0865394 3 
20 11 4 0 0.03 0.0792578 1 
21 11 4 0 0.022 0.196901 2 
22 11 4 0 0.032 0.079031 1 
23 11 4 0 0.013 0.0644509 1 
24 11 4 0 0.044 0.0707795 1 
25 11 4 0 0.035 0.0745396 1 
26 11 4 0 0.024 0.0797155 1 
27 11 4 0 0.044 0.0650127 1 
28 11 4 0 0.021 0.0848908 1 
29 11 4 0 0.03 0.0975161 1 
30 11 4 0 0.044 0.0664696 1 
31 11 4 0 0.027 0.144764 1 
32 11 4 0 0.029 0.0859562 1 
0 11 5 0 0.02 0.0691439 1 
1 11 5 0 0.017 0.0719006 1 
2 11 5 0 0.017 0.0864744 1 
3 11 5 0.00291581 0.001 0.055599 2 
4 11 5 0 0.041 0.077653 1 
5 11 5 0 0.028 0.0750697 1 
6 11 5 0 0.027 0.0724414 1 
7 11 5 0 0.015 0.0797086 1 
8 11 5 0 0.046 0.075347 1 
9 11 5 0 0.028 0.0683741 1 
10 11 5 0.033913 0.013 0.371911 1 
11 11 5 0 0.044 0.0838674 1 
12 11 5 0 0.046 0.0789893 1 
13 11 5 0 0.007 0.0759743 1 
14 11 5 0 0.037 0.0975128 1 
15 11 5 0 0.03 0.0846311 1 
16 11 5 0 0.006 0.0820227 1 
17 11 5 0 0.025 0.0777057 1 
18 11 5 0 0.011 0.0858022 1 
19 11 5 0 0.043 0.0690766 1 
20 11 5 0 0.02 0.0714293 1 
21 11 5 0 0.006 0.0768721 1 
22 11 5 0 0.02 0.0790355 1 
23 11 5 0.00229235 0.044 0.0665794 2 
24 11 5 0 0.004 0.0667783 1 
25 11 5 0 0.01 0.0774575 1 
26 11 5 0 0.022 0.0774689 1 
27 11 5 0 0.005 0.0718331 1 
28 11 5 0 0.027 0.0679833 1 
29 11 5 0 0.023 0.0980757 1 
30 11 5 0 0.021 0.0893891 1 
31 11 5 0 0.005 0.107542 1 
32 11 5 0 0.041 0.0601642 1 
0 11 6 0 0.032 0.0644826 1 
1 11 6 0 0.024 0.0852797 1 
2 11 6 0 0.007 0.0895609 1 
3 11 6 0 0.044 0.0694727 1 
4 11 6 0 0.042 0.0891438 1 
5 11 6 0 0.007 0.064999 1 
6 11 6 0 0.033 0.0685492 1 
7 11 6 0 0.048 0.0823791 1 
8 11 6 0.0119248 0.02 0.0814224 2 
9 11 6 0.00930484 0.001 0.0762957 3 
10 11 6 0.0346447 0.012 0.352994 1 
11 11 6 0 0.031 0.0756268 1 
12 11 6 0 0.046 0.0854624 1 
13 11 6 0 0.009 0.0816032 1 
14 11 6 0 0.023 0.102344 1 
15 11 6 0 0.039 0.0658805 1 
16 11 6 0 0.029 0.0806199 1 
17 11 6 0 0.016 0.0963237 1 
18 11 6 0 0.032 0.0761165 1 
19 11 6 0 0.021 0.0870887 1 
20 11 6 0 0.013 0.0956826 1 
21 11 6 0 0.021 0.197932 1 
22 11 6 0 0.019 0.0853675 1 
23 11 6 0.0218781 0.005 0.0721248 4 
24 11 6 0 0.026 0.0840408 1 
25 11 6 0 0.045 0.0908672 1 
26 11 6 0 0.043 0.0817504 1 
27 11 6 0 0.038 0.0838073 1 
28 11 6 0 0.033 0.0649199 1 
29 11 6 0 0.006 0.0985914 1 
30 11 6 0 0.002 0.0761223 1 
31 11 6 0 0.017 0.12504 1 
32 11 6 0 0.043 0.0747127 1 
0 11 7 0 0.018 0.082044 1 
1 11 7 0 0.027 0.0764153 1 
2 11 7 0 0.002 0.0813686 1 
3 11 7 8.47071e-05 0.001 0.080752 2 
4 11 7 0 0.038 0.0635673 1 
5 11 7 0 0.033 0.0754128 1 
6 11 7 0 0.027 0.0635599 1 
7 11 7 0 0.032 0.0649421 1 
8 11 7 0 0.003 0.0743397 1 
9 11 7 0 0.026 0.0661422 1 
10 11 7 0 0.002 0.0793969 1 
11 11 7 0 0.033 0.126327 1 
12 11 7 0 0.032 0.0748252 1 
13 11 7 0 0.01 0.0842421 1 
14 11 7 0.00229605 0.006 0.0804871 2 
15 11 7 0 0.049 0.0790383 1 
16 11 7 0 0.023 0.0811059 1 
17 11 7 0 0.034 0.0706701 1 
18 11 7 0 0.019 0.0863677 1 
19 11 7 0 0.047 0.0715677 1 
20 11 7 0 0.029 0.0647225 1 
21 11 7 0 0.024 0.180211 1 
22 11 7 0 0.025 0.0919695 1 
23 11 7 0 0.001 0.0869356 1 
24 11 7 0 0.004 0.0683793 1 
25 11 7 0 0.042 0.08812 1 
26 11 7 0 0.021 0.0785138 1 
27 11 7 0 0.021 0.0639184 1 
28 11 7 0.00935122 0.027 0.058969 2 
29 11 7 0 0.036 0.0753859 1 
30 11 7 0 0.012 0.0782052 1 
31 11 7 0 0.047 0.17927 1 
32 11 7 0 0.011 0.077806 1 
0 11 8 0 0.043 0.0685076 1 
1 11 8 0 0.041 0.0859133 1 
2 11 8 0 0.005 0.0975843 1 
3 11 8 0 0.033 0.0837285 1 
4 11 8 0 0.027 0.0796035 1 
5 11 8 0.0313494 0.029 0.376881 1 
6 11 8 0 0.035 0.0820053 1 
7 11 8 0 0.032 0.0975406 1 
8 11 8 0.0485491 0.017 0.336843 1 
9 11 8 0.0168547 0.022 0.0711287 2 
10 11 8 0.0151756 0.027 0.0904575 2 
11 11 8 0 0.028 0.0878004 1 
12 11 8 0 0.015 0.0787368 1 
13 11 8 0.00140024 0.004 0.0725224 2 
14 11 8 0 0.015 0.0853509 1 
15 11 8 0 0.023 0.0739435 1 
16 11 8 0 0.045 0.0797069 1 
17 11 8 0 0.042 0.0640174 1 
18 11 8 0.0101632 0.01 0.072315 2 
19 11 8 0.03678 0.014 0.0917344 2 
20 11 8 0 0.038 0.0753899 1 
21 11 8 0.00153198 0.036 0.169466 2 
22 11 8 0 0.014 0.0847017 1 
23 11 8 0.0213183 0.008 0.071507 2 
24 11 8 0 0.022 0.0831633 1 
25 11 8 0 0.018 0.0800734 1 
26 11 8 0 0.009 0.0829704 1 
27 11 8 0.033253 0.006 0.0812299 2 
28 11 8 0 0.033 0.109188 1 
29 11 8 0 0.04 0.0863507 1 
30 11 8 0 0.043 0.0940155 1 
31 11 8 0 0.008 0.109984 1 
32 11 8 0 0.038 0.0589066 1 
0 11 9 0 0.041 0.0718491 1 
1 11 9 0.00660663 0.016 0.063269 3 
2 11 9 0 0.033 0.0846147 1 
3 11 9 0.00360216 0.001 0.0592454 2 
4 11 9 0.0360491 0.009 0.371425 1 
5 11 9 0.0320843 0.007 0.371443 1 
6 11 9 0 0.038 0.0782015 1 
7 11 9 0 0.047 0.0665107 1 
8 11 9 0.0492709 0.041 0.355693 1 
9 11 9 0 0.046 0.0733105 1 
10 11 9 0.0368388 0.025 0.365139 1 
11 11 9 0 0.01 0.0807604 1 
12 11 9 0 0.024 0.0785059 1 
13 11 9 0 0.041 0.0816009 1 
14 11 9 0 0.023 0.0729171 1 
15 11 9 0 0.044 0.0801747 1 
16 11 9 0 0.04 0.0531762 1 
17 11 9 0.0637701 0.002 0.0828277 3 
18 11 9 0 0.009 0.0815979 1 
19 11 9 0 0.042 0.0715416 1 
20 11 9 0.0676409 0.003 0.0889182 6 
21 11 9 0 0.024 0.066597 1 
22 11 9 0 0.047 0.0775267 1 
23 11 9 0 0.027 0.0876047 1 
24 11 9 0 0.031 0.0750253 1 
25 11 9 0 0.023 0.0705455 1 
26 11 9 0 0.009 0.0960562 1 
27 11 9 0 0.048 0.0666529 1 
28 11 9 0 0.004 0.0652826 1 
29 11 9 0 0.019 0.0609218 1 
30 11 9 0 0.03 0.0977952 1 
31 11 9 0 0.012 0.123587 1 
32 11 9 0 0.024 0.0696093 1 
0 11 10 0 0.035 0.0546166 1 
1 11 10 0 0.039 0.0679661 1 
2 11 10 0 0.039 0.10874 1 
3 11 10 0 0.044 0.0764313 1 
4 11 10 0.0309023 0.015 0.0780414 2 
5 11 10 0.03282 0.015 0.356371 1 
6 11 10 0 0.029 0.0759777 1 
7 11 10 0.0132443 0.018 0.0755077 2 
8 11 10 0.0499935 0.037 0.325167 1 
9 11 10 0 0.022 0.0695751 1 
10 11 10 0.0375709 0.001 0.361473 1 
11 11 10 0 0.008 0.109974 1 
12 11 10 0 0.041 0.0892199 1 
13 11 10 0 0.038 0.074663 1 
14 11 10 0 0.027 0.0907183 1 
15 11 10 0 0.036 0.0711565 1 
16 11 10 0 0.041 0.0858241 1 
17 11 10 0 0.013 0.0749968 1 
18 11 10 0 0.018 0.0672614 1 
19 11 10 0 0.048 0.0893441 1 
20 11 10 0.00925926 0.001 0.0775299 4 
21 11 10 0 0.023 0.187696 1 
22 11 10 0 0.036 0.079929 1 
23 11 10 0.00385437 0.026 0.075156 2 
24 11 10 0 0.048 0.0685443 1 
25 11 10 0 0.042 0.0813966 1 
26 11 10 0 0.014 0.0791878 1 
27 11 10 0 0.022 0.0726715 1 
28 11 10 0 0.037 0.0915441 1 
29 11 10 0 0.012 0.095332 1 
30 11 10 0 0.037 0.104743 1 
31 11 10 0.0116854 0.034 0.0748636 2 
32 11 10 0 0.044 0.0701412 1 
0 11 11 0 0.039 0.0884429 1 
1 11 11 0 0.004 0.0816635 1 
2 11 11 0 0.019 0.107119 1 
3 11 11 0 0.04 0.0862202 1 
4 11 11 0.0375133 0.03 0.354326 1 
5 11 11 0.0335545 0.045 0.381318 1 
6 11 11 0 0.015 0.077032 1 
7 11 11 0 0.039 0.0838512 1 
8 11 11 0 0.009 0.0894663 1 
9 11 11 0 0.022 0.0789271 1 
10 11 11 0 0.04 0.0681817 1 
11 11 11 0.0088531 0.037 0.10371 2 
12 11 11 0 0.017 0.0651699 1 
13 11 11 0 0.021 0.085037 1 
14 11 11 0 0.01 0.0740785 1 
15 11 11 0 0.026 0.0808936 1 
16 11 11 0 0.018 0.0823568 1 
17 11 11 0 0.026 0.0784579 1 
18 11 11 0 0.008 0.0753576 1 
19 11 11 0.0153999 0.015 0.0707019 2 
20 11 11 0 0.023 0.065549 1 
21 11 11 0 0.008 0.198637 1 
22 11 11 0.0197379 0.008 0.0736013 2 
23 11 11 0 0.019 0.077463 1 
24 11 11 0 0.018 0.0747031 1 
25 11 11 0.0231789 0.022 0.0785439 3 
26 11 11 0 0.012 0.0754057 1 
27 11 11 0.184504 0.002 0.0802672 10 
28 11 11 0 0.01 0.0917154 1 
29 11 11 0 0.036 0.0932123 1 
30 11 11 0 0.037 0.077363 1 
31 11 11 0 0.021 0.0727178 1 
32 11 11 0 0.035 0.0687872 1 
0 11 12 0 0.048 0.0745375 1 
1 11 12 0 0.019 0.0715363 1 
2 11 12 0 0.023 0.0657437 1 
3 11 12 0 0.039 0.0756551 1 
4 11 12 0.0239462 0.001 0.0793533 4 
5 11 12 0.0158649 0.002 0.0850844 3 
6 11 12 0 0.046 0.0681218 1 
7 11 12 0 0.029 0.0622733 1 
8 11 12 0 0.043 0.0712775 1 
9 11 12 0 0.049 0.0854593 1 
10 11 12 0.00903465 0.009 0.0834731 3 
11 11 12 0 0.039 0.0761165 1 
12 11 12 0.0419496 0.033 0.0888626 2 
13 11 12 0.00449178 0.004 0.0697673 2 
14 11 12 0 0.02 0.0828208 1 
15 11 12 0 0.026 0.0759958 1 
16 11 12 0 0.043 0.089876 1 
17 11 12 0 0.004 0.0665669 1 
18 11 12 0 0.015 0.0846849 1 
19 11 12 0 0.031 0.088242 1 
20 11 12 0 0.039 0.0828591 1 
21 11 12 0 0.037 0.162772 1 
22 11 12 0 0.031 0.0747267 1 
23 11 12 0.0343815 0.005 0.069534 3 
24 11 12 0 0.008 0.0800028 1 
25 11 12 0 0.045 0.0685515 1 
26 11 12 0 0.023 0.0891083 1 
27 11 12 0.0349035 0.023 0.0855303 2 
28 11 12 0 0.019 0.064298 1 
29 11 12 0 0.003 0.0839756 1 
30 11 12 0 0.001 0.0797317 1 
31 11 12 0 0.029 0.128972 1 
32 11 12 0 0.002 0.0798916 1 
0 11 13 0.0231118 0.017 0.0712239 2 
1 11 13 0.0862251 0.007 0.0685802 5 
2 11 13 0 0.003 0.0901233 1 
3 11 13 0 0.023 0.0857893 1 
4 11 13 0.0389791 0.02 0.366616 1 
5 11 13 0.0350263 0.029 0.378007 1 
6 11 13 0 0.049 0.0754609 1 
7 11 13 0 0.011 0.0900862 1 
8 11 13 0 0.031 0.0831726 1 
9 11 13 0 0.01 0.0703955 1 
10 11 13 0 0.004 0.0770083 1 
11 11 13 0 0.002 0.0783575 1 
12 11 13 0.00636235 0.01 0.0737086 5 
13 11 13 0 0.037 0.0733294 1 
14 11 13 0 0.029 0.0828224 1 
15 11 13 0 0.011 0.073093 1 
16 11 13 0 0.032 0.0927868 1 
17 11 13 0 0.041 0.065261 1 
18 11 13 0 0.035 0.0656858 1 
19 11 13 0 0.04 0.0717453 1 
20 11 13 0 0.005 0.0901208 1 
21 11 13 0 0.033 0.158322 2 
22 11 13 0 0.025 0.0963612 1 
23 11 13 0 0.049 0.0775705 1 
24 11 13 0 0.006 0.0690198 1 
25 11 13 0.0718928 0.038 0.0837953 2 
26 11 13 0 0.038 0.0789608 1 
27 11 13 0 0.035 0.0861987 1 
28 11 13 0 0.001 0.0739334 1 
29 11 13 0 0.041 0.0700375 1 
30 11 13 0 0.041 0.0708416 1 
31 11 13 0 0.007 0.140968 1 
32 11 13 0.00507876 0.003 0.0594258 2 
0 11 14 0 0.043 0.0912355 1 
1 11 14 0 0.004 0.090853 1 
2 11 14 0 0.042 0.0904355 1 
3 11 14 0 0.034 0.0840501 1 
4 11 14 0 0.02 0.089116 1 
5 11 14 0.0357625 0.027 0.375843 1 
6 11 14 0 0.013 0.0892198 1 
7 11 14 0 0.009 0.0920366 1 
8 11 14 0 0.034 0.0748403 1 
9 11 14 0 0.027 0.0729417 1 
10 11 14 0 0.014 0.0918724 1 
11 11 14 0 0.005 0.0759296 1 
12 11 14 0 0.047 0.0908648 1 
13 11 14 0 0.029 0.0583557 1 
14 11 14 0.0279137 0.018 0.0612576 2 
15 11 14 0 0.042 0.0807954 1 
16 11 14 0 0.01 0.06877 1 
17 11 14 0 0.017 0.0677841 1 
18 11 14 0 0.004 0.0794519 1 
19 11 14 0.0401897 0.034 0.0923502 2 
20 11 14 0 0.022 0.0718586 1 
21 11 14 0 0.016 0.0859744 1 
22 11 14 0 0.049 0.0743683 1 
23 11 14 0 0.012 0.0918654 1 
24 11 14 0 0.018 0.0745903 1 
25 11 14 0 0.038 0.0757511 1 
26 11 14 0 0.043 0.0875136 1 
27 11 14 0.0320064 0.001 0.0805048 8 
28 11 14 0 0.015 0.0835342 1 
29 11 14 0 0.017 0.0766066 1 
30 11 14 0 0.019 0.101104 1 
31 11 14 0 0.028 0.140435 1 
32 11 14 0 0.011 0.0747998 1 
0 11 15 0 0.044 0.0780306 1 
1 11 15 0 0.016 0.0766063 1 
2 11 15 0 0.017 0.0874234 1 
3 11 15 0.0183419 0.004 0.0649497 2 
4 11 15 0.0404441 0.021 0.367555 1 
5 11 15 0.0364974 0.008 0.386453 1 
6 11 15 0 0.027 0.0813874 1 
7 11 15 0 0.025 0.0972775 1 
8 11 15 0.0536056 0.001 0.334422 1 
9 11 15 0.0173054 0.012 0.0779131 2 
10 11 15 0.0412302 0.03 0.350507 1 
11 11 15 0 0.024 0.0665317 1 
12 11 15 0 0.022 0.0794507 1 
13 11 15 0 0.016 0.0965677 1 
14 11 15 0.0130214 0.002 0.0776375 3 
15 11 15 0 0.018 0.0788074 1 
16 11 15 0 0.04 0.0701497 1 
17 11 15 0 0.002 0.0772362 1 
18 11 15 0 0.019 0.0857097 1 
19 11 15 0 0.044 0.0554533 1 
20 11 15 0 0.049 0.0820582 1 
21 11 15 0 0.002 0.155645 1 
22 11 15 0 0.041 0.0924411 1 
23 11 15 0 0.017 0.076605 1 
24 11 15 0.00936458 0.008 0.074982 2 
25 11 15 0 0.03 0.0835879 1 
26 11 15 0 0.013 0.0766151 1 
27 11 15 0 0.032 0.0791365 1 
28 11 15 0 0.008 0.0654525 1 
29 11 15 0 0.023 0.0897304 1 
30 11 15 0 0.017 0.0838342 1 
31 11 15 0 0.021 0.147215 1 
32 11 15 0 0.041 0.0788405 1 
0 11 16 0.0327452 0.024 0.100092 2 
1 11 16 0.0482426 0.019 0.079884 2 
2 11 16 0 0.006 0.0722855 1 
3 11 16 0 0.011 0.0844787 1 
4 11 16 0 0.029 0.0881725 1 
5 11 16 0.0372344 0.046 0.358898 1 
6 11 16 0.0121994 0.046 0.100944 2 
7 11 16 0 0.042 0.056502 1 
8 11 16 0.00912857 0.007 0.0844378 3 
9 11 16 0 0.026 0.0857733 1 
10 11 16 0.0419636 0.049 0.36037 1 
11 11 16 0 0.013 0.101463 1 
12 11 16 0.130966 0.007 0.0832551 5 
13 11 16 0 0.006 0.0625735 1 
14 11 16 0 0.045 0.0744928 1 
15 11 16 0 0.01 0.0697154 1 
16 11 16 0 0.035 0.0721901 1 
17 11 16 0 0.003 0.0539578 1 
18 11 16 0 0.029 0.0772251 1 
19 11 16 0 0.002 0.0681255 1 
20 11 16 0 0.005 0.087112 1 
21 11 16 0 0.018 0.1719 1 
22 11 16 0 0.025 0.07804 1 
23 11 16 0 0.019 0.0669632 1 
24 11 16 0 0.021 0.0725857 1 
25 11 16 0 0.045 0.0799691 1 
26 11 16 0 0.014 0.0823595 1 
27 11 16 0 0.012 0.0793622 1 
28 11 16 0 0.046 0.0813383 1 
29 11 16 0 0.028 0.0703116 1 
30 11 16 0 0.006 0.0691155 1 
31 11 16 0 0.004 0.163225 1 
32 11 16 0.0648809 0.005 0.0718417 3 
0 11 17 0 0.01 0.0845302 1 
1 11 17 0 0.037 0.074139 1 
2 11 17 0 0.014 0.0814943 1 
3 11 17 0.0155424 0.009 0.0808683 2 
4 11 17 0.0419108 0.029 0.3839 1 
5 11 17 0.03797 0.039 0.361924 1 
6 11 17 0 0.034 0.0695266 1 
7 11 17 0 0.035 0.077907 1 
8 11 17 0.0550521 0.002 0.336963 1 
9 11 17 0.0261471 0.012 0.0760226 3 
10 11 17 0 0.029 0.0747578 1 
11 11 17 0 0.004 0.0988226 1 
12 11 17 0 0.01 0.0629011 1 
13 11 17 0 0.037 0.088504 1 
14 11 17 0 0.019 0.0888719 1 
15 11 17 0 0.001 0.0676663 1 
16 11 17 0 0.007 0.0824023 1 
17 11 17 0 0.02 0.106799 1 
18 11 17 0 0.028 0.0779218 1 
19 11 17 0 0.014 0.0760215 1 
20 11 17 0 0.009 0.0837666 1 
21 11 17 0 0.045 0.160784 1 
22 11 17 0 0.043 0.0743377 1 
23 11 17 0.0733806 0.039 0.0708205 2 
24 11 17 0 0.032 0.0927746 1 
25 11 17 0.00551943 0.023 0.0648709 2 
26 11 17 0.00491379 0.023 0.0813113 2 
27 11 17 0 0.018 0.0704614 1 
28 11 17 0 0.041 0.0786803 1 
29 11 17 0 0.043 0.0774012 1 
30 11 17 0 0.019 0.0678064 1 
31 11 17 0 0.019 0.132348 1 
32 11 17 0 0.037 0.0945493 1 
0 11 18 0.0279599 0.008 0.0775309 4 
1 11 18 0 0.001 0.0790994 1 
2 11 18 0 0.014 0.0752615 1 
3 11 18 0 0.009 0.0766429 1 
4 11 18 0.0308578 0.049 0.0720366 2 
5 11 18 0.0387067 0.038 0.376361 1 
6 11 18 0 0.007 0.083754 1 
7 11 18 0 0.014 0.0827153 1 
8 11 18 0.0557757 0.015 0.336042 1 
9 11 18 0 0.046 0.0745388 1 
10 11 18 0.0434287 0.018 0.35723 1 
11 11 18 0 0.03 0.0939635 1 
12 11 18 0 0.02 0.0678403 1 
13 11 18 0.0391102 0.007 0.0628183 2 
14 11 18 0 0.01 0.0905206 1 
15 11 18 0 0.034 0.0773166 1 
16 11 18 0 0.019 0.0786621 1 
17 11 18 0 0.027 0.0922989 1 
18 11 18 0 0.002 0.0697564 1 
19 11 18 0 0.024 0.0822241 1 
20 11 18 0 0.049 0.0838997 1 
21 11 18 0 0.028 0.19969 1 
22 11 18 0 0.04 0.077737 1 
23 11 18 0.0697794 0.001 0.0747755 3 
24 11 18 0 0.017 0.0746476 1 
25 11 18 0 0.043 0.0836016 1 
26 11 18 0 0.036 0.086437 1 
27 11 18 0 0.037 0.0776325 1 
28 11 18 0 0.028 0.0726988 1 
29 11 18 0 0.044 0.0571476 1 
30 11 18 0.0124736 0.008 0.0718846 2 
31 11 18 0.00236207 0.044 0.0891339 2 
32 11 18 0 0.002 0.0794801 1 
0 11 19 0 0.02 0.0702836 1 
1 11 19 0 0.039 0.0855683 1 
2 11 19 0 0.047 0.0849705 1 
3 11 19 0 0.001 0.0842989 1 
4 11 19 0 0.028 0.0718077 1 
5 11 19 0 0.044 0.0633559 1 
6 11 19 0 0.035 0.0793625 1 
7 11 19 0.0570575 0.01 0.0635302 4 
8 11 19 0 0.016 0.0568634 1 
9 11 19 0.0439076 0.005 0.0939558 5 
10 11 19 0 0.025 0.0776119 1 
11 11 19 0 0.048 0.0854424 1 
12 11 19 0.0450872 0.024 0.0684699 2 
13 11 19 0 0.016 0.0845947 1 
14 11 19 0 0.005 0.0727684 1 
15 11 19 0 0.029 0.0683171 1 
16 11 19 0 0.034 0.0874386 1 
17 11 19 0 0.035 0.0817207 1 
18 11 19 0 0.049 0.0729514 1 
19 11 19 0 0.021 0.0818921 1 
20 11 19 0 0.016 0.0930685 1 
21 11 19 0.00380016 0.045 0.171996 2 
22 11 19 0.0489283 0.008 0.0943547 3 
23 11 19 0 0.049 0.105377 1 
24 11 19 0 0.046 0.0759408 1 
25 11 19 0 0.039 0.070851 1 
26 11 19 0 0.038 0.0777398 1 
27 11 19 0 0.033 0.0703102 1 
28 11 19 0 0.03 0.0847811 1 
29 11 19 0 0.012 0.0854276 1 
30 11 19 0.0917979 0.006 0.0673977 4 
31 11 19 0 0.013 0.115186 1 
32 11 19 0 0.008 0.0687307 1 
0 11 20 0 0.028 0.0788995 1 
1 11 20 0 0.039 0.0781513 1 
2 11 20 0 0.011 0.106226 1 
3 11 20 0 0.044 0.0800675 1 
4 11 20 0.00807025 0.042 0.233588 2 
5 11 20 0.0401794 0.049 0.357869 1 
6 11 20 0 0.002 0.0809772 1 
7 11 20 0.00160431 0.014 0.0814945 2 
8 11 20 0 0.015 0.0902084 1 
9 11 20 0 0.001 0.0877135 1 
10 11 20 0 0.043 0.0697407 1 
11 11 20 0 0.013 0.0696091 1 
12 11 20 5.77631e-06 0.004 0.0814712 2 
13 11 20 0 0.015 0.102562 1 
14 11 20 0 0.003 0.0784451 1 
15 11 20 0 0.024 0.0832243 1 
16 11 20 0 0.028 0.0807116 1 
17 11 20 0 0.018 0.0715506 1 
18 11 20 0 0.038 0.0890745 1 
19 11 20 0 0.038 0.0773821 1 
20 11 20 0.0289855 0.009 0.0894585 3 
21 11 20 0 0.048 0.0941163 1 
22 11 20 0 0.028 0.0670825 1 
23 11 20 0.00427742 0.004 0.0738421 2 
24 11 20 0 0.01 0.0804153 1 
25 11 20 0 0.035 0.0643894 1 
26 11 20 0 0.028 0.0919342 1 
27 11 20 0 0.035 0.0706337 1 
28 11 20 0 0.02 0.0846047 1 
29 11 20 0 0.01 0.0829809 1 
30 11 20 0 0.029 0.0758584 1 
31 11 20 0 0.035 0.075672 1 
32 11 20 0 0.041 0.0638859 1 
0 11 21 0 0.043 0.0869428 1 
1 11 21 0.0151249 0.028 0.0805875 2 
2 11 21 0 0.009 0.0785269 1 
3 11 21 0 0.036 0.0865409 1 
4 11 21 0 0.01 0.0602644 1 
5 11 21 0.0409155 0.011 0.372909 1 
6 11 21 0 0.032 0.0655369 1 
7 11 21 0 0.022 0.0663386 1 
8 11 21 0 0.006 0.0717049 1 
9 11 21 0 0.013 0.064991 1 
10 11 21 0.0322676 0.028 0.0778287 2 
11 11 21 0 0.002 0.0959841 1 
12 11 21 0 0.011 0.0721951 1 
13 11 21 0 0.01 0.0775972 1 
14 11 21 0 0.019 0.087605 1 
15 11 21 0 0.01 0.0842884 1 
16 11 21 0 0.041 0.0744836 1 
17 11 21 0 0.049 0.0729488 1 
18 11 21 0 0.015 0.0842002 1 
19 11 21 0.00430233 0.009 0.0606122 2 
20 11 21 0 0.047 0.0605139 1 
21 11 21 0 0.001 0.164006 1 
22 11 21 0 0.006 0.0798665 1 
23 11 21 0 0.03 0.0670932 1 
24 11 21 0 0.02 0.089355 1 
25 11 21 0 0.023 0.086346 1 
26 11 21 0.109962 0.005 0.0851779 7 
27 11 21 0 0.023 0.0760444 1 
28 11 21 0 0.008 0.0766357 1 
29 11 21 0 0.044 0.0781818 1 
30 11 21 0 0.016 0.074745 1 
31 11 21 0 0.015 0.139897 1 
32 11 21 0 0.043 0.082492 1 
0 11 22 0.0533199 0.007 0.0799216 6 
1 11 22 0 0.046 0.0725327 1 
2 11 22 0 0.031 0.0738714 1 
3 11 22 0.0375678 0.022 0.0783689 2 
4 11 22 0.0455771 0.041 0.365708 1 
5 11 22 0 0.028 0.0631361 1 
6 11 22 0.0122073 0.005 0.0991944 2 
7 11 22 0 0.039 0.0814792 1 
8 11 22 0 0.018 0.0870396 1 
9 11 22 0.0245599 0.008 0.0688969 3 
10 11 22 0.046359 0.038 0.356549 1 
11 11 22 0 0.026 0.0801572 1 
12 11 22 0 0.037 0.0839276 1 
13 11 22 0 0.027 0.0660493 1 
14 11 22 0 0.021 0.0673843 1 
15 11 22 0 0.044 0.0597436 1 
16 11 22 0 0.033 0.0615089 1 
17 11 22 0 0.006 0.0749968 1 
18 11 22 0 0.045 0.0764338 1 
19 11 22 0 0.046 0.0756207 1 
20 11 22 0 0.016 0.0721957 1 
21 11 22 0 0.043 0.169273 1 
22 11 22 0 0.032 0.0783436 1 
23 11 22 0.0325595 0.009 0.0826768 2 
24 11 22 0 0.028 0.0711911 1 
25 11 22 0 0.04 0.0854312 1 
26 11 22 0 0.037 0.0812107 1 
27 11 22 0 0.023 0.056434 1 
28 11 22 0 0.02 0.0722996 1 
29 11 22 0 0.035 0.0845969 1 
30 11 22 0 0.012 0.0788838 1 
31 11 22 0 0.007 0.165038 1 
32 11 22 0 0.024 0.068385 1 
0 11 23 0.032451 0.011 0.0804359 2 
1 11 23 0 0.025 0.0786197 1 
2 11 23 0 0.04 0.0834069 1 
3 11 23 0 0.019 0.075399 1 
4 11 23 0.0463109 0.026 0.385829 1 
5 11 23 0.0423883 0.014 0.368727 1 
6 11 23 0 0.017 0.0808854 1 
7 11 23 0 0.039 0.0850381 1 
8 11 23 0 0.025 0.0710833 1 
9 11 23 0 0.011 0.0882197 1 
10 11 23 0.0322549 0.042 0.0763262 2 
11 11 23 0.00887409 0.033 0.0877101 2 
12 11 23 0 0.041 0.0580807 1 
13 11 23 0 0.047 0.0845956 1 
14 11 23 0 0.021 0.0712635 1 
15 11 23 0 0.027 0.086814 1 
16 11 23 0 0.031 0.0735375 1 
17 11 23 0 0.046 0.0765412 1 
18 11 23 0 0.038 0.0758439 1 
19 11 23 0 0.035 0.080604 1 
20 11 23 0 0.04 0.0724015 1 
21 11 23 0 0.018 0.155634 1 
22 11 23 0 0.015 0.0904148 1 
23 11 23 0.0164427 0.048 0.0789291 2 
24 11 23 0 0.018 0.0562102 1 
25 11 23 0.0642553 0.005 0.0779675 2 
26 11 23 0.00399952 0.001 0.0962406 2 
27 11 23 0 0.028 0.0612917 1 
28 11 23 0 0.037 0.0624044 1 
29 11 23 0 0.021 0.0625803 1 
30 11 23 0 0.024 0.0698862 1 
31 11 23 0 0.037 0.13218 1 
32 11 23 0 0.047 0.0862479 1 
0 11 24 0.048151 0.021 0.0691751 2 
1 11 24 0 0.009 0.0703767 1 
2 11 24 0 0.01 0.0605124 1 
3 11 24 0 0.033 0.0859542 1 
4 11 24 0.0470446 0.04 0.361909 1 
5 11 24 0 0.014 0.0712944 1 
6 11 24 0 0.011 0.0711673 1 
7 11 24 0 0.047 0.0681804 1 
8 11 24 0 0.024 0.0839228 1 
9 11 24 0 0.011 0.0619346 1 
10 11 24 0.0478252 0.035 0.358136 1 
11 11 24 0 0.03 0.0734167 1 
12 11 24 0 0.048 0.0856542 1 
13 11 24 0.014253 0.018 0.0707709 2 
14 11 24 0 0.028 0.0817121 1 
15 11 24 0 0.008 0.0780833 1 
16 11 24 0 0.029 0.0757611 1 
17 11 24 2.21878e-05 0.002 0.0649651 2 
18 11 24 0 0.042 0.0703359 1 
19 11 24 0.00539427 0.035 0.0612288 2 
20 11 24 0 0.049 0.0792506 1 
21 11 24 0 0.01 0.0804269 1 
22 11 24 0 0.017 0.0935125 1 
23 11 24 0 0.047 0.081332 1 
24 11 24 0 0.03 0.0843493 1 
25 11 24 0 0.009 0.0760829 1 
26 11 24 0 0.033 0.0849078 1 
27 11 24 0.0109233 0.002 0.0762002 5 
28 11 24 0.0101865 0.013 0.0497888 2 
29 11 24 0 0.026 0.0743099 1 
30 11 24 0 0.037 0.0658717 1 
31 11 24 0 0.021 0.0817981 1 
32 11 24 0.00207699 0.001 0.0941832 2 
0 11 25 0 0.039 0.0754999 1 
1 11 25 0 0.005 0.102695 1 
2 11 25 0 0.008 0.0664969 1 
3 11 25 0 0.043 0.0567775 1 
4 11 25 0.0477792 0.048 0.373177 1 
5 11 25 0 0.027 0.0865283 1 
6 11 25 0.00736387 0.035 0.103743 2 
7 11 25 0 0.029 0.0677134 1 
8 11 25 0 0.028 0.0741225 1 
9 11 25 0 0.018 0.0742245 1 
10 11 25 0.0121642 0.001 0.0926903 2 
11 11 25 0 0.047 0.0902596 1 
12 11 25 0 0.015 0.0777937 1 
13 11 25 0 0.016 0.0767476 1 
14 11 25 0.0128335 0.004 0.0886101 2 
15 11 25 0 0.043 0.0672526 1 
16 11 25 0 0.043 0.0884605 1 
17 11 25 0 0.049 0.0670404 1 
18 11 25 0 0.006 0.0695305 1 
19 11 25 0 0.03 0.0756745 1 
20 11 25 0.0448872 0.004 0.0670158 3 
21 11 25 0 0.013 0.213978 1 
22 11 25 0 0.007 0.077861 1 
23 11 25 0 0.04 0.0776091 1 
24 11 25 0 0.008 0.0714349 1 
25 11 25 0.0247323 0.042 0.0757844 2 
26 11 25 0 0.001 0.0917969 1 
27 11 25 0 0.034 0.0829821 1 
28 11 25 0 0.029 0.0850639 1 
29 11 25 0.00837294 0.001 0.0913171 2 
30 11 25 0 0.002 0.0752285 1 
31 11 25 0.00786841 0.048 0.0836428 2 
32 11 25 0 0.011 0.0650588 1 
0 11 26 0.00396453 0.009 0.0814111 2 
1 11 26 0 0.042 0.0749269 1 
2 11 26 0 0.013 0.084109 1 
3 11 26 0 0.042 0.0696909 1 
4 11 26 0.0308117 0.015 0.0896716 2 
5 11 26 0 0.032 0.0767163 1 
6 11 26 0 0.039 0.0974216 1 
7 11 26 0 0.029 0.0741048 1 
8 11 26 0.0118292 0.016 0.0797665 2 
9 11 26 0 0.036 0.0672993 1 
10 11 26 0.049292 0.032 0.34108 1 
11 11 26 0 0.049 0.0568811 1 
12 11 26 0 0.038 0.0795891 1 
13 11 26 0.0682256 0.042 0.0808307 2 
14 11 26 0 0.032 0.0778598 1 
15 11 26 0 0.001 0.0664696 1 
16 11 26 0 0.046 0.0896485 1 
17 11 26 0 0.027 0.075393 1 
18 11 26 0 0.046 0.0664856 1 
19 11 26 0 0.023 0.0683275 1 
20 11 26 0 0.016 0.0859929 1 
21 11 26 0 0.016 0.0711778 1 
22 11 26 0 0.028 0.0777853 1 
23 11 26 0 0.04 0.0742463 1 
24 11 26 0 0.002 0.0917208 1 
25 11 26 0 0.002 0.0831612 1 
26 11 26 0.078254 0.004 0.0820916 4 
27 11 26 0 0.049 0.0710009 1 
28 11 26 0 0.012 0.0893335 1 
29 11 26 0 0.048 0.0951455 1 
30 11 26 0.0504796 0.005 0.0640557 4 
31 11 26 0 0.033 0.0974308 1 
32 11 26 0 0.038 0.0711658 1 
0 11 27 0 0.01 0.0621607 1 
1 11 27 0 0.024 0.0667512 1 
2 11 27 0 0.022 0.0739644 1 
3 11 27 0 0.018 0.0610732 1 
4 11 27 0.0492456 0.006 0.340264 1 
5 11 27 0 0.043 0.0851768 1 
6 11 27 0 0.032 0.0881478 1 
7 11 27 0.00525564 0.002 0.0749607 2 
8 11 27 0.0622863 0.013 0.334184 1 
9 11 27 0 0.042 0.0803425 1 
10 11 27 0.0156713 0.008 0.0815964 2 
11 11 27 0.00888097 0.024 0.0814943 2 
12 11 27 0 0.032 0.0760217 1 
13 11 27 0 0.013 0.0676343 1 
14 11 27 0 0.001 0.0727854 1 
15 11 27 0 0.004 0.0634313 1 
16 11 27 0 0.013 0.0981679 1 
17 11 27 0 0.035 0.0856577 1 
18 11 27 0 0.033 0.0697022 1 
19 11 27 0.010628 0.003 0.0600423 3 
20 11 27 0 0.014 0.0653988 1 
21 11 27 0 0.023 0.179908 1 
22 11 27 0 0.015 0.067055 1 
23 11 27 0 0.048 0.0932666 1 
24 11 27 0 0.025 0.0724094 1 
25 11 27 0 0.019 0.0763333 1 
26 11 27 0 0.013 0.0670178 1 
27 11 27 0 0.034 0.0915621 1 
28 11 27 0 0.006 0.0881079 1 
29 11 27 0 0.038 0.100719 1 
30 11 27 0 0.047 0.0740162 1 
31 11 27 0 0.005 0.130074 1 
32 11 27 0 0.007 0.0672958 1 
0 11 28 0 0.041 0.0657447 1 
1 11 28 0 0.025 0.0671629 1 
2 11 28 0 0.023 0.0805931 1 
3 11 28 0 0.022 0.0875392 1 
4 11 28 0 0.023 0.0837557 1 
5 11 28 0.0460732 0.048 0.361521 1 
6 11 28 0 0.042 0.0653927 1 
7 11 28 0.0496507 0.002 0.0830709 3 
8 11 28 0 0.046 0.0672462 1 
9 11 28 0 0.035 0.0619464 1 
10 11 28 0.050759 0.039 0.370942 1 
11 11 28 0 0.031 0.0812275 1 
12 11 28 0 0.001 0.0796736 1 
13 11 28 0 0.002 0.0612331 1 
14 11 28 0 0.046 0.0712025 1 
15 11 28 0 0.004 0.0851103 1 
16 11 28 0 0.031 0.101723 1 
17 11 28 0 0.015 0.0919418 1 
18 11 28 0 0.043 0.0757313 1 
19 11 28 0 0.032 0.0710392 1 
20 11 28 0 0.034 0.0884277 1 
21 11 28 0 0.036 0.204415 1 
22 11 28 0 0.044 0.0827759 1 
23 11 28 0 0.031 0.0711232 1 
24 11 28 0 0.013 0.0690683 1 
25 11 28 0 0.035 0.0760227 1 
26 11 28 0 0.035 0.089755 1 
27 11 28 0 0.025 0.0834787 1 
28 11 28 0 0.002 0.0749989 1 
29 11 28 0 0.045 0.0799402 1 
30 11 28 0 0.01 0.0801671 1 
31 11 28 0 0.033 0.149267 1 
32 11 28 0.110615 0.001 0.0752421 10 
0 11 29 0 0.01 0.0727974 1 
1 11 29 0 0.048 0.0756359 1 
2 11 29 0 0.009 0.0894556 1 
3 11 29 0 0.047 0.0657754 1 
4 11 29 0 0.014 0.092973 1 
5 11 29 0.0148154 0.023 0.0697385 2 
6 11 29 0 0.023 0.0652347 1 
7 11 29 0 0.003 0.065119 1 
8 11 29 0.0637352 0.035 0.328332 1 
9 11 29 0 0.026 0.0796482 1 
10 11 29 0.0514923 0.002 0.339373 1 
11 11 29 0 0.025 0.0796789 1 
12 11 29 0 0.046 0.0748785 1 
13 11 29 0 0.033 0.0680153 1 
14 11 29 0 0.037 0.0716428 1 
15 11 29 0 0.009 0.0797977 1 
16 11 29 0 0.008 0.097159 1 
17 11 29 0 0.021 0.0714877 1 
18 11 29 0 0.016 0.0635118 1 
19 11 29 0 0.027 0.0638162 1 
20 11 29 0 0.002 0.0734041 1 
21 11 29 0 0.03 0.18807 1 
22 11 29 0 0.037 0.076611 1 
23 11 29 0.0146365 0.008 0.073258 4 
24 11 29 0 0.028 0.0793286 1 
25 11 29 0.091016 0.019 0.0774812 2 
26 11 29 0 0.017 0.0616479 1 
27 11 29 0 0.027 0.0724241 1 
28 11 29 0 0.033 0.0770214 1 
29 11 29 0 0.017 0.0916173 1 
30 11 29 0 0.039 0.0831035 1 
31 11 29 0 0.009 0.151052 1 
32 11 29 0 0.048 0.08047 1 
0 11 30 0.0530883 0.001 0.0679836 7 
1 11 30 0 0.023 0.0818867 1 
2 11 30 0 0.043 0.0808925 1 
3 11 30 0 0.011 0.0815074 1 
4 11 30 0.013168 0.012 0.0735033 2 
5 11 30 0.0475467 0.03 0.353554 1 
6 11 30 0 0.003 0.0884521 1 
7 11 30 0 0.029 0.0795196 1 
8 11 30 0 0.015 0.0876076 1 
9 11 30 0 0.026 0.0733948 1 
10 11 30 0.0522253 0.007 0.340264 1 
11 11 30 0 0.024 0.0861697 1 
12 11 30 0.0411139 0.033 0.0779923 2 
13 11 30 0.0336435 0.004 0.0784491 3 
14 11 30 0 0.029 0.0726094 1 
15 11 30 0 0.027 0.0847442 1 
16 11 30 0 0.038 0.0789181 1 
17 11 30 0 0.043 0.0705429 1 
18 11 30 0 0.008 0.0795534 1 
19 11 30 0.0412515 0.027 0.0811378 2 
20 11 30 0 0.01 0.0654787 1 
21 11 30 0 0.009 0.196061 1 
22 11 30 0.0272361 0.034 0.0759018 2 
23 11 30 0 0.044 0.0732316 1 
24 11 30 0 0.048 0.0567006 1 
25 11 30 0 0.03 0.0860918 1 
26 11 30 0 0.046 0.0846375 1 
27 11 30 0 0.007 0.0862738 1 
28 11 30 0 0.033 0.0809131 1 
29 11 30 0 0.029 0.0876703 1 
30 11 30 0 0.031 0.0763579 1 
31 11 30 0 0.012 0.103639 1 
32 11 30 0 0.043 0.0653543 1 
0 11 31 0 0.041 0.0933522 1 
1 11 31 0 0.003 0.0673538 1 
2 11 31 0 0.013 0.0935702 1 
3 11 31 0 0.043 0.0643177 1 
4 11 31 0.0521829 0.042 0.364377 1 
5 11 31 0.0482844 0.015 0.373654 1 
6 11 31 0 0.045 0.074526 1 
7 11 31 0.0381121 0.032 0.0622674 2 
8 11 31 0 0.009 0.0753793 1 
9 11 31 0.0113606 0.016 0.0933081 2 
10 11 31 0 0.011 0.0648883 1 
11 11 31 0 0.008 0.0782119 1 
12 11 31 0 0.037 0.084161 1 
13 11 31 0.075661 0.004 0.0723777 2 
14 11 31 0 0.035 0.0830406 1 
15 11 31 0 0.049 0.0814941 1 
16 11 31 0 0.012 0.071742 1 
17 11 31 0 0.025 0.0720116 1 
18 11 31 0 0.024 0.0741478 1 
19 11 31 0.00736516 0.03 0.0946841 2 
20 11 31 0 0.007 0.0795656 1 
21 11 31 0 0.003 0.16927 1 
22 11 31 0.142417 0.008 0.0826353 3 
23 11 31 0.0436896 0.019 0.0666582 3 
24 11 31 0 0.003 0.0774476 1 
25 11 31 0 0.036 0.074046 1 
26 11 31 0 0.011 0.0779738 1 
27 11 31 0.0627375 0.002 0.0583578 3 
28 11 31 0 0.036 0.0733429 1 
29 11 31 0 0.047 0.0928462 1 
30 11 31 0 0.039 0.0747822 1 
31 11 31 0.00787834 0.035 0.0949804 2 
32 11 31 0.00761052 0.02 0.0947662 2 
0 11 32 0 0.047 0.084818 1 
1 11 32 0 0.001 0.0695261 1 
2 11 32 0 0.02 0.078589 1 
3 11 32 0 0.002 0.0681151 1 
4 11 32 0.0529174 0.011 0.32003 1 
5 11 32 0.0490219 0.009 0.369512 1 
6 11 32 0 0.021 0.0743386 1 
7 11 32 0 0.045 0.0944456 1 
8 11 32 0.00177139 0.017 0.0650127 2 
9 11 32 0 0.008 0.0776378 1 
10 11 32 0 0.037 0.0794185 1 
11 11 32 0 0.014 0.0919127 1 
12 11 32 0 0.033 0.0828779 1 
13 11 32 0 0.048 0.0822337 1 
14 11 32 0 0.013 0.0728066 1 
15 11 32 0 0.014 0.0770816 1 
16 11 32 0 0.017 0.0647753 1 
17 11 32 0 0.001 0.0829805 1 
18 11 32 0 0.003 0.0797287 1 
19 11 32 0.033679 0.006 0.0893705 5 
20 11 32 0.0250733 0.002 0.0799331 3 
21 11 32 0 0.042 0.142169 1 
22 11 32 0 0.044 0.0850369 1 
23 11 32 0 0.021 0.0698181 1 
24 11 32 0 0.047 0.070619 1 
25 11 32 0 0.046 0.086775 1 
26 11 32 0 0.043 0.0691842 1 
27 11 32 0 0.019 0.0711778 1 
28 11 32 0 0.026 0.0833795 1 
29 11 32 0 0.009 0.0606426 1 
30 11 32 0 0.041 0.080028 1 
31 11 32 0 0.026 0.0842197 1 
32 11 32 0 0.01 0.0672817 1 
0 11 33 0 0.018 0.0715349 1 
1 11 33 0 0.021 0.0847266 1 
2 11 33 0 0.002 0.0763005 1 
3 11 33 0 0.02 0.0771116 1 
4 11 33 0 0.047 0.101306 1 
5 11 33 0 0.015 0.0880129 1 
6 11 33 0 0.032 0.074683 1 
7 11 33 0 0.001 0.0802388 1 
8 11 33 0.0666319 0.019 0.326296 1 
9 11 33 0 0.024 0.0713455 1 
10 11 33 0.0125666 0.025 0.0722233 2 
11 11 33 0 0.02 0.0856905 1 
12 11 33 0 0.037 0.0839212 1 
13 11 33 0.0755616 0.018 0.0740381 2 
14 11 33 0 0.039 0.0679664 1 
15 11 33 0 0.046 0.0772692 1 
16 11 33 0 0.016 0.0750821 1 
17 11 33 0 0.017 0.0799505 1 
18 11 33 0 0.01 0.0802206 1 
19 11 33 0 0.038 0.0822568 1 
20 11 33 0.0446362 0.016 0.075214 3 
21 11 33 0 0.022 0.146924 1 
22 11 33 0 0.002 0.0786604 1 
23 11 33 0.0162076 0.025 0.0931912 2 
24 11 33 0 0.04 0.0941964 1 
25 11 33 0 0.004 0.0852832 1 
26 11 33 0 0.004 0.0956371 1 
27 11 33 0 0.028 0.0689406 1 
28 11 33 0 0.044 0.0597354 1 
29 11 33 0 0.033 0.0611192 1 
30 11 33 0 0.035 0.0718534 1 
31 11 33 0 0.03 0.0706705 1 
32 11 33 0 0.023 0.0893264 1 
0 11 34 0 0.009 0.0786621 1 
1 11 34 0 0.049 0.0772556 1 
2 11 34 0 0.046 0.0965054 1 
3 11 34 0 0.023 0.0935186 1 
4 11 34 0.0631939 0.021 0.0924443 2 
5 11 34 0 0.006 0.089944 1 
6 11 34 0 0.03 0.0799765 1 
7 11 34 0 0.034 0.0926576 1 
8 11 34 0 0.007 0.0730606 1 
9 11 34 0 0.018 0.0865034 1 
10 11 34 0.0551615 0.002 0.352232 1 
11 11 34 0 0.041 0.0895725 1 
12 11 34 0 0.025 0.0635566 1 
13 11 34 0 0.027 0.076516 1 
14 11 34 0.059799 0.037 0.0705455 2 
15 11 34 0 0.022 0.0703181 1 
16 11 34 0 0.045 0.0633373 1 
17 11 34 0.0436618 0.02 0.0843215 3 
18 11 34 0 0.011 0.07118 1 
19 11 34 0 0.042 0.0877028 1 
20 11 34 0 0.042 0.0964383 1 
21 11 34 0 0.032 0.177901 1 
22 11 34 0 0.022 0.0679664 1 
23 11 34 0 0.001 0.0621438 1 
24 11 34 0 0.043 0.0732378 1 
25 11 34 0 0.029 0.0845364 1 
26 11 34 0 0.037 0.0693371 1 
27 11 34 0 0.03 0.0639388 1 
28 11 34 0 0.002 0.0655375 1 
29 11 34 0 0.032 0.066633 1 
30 11 34 0 0.036 0.0943469 1 
31 11 34 0 0.034 0.158313 1 
32 11 34 0 0.01 0.0867852 1 
0 11 35 0 0.031 0.0738089 1 
1 11 35 0.00278538 0.021 0.0633903 2 
2 11 35 0 0.001 0.0726136 1 
3 11 35 0 0.042 0.0841637 1 
4 11 35 0.0551218 0.026 0.371904 1 
5 11 35 0 0.029 0.0599046 1 
6 11 35 0 0.037 0.0794762 1 
7 11 35 0 0.012 0.08943 1 
8 11 35 0 0.048 0.062691 1 
9 11 35 0 0.016 0.0825949 1 
10 11 35 0.0125585 0.003 0.096766 2 
11 11 35 0 0.02 0.0792007 1 
12 11 35 0 0.045 0.064493 1 
13 11 35 0 0.044 0.0626445 1 
14 11 35 0.0872417 0.004 0.0880499 3 
15 11 35 0 0.008 0.0704832 1 
16 11 35 0 0.013 0.0823033 1 
17 11 35 0 0.043 0.059789 1 
18 11 35 0 0.032 0.0662202 1 
19 11 35 0 0.031 0.0721728 1 
20 11 35 0 0.04 0.0723656 1 
21 11 35 0 0.018 0.169314 1 
22 11 35 0 0.042 0.0603006 1 
23 11 35 0 0.015 0.0719504 1 
24 11 35 0 0.04 0.0967687 1 
25 11 35 0.000627026 0.023 0.0744937 2 
26 11 35 0 0.038 0.0977041 1 
27 11 35 0 0.019 0.0756831 1 
28 11 35 0 0.015 0.052749 1 
29 11 35 0 0.019 0.0602576 1 
30 11 35 0 0.035 0.0708742 1 
31 11 35 0 0.035 0.12734 1 
32 11 35 0 0.032 0.0734389 1 
0 11 36 0 0.005 0.0712584 1 
1 11 36 0 0.011 0.0699502 1 
2 11 36 0 0.035 0.0831766 1 
3 11 36 0 0.048 0.0786742 1 
4 11 36 0.0112289 0.046 0.0571002 2 
5 11 36 0 0.025 0.0871681 1 
6 11 36 0 0.027 0.0809694 1 
7 11 36 0 0.041 0.078599 1 
8 11 36 0.018297 0.04 0.23482 2 
9 11 36 0 0.042 0.0781304 1 
10 11 36 0.05663 0.036 0.333317 1 
11 11 36 0 0.042 0.100153 1 
12 11 36 0 0.012 0.0936943 1 
13 11 36 0.0281895 0.007 0.100263 4 
14 11 36 0 0.012 0.0901132 1 
15 11 36 0 0.005 0.0798277 1 
16 11 36 0 0.033 0.0661503 1 
17 11 36 0.0599248 0.003 0.0872357 6 
18 11 36 0 0.011 0.0785138 1 
19 11 36 0 0.027 0.0682703 1 
20 11 36 0 0.02 0.0898477 1 
21 11 36 0 0.001 0.173437 1 
22 11 36 0 0.004 0.0916731 1 
23 11 36 0 0.002 0.066249 1 
24 11 36 0 0.003 0.0765772 1 
25 11 36 0 0.011 0.077588 1 
26 11 36 0 0.003 0.0867784 1 
27 11 36 0 0.048 0.10165 1 
28 11 36 0 0.019 0.0720601 1 
29 11 36 0 0.014 0.0662749 1 
30 11 36 0.00111196 0.002 0.067392 2 
31 11 36 0 0.006 0.103106 1 
32 11 36 0 0.011 0.0624957 1 
0 11 37 0 0.029 0.0865549 1 
1 11 37 0.0962602 0.009 0.0914725 2 
2 11 37 0 0.043 0.0984476 1 
3 11 37 0 0.049 0.0619743 1 
4 11 37 0.0565912 0.043 0.357489 1 
5 11 37 0 0.002 0.0774152 1 
6 11 37 0.00738588 0.022 0.0940888 2 
7 11 37 0 0.038 0.0734232 1 
8 11 37 0 0.012 0.0717873 1 
9 11 37 0 0.037 0.0625367 1 
10 11 37 0.0125487 0.015 0.0823432 2 
11 11 37 0 0.02 0.101899 1 
12 11 37 0.000640678 0.005 0.0663157 2 
13 11 37 0 0.046 0.076686 1 
14 11 37 0 0.01 0.0796276 1 
15 11 37 0 0.027 0.0700265 1 
16 11 37 0 0.046 0.066566 1 
17 11 37 0 0.034 0.0760539 1 
18 11 37 0 0.028 0.0635841 1 
19 11 37 0.00436019 0.023 0.0748443 2 
20 11 37 0.0506637 0.002 0.0854345 3 
21 11 37 0 0.013 0.152747 1 
22 11 37 0.0605084 0.007 0.0797332 3 
23 11 37 0 0.017 0.0649378 1 
24 11 37 0 0.043 0.0690319 1 
25 11 37 0 0.04 0.0793623 1 
26 11 37 0 0.043 0.0818402 1 
27 11 37 0 0.022 0.0655746 1 
28 11 37 0 0.019 0.0732386 1 
29 11 37 0.00839453 0.018 0.0780713 2 
30 11 37 0 0.033 0.0872496 1 
31 11 37 0 0.009 0.134605 1 
32 11 37 0.0139054 0.013 0.0831412 2 
0 11 38 0 0.025 0.0683633 1 
1 11 38 0 0.02 0.0925548 1 
2 11 38 0.0107147 0.042 0.108636 2 
3 11 38 0 0.043 0.0635948 1 
4 11 38 0.0112194 0.034 0.0881814 2 
5 11 38 0.0212632 0.02 0.0818712 3 
6 11 38 0 0.047 0.0837809 1 
7 11 38 0 0.023 0.0816532 1 
8 11 38 0.0702566 0.003 0.336002 1 
9 11 38 0 0.021 0.0739905 1 
10 11 38 0.058099 0.045 0.360784 1 
11 11 38 0 0.038 0.0615061 1 
12 11 38 0 0.026 0.0714379 1 
13 11 38 0 0.02 0.0553587 1 
14 11 38 0 0.027 0.0703445 1 
15 11 38 0 0.026 0.0704451 1 
16 11 38 0 0.028 0.0770552 1 
17 11 38 0 0.007 0.0692895 1 
18 11 38 0 0.047 0.0769182 1 
19 11 38 0.0134854 0.007 0.0871927 2 
20 11 38 0 0.047 0.065112 1 
21 11 38 0 0.007 0.192243 1 
22 11 38 0 0.009 0.0772725 1 
23 11 38 0.00377513 0.004 0.0718281 2 
24 11 38 0 0.003 0.0607191 1 
25 11 38 0.0524104 0.006 0.0843161 2 
26 11 38 0 0.004 0.0961754 1 
27 11 38 0 0.019 0.0906687 1 
28 11 38 0 0.028 0.0896 1 
29 11 38 0 0.046 0.0709723 1 
30 11 38 0 0.024 0.0683107 1 
31 11 38 0 0.043 0.138872 1 
32 11 38 0 0.026 0.0671675 1 
0 11 39 0 0.02 0.0736569 1 
1 11 39 0 0.003 0.0647111 1 
2 11 39 0 0.009 0.0703407 1 
3 11 39 0 0.022 0.0709794 1 
4 11 39 0.058061 0.034 0.363722 1 
5 11 39 0.0541867 0.015 0.377017 1 
6 11 39 0 0.034 0.0657396 1 
7 11 39 0 0.015 0.066309 1 
8 11 39 0 0.009 0.0605185 1 
9 11 39 0 0.012 0.069279 1 
10 11 39 0 0.027 0.069072 1 
11 11 39 0 0.001 0.0968093 1 
12 11 39 0 0.034 0.0777751 1 
13 11 39 0 0.015 0.0703225 1 
14 11 39 0 0.042 0.071097 1 
15 11 39 0 0.001 0.079543 1 
16 11 39 0 0.004 0.070989 1 
17 11 39 0 0.025 0.0777833 1 
18 11 39 0 0.003 0.09083 1 
19 11 39 0.00236077 0.006 0.0746045 3 
20 11 39 0 0.03 0.0759092 1 
21 11 39 0 0.01 0.191131 1 
22 11 39 0 0.018 0.0802237 1 
23 11 39 0.0598907 0.019 0.0612889 3 
24 11 39 0 0.02 0.0670996 1 
25 11 39 0 0.021 0.0860377 1 
26 11 39 0 0.02 0.0829232 1 
27 11 39 0 0.001 0.088428 1 
28 11 39 0 0.027 0.085306 1 
29 11 39 0.00839809 0.039 0.0704941 2 
30 11 39 0 0.013 0.0826539 1 
31 11 39 0 0.038 0.150273 1 
32 11 39 0 0.031 0.0675462 1 
0 11 40 0 0.046 0.0780686 1 
1 11 40 0 0.049 0.0661657 1 
2 11 40 0 0.049 0.0899253 1 
3 11 40 0 0.023 0.080743 1 
4 11 40 0.0112081 0.003 0.0958849 2 
5 11 40 0.0549249 0.041 0.36114 1 
6 11 40 0 0.016 0.0744507 1 
7 11 40 0 0.042 0.0725486 1 
8 11 40 0.0122654 0.032 0.0841259 3 
9 11 40 0 0.023 0.0818236 1 
10 11 40 0 0.03 0.0796482 1 
11 11 40 0 0.044 0.0756491 1 
12 11 40 0 0.03 0.0859125 1 
13 11 40 0 0.019 0.0725014 1 
14 11 40 0 0.04 0.0658583 1 
15 11 40 0 0.006 0.094289 1 
16 11 40 0 0.035 0.0654029 1 
17 11 40 0.0176465 0.01 0.0747082 2 
18 11 40 0 0.029 0.0633595 1 
19 11 40 0 0.013 0.0690415 1 
20 11 40 0 0.039 0.070725 1 
21 11 40 0 0.012 0.162604 1 
22 11 40 0 0.014 0.0889112 1 
23 11 40 0 0.043 0.0754641 1 
24 11 40 0 0.049 0.0620419 1 
25 11 40 0 0.004 0.0840533 1 
26 11 40 0 0.02 0.0842211 1 
27 11 40 0 0.035 0.0577292 1 
28 11 40 0 0.023 0.0701686 1 
29 11 40 0 0.01 0.0676454 1 
30 11 40 0 0.046 0.070328 1 
31 11 40 0 0.024 0.0819427 1 
32 11 40 0 0.032 0.0681643 1 
0 11 41 0 0.025 0.0645165 1 
1 11 41 0 0.042 0.0782083 1 
2 11 41 0 0.033 0.0805184 1 
3 11 41 0 0.037 0.0709743 1 
4 11 41 0 0.022 0.0631095 1 
5 11 41 0.0556629 0.037 0.372735 1 
6 11 41 0.00739188 0.042 0.0981772 2 
7 11 41 0 0.031 0.0771601 1 
8 11 41 0.0724308 0.008 0.325366 1 
9 11 41 0 0.018 0.068771 1 
10 11 41 0 0.042 0.0793207 1 
11 11 41 0 0.009 0.0910164 1 
12 11 41 0.0300982 0.032 0.0896357 2 
13 11 41 0 0.013 0.0861084 1 
14 11 41 0 0.017 0.0830848 1 
15 11 41 0 0.012 0.0548557 1 
16 11 41 0 0.01 0.0805634 1 
17 11 41 0 0.035 0.0798308 1 
18 11 41 0 0.019 0.0788564 1 
19 11 41 0 0.035 0.0709864 1 
20 11 41 0 0.029 0.0804854 1 
21 11 41 0 0.031 0.172697 1 
22 11 41 0.0407892 0.006 0.076005 4 
23 11 41 0.012814 0.004 0.0833658 3 
24 11 41 0 0.008 0.0695064 1 
25 11 41 0 0.041 0.0789782 1 
26 11 41 0 0.022 0.0671006 1 
27 11 41 0 0.037 0.0681618 1 
28 11 41 0 0.029 0.0708942 1 
29 11 41 0 0.034 0.0720985 1 
30 11 41 0 0.013 0.0754273 1 
31 11 41 0 0.008 0.124585 1 
32 11 41 0 0.025 0.0900755 1 
0 11 42 0 0.032 0.0735463 1 
1 11 42 0 0.044 0.0790574 1 
2 11 42 0.0107194 0.041 0.0829023 2 
3 11 42 0 0.01 0.0716149 1 
4 11 42 0.0602671 0.012 0.362086 1 
5 11 42 0.0139389 0.022 0.0634693 2 
6 11 42 0 0.032 0.0818169 1 
7 11 42 3.21166e-05 0.008 0.0829723 2 
8 11 42 0.0731566 0.022 0.332782 1 
9 11 42 0 0.045 0.0658277 1 
10 11 42 0.0610369 0.022 0.356112 1 
11 11 42 0 0.049 0.0849777 1 
12 11 42 1.75002e-05 0.037 0.077286 2 
13 11 42 0 0.012 0.0576026 1 
14 11 42 0 0.037 0.0869447 1 
15 11 42 0 0.031 0.0822018 1 
16 11 42 0 0.031 0.0774947 1 
17 11 42 0 0.018 0.0729407 1 
18 11 42 0 0.011 0.0663251 1 
19 11 42 0 0.034 0.0807258 1 
20 11 42 0.049973 0.006 0.0890743 2 
21 11 42 0 0.015 0.168638 1 
22 11 42 0 0.025 0.0688043 1 
23 11 42 0 0.034 0.0817496 1 
24 11 42 0 0.001 0.0715389 1 
25 11 42 0 0.041 0.0784368 1 
26 11 42 0 0.039 0.0801627 1 
27 11 42 0 0.006 0.0707908 1 
28 11 42 0 0.023 0.0812293 1 
29 11 42 0 0.031 0.0723066 1 
30 11 42 0 0.006 0.08749 1 
31 11 42 0 0.014 0.102406 1 
32 11 42 0 0.028 0.0711918 1 
0 11 43 0 0.045 0.0761316 1 
1 11 43 0 0.047 0.0937114 1 
2 11 43 0 0.013 0.0660679 1 
3 11 43 0 0.029 0.0834787 1 
4 11 43 0 0.003 0.0715067 1 
5 11 43 0.0571405 0.047 0.357121 1 
6 11 43 0 0.038 0.0633251 1 
7 11 43 0.00345204 0.003 0.107494 2 
8 11 43 0.0738822 0.013 0.326799 1 
9 11 43 0 0.043 0.0665485 1 
10 11 43 0.0328629 0.038 0.083098 2 
11 11 43 0 0.026 0.0864372 1 
12 11 43 0 0.002 0.0804991 1 
13 11 43 0 0.016 0.0774239 1 
14 11 43 0 0.019 0.083534 1 
15 11 43 0 0.032 0.0750871 1 
16 11 43 0 0.041 0.0673177 1 
17 11 43 0 0.015 0.0780328 1 
18 11 43 0 0.024 0.0805571 1 
19 11 43 0 0.014 0.0822458 1 
20 11 43 0.0710256 0.01 0.0822873 2 
21 11 43 0 0.009 0.164816 1 
22 11 43 0 0.012 0.0867784 1 
23 11 43 0.0103547 0.016 0.0794031 4 
24 11 43 0 0.02 0.0803331 1 
25 11 43 0 0.028 0.0749982 1 
26 11 43 0 0.043 0.0773239 1 
27 11 43 0 0.045 0.0712252 1 
28 11 43 0 0.002 0.0768905 1 
29 11 43 0 0.027 0.0790623 1 
30 11 43 0 0.019 0.0827732 1 
31 11 43 0 0.018 0.150854 1 
32 11 43 0.0615126 0.007 0.0870745 4 
0 11 44 0 0.004 0.0717657 1 
1 11 44 0.0231433 0.003 0.0821146 4 
2 11 44 0 0.018 0.0779464 1 
3 11 44 0 0.046 0.0584818 1 
4 11 44 0 0.005 0.0785385 1 
5 11 44 0.0203292 0.044 0.253639 2 
6 11 44 0 0.001 0.0911217 1 
7 11 44 0 0.013 0.0593844 1 
8 11 44 0 0.021 0.075608 1 
9 11 44 0 0.033 0.0759665 1 
10 11 44 0 0.045 0.0624544 1 
11 11 44 0 0.038 0.11561 1 
12 11 44 0 0.049 0.0701971 1 
13 11 44 0 0.04 0.0935013 1 
14 11 44 0 0.031 0.0722119 1 
15 11 44 0 0.002 0.0698125 1 
16 11 44 0 0.001 0.0853002 1 
17 11 44 0 0.012 0.0649337 1 
18 11 44 0 0.008 0.0611426 1 
19 11 44 0 0.045 0.0740951 1 
20 11 44 0 0.002 0.0800142 1 
21 11 44 0 0.007 0.14679 1 
22 11 44 0.0751463 0.002 0.0772113 5 
23 11 44 0 0.021 0.0587744 1 
24 11 44 0 0.041 0.0779067 1 
25 11 44 0 0.002 0.0752385 1 
26 11 44 0 0.013 0.089276 1 
27 11 44 0 0.024 0.0752586 1 
28 11 44 0 0.046 0.075365 1 
29 11 44 0 0.037 0.0707598 1 
30 11 44 0 0.016 0.0652892 1 
31 11 44 0 0.014 0.152156 1 
32 11 44 0 0.04 0.0796232 1 
0 11 45 0 0.042 0.0755822 1 
1 11 45 0.056964 0.012 0.07353 3 
2 11 45 0 0.044 0.0826955 1 
3 11 45 0 0.045 0.0788729 1 
4 11 45 0.00499152 0.004 0.0832331 4 
5 11 45 0 0.044 0.0891222 1 
6 11 45 0 0.039 0.0755982 1 
7 11 45 0 0.046 0.0814848 1 
8 11 45 0 0.047 0.0818162 1 
9 11 45 0 0.019 0.0521676 1 
10 11 45 0.0632416 0.004 0.364209 1 
11 11 45 0 0.036 0.0688401 1 
12 11 45 0 0.024 0.0614743 1 
13 11 45 0 0.026 0.080082 1 
14 11 45 0 0.044 0.072128 1 
15 11 45 0 0.038 0.0735001 1 
16 11 45 0 0.044 0.0660372 1 
17 11 45 0.095313 0.015 0.0716104 3 
18 11 45 0 0.012 0.0781935 1 
19 11 45 0 0.025 0.0777977 1 
20 11 45 0.0709614 0.037 0.080032 2 
21 11 45 0 0.009 0.217815 1 
22 11 45 0 0.011 0.0829616 1 
23 11 45 0.0381417 0.016 0.0808818 2 
24 11 45 0 0.012 0.0993949 1 
25 11 45 0 0.02 0.0660657 1 
26 11 45 0 0.015 0.0716651 1 
27 11 45 0 0.039 0.0681327 1 
28 11 45 0 0.029 0.075001 1 
29 11 45 0 0.017 0.0646905 1 
30 11 45 0 0.018 0.0804331 1 
31 11 45 0 0.023 0.155089 1 
32 11 45 0 0.046 0.0742649 1 
0 11 46 0 0.003 0.0675836 1 
1 11 46 0 0.037 0.0736739 1 
2 11 46 0 0.015 0.0841595 1 
3 11 46 0 0.021 0.0813874 1 
4 11 46 0.0178033 0.036 0.231657 2 
5 11 46 0.0593567 0.024 0.354226 1 
6 11 46 0 0.028 0.0823275 1 
7 11 46 0 0.016 0.0831059 1 
8 11 46 0.076059 0.011 0.33904 1 
9 11 46 0 0.022 0.0681265 1 
10 11 46 0 0.014 0.0900986 1 
11 11 46 0 0.045 0.103158 1 
12 11 46 0 0.036 0.0790927 1 
13 11 46 0 0.025 0.0690982 1 
14 11 46 0 0.024 0.0455842 1 
15 11 46 0 0.023 0.100801 1 
16 11 46 0 0.004 0.0746432 1 
17 11 46 0 0.012 0.0711778 1 
18 11 46 0 0.017 0.0528469 1 
19 11 46 0 0.033 0.0912671 1 
20 11 46 0.00594788 0.012 0.0843032 2 
21 11 46 0 0.036 0.150818 1 
22 11 46 0 0.001 0.0707019 1 
23 11 46 0.0842683 0.031 0.0865589 3 
24 11 46 0 0.014 0.056888 1 
25 11 46 0.0251092 0.004 0.0662567 2 
26 11 46 0 0.033 0.0830488 1 
27 11 46 0.0750316 0.002 0.0869119 4 
28 11 46 0 0.011 0.0697043 1 
29 11 46 0 0.04 0.085076 1 
30 11 46 0 0.043 0.0686801 1 
31 11 46 0 0.011 0.134532 1 
32 11 46 0.00209962 0.002 0.0888902 2 
0 11 47 0.000295302 0.012 0.0810252 2 
1 11 47 0 0.036 0.0838538 1 
2 11 47 0 0.021 0.0654364 1 
3 11 47 0 0.031 0.0708401 1 
4 11 47 0 0.025 0.0858948 1 
5 11 47 0.0600958 0.041 0.376619 1 
6 11 47 0 0.018 0.0699443 1 
7 11 47 0 0.037 0.0775196 1 
8 11 47 0.076785 0.041 0.34899 1 
9 11 47 0.139877 0.002 0.0875787 11 
10 11 47 0.0328409 0.03 0.0836656 2 
11 11 47 0 0.042 0.075886 1 
12 11 47 0 0.017 0.065081 1 
13 11 47 0 0.006 0.0717249 1 
14 11 47 0 0.019 0.0769402 1 
15 11 47 0 0.018 0.0801709 1 
16 11 47 0 0.039 0.0878201 1 
17 11 47 0.0139122 0.014 0.0915177 3 
18 11 47 0 0.023 0.0678891 1 
19 11 47 0 0.007 0.0846394 1 
20 11 47 0 0.028 0.071087 1 
21 11 47 0 0.018 0.170684 1 
22 11 47 0 0.019 0.0654566 1 
23 11 47 3.02141e-05 0.013 0.0707727 2 
24 11 47 0 0.034 0.0539568 1 
25 11 47 0 0.007 0.0656203 1 
26 11 47 0.0385824 0.011 0.0870612 2 
27 11 47 0 0.03 0.0640059 1 
28 11 47 0 0.032 0.072454 1 
29 11 47 0 0.019 0.0828463 1 
30 11 47 0.110647 0.004 0.0788995 5 
31 11 47 0 0.048 0.150885 1 
32 11 47 0 0.048 0.0798073 1 
0 11 48 0 0.022 0.0734788 1 
1 11 48 0 0.012 0.0794685 1 
2 11 48 0 0.008 0.0631858 1 
3 11 48 0 0.015 0.0642301 1 
4 11 48 0.0646807 0.003 0.34781 1 
5 11 48 0 0.042 0.0486954 1 
6 11 48 0 0.022 0.0711502 1 
7 11 48 0 0.047 0.0756948 1 
8 11 48 0.0775097 0.008 0.345039 1 
9 11 48 0 0.002 0.0638617 1 
10 11 48 0.0654469 0.003 0.345026 1 
11 11 48 0 0.04 0.11042 1 
12 11 48 0 0.038 0.0793851 1 
13 11 48 0 0.002 0.0594562 1 
14 11 48 0 0.041 0.0885669 1 
15 11 48 0 0.047 0.0851379 1 
16 11 48 0 0.034 0.0766883 1 
17 11 48 0 0.03 0.0779952 1 
18 11 48 0 0.025 0.0734908 1 
19 11 48 0 0.008 0.0750399 1 
20 11 48 0 0.016 0.0732887 1 
21 11 48 0.01275 0.045 0.137754 2 
22 11 48 0 0.011 0.0766416 1 
23 11 48 0 0.002 0.0880003 1 
24 11 48 0 0.034 0.0608851 1 
25 11 48 0 0.025 0.0725865 1 
26 11 48 0 0.012 0.086363 1 
27 11 48 0 0.017 0.0826075 1 
28 11 48 0 0.025 0.0730234 1 
29 11 48 0.0112334 0.039 0.0880057 2 
30 11 48 0 0.015 0.0667599 1 
31 11 48 0 0.038 0.120912 1 
32 11 48 0.00759109 0.006 0.0763134 2 
0 11 49 0 0.036 0.0882288 1 
1 11 49 0 0.006 0.0839703 1 
2 11 49 0 0.019 0.0823707 1 
3 11 49 0 0.003 0.0597307 1 
4 11 49 0 0.022 0.0771373 1 
5 11 49 0 0.022 0.0817076 1 
6 11 49 0.00740695 0.011 0.076466 2 
7 11 49 0 0.016 0.0777398 1 
8 11 49 0.0782363 0.045 0.31008 1 
9 11 49 0 0.008 0.0771554 1 
10 11 49 0 0.008 0.0764128 1 
11 11 49 0 0.008 0.0867802 1 
12 11 49 0 0.001 0.07776 1 
13 11 49 0 0.005 0.0737897 1 
14 11 49 0 0.002 0.0873534 1 
15 11 49 0 0.02 0.0875363 1 
16 11 49 0 0.039 0.0718319 1 
17 11 49 0 0.025 0.0943619 1 
18 11 49 0 0.035 0.0671163 1 
19 11 49 0 0.048 0.0664185 1 
20 11 49 0 0.046 0.0753674 1 
21 11 49 0 0.049 0.0832267 1 
22 11 49 0.0138858 0.001 0.0809014 2 
23 11 49 0 0.01 0.0661532 1 
24 11 49 0 0.043 0.0588874 1 
25 11 49 0 0.048 0.0702364 1 
26 11 49 0 0.031 0.0557776 1 
27 11 49 0 0.007 0.0597359 1 
28 11 49 0 0.042 0.0875066 1 
29 11 49 0 0.013 0.0819841 1 
30 11 49 0 0.016 0.0937615 1 
31 11 49 0 0.039 0.114784 1 
32 11 49 0 0.03 0.0861369 1 
0 11 50 0.0547817 0.001 0.0780368 5 
1 11 50 0 0.014 0.085429 1 
2 11 50 0 0.039 0.0959957 1 
3 11 50 0.0517891 0.002 0.0556423 4 
4 11 50 0.00151255 0.024 0.0832331 2 
5 11 50 0.0652153 0.007 0.0640299 2 
6 11 50 0 0.005 0.0835652 1 
7 11 50 0.0318957 0.009 0.0777539 2 
8 11 50 0 0.002 0.057674 1 
9 11 50 0 0.036 0.0862582 1 
10 11 50 0 0.01 0.0732149 1 
11 11 50 0 0.013 0.0620748 1 
12 11 50 0 0.041 0.0749082 1 
13 11 50 0.0140348 0.01 0.0753186 2 
14 11 50 0 0.043 0.0656851 1 
15 11 50 0 0.025 0.0621934 1 
16 11 50 0 0.007 0.0785703 1 
17 11 50 0 0.003 0.0857038 1 
18 11 50 0 0.039 0.0671032 1 
19 11 50 0 0.036 0.0618455 1 
20 11 50 0 0.048 0.0812275 1 
21 11 50 0 0.016 0.14962 1 
22 11 50 0 0.048 0.0592351 1 
23 11 50 2.71032e-05 0.032 0.0721869 2 
24 11 50 0 0.037 0.0826071 1 
25 11 50 0.0785787 0.015 0.0625269 6 
26 11 50 0 0.011 0.0799553 1 
27 11 50 0.144088 0.015 0.0688816 2 
28 11 50 0 0.009 0.0638585 1 
29 11 50 0 0.041 0.0616854 1 
30 11 50 0 0.049 0.0715254 1 
31 11 50 0 0.007 0.103712 1 
32 11 50 0 0.012 0.074162 1 
0 11 51 0 0.028 0.0888684 1 
1 11 51 0 0.004 0.0745026 1 
2 11 51 0 0.038 0.0693662 1 
3 11 51 0 0.013 0.0630791 1 
4 11 51 0.0668904 0.004 0.366311 1 
5 11 51 0.0630524 0.001 0.367192 1 
6 11 51 0 0.008 0.0720572 1 
7 11 51 0 0.042 0.0740626 1 
8 11 51 0 0.024 0.0759604 1 
9 11 51 0 0.038 0.0853743 1 
10 11 51 0 0.009 0.0708256 1 
11 11 51 0 0.007 0.102468 1 
12 11 51 0 0.048 0.0651277 1 
13 11 51 0 0.022 0.0871668 1 
14 11 51 0 0.005 0.0941949 1 
15 11 51 0 0.026 0.06491 1 
16 11 51 0 0.012 0.0755724 1 
17 11 51 0 0.012 0.0882478 1 
18 11 51 0 0.037 0.0779335 1 
19 11 51 0 0.048 0.0923305 1 
20 11 51 0 0.003 0.0884977 1 
21 11 51 0.00690652 0.02 0.210492 2 
22 11 51 0 0.02 0.0648193 1 
23 11 51 0 0.044 0.0775697 1 
24 11 51 0 0.011 0.0851401 1 
25 11 51 0 0.011 0.0788347 1 
26 11 51 0 0.004 0.082685 1 
27 11 51 0 0.033 0.0621685 1 
28 11 51 0 0.017 0.0683628 1 
29 11 51 0 0.022 0.0798819 1 
30 11 51 0 0.002 0.0825778 1 
31 11 51 0 0.049 0.135476 1 
32 11 51 0 0.021 0.0704835 1 
0 11 52 0 0.042 0.054649 1 
1 11 52 0 0.048 0.0850605 1 
2 11 52 0 0.032 0.0949217 1 
3 11 52 0.016521 0.009 0.0731459 2 
4 11 52 0.0142742 0.022 0.0724496 2 
5 11 52 0.0651974 0.046 0.0749721 2 
6 11 52 0 0.022 0.0845971 1 
7 11 52 0 0.046 0.0853949 1 
8 11 52 0 0.041 0.0841384 1 
9 11 52 0 0.032 0.0745364 1 
10 11 52 0 0.036 0.0792936 1 
11 11 52 0 0.035 0.0865909 1 
12 11 52 0 0.005 0.0731982 1 
13 11 52 0 0.009 0.0664633 1 
14 11 52 0 0.048 0.0670217 1 
15 11 52 0 0.001 0.0736927 1 
16 11 52 0 0.001 0.0832018 1 
17 11 52 0 0.007 0.0795506 1 
18 11 52 0 0.011 0.0629215 1 
19 11 52 0 0.001 0.0694312 1 
20 11 52 0 0.043 0.0694193 1 
21 11 52 0 0.045 0.0902463 1 
22 11 52 0 0.012 0.0613913 1 
23 11 52 0 0.012 0.0795732 1 
24 11 52 0 0.036 0.0781463 1 
25 11 52 0 0.04 0.0792976 1 
26 11 52 0 0.03 0.0762802 1 
27 11 52 0 0.028 0.0840701 1 
28 11 52 0 0.038 0.0815464 1 
29 11 52 0 0.046 0.0926797 1 
30 11 52 0 0.02 0.0773973 1 
31 11 52 0 0.04 0.112242 1 
32 11 52 0.0078372 0.001 0.0797783 2 
0 11 53 0 0.017 0.0692685 1 
1 11 53 0 0.009 0.0660835 1 
2 11 53 0 0.032 0.0715672 1 
3 11 53 0 0.032 0.0749168 1 
4 11 53 0.0683637 0.023 0.362892 1 
5 11 53 0.0645317 0.025 0.376451 1 
6 11 53 0 0.045 0.0753712 1 
7 11 53 0 0.018 0.064936 1 
8 11 53 0 0.044 0.341751 1 
9 11 53 0 0.019 0.077659 1 
10 11 53 0.0124732 0.026 0.0839989 2 
11 11 53 0.008927 0.024 0.0678858 2 
12 11 53 0.0415309 0.021 0.0868972 2 
13 11 53 0 0.025 0.0851352 1 
14 11 53 0 0.037 0.0722337 1 
15 11 53 0 0.045 0.0734712 1 
16 11 53 0 0.029 0.073871 1 
17 11 53 0 0.013 0.0941004 1 
18 11 53 0 0.017 0.0744737 1 
19 11 53 0 0.023 0.0758346 1 
20 11 53 0 0.034 0.0685056 1 
21 11 53 0 0.007 0.161885 1 
22 11 53 0 0.046 0.0687478 1 
23 11 53 0.0740693 0.026 0.0791557 2 
24 11 53 0 0.034 0.0713209 1 
25 11 53 0 0.003 0.0773758 1 
26 11 53 0.0137926 0.017 0.0866918 2 
27 11 53 0 0.039 0.0651115 1 
28 11 53 0 0.023 0.0816174 1 
29 11 53 0 0.005 0.089688 1 
30 11 53 0 0.041 0.0832539 1 
31 11 53 0 0.025 0.15456 1 
32 11 53 0 0.008 0.0789532 1 
0 11 54 0 0.037 0.0811571 1 
1 11 54 0 0.007 0.0802133 1 
2 11 54 0 0.047 0.0761391 1 
3 11 54 0 0.039 0.0720127 1 
4 11 54 0.0690995 0.023 0.351117 1 
5 11 54 0 0.014 0.0672872 1 
6 11 54 0.012254 0.035 0.095105 2 
7 11 54 0 0.038 0.0715684 1 
8 11 54 0 0.041 0.330895 1 
9 11 54 0 0.009 0.082371 1 
10 11 54 0.0698621 0.03 0.350958 1 
11 11 54 0 0.013 0.0818337 1 
12 11 54 0 0.006 0.0727366 1 
13 11 54 0 0.03 0.101565 1 
14 11 54 0 0.009 0.0663274 1 
15 11 54 0 0.007 0.0929876 1 
16 11 54 0 0.037 0.0950969 1 
17 11 54 0 0.011 0.0737316 1 
18 11 54 0 0.036 0.0648421 1 
19 11 54 0 0.022 0.0747995 1 
20 11 54 0 0.03 0.0686616 1 
21 11 54 0 0.043 0.131135 1 
22 11 54 0 0.006 0.0659591 1 
23 11 54 0 0.042 0.0650873 1 
24 11 54 0 0.018 0.0656767 1 
25 11 54 0 0.04 0.0721561 1 
26 11 54 0 0.008 0.0854754 1 
27 11 54 0 0.046 0.0671509 1 
28 11 54 0 0.031 0.0647554 1 
29 11 54 0 0.04 0.0801941 1 
30 11 54 0 0.043 0.0678715 1 
31 11 54 0.0117486 0.022 0.108363 2 
32 11 54 0 0.04 0.0881991 1 
0 11 55 0 0.006 0.0696691 1 
1 11 55 0 0.049 0.076341 1 
2 11 55 0 0.012 0.0904975 1 
3 11 55 0 0.029 0.0890668 1 
4 11 55 0 0.031 0.0819853 1 
5 11 55 0.0130386 0.013 0.0593674 2 
6 11 55 0 0.008 0.107112 1 
7 11 55 0 0.045 0.0667616 1 
8 11 55 0.000549605 0.009 0.077998 2 
9 11 55 0 0.043 0.072526 1 
10 11 55 0.0124627 0.03 0.074453 2 
11 11 55 0 0.048 0.0708722 1 
12 11 55 0 0.036 0.0696418 1 
13 11 55 0 0.008 0.0679379 1 
14 11 55 0 0.01 0.0775749 1 
15 11 55 0 0.004 0.0726001 1 
16 11 55 0 0.002 0.0700104 1 
17 11 55 0 0.039 0.0801846 1 
18 11 55 0 0.011 0.0702076 1 
19 11 55 0 0.026 0.0814406 1 
20 11 55 0 0.017 0.0830573 1 
21 11 55 0 0.001 0.157231 1 
22 11 55 0 0.011 0.080155 1 
23 11 55 0.0333036 0.012 0.0732322 2 
24 11 55 0 0.024 0.0789038 1 
25 11 55 0 0.002 0.0676846 1 
26 11 55 0 0.012 0.0771481 1 
27 11 55 0 0.026 0.07225 1 
28 11 55 0 0.042 0.0724063 1 
29 11 55 0 0.046 0.0899846 1 
30 11 55 0 0.029 0.0833508 1 
31 11 55 0 0.004 0.0769605 1 
32 11 55 0.0159679 0.006 0.0784695 3 
0 11 56 0 0.043 0.0881075 1 
1 11 56 0.047955 0.008 0.0726876 2 
2 11 56 0 0.008 0.0803362 1 
3 11 56 0 0.018 0.0770842 1 
4 11 56 0.000720419 0.004 0.0892852 2 
5 11 56 0.0667498 0.043 0.379531 1 
6 11 56 0.0122571 0.013 0.0836493 2 
7 11 56 0 0.038 0.0932979 1 
8 11 56 0 0.028 0.305564 1 
9 11 56 0 0.041 0.0753942 1 
10 11 56 0 0.006 0.0679928 1 
11 11 56 0 0.035 0.0770496 1 
12 11 56 0.048779 0.025 0.0995368 2 
13 11 56 0 0.038 0.0657946 1 
14 11 56 0 0.032 0.0667744 1 
15 11 56 0 0.016 0.0803743 1 
16 11 56 0 0.018 0.0750759 1 
17 11 56 0 0.021 0.100821 1 
18 11 56 0 0.041 0.0630551 1 
19 11 56 0 0.023 0.0824608 2 
20 11 56 0 0.042 0.0644715 1 
21 11 56 0 0.012 0.155557 1 
22 11 56 0 0.003 0.0805144 1 
23 11 56 0 0.036 0.0849129 1 
24 11 56 0 0.008 0.0857297 1 
25 11 56 0 0.02 0.0703119 1 
26 11 56 0 0.044 0.0823049 1 
27 11 56 0.114965 0.006 0.0899961 5 
28 11 56 0 0.023 0.0618735 1 
29 11 56 0 0.006 0.079325 1 
30 11 56 0 0.049 0.061322 1 
31 11 56 0 0.006 0.14662 1 
32 11 56 0 0.049 0.0780218 1 
0 11 57 0 0.004 0.0816433 1 
1 11 57 0 0.018 0.0735167 1 
2 11 57 0 0.045 0.0887872 1 
3 11 57 0 0.03 0.0884563 1 
4 11 57 0.071309 0.012 0.340063 1 
5 11 57 0.0674892 0.019 0.372891 1 
6 11 57 0 0.024 0.105013 1 
7 11 57 0 0.002 0.0761418 1 
8 11 57 0.0109298 0.031 0.0573142 2 
9 11 57 0 0.003 0.0751331 1 
10 11 57 0.0720698 0.025 0.342603 1 
11 11 57 0 0.03 0.0771474 1 
12 11 57 2.78019e-05 0.047 0.0792275 2 
13 11 57 0 0.028 0.0734011 1 
14 11 57 0 0.026 0.067694 1 
15 11 57 0 0.045 0.0730451 1 
16 11 57 0 0.046 0.0726024 1 
17 11 57 0 0.009 0.0815374 1 
18 11 57 0 0.037 0.0815678 1 
19 11 57 0 0.02 0.077991 1 
20 11 57 0.0250118 0.015 0.0626439 2 
21 11 57 0 0.041 0.168678 1 
22 11 57 0 0.024 0.0717481 1 
23 11 57 0 0.025 0.073285 1 
24 11 57 0 0.047 0.078138 1 
25 11 57 0 0.019 0.0795942 1 
26 11 57 0 0.024 0.0701909 1 
27 11 57 0 0.044 0.0822451 1 
28 11 57 0 0.038 0.0675215 1 
29 11 57 0 0.045 0.0694833 1 
30 11 57 0 0.016 0.0725479 1 
31 11 57 0 0.034 0.120985 1 
32 11 57 0 0.002 0.0764439 1 
0 11 58 0.019549 0.028 0.0776155 2 
1 11 58 0 0.041 0.0753013 1 
2 11 58 0 0.037 0.0975982 1 
3 11 58 0.0687012 0.009 0.0793099 3 
4 11 58 0.000722393 0.016 0.0629372 2 
5 11 58 0.0682294 0.03 0.371356 1 
6 11 58 0 0.037 0.0895441 1 
7 11 58 0 0.002 0.0877893 1 
8 11 58 0.0183244 0.037 0.226389 2 
9 11 58 0 0.031 0.0736599 1 
10 11 58 0 0.034 0.0687573 1 
11 11 58 0 0.048 0.0921788 1 
12 11 58 0 0.036 0.066629 1 
13 11 58 0 0.04 0.0786911 1 
14 11 58 0 0.011 0.0715918 1 
15 11 58 0 0.043 0.0794058 1 
16 11 58 0 0.005 0.0745904 1 
17 11 58 0 0.049 0.072208 1 
18 11 58 0 0.01 0.0691298 1 
19 11 58 0 0.012 0.0704529 1 
20 11 58 0 0.024 0.0775196 1 
21 11 58 0 0.041 0.185034 1 
22 11 58 0 0.001 0.0892209 1 
23 11 58 0 0.01 0.0683753 1 
24 11 58 0 0.044 0.0723508 1 
25 11 58 0 0.037 0.0866789 1 
26 11 58 0 0.047 0.0848342 1 
27 11 58 0.0196261 0.006 0.0854606 3 
28 11 58 0 0.024 0.063003 1 
29 11 58 0 0.039 0.085517 1 
30 11 58 0 0.034 0.0769954 1 
31 11 58 0 0.02 0.107149 1 
32 11 58 0.046435 0.026 0.0585596 2 
0 11 59 0.00544109 0.017 0.0665764 2 
1 11 59 0.00599191 0.009 0.0916212 3 
2 11 59 0 0.026 0.106213 1 
3 11 59 0 0.039 0.0724411 1 
4 11 59 0.0727832 0.034 0.356603 1 
5 11 59 0.0689694 0.048 0.377871 1 
6 11 59 0 0.018 0.082748 1 
7 11 59 0 0.022 0.0721117 1 
8 11 59 0 0.012 0.0722305 1 
9 11 59 0.00780523 0.014 0.0762495 2 
10 11 59 0 0.024 0.0886233 1 
11 11 59 0 0.015 0.0801305 1 
12 11 59 0 0.029 0.0902897 1 
13 11 59 0 0.04 0.0721243 1 
14 11 59 0 0.04 0.0871574 1 
15 11 59 0 0.03 0.0647427 1 
16 11 59 0 0.045 0.0636072 1 
17 11 59 0 0.034 0.0788741 1 
18 11 59 0 0.01 0.0689424 1 
19 11 59 0.0126377 0.001 0.0788417 3 
20 11 59 0 0.002 0.0654306 1 
21 11 59 0 0.036 0.191257 1 
22 11 59 0 0.002 0.0630627 1 
23 11 59 0.0429151 0.011 0.071238 3 
24 11 59 0 0.03 0.0774009 1 
25 11 59 0 0.022 0.0949334 1 
26 11 59 0 0.028 0.0694607 1 
27 11 59 0 0.006 0.0732743 1 
28 11 59 0 0.02 0.07825 1 
29 11 59 0 0.029 0.0731544 1 
30 11 59 0.000958181 0.003 0.0847791 2 
31 11 59 0.00792927 0.046 0.0881695 2 
32 11 59 0 0.009 0.0677302 1 
0 11 60 0 0.025 0.0734728 1 
1 11 60 0 0.012 0.0884751 1 
2 11 60 0 0.012 0.089517 1 
3 11 60 0 0.04 0.0716449 1 
4 11 60 0 0.049 0.0767673 1 
5 11 60 0.0128958 0.01 0.0715506 3 
6 11 60 0 0.028 0.0657901 1 
7 11 60 0 0.005 0.0700536 1 
8 11 60 0 0.034 0.340637 1 
9 11 60 0 0.023 0.0813208 1 
10 11 60 0 0.03 0.0768497 1 
11 11 60 0 0.042 0.10098 1 
12 11 60 0 0.038 0.0833886 1 
13 11 60 0 0.045 0.0725497 1 
14 11 60 0 0.027 0.061374 1 
15 11 60 0 0.031 0.0861103 1 
16 11 60 0 0.036 0.0832987 1 
17 11 60 0 0.014 0.067031 1 
18 11 60 0 0.017 0.075958 1 
19 11 60 0 0.043 0.0800971 1 
20 11 60 0 0.02 0.0809087 1 
21 11 60 0 0.001 0.180815 1 
22 11 60 0 0.004 0.0845649 1 
23 11 60 0 0.031 0.0764143 1 
24 11 60 0 0.009 0.0828178 1 
25 11 60 0 0.033 0.0678155 1 
26 11 60 0 0.006 0.0694401 2 
27 11 60 0 0.004 0.0769448 1 
28 11 60 0 0.005 0.081543 1 
29 11 60 0 0.019 0.0811146 1 
30 11 60 0 0.033 0.0852983 1 
31 11 60 0 0.03 0.0637791 1 
32 11 60 0.0594073 0.034 0.0721783 2 
