0 12 0 8.94839e-05 0.002 0.0119487 4 
1 12 0 0 0.047 0.0133626 1 
2 12 0 0 0.048 0.0123594 1 
3 12 0 0 0.047 0.0132312 1 
4 12 0 0 0.02 0.0137639 1 
5 12 0 0.0117702 0.039 0.0453949 1 
6 12 0 0.00261887 0.023 0.0154837 1 
7 12 0 0 0.038 0.0164621 1 
8 12 0 0.0071114 0.045 0.0250469 1 
9 12 0 0.00243148 0.044 0.0119888 2 
10 12 0 0 0.043 0.0106363 1 
11 12 0 0 0.043 0.0109127 1 
12 12 0 1 0.001 0.0292266 2 
13 12 0 0 0.044 0.0128152 1 
14 12 0 0 0.031 0.0124474 1 
15 12 0 0 0.006 0.0124363 1 
16 12 0 0 0.02 0.0128697 1 
17 12 0 0 0.043 0.0123159 1 
18 12 0 0 0.013 0.0139861 1 
19 12 0 0 0.01 0.0122162 1 
20 12 0 0 0.028 0.0134284 1 
21 12 0 0.00531002 0.041 0.012158 2 
22 12 0 0.00315372 0.011 0.0133244 2 
23 12 0 0 0.048 0.016198 1 
24 12 0 0 0.042 0.0166646 1 
25 12 0 0 0.046 0.0143217 1 
26 12 0 0.00208252 0.001 0.0111433 3 
27 12 0 0 0.049 0.015458 1 
28 12 0 0 0.04 0.0121574 1 
29 12 0 0.00542314 0.021 0.0155762 4 
30 12 0 0.00272972 0.015 0.011094 5 
31 12 0 0.000709229 0.045 0.0104076 1 
32 12 0 0 0.033 0.0130319 1 
0 12 1 0 0.023 0.0130967 1 
1 12 1 0.00508736 0.001 0.0118705 4 
2 12 1 0 0.03 0.0154664 1 
3 12 1 0.00124958 0.026 0.0110314 3 
4 12 1 0 0.01 0.011447 1 
5 12 1 0.00106963 0.027 0.0107536 2 
6 12 1 0.00312956 0.017 0.0128016 1 
7 12 1 0 0.027 0.0128668 1 
8 12 1 0 0.009 0.016928 1 
9 12 1 0 0.004 0.0164762 1 
10 12 1 0.00250079 0.036 0.0144301 2 
11 12 1 0 0.034 0.0132118 1 
12 12 1 0.000878043 0.038 0.0135434 2 
13 12 1 0 0.016 0.0115891 1 
14 12 1 0.005147 0.005 0.0147011 9 
15 12 1 0 0.029 0.018323 1 
16 12 1 0 0.019 0.0164581 1 
17 12 1 0.000187133 0.009 0.0118519 2 
18 12 1 0.000656174 0.047 0.0120152 1 
19 12 1 0.00165089 0.019 0.0129866 4 
20 12 1 0 0.016 0.0148487 1 
21 12 1 0.0010375 0.023 0.00924081 2 
22 12 1 0 0.006 0.0113085 1 
23 12 1 0.00222803 0.023 0.011793 3 
24 12 1 0 0.048 0.0105424 1 
25 12 1 0.00144387 0.013 0.0128847 4 
26 12 1 0 0.041 0.0102916 1 
27 12 1 0 0.007 0.0125423 1 
28 12 1 0.00226637 0.039 0.0159252 1 
29 12 1 0.00628604 0.044 0.0119259 4 
30 12 1 0.00534162 0.03 0.0119136 5 
31 12 1 0.000269608 0.008 0.0126856 2 
32 12 1 0 0.017 0.0140118 1 
0 12 2 0.0207443 0.007 0.0149207 28 
1 12 2 0.00584061 0.019 0.0142816 6 
2 12 2 0 0.011 0.0114486 1 
3 12 2 0 0.039 0.0127965 1 
4 12 2 0.000450087 0.001 0.0124973 3 
5 12 2 0 0.049 0.0118223 1 
6 12 2 0.00360054 0.02 0.0146803 1 
7 12 2 0 0.049 0.0126251 1 
8 12 2 0 0.014 0.0150686 1 
9 12 2 0.0143276 0.01 0.0131597 8 
10 12 2 0 0.019 0.0126454 1 
11 12 2 0 0.033 0.0139984 1 
12 12 2 0 0.035 0.0136447 1 
13 12 2 0 0.004 0.010715 1 
14 12 2 0 0.01 0.0116266 1 
15 12 2 0 0.006 0.0114473 1 
16 12 2 0.00112636 0.013 0.0104804 2 
17 12 2 0 0.014 0.0116531 1 
18 12 2 0 0.006 0.0134487 1 
19 12 2 0.018583 0.005 0.0131508 23 
20 12 2 0 0.016 0.0135963 1 
21 12 2 0 0.027 0.014821 1 
22 12 2 0.00496004 0.019 0.0125656 4 
23 12 2 0.000240514 0.001 0.0148427 2 
24 12 2 0 0.027 0.0114985 1 
25 12 2 3.17509e-05 0.003 0.0150642 2 
26 12 2 0 0.006 0.0139568 1 
27 12 2 0 0.004 0.0157408 1 
28 12 2 0.00159572 0.003 0.0120125 2 
29 12 2 0.00165132 0.034 0.0108537 2 
30 12 2 0.00426075 0.003 0.0114977 3 
31 12 2 0.00168828 0.027 0.0175502 1 
32 12 2 0.00925962 0.011 0.0157293 8 
0 12 3 0 0.029 0.0113165 1 
1 12 3 0.00968964 0.004 0.0110115 9 
2 12 3 0 0.009 0.0151796 1 
3 12 3 0 0.037 0.0142722 1 
4 12 3 0.00614477 0.011 0.00800437 2 
5 12 3 0.00800246 0.024 0.0162253 2 
6 12 3 0.00407148 0.005 0.0140068 1 
7 12 3 0 0.033 0.0159793 1 
8 12 3 0 0.039 0.0115801 1 
9 12 3 0.00750715 0.003 0.0102248 12 
10 12 3 0.000840037 0.043 0.0129684 2 
11 12 3 0.00292507 0.024 0.0147247 1 
12 12 3 0 0.007 0.00993237 1 
13 12 3 0.00529656 0.039 0.0140353 3 
14 12 3 0 0.013 0.0113849 1 
15 12 3 0 0.044 0.0138081 1 
16 12 3 0 0.035 0.0128337 1 
17 12 3 0 0.022 0.0118546 1 
18 12 3 0 0.017 0.0138252 1 
19 12 3 0 0.007 0.0126632 1 
20 12 3 0.00894561 0.015 0.011735 10 
21 12 3 0 0.041 0.0152997 1 
22 12 3 0 0.003 0.0130209 1 
23 12 3 0.011729 0.008 0.0139881 13 
24 12 3 0.00118975 0.016 0.0138844 2 
25 12 3 0.000537487 0.009 0.0113327 2 
26 12 3 0.000926918 0.003 0.0091293 2 
27 12 3 0 0.026 0.0106076 1 
28 12 3 0.000482145 0.017 0.0129217 2 
29 12 3 0.00122043 0.006 0.0118747 2 
30 12 3 0 0.028 0.00925062 1 
31 12 3 0 0.001 0.0115975 1 
32 12 3 0 0.045 0.0167084 1 
0 12 4 0.0222823 0.005 0.0125187 27 
1 12 4 0 0.011 0.0124387 1 
2 12 4 0.0013069 0.012 0.0118399 1 
3 12 4 0.0115155 0.006 0.013532 25 
4 12 4 0 0.011 0.0114414 1 
5 12 4 0.00126568 0.037 0.0113047 4 
6 12 4 0 0.025 0.0121433 1 
7 12 4 0 0.036 0.0114401 1 
8 12 4 0.00289975 0.032 0.0114187 6 
9 12 4 0 0.034 0.0116081 1 
10 12 4 0.00555535 0.022 0.0353776 1 
11 12 4 0.0013069 0.033 0.0141519 1 
12 12 4 0.012668 0.014 0.0114407 11 
13 12 4 0 0.036 0.0127979 1 
14 12 4 0 0.005 0.0105989 1 
15 12 4 0 0.049 0.0161735 1 
16 12 4 0 0.024 0.0132416 1 
17 12 4 0.00165703 0.016 0.0112594 2 
18 12 4 0.00106835 0.009 0.0157834 2 
19 12 4 0 0.046 0.0152021 1 
20 12 4 0 0.038 0.0121665 1 
21 12 4 0 0.037 0.0162214 1 
22 12 4 0 0.013 0.0149663 1 
23 12 4 0 0.019 0.0106172 1 
24 12 4 0 0.017 0.0164941 1 
25 12 4 0 0.044 0.012547 1 
26 12 4 0 0.03 0.0116727 1 
27 12 4 0 0.005 0.0107823 1 
28 12 4 0.000597784 0.047 0.011629 2 
29 12 4 0 0.035 0.0117345 1 
30 12 4 0 0.048 0.011183 1 
31 12 4 0 0.02 0.0147231 1 
32 12 4 0 0.029 0.0105359 1 
0 12 5 0.0426653 0.004 0.0190346 40 
1 12 5 0 0.018 0.0116664 1 
2 12 5 0.00180024 0.039 0.0142659 1 
3 12 5 0.0262249 0.013 0.0109395 18 
4 12 5 0 0.045 0.0151767 1 
5 12 5 0.00274116 0.021 0.0142208 3 
6 12 5 0.00294794 0.008 0.0153902 1 
7 12 5 0.000502119 0.005 0.0121233 2 
8 12 5 0 0.008 0.0136552 1 
9 12 5 0.00816766 0.02 0.0120918 12 
10 12 5 0 0.016 0.0153594 1 
11 12 5 0.00329324 0.006 0.0119239 3 
12 12 5 0.000411028 0.031 0.0114496 5 
13 12 5 0 0.033 0.0161443 1 
14 12 5 0 0.022 0.0133714 1 
15 12 5 0 0.031 0.0153049 1 
16 12 5 0 0.039 0.0142162 1 
17 12 5 0 0.036 0.0119611 1 
18 12 5 0 0.045 0.0128456 1 
19 12 5 0 0.004 0.0130017 1 
20 12 5 0 0.017 0.0161806 1 
21 12 5 0 0.043 0.0130451 1 
22 12 5 0 0.006 0.0128929 1 
23 12 5 0 0.017 0.0127049 1 
24 12 5 0 0.049 0.0159385 1 
25 12 5 0 0.016 0.0106657 1 
26 12 5 0.0118468 0.022 0.0109107 6 
27 12 5 0 0.003 0.0133922 1 
28 12 5 0 0.011 0.0113712 1 
29 12 5 0.00169915 0.004 0.00954181 2 
30 12 5 0.0239209 0.007 0.0129847 22 
31 12 5 0.0031447 0.024 0.0107342 1 
32 12 5 0.0194023 0.033 0.0147067 12 
0 12 6 0 0.006 0.0127127 1 
1 12 6 0 0.027 0.0103808 1 
2 12 6 0.00316873 0.048 0.0120876 2 
3 12 6 0 0.002 0.0129345 1 
4 12 6 0.00618971 0.03 0.0401883 1 
5 12 6 0 0.045 0.0123164 1 
6 12 6 0.0020479 0.032 0.0129939 2 
7 12 6 2.46739e-05 0.006 0.0146205 2 
8 12 6 9.96486e-05 0.012 0.0132562 2 
9 12 6 0.0160708 0.012 0.014692 21 
10 12 6 0 0.001 0.0105548 1 
11 12 6 0 0.016 0.0128121 1 
12 12 6 0.00655964 0.029 0.00868629 6 
13 12 6 0.000927668 0.012 0.0111473 3 
14 12 6 0 0.02 0.0115554 1 
15 12 6 0.000997529 0.02 0.00998261 2 
16 12 6 0 0.039 0.00835838 1 
17 12 6 0.0122547 0.002 0.00853654 11 
18 12 6 0 0.046 0.0144453 1 
19 12 6 0 0.025 0.0111237 1 
20 12 6 0 0.041 0.0150233 1 
21 12 6 0 0.01 0.0130173 1 
22 12 6 0.00269901 0.003 0.0136838 4 
23 12 6 0 0.025 0.0120484 1 
24 12 6 0.000941459 0.002 0.00703989 2 
25 12 6 0.000297031 0.001 0.0117706 2 
26 12 6 0.01036 0.019 0.0121026 9 
27 12 6 0 0.022 0.0104198 1 
28 12 6 0.000941459 0.035 0.0122488 2 
29 12 6 0.00129707 0.023 0.0107833 4 
30 12 6 0.00216446 0.005 0.0124146 3 
31 12 6 0.00361755 0.013 0.0151024 1 
32 12 6 0.0344677 0.008 0.0154814 39 
0 12 7 0.0432578 0.006 0.0137011 36 
1 12 7 0.00738467 0.047 0.0113993 4 
2 12 7 0.00164279 0.049 0.0104533 2 
3 12 7 0 0.026 0.0149409 1 
4 12 7 0 0.01 0.0148429 1 
5 12 7 0 0.02 0.0129832 1 
6 12 7 0.00309856 0.005 0.0139547 2 
7 12 7 3.75986e-05 0.037 0.0106809 2 
8 12 7 0 0.006 0.016859 1 
9 12 7 0 0.015 0.0138495 1 
10 12 7 0 0.019 0.016091 1 
11 12 7 0 0.035 0.0143135 1 
12 12 7 0 0.035 0.0106088 1 
13 12 7 0.0078975 0.024 0.0159857 8 
14 12 7 0 0.006 0.0116037 1 
15 12 7 0.00100019 0.045 0.0100643 2 
16 12 7 0 0.024 0.0135607 1 
17 12 7 0 0.02 0.0116322 1 
18 12 7 0 0.042 0.0149699 1 
19 12 7 0 0.02 0.0172403 1 
20 12 7 0 0.02 0.00712577 1 
21 12 7 0 0.032 0.0109548 1 
22 12 7 0.00256365 0.022 0.011835 7 
23 12 7 0 0.018 0.0155224 1 
24 12 7 0.00105709 0.024 0.0160498 2 
25 12 7 0.0116134 0.007 0.00983665 16 
26 12 7 0 0.045 0.0120533 1 
27 12 7 2.86119e-05 0.003 0.0133019 2 
28 12 7 0.00105709 0.011 0.0138784 2 
29 12 7 0.00060187 0.011 0.0115706 2 
30 12 7 0 0.002 0.0107572 1 
31 12 7 0.000345479 0.031 0.00858421 2 
32 12 7 0.000998792 0.003 0.0115241 2 
0 12 8 0.00766081 0.001 0.0124734 5 
1 12 8 0.0109139 0.025 0.0114519 14 
2 12 8 0 0.032 0.0126907 1 
3 12 8 0 0.006 0.0131897 1 
4 12 8 0.00210257 0.041 0.0133928 2 
5 12 8 0.000145747 0.016 0.0184645 2 
6 12 8 0 0.047 0.0123759 1 
7 12 8 0.00171357 0.001 0.0108105 6 
8 12 8 0.0112434 0.028 0.0196744 1 
9 12 8 0 0.034 0.011146 1 
10 12 8 0 0.034 0.0133483 1 
11 12 8 0 0.028 0.0108607 1 
12 12 8 0.00384455 0.015 0.0106846 6 
13 12 8 0 0.014 0.0153213 1 
14 12 8 0 0.001 0.0167717 1 
15 12 8 0.000998858 0.001 0.0108083 2 
16 12 8 0 0.026 0.012829 1 
17 12 8 0 0.04 0.0137609 1 
18 12 8 0 0.004 0.0157336 1 
19 12 8 0.00504859 0.021 0.0142034 3 
20 12 8 0 0.038 0.0118026 1 
21 12 8 0 0.016 0.0118559 1 
22 12 8 0 0.033 0.011665 1 
23 12 8 0 0.032 0.0143956 1 
24 12 8 0.00094285 0.037 0.0134054 2 
25 12 8 0.00722531 0.002 0.0121006 5 
26 12 8 0 0.003 0.0129034 1 
27 12 8 0 0.029 0.0155651 1 
28 12 8 0.00163563 0.001 0.0109653 3 
29 12 8 0 0.044 0.0126946 1 
30 12 8 0.0218341 0.008 0.0103157 21 
31 12 8 0.00245572 0.009 0.013651 1 
32 12 8 0 0.035 0.0124927 1 
0 12 9 0 0.005 0.0132634 1 
1 12 9 0.00585668 0.046 0.0131395 6 
2 12 9 0 0.036 0.0156375 1 
3 12 9 0 0.001 0.0128732 1 
4 12 9 0.00308737 0.024 0.0404846 1 
5 12 9 0 0.044 0.0130317 1 
6 12 9 0.000652847 0.04 0.0168256 1 
7 12 9 0.00135562 0.009 0.0113951 4 
8 12 9 0 0.038 0.0137648 1 
9 12 9 0 0.01 0.0142896 1 
10 12 9 0 0.048 0.0116253 1 
11 12 9 0 0.001 0.0123595 1 
12 12 9 0 0.041 0.0132738 1 
13 12 9 0 0.018 0.0128135 1 
14 12 9 0.000760888 0.002 0.0136209 3 
15 12 9 0 0.03 0.0154928 1 
16 12 9 0.00100165 0.021 0.0131814 2 
17 12 9 0 0.04 0.0147941 1 
18 12 9 0 0.032 0.0126678 1 
19 12 9 0.00358798 0.046 0.0115367 4 
20 12 9 0 0.019 0.0134416 1 
21 12 9 0 0.049 0.0140355 1 
22 12 9 0.0208252 0.013 0.0134125 17 
23 12 9 0.0127657 0.024 0.0112517 10 
24 12 9 0.00105849 0.013 0.0121617 2 
25 12 9 0 0.038 0.0113538 1 
26 12 9 0.00100165 0.012 0.0113158 2 
27 12 9 0.00377936 0.02 0.0141769 5 
28 12 9 0 0.041 0.0110164 1 
29 12 9 0 0.024 0.0136163 1 
30 12 9 0.0180437 0.023 0.0143461 13 
31 12 9 0 0.002 0.0150287 1 
32 12 9 0 0.037 0.0105488 1 
0 12 10 0 0.048 0.0145913 1 
1 12 10 1.97738e-05 0.025 0.0108062 2 
2 12 10 0 0.033 0.0155677 1 
3 12 10 0 0.016 0.0131408 1 
4 12 10 0.0035609 0.039 0.045349 1 
5 12 10 0.00602461 0.023 0.0186652 3 
6 12 10 0 0.02 0.0178762 1 
7 12 10 0 0.007 0.0102782 1 
8 12 10 0.00993864 0.03 0.0287825 1 
9 12 10 0 0.021 0.01035 1 
10 12 10 0.00022887 0.02 0.0136724 2 
11 12 10 0.000277326 0.027 0.0136465 2 
12 12 10 0 0.027 0.0143325 1 
13 12 10 0 0.023 0.0137353 1 
14 12 10 0.00350482 0.001 0.0143314 3 
15 12 10 0 0.046 0.0143044 1 
16 12 10 0 0.037 0.0106646 1 
17 12 10 0 0.02 0.0106627 1 
18 12 10 0 0.034 0.0141288 1 
19 12 10 0.00158516 0.048 0.0113701 2 
20 12 10 0.0150537 0.021 0.0131002 5 
21 12 10 0 0.021 0.0165952 1 
22 12 10 0 0.007 0.00821452 1 
23 12 10 0.00477634 0.004 0.0118025 3 
24 12 10 0.000944235 0.045 0.01216 2 
25 12 10 0 0.021 0.0097372 1 
26 12 10 0 0.04 0.0146811 1 
27 12 10 0.010074 0.016 0.0147682 8 
28 12 10 0 0.04 0.0142286 1 
29 12 10 0.000832341 0.043 0.0174756 2 
30 12 10 0 0.032 0.0122758 1 
31 12 10 0.00130676 0.019 0.016916 1 
32 12 10 0.000817498 0.031 0.0116979 2 
0 12 11 0 0.036 0.0104454 1 
1 12 11 0.0200898 0.006 0.00977902 22 
2 12 11 0 0.009 0.0133615 1 
3 12 11 0 0.015 0.0109814 1 
4 12 11 8.14459e-05 0.007 0.0131408 2 
5 12 11 0 0.003 0.0138569 1 
6 12 11 0 0.015 0.0108678 1 
7 12 11 0.00295578 0.014 0.00998565 3 
8 12 11 0 0.033 0.0165897 1 
9 12 11 0.00102235 0.04 0.0162786 2 
10 12 11 0 0.013 0.011408 1 
11 12 11 0.00111666 0.025 0.0132173 2 
12 12 11 0.00130482 0.014 0.0129408 3 
13 12 11 0.00275001 0.04 0.0111559 2 
14 12 11 0.0469136 0.002 0.0159133 50 
15 12 11 0 0.03 0.0105383 1 
16 12 11 0 0.034 0.0104504 1 
17 12 11 0.0067768 0.027 0.0128425 5 
18 12 11 0 0.023 0.00911372 1 
19 12 11 0 0.042 0.00931608 1 
20 12 11 0 0.017 0.0117207 1 
21 12 11 0.002625 0.001 0.0185383 1 
22 12 11 0 0.01 0.0136217 1 
23 12 11 0.00122201 0.001 0.012578 2 
24 12 11 0 0.024 0.0102281 1 
25 12 11 0.00184526 0.039 0.0114803 6 
26 12 11 0.00266006 0.018 0.00815823 4 
27 12 11 0 0.041 0.0112899 1 
28 12 11 0 0.041 0.00896191 1 
29 12 11 0 0.014 0.0126511 1 
30 12 11 0 0.036 0.0109327 1 
31 12 11 0.000732356 0.007 0.0108084 2 
32 12 11 0 0.011 0.0105984 1 
0 12 12 0 0.031 0.0111886 1 
1 12 12 0.00139917 0.014 0.0128295 3 
2 12 12 0.000889772 0.011 0.0130639 2 
3 12 12 0.001403 0.001 0.0124749 2 
4 12 12 0.00450787 0.027 0.045676 1 
5 12 12 0 0.033 0.0135434 1 
6 12 12 0 0.006 0.0136402 1 
7 12 12 0 0.022 0.0131951 1 
8 12 12 0 0.044 0.0150122 1 
9 12 12 0.0124768 0.027 0.0118384 9 
10 12 12 0 0.026 0.0126043 1 
11 12 12 0.000889772 0.015 0.0162928 2 
12 12 12 0 0.01 0.0133718 1 
13 12 12 0 0.025 0.0124913 1 
14 12 12 0 0.032 0.013181 1 
15 12 12 0 0.024 0.013917 1 
16 12 12 0.00100154 0.017 0.0135838 2 
17 12 12 0 0.046 0.012421 1 
18 12 12 0 0.028 0.0153073 1 
19 12 12 0 0.012 0.0122407 1 
20 12 12 0 0.042 0.0144781 1 
21 12 12 0 0.024 0.0140201 1 
22 12 12 0 0.043 0.0117956 1 
23 12 12 0.00707063 0.006 0.0181497 5 
24 12 12 0 0.02 0.0146992 1 
25 12 12 0 0.033 0.0157298 1 
26 12 12 0 0.034 0.012119 1 
27 12 12 0 0.005 0.0121113 1 
28 12 12 0 0.045 0.0109868 1 
29 12 12 0 0.02 0.0106999 1 
30 12 12 0.0138527 0.002 0.011594 13 
31 12 12 0.000555992 0.036 0.012918 2 
32 12 12 0 0.038 0.0120398 1 
0 12 13 0.000472744 0.018 0.0123724 2 
1 12 13 0.00520796 0.02 0.0125013 5 
2 12 13 0 0.016 0.0125332 1 
3 12 13 0.00182093 0.036 0.0119507 3 
4 12 13 0 0.006 0.0145509 1 
5 12 13 0.00572051 0.013 0.0177686 3 
6 12 13 0 0.004 0.0161071 1 
7 12 13 0 0.035 0.0124178 1 
8 12 13 0.00689928 0.048 0.0353868 1 
9 12 13 0 0.006 0.011565 1 
10 12 13 0 0.029 0.0109363 1 
11 12 13 1.95147e-05 0.014 0.0128901 2 
12 12 13 0.0133515 0.003 0.0115976 22 
13 12 13 0.00279814 0.017 0.013535 4 
14 12 13 0.0110892 0.014 0.0104514 18 
15 12 13 0.0010045 0.035 0.0131996 2 
16 12 13 0 0.025 0.0135297 1 
17 12 13 0.000258342 0.011 0.0141891 2 
18 12 13 0 0.026 0.013979 1 
19 12 13 0.00176659 0.026 0.0123998 2 
20 12 13 0 0.04 0.0121399 1 
21 12 13 0 0.038 0.0151225 1 
22 12 13 0.00569625 0.002 0.0107773 7 
23 12 13 0 0.012 0.00847227 1 
24 12 13 0 0.002 0.0110053 1 
25 12 13 0 0.005 0.0119895 1 
26 12 13 0 0.024 0.0113533 1 
27 12 13 0 0.024 0.0151985 1 
28 12 13 0 0.011 0.0120942 1 
29 12 13 0.000414432 0.005 0.0110411 2 
30 12 13 0.000993118 0.011 0.0114659 3 
31 12 13 0.00049779 0.027 0.0123642 4 
32 12 13 0 0.042 0.0122929 1 
0 12 14 0 0.027 0.012171 1 
1 12 14 0.00362535 0.006 0.0130907 5 
2 12 14 0 0.031 0.0128512 1 
3 12 14 0 0.007 0.0116795 1 
4 12 14 0 0.029 0.013012 1 
5 12 14 2.68665e-05 0.029 0.0129181 2 
6 12 14 0 0.026 0.0130248 1 
7 12 14 0 0.033 0.0127066 1 
8 12 14 0 0.01 0.0201552 4 
9 12 14 0.00626518 0.016 0.0136169 5 
10 12 14 0.00596471 0.002 0.0413739 1 
11 12 14 0 0.038 0.0104441 1 
12 12 14 0 0.018 0.0164574 1 
13 12 14 0 0.031 0.0141043 1 
14 12 14 0 0.041 0.0152897 1 
15 12 14 0 0.003 0.0186647 1 
16 12 14 0 0.019 0.0156848 1 
17 12 14 0.000538459 0.029 0.0130621 2 
18 12 14 0.000947067 0.005 0.0119458 2 
19 12 14 0 0.039 0.0149134 1 
20 12 14 0 0.032 0.0130281 1 
21 12 14 0.00404721 0.005 0.0169974 1 
22 12 14 0.000805119 0.012 0.0109649 2 
23 12 14 0.00108651 0.017 0.0123435 2 
24 12 14 0.000947067 0.02 0.0123166 2 
25 12 14 0.00107816 0.024 0.0119469 3 
26 12 14 0 0.033 0.0122993 1 
27 12 14 0.000521583 0.005 0.011707 2 
28 12 14 0 0.017 0.0121801 1 
29 12 14 0.000835422 0.032 0.0136835 2 
30 12 14 0 0.003 0.0140192 1 
31 12 14 0.000118888 0.029 0.0106171 2 
32 12 14 0 0.011 0.012465 1 
0 12 15 0 0.034 0.0144293 1 
1 12 15 0 0.037 0.011497 1 
2 12 15 0.00216265 0.032 0.0143679 4 
3 12 15 0 0.043 0.0130543 1 
4 12 15 0.00611406 0.041 0.0372264 1 
5 12 15 0.00355231 0.005 0.0292932 1 
6 12 15 0 0.049 0.0138116 1 
7 12 15 0 0.049 0.0103285 1 
8 12 15 0 0.008 0.016277 1 
9 12 15 0 0.038 0.0130204 1 
10 12 15 0 0.001 0.0152674 1 
11 12 15 0.000987028 0.016 0.0110892 2 
12 12 15 0 0.029 0.0169711 1 
13 12 15 2.51366e-05 0.001 0.0124102 2 
14 12 15 0 0.005 0.0109772 1 
15 12 15 0 0.031 0.0111369 1 
16 12 15 0 0.043 0.0145011 1 
17 12 15 0 0.004 0.0118498 1 
18 12 15 0 0.006 0.0150772 1 
19 12 15 0 0.023 0.0108232 1 
20 12 15 0 0.029 0.0101291 1 
21 12 15 0.00681833 0.039 0.015423 4 
22 12 15 0 0.023 0.0131496 1 
23 12 15 8.62838e-06 0.004 0.0139429 2 
24 12 15 0 0.045 0.0144508 1 
25 12 15 0.00279125 0.046 0.013002 2 
26 12 15 0.000724068 0.005 0.0134329 2 
27 12 15 0.00832935 0.019 0.0139493 11 
28 12 15 0 0.018 0.0163253 1 
29 12 15 0 0.035 0.0161148 1 
30 12 15 0.00818268 0.047 0.00993545 5 
31 12 15 0 0.002 0.00926248 1 
32 12 15 0.00644084 0.017 0.0158154 10 
0 12 16 0.00619687 0.017 0.0122337 6 
1 12 16 0 0.022 0.0144364 1 
2 12 16 0 0.022 0.0126106 1 
3 12 16 0.00417073 0.033 0.0133674 3 
4 12 16 0.00658836 0.027 0.0324879 1 
5 12 16 0 0.002 0.0136337 1 
6 12 16 0 0.045 0.010766 1 
7 12 16 4.69926e-05 0.014 0.0143905 2 
8 12 16 0 0.015 0.0150724 1 
9 12 16 0 0.038 0.0137322 1 
10 12 16 0.00709907 0.007 0.0336007 1 
11 12 16 0.00175374 0.008 0.0108806 3 
12 12 16 0.0204745 0.007 0.0114868 27 
13 12 16 0.00716676 0.01 0.013749 8 
14 12 16 0 0.045 0.0129559 1 
15 12 16 0 0.016 0.0139152 1 
16 12 16 0 0.046 0.0133312 1 
17 12 16 0 0.02 0.0112876 1 
18 12 16 0 0.044 0.0147753 1 
19 12 16 0 0.033 0.013635 1 
20 12 16 0.0508252 0.003 0.0133126 39 
21 12 16 0.00670487 0.035 0.00866275 4 
22 12 16 0.0558058 0.002 0.0157435 56 
23 12 16 0.00100464 0.034 0.00816533 3 
24 12 16 0 0.006 0.0117773 1 
25 12 16 0.00464697 0.003 0.0132184 9 
26 12 16 0.00499912 0.023 0.0167923 5 
27 12 16 0 0.026 0.0122246 1 
28 12 16 0 0.016 0.0151757 1 
29 12 16 0 0.039 0.0134893 1 
30 12 16 0 0.02 0.0113376 1 
31 12 16 0 0.008 0.0134043 1 
32 12 16 0.00100655 0.041 0.0120525 5 
0 12 17 0.00591846 0.034 0.0140889 3 
1 12 17 0.00102277 0.044 0.0100596 2 
2 12 17 0.000108239 0.005 0.0136104 2 
3 12 17 0.000407678 0.002 0.0117203 2 
4 12 17 0 0.026 0.0163936 1 
5 12 17 0.0049433 0.007 0.015571 4 
6 12 17 0 0.046 0.0120881 1 
7 12 17 0 0.04 0.0093797 1 
8 12 17 0.00232021 0.007 0.0312554 1 
9 12 17 0.000290049 0.021 0.0108791 2 
10 12 17 0.000436783 0.005 0.0148215 2 
11 12 17 0 0.046 0.013593 1 
12 12 17 0 0.048 0.0124743 1 
13 12 17 0 0.014 0.0118692 1 
14 12 17 0 0.014 0.00992958 1 
15 12 17 0 0.011 0.0141239 1 
16 12 17 0 0.012 0.0150126 1 
17 12 17 0.0121432 0.005 0.0106758 22 
18 12 17 0 0.015 0.015363 1 
19 12 17 2.23943e-05 0.029 0.0116864 3 
20 12 17 0 0.011 0.0106291 1 
21 12 17 0 0.042 0.0152009 1 
22 12 17 0.0434751 0.001 0.0133369 46 
23 12 17 0.00139531 0.014 0.0183165 6 
24 12 17 0 0.045 0.0101495 1 
25 12 17 0 0.044 0.0126261 1 
26 12 17 0 0.038 0.01011 1 
27 12 17 0 0.048 0.0166759 1 
28 12 17 0 0.021 0.015766 1 
29 12 17 0 0.011 0.0138088 1 
30 12 17 0 0.003 0.0126794 1 
31 12 17 1.47513e-05 0.034 0.0137396 2 
32 12 17 0 0.012 0.0100754 2 
0 12 18 0.00898158 0.024 0.0150546 7 
1 12 18 0.00320152 0.012 0.0125971 3 
2 12 18 0.000903018 0.029 0.0135722 2 
3 12 18 0 0.033 0.0101167 1 
4 12 18 6.37601e-05 0.033 0.0116183 2 
5 12 18 0.00110739 0.027 0.0257636 4 
6 12 18 0 0.049 0.0150127 1 
7 12 18 0 0.03 0.0113178 1 
8 12 18 0 0.04 0.0137308 1 
9 12 18 0 0.005 0.0120073 1 
10 12 18 0 0.002 0.0135493 1 
11 12 18 0 0.016 0.0128383 1 
12 12 18 0.00362887 0.004 0.0126242 3 
13 12 18 0 0.014 0.0140068 1 
14 12 18 1.9748e-05 0.007 0.0131352 2 
15 12 18 0 0.037 0.0149568 1 
16 12 18 0 0.013 0.0157734 1 
17 12 18 0 0.028 0.0120893 1 
18 12 18 0.000959441 0.035 0.0125462 2 
19 12 18 0.0144336 0.032 0.011765 7 
20 12 18 0 0.043 0.00899914 1 
21 12 18 0 0.022 0.0113377 1 
22 12 18 0 0.041 0.0121735 1 
23 12 18 0.00121934 0.047 0.0131918 2 
24 12 18 0 0.012 0.0109429 1 
25 12 18 0.000144337 0.035 0.012771 2 
26 12 18 0 0.042 0.012691 1 
27 12 18 0 0.03 0.0148899 1 
28 12 18 0.00142116 0.005 0.0119409 3 
29 12 18 0.000846595 0.013 0.0137217 2 
30 12 18 0.00250111 0.004 0.0140035 4 
31 12 18 0 0.032 0.0099667 1 
32 12 18 0.00543757 0.022 0.010635 3 
0 12 19 0.0141195 0.026 0.0121848 10 
1 12 19 0 0.019 0.011898 1 
2 12 19 0 0.04 0.0119054 1 
3 12 19 0.00248396 0.032 0.0166607 3 
4 12 19 0.00820341 0.048 0.0271623 1 
5 12 19 0.00564068 0.002 0.0411156 1 
6 12 19 0 0.026 0.00989234 1 
7 12 19 0.00761497 0.045 0.0130171 5 
8 12 19 0 0.007 0.0154078 1 
9 12 19 0 0.036 0.0137941 1 
10 12 19 0 0.038 0.0125107 1 
11 12 19 0 0.038 0.0140256 1 
12 12 19 0.00764341 0.018 0.0147105 9 
13 12 19 0 0.035 0.013951 1 
14 12 19 0.00571949 0.034 0.0135447 5 
15 12 19 0 0.022 0.01515 1 
16 12 19 0 0.025 0.0109154 1 
17 12 19 0 0.034 0.0143373 1 
18 12 19 0.0010761 0.013 0.0118331 2 
19 12 19 0 0.025 0.0118834 1 
20 12 19 0 0.049 0.0098597 1 
21 12 19 0.00365558 0.014 0.0183433 2 
22 12 19 0.00302986 0.005 0.010428 3 
23 12 19 0 0.039 0.0133623 1 
24 12 19 0 0.032 0.00916021 1 
25 12 19 0.00525678 0.016 0.00917693 9 
26 12 19 0.00597067 0.048 0.0117933 6 
27 12 19 0.0504494 0.001 0.0157487 72 
28 12 19 0.000593591 0.015 0.0122248 2 
29 12 19 0.00119063 0.048 0.0142865 2 
30 12 19 0.0197558 0.018 0.0109382 17 
31 12 19 0 0.01 0.0122486 1 
32 12 19 0 0.028 0.0120704 1 
0 12 20 0.00327472 0.043 0.0161462 2 
1 12 20 0.00287164 0.04 0.0130062 5 
2 12 20 0 0.014 0.0118324 1 
3 12 20 0.0113021 0.01 0.0128303 17 
4 12 20 0.00867864 0.04 0.0420876 1 
5 12 20 0.00611713 0.015 0.0401829 1 
6 12 20 0 0.019 0.0128154 1 
7 12 20 0.00138855 0.003 0.0154699 4 
8 12 20 0.00387418 0.016 0.0280537 1 
9 12 20 0.00614695 0.009 0.0113893 7 
10 12 20 0 0.027 0.0131178 1 
11 12 20 0 0.026 0.012457 1 
12 12 20 0 0.012 0.0128226 1 
13 12 20 0 0.016 0.0120433 1 
14 12 20 0.0431327 0.018 0.0124291 22 
15 12 20 0 0.02 0.0142735 1 
16 12 20 0 0.018 0.0123171 1 
17 12 20 0.0107513 0.02 0.0154843 5 
18 12 20 0 0.035 0.0144301 1 
19 12 20 0.000372365 0.028 0.0125859 2 
20 12 20 0 0.037 0.0131043 1 
21 12 20 0.00602156 0.015 0.0122539 4 
22 12 20 7.29896e-06 0.018 0.0144553 2 
23 12 20 0.00558397 0.029 0.0130482 5 
24 12 20 0 0.014 0.0168805 1 
25 12 20 0 0.014 0.00875859 1 
26 12 20 0.00960124 0.018 0.0116248 9 
27 12 20 0 0.002 0.0111353 1 
28 12 20 0.000961038 0.048 0.0136891 2 
29 12 20 0 0.013 0.0117936 1 
30 12 20 0.00289996 0.008 0.0131 4 
31 12 20 0 0.003 0.0109258 1 
32 12 20 0 0.049 0.0127628 1 
0 12 21 0 0.006 0.0141519 1 
1 12 21 0.00958721 0.013 0.0134256 13 
2 12 21 0 0.033 0.00890349 1 
3 12 21 0 0.012 0.011644 1 
4 12 21 0 0.033 0.0116006 1 
5 12 21 0 0.025 0.013656 1 
6 12 21 0 0.016 0.0129956 1 
7 12 21 3.59948e-05 0.014 0.0117579 2 
8 12 21 0 0.014 0.0123088 1 
9 12 21 0 0.044 0.0126415 1 
10 12 21 0.00749337 0.018 0.01433 9 
11 12 21 0.00113477 0.044 0.0151792 2 
12 12 21 0.00358616 0.012 0.00898659 5 
13 12 21 0.00669298 0.027 0.0111771 6 
14 12 21 0.052665 0.001 0.0111241 51 
15 12 21 0 0.035 0.0133178 1 
16 12 21 0 0.014 0.0134519 1 
17 12 21 0 0.043 0.0133666 1 
18 12 21 0.00107757 0.036 0.0144309 2 
19 12 21 0 0.048 0.0127475 1 
20 12 21 0.000106189 0.016 0.0121097 2 
21 12 21 0 0.035 0.0145356 1 
22 12 21 0 0.027 0.0129077 1 
23 12 21 0.00144249 0.033 0.014855 3 
24 12 21 0 0.047 0.018454 1 
25 12 21 0 0.009 0.012197 1 
26 12 21 0.0134404 0.013 0.0124964 9 
27 12 21 0.0034303 0.006 0.012768 5 
28 12 21 0.00107757 0.025 0.0105647 2 
29 12 21 0 0.043 0.0143761 1 
30 12 21 0.00752483 0.025 0.0122193 11 
31 12 21 6.51507e-06 0.007 0.0130236 2 
32 12 21 0.00869137 0.005 0.00959971 7 
0 12 22 0.00253818 0.006 0.014962 4 
1 12 22 0 0.039 0.013586 1 
2 12 22 0 0.028 0.0142942 1 
3 12 22 0 0.038 0.01346 1 
4 12 22 0.000330813 0.023 0.0123213 3 
5 12 22 0.00254251 0.021 0.0103724 4 
6 12 22 0 0.012 0.0123445 1 
7 12 22 0.00352223 0.002 0.0120485 5 
8 12 22 0.00199652 0.017 0.0141165 2 
9 12 22 0.00128661 0.019 0.0151983 3 
10 12 22 0 0.033 0.0124743 1 
11 12 22 0.000906139 0.048 0.0132263 2 
12 12 22 0 0.046 0.012071 1 
13 12 22 0.00107663 0.042 0.0125843 3 
14 12 22 0 0.036 0.0128675 1 
15 12 22 0 0.047 0.0133214 1 
16 12 22 0 0.003 0.0102011 1 
17 12 22 0 0.041 0.0128861 1 
18 12 22 0 0.047 0.0136194 1 
19 12 22 0 0.019 0.0128164 1 
20 12 22 0 0.03 0.0170766 1 
21 12 22 0 0.044 0.01563 1 
22 12 22 0 0.03 0.0148461 1 
23 12 22 0 0.001 0.0100487 1 
24 12 22 0 0.04 0.0136339 1 
25 12 22 0.0135079 0.009 0.0118535 17 
26 12 22 0.000899884 0.034 0.0122577 8 
27 12 22 0.0210894 0.002 0.0149421 22 
28 12 22 0 0.028 0.0124622 1 
29 12 22 0 0.012 0.0152991 1 
30 12 22 0 0.037 0.0151032 1 
31 12 22 0 0.015 0.0147986 1 
32 12 22 3.06391e-05 0.004 0.0106177 2 
0 12 23 0.00620452 0.021 0.0124101 4 
1 12 23 0 0.041 0.0156873 1 
2 12 23 0 0.049 0.0164126 1 
3 12 23 0 0.03 0.0155532 1 
4 12 23 0.0101038 0.037 0.0282736 1 
5 12 23 0.00754598 0.044 0.0395433 1 
6 12 23 0 0.031 0.0122141 1 
7 12 23 0 0.009 0.0125902 1 
8 12 23 0 0.015 0.0107002 1 
9 12 23 0 0.04 0.0139083 1 
10 12 23 3.40835e-06 0.027 0.0113849 2 
11 12 23 6.91332e-05 0.011 0.0103823 2 
12 12 23 0 0.044 0.0151439 1 
13 12 23 0.00071954 0.011 0.0116839 2 
14 12 23 0 0.006 0.0115352 1 
15 12 23 0.0010218 0.045 0.0122597 2 
16 12 23 0.0010218 0.026 0.00955992 2 
17 12 23 0 0.025 0.0137129 1 
18 12 23 0 0.048 0.0160137 1 
19 12 23 0 0.047 0.0139533 1 
20 12 23 0 0.042 0.00956392 1 
21 12 23 0.0018923 0.029 0.0130621 3 
22 12 23 0.000355844 0.003 0.00896225 5 
23 12 23 0 0.04 0.0123406 1 
24 12 23 0 0.043 0.0125314 1 
25 12 23 0 0.048 0.0111313 1 
26 12 23 0.00179967 0.009 0.0128138 2 
27 12 23 0 0.033 0.012215 1 
28 12 23 0 0.005 0.0138392 1 
29 12 23 0 0.037 0.0119269 1 
30 12 23 0 0.021 0.0104621 1 
31 12 23 0 0.035 0.0136037 1 
32 12 23 0 0.046 0.0117004 1 
0 12 24 0.0196335 0.014 0.0117825 22 
1 12 24 0 0.044 0.0152542 1 
2 12 24 0 0.033 0.0122547 1 
3 12 24 0 0.012 0.0162281 1 
4 12 24 0.00179972 0.034 0.0151443 3 
5 12 24 0.0080222 0.04 0.0397286 1 
6 12 24 0.000738954 0.025 0.0133999 2 
7 12 24 0 0.016 0.0142446 1 
8 12 24 0.00358559 0.014 0.0170596 1 
9 12 24 0 0.023 0.0174137 1 
10 12 24 0 0.018 0.0136293 1 
11 12 24 0.000907655 0.016 0.0131823 2 
12 12 24 0.00220984 0.018 0.012773 4 
13 12 24 0.00560083 0.016 0.0121942 7 
14 12 24 0 0.015 0.0102045 1 
15 12 24 0 0.044 0.01378 1 
16 12 24 0.00102012 0.028 0.0118315 2 
17 12 24 0 0.03 0.0127354 1 
18 12 24 0 0.005 0.0166302 1 
19 12 24 0 0.037 0.011929 1 
20 12 24 0.00438834 0.016 0.0141462 2 
21 12 24 0.00474636 0.03 0.0121862 2 
22 12 24 0 0.019 0.014217 1 
23 12 24 0.00666477 0.016 0.014388 4 
24 12 24 0.000963888 0.038 0.0133112 2 
25 12 24 0.0195565 0.008 0.0129286 20 
26 12 24 0 0.038 0.0104866 1 
27 12 24 0 0.036 0.0108255 1 
28 12 24 0 0.035 0.0112012 1 
29 12 24 0 0.026 0.0145712 1 
30 12 24 0 0.004 0.00960465 1 
31 12 24 2.78788e-06 0.046 0.0126042 2 
32 12 24 0.00100349 0.009 0.0158793 2 
0 12 25 0 0.006 0.0126522 1 
1 12 25 0.000128171 0.006 0.0126065 2 
2 12 25 0 0.006 0.0120868 1 
3 12 25 0.00942146 0.009 0.0138296 7 
4 12 25 0 0.005 0.0128514 1 
5 12 25 0 0.03 0.0127259 1 
6 12 25 0 0.007 0.0153429 1 
7 12 25 0 0.048 0.0121283 1 
8 12 25 0 0.031 0.0106362 1 
9 12 25 0 0.038 0.0135635 1 
10 12 25 0 0.049 0.0134513 1 
11 12 25 0 0.025 0.00962228 1 
12 12 25 0 0.01 0.0136912 1 
13 12 25 0.0001858 0.018 0.0115315 3 
14 12 25 0.00852571 0.025 0.0113618 9 
15 12 25 0 0.038 0.0153853 1 
16 12 25 0.0008958 0.017 0.0102122 2 
17 12 25 0.00737905 0.016 0.0142574 7 
18 12 25 0 0.021 0.0141514 1 
19 12 25 0 0.015 0.0112212 1 
20 12 25 0 0.037 0.0118593 1 
21 12 25 0.00121747 0.028 0.0127479 2 
22 12 25 0 0.021 0.0163404 1 
23 12 25 0.00580619 0.024 0.0130406 3 
24 12 25 0 0.042 0.00794248 1 
25 12 25 0 0.043 0.0124862 1 
26 12 25 0.001319 0.032 0.0131403 2 
27 12 25 0 0.006 0.0124099 1 
28 12 25 0.00147839 0.002 0.0166321 3 
29 12 25 0 0.04 0.0110312 1 
30 12 25 0 0.034 0.0117805 1 
31 12 25 2.37431e-07 0.007 0.0111442 2 
32 12 25 0.00957292 0.013 0.0138065 9 
0 12 26 0 0.011 0.00959605 1 
1 12 26 0 0.005 0.0121871 1 
2 12 26 0.00233994 0.037 0.0157661 4 
3 12 26 0 0.047 0.0115456 1 
4 12 26 0 0.011 0.145918 7 
5 12 26 0.00936872 0.02 0.038164 1 
6 12 26 0 0.029 0.0166625 1 
7 12 26 0 0.005 0.0123952 1 
8 12 26 0 0.022 0.0147404 1 
9 12 26 0 0.007 0.0106019 1 
10 12 26 0 0.036 0.0162406 1 
11 12 26 0 0.01 0.0133137 1 
12 12 26 0 0.044 0.0113234 1 
13 12 26 0.000926775 0.028 0.011459 2 
14 12 26 0 0.009 0.0153114 3 
15 12 26 0 0.003 0.0135867 1 
16 12 26 0.00103207 0.024 0.014205 2 
17 12 26 0.0105915 0.007 0.0112134 4 
18 12 26 0 0.033 0.0116189 1 
19 12 26 0 0.028 0.0127553 1 
20 12 26 0.00285127 0.011 0.0104505 4 
21 12 26 0.00172548 0.044 0.0133218 3 
22 12 26 0.00991859 0.014 0.0105906 13 
23 12 26 0.0134011 0.013 0.00972565 14 
24 12 26 0.000975163 0.034 0.0160085 2 
25 12 26 0.00352026 0.046 0.0154963 5 
26 12 26 0 0.002 0.0123001 1 
27 12 26 0.00380459 0.042 0.0129291 2 
28 12 26 0 0.035 0.0128699 1 
29 12 26 0 0.03 0.0125604 1 
30 12 26 0.00125895 0.018 0.0102179 2 
31 12 26 6.23502e-06 0.028 0.0139441 2 
32 12 26 0.00430584 0.02 0.0110709 2 
0 12 27 0 0.014 0.0139216 1 
1 12 27 0 0.008 0.0138496 1 
2 12 27 0.00222 0.041 0.0111164 4 
3 12 27 0 0.031 0.0132689 1 
4 12 27 0.0101277 0.044 0.0236119 1 
5 12 27 0.00984691 0.019 0.037899 1 
6 12 27 0.00132382 0.006 0.0154916 2 
7 12 27 0 0.025 0.0117784 1 
8 12 27 0 0.02 0.0149396 1 
9 12 27 0 0.012 0.01513 1 
10 12 27 0 0.044 0.0122599 1 
11 12 27 0 0.026 0.0118179 1 
12 12 27 0 0.023 0.0114957 1 
13 12 27 0 0.035 0.0128372 1 
14 12 27 0 0.037 0.0145844 1 
15 12 27 0.00103505 0.011 0.0114261 2 
16 12 27 0.00103505 0.047 0.0138618 2 
17 12 27 0.0261489 0.005 0.0109896 50 
18 12 27 0.0010928 0.038 0.0147992 2 
19 12 27 0 0.032 0.0126587 1 
20 12 27 0 0.045 0.0104016 1 
21 12 27 0.00187244 0.023 0.0111455 3 
22 12 27 0.0104471 0.024 0.0137221 8 
23 12 27 0.000388142 0.01 0.0105643 2 
24 12 27 0.000602683 0.042 0.0129178 2 
25 12 27 0.0328266 0.006 0.0114143 26 
26 12 27 0 0.028 0.0126909 1 
27 12 27 0 0.049 0.0129799 1 
28 12 27 0 0.039 0.00998493 1 
29 12 27 0 0.024 0.012762 1 
30 12 27 0 0.014 0.0151272 1 
31 12 27 0 0.034 0.0133218 1 
32 12 27 0 0.014 0.013749 1 
0 12 28 0.058737 0.004 0.0159655 52 
1 12 28 0.0053846 0.045 0.0140077 4 
2 12 28 0.00232671 0.024 0.0146769 4 
3 12 28 0 0.007 0.0120924 1 
4 12 28 0.0107988 0.034 0.0293048 1 
5 12 28 8.42963e-06 0.044 0.0139415 2 
6 12 28 0 0.024 0.010961 1 
7 12 28 0 0.014 0.0143919 1 
8 12 28 0.00586293 0.026 0.0184772 1 
9 12 28 0.00295745 0.029 0.0157809 2 
10 12 28 0 0.003 0.0142169 1 
11 12 28 0 0.004 0.0141615 1 
12 12 28 0.00597085 0.045 0.0107602 2 
13 12 28 0.0386492 0.003 0.0148965 47 
14 12 28 0.0152141 0.023 0.00952789 10 
15 12 28 0 0.043 0.0139114 1 
16 12 28 0 0.048 0.0103528 1 
17 12 28 0.00130103 0.003 0.0140505 3 
18 12 28 0 0.047 0.0142036 1 
19 12 28 0 0.013 0.00984255 1 
20 12 28 0.00340424 0.012 0.010934 5 
21 12 28 0.00454674 0.048 0.0119089 2 
22 12 28 0.017444 0.014 0.0146348 10 
23 12 28 0.0158722 0.03 0.0111699 11 
24 12 28 0.00112112 0.013 0.0131192 2 
25 12 28 0.0423022 0.007 0.0124558 33 
26 12 28 0 0.038 0.0147362 1 
27 12 28 0.00301746 0.045 0.0127423 2 
28 12 28 0 0.044 0.0105121 1 
29 12 28 0 0.038 0.0183747 1 
30 12 28 0 0.029 0.013623 1 
31 12 28 0.000177659 0.026 0.011923 2 
32 12 28 0.0133687 0.027 0.0121554 10 
0 12 29 0.000299415 0.002 0.0114076 3 
1 12 29 0 0.023 0.0115753 1 
2 12 29 0.000453428 0.01 0.0151393 3 
3 12 29 0 0.026 0.0130601 1 
4 12 29 0.00342936 0.022 0.0133098 8 
5 12 29 0 0.018 0.0108708 1 
6 12 29 0 0.037 0.0137263 1 
7 12 29 0.00589266 0.046 0.0123577 5 
8 12 29 0.00634435 0.04 0.0264961 1 
9 12 29 0 0.046 0.0141101 1 
10 12 29 0 0.042 0.0134866 1 
11 12 29 0 0.03 0.012396 1 
12 12 29 0.00291315 0.022 0.010264 9 
13 12 29 0 0.019 0.0130329 1 
14 12 29 0 0.024 0.0117723 1 
15 12 29 0 0.026 0.0163516 1 
16 12 29 0 0.001 0.0123148 1 
17 12 29 0.0294349 0.005 0.0138644 34 
18 12 29 0 0.046 0.0112216 1 
19 12 29 0 0.041 0.0147305 1 
20 12 29 0.000280892 0.01 0.0112452 3 
21 12 29 0 0.003 0.0108108 1 
22 12 29 0.0109972 0.028 0.0108666 6 
23 12 29 0.00657861 0.049 0.0121847 2 
24 12 29 0 0.015 0.014146 1 
25 12 29 0.0643408 0.001 0.0127223 70 
26 12 29 0 0.001 0.00847633 1 
27 12 29 0 0.022 0.0166716 1 
28 12 29 0.00124725 0.002 0.0093529 2 
29 12 29 0 0.03 0.0160749 1 
30 12 29 0.00233888 0.002 0.0100813 2 
31 12 29 0 0.024 0.0131909 1 
32 12 29 0.00772714 0.019 0.0128162 6 
0 12 30 0 0.02 0.0142266 1 
1 12 30 0.00185798 0.002 0.00893303 2 
2 12 30 0.00178086 0.007 0.00959543 3 
3 12 30 0 0.02 0.0129987 1 
4 12 30 0.000765492 0.049 0.0106732 2 
5 12 30 0 0.013 0.0148645 1 
6 12 30 0 0.043 0.0123452 1 
7 12 30 0.00109708 0.022 0.0101938 2 
8 12 30 0 0.001 0.0161325 1 
9 12 30 0 0.029 0.0126026 1 
10 12 30 0 0.001 0.0113308 1 
11 12 30 0 0.013 0.0169245 1 
12 12 30 0.00195494 0.004 0.0136577 5 
13 12 30 0.00796288 0.039 0.0110814 7 
14 12 30 0 0.036 0.0120254 1 
15 12 30 0 0.037 0.0140877 1 
16 12 30 0 0.038 0.0124571 1 
17 12 30 0 0.013 0.0116713 1 
18 12 30 0 0.018 0.0110933 1 
19 12 30 0.00511078 0.025 0.0117541 6 
20 12 30 0 0.027 0.0121168 1 
21 12 30 0 0.003 0.0165293 1 
22 12 30 0 0.001 0.0130958 1 
23 12 30 0 0.009 0.0138455 1 
24 12 30 0 0.042 0.0107261 1 
25 12 30 0 0.046 0.0124978 1 
26 12 30 0 0.032 0.0170048 1 
27 12 30 0.0015178 0.004 0.012226 3 
28 12 30 0 0.038 0.0161541 1 
29 12 30 0 0.032 0.0132051 1 
30 12 30 0 0.04 0.0144125 1 
31 12 30 0 0.039 0.0102677 1 
32 12 30 0 0.005 0.0155172 1 
0 12 31 0 0.022 0.0150711 1 
1 12 31 0 0.019 0.0161406 1 
2 12 31 0 0.015 0.0149023 1 
3 12 31 0.00275199 0.017 0.0134777 9 
4 12 31 0 0.02 0.0171082 1 
5 12 31 0 0.017 0.0126488 1 
6 12 31 0 0.003 0.0153129 1 
7 12 31 0 0.016 0.0154518 1 
8 12 31 0.00730694 0.041 0.0228987 1 
9 12 31 0.00936019 0.014 0.0127692 7 
10 12 31 0 0.025 0.0156935 1 
11 12 31 0.00233942 0.028 0.0129327 4 
12 12 31 0 0.034 0.0123798 1 
13 12 31 0 0.042 0.0108159 1 
14 12 31 0 0.048 0.0146731 1 
15 12 31 0 0.048 0.0146138 1 
16 12 31 0.00118699 0.021 0.0163405 2 
17 12 31 0.00266291 0.016 0.0110875 3 
18 12 31 0 0.004 0.0141994 1 
19 12 31 0.0069481 0.01 0.011332 4 
20 12 31 0.00432618 0.042 0.00984638 4 
21 12 31 0.00393247 0.043 0.0144062 3 
22 12 31 0.00565933 0.006 0.0157902 12 
23 12 31 0 0.002 0.0120238 1 
24 12 31 0 0.033 0.0192466 1 
25 12 31 0 0.045 0.0134361 1 
26 12 31 0.00489158 0.008 0.00982111 3 
27 12 31 0.00440872 0.012 0.0117858 15 
28 12 31 0 0.034 0.0134246 1 
29 12 31 0.00252618 0.044 0.0113394 4 
30 12 31 0 0.005 0.0124093 1 
31 12 31 0.000155062 0.044 0.00852884 2 
32 12 31 0.00550665 0.023 0.0112078 6 
0 12 32 0.00488053 0.01 0.0119601 10 
1 12 32 0.000239619 0.013 0.0127941 4 
2 12 32 0 0.002 0.015857 1 
3 12 32 0.00148982 0.022 0.0128257 2 
4 12 32 0 0.048 0.0140739 1 
5 12 32 0.0101506 0.012 0.0418485 1 
6 12 32 0 0.048 0.0144096 1 
7 12 32 0 0.043 0.0130058 1 
8 12 32 0 0.023 0.0126709 1 
9 12 32 3.78758e-05 0.003 0.012933 2 
10 12 32 0 0.019 0.0131082 1 
11 12 32 0.00231238 0.017 0.0129856 4 
12 12 32 0 0.038 0.0103985 1 
13 12 32 0.023105 0.013 0.0140501 18 
14 12 32 0 0.034 0.0103936 1 
15 12 32 0 0.022 0.0093805 1 
16 12 32 0.00118554 0.029 0.0126237 2 
17 12 32 0 0.025 0.0147521 1 
18 12 32 0 0.024 0.0120175 1 
19 12 32 0.00100806 0.021 0.0132577 2 
20 12 32 0 0.021 0.0144132 1 
21 12 32 0 0.039 0.0165309 1 
22 12 32 0.0242988 0.002 0.014458 16 
23 12 32 0 0.047 0.010018 1 
24 12 32 0 0.015 0.0136782 1 
25 12 32 0.00168404 0.04 0.0118398 2 
26 12 32 5.09506e-06 0.008 0.0112204 2 
27 12 32 0 0.01 0.00915623 1 
28 12 32 0.00112458 0.01 0.0111807 2 
29 12 32 0.00217415 0.026 0.0160069 4 
30 12 32 0.00862677 0.038 0.0127099 2 
31 12 32 0 0.012 0.0154232 1 
32 12 32 0.0142933 0.008 0.0129774 15 
0 12 33 0.00812551 0.031 0.015401 4 
1 12 33 1.38602e-05 0.016 0.0114315 2 
2 12 33 0 0.03 0.0105439 1 
3 12 33 0 0.005 0.0151034 1 
4 12 33 0.000236386 0.034 0.0116932 2 
5 12 33 0.000206162 0.041 0.0115572 2 
6 12 33 0 0.003 0.0122059 1 
7 12 33 0 0.021 0.0112805 1 
8 12 33 0 0.01 0.0128243 1 
9 12 33 1.25558e-05 0.005 0.0120105 4 
10 12 33 0 0.023 0.0121789 1 
11 12 33 0 0.043 0.0120149 1 
12 12 33 0.00024736 0.001 0.00980987 2 
13 12 33 0 0.025 0.0123733 1 
14 12 33 0 0.01 0.00842054 1 
15 12 33 0 0.03 0.013584 1 
16 12 33 0.00118878 0.029 0.0116309 2 
17 12 33 2.27263e-05 0.006 0.0162954 2 
18 12 33 0.00125059 0.041 0.0115484 2 
19 12 33 0 0.011 0.0127402 1 
20 12 33 0 0.011 0.0138996 1 
21 12 33 0 0.039 0.0144512 1 
22 12 33 0.00345192 0.042 0.0135283 4 
23 12 33 0.00413451 0.01 0.0146522 4 
24 12 33 0 0.041 0.0117422 1 
25 12 33 0.0146802 0.013 0.01324 18 
26 12 33 0 0.003 0.0143961 1 
27 12 33 0 0.013 0.0106789 1 
28 12 33 0 0.016 0.0153746 1 
29 12 33 0 0.021 0.0108582 1 
30 12 33 0.00194121 0.026 0.0111074 4 
31 12 33 0 0.034 0.0119138 1 
32 12 33 0.045358 0.002 0.014089 46 
0 12 34 0.0121691 0.007 0.0142481 13 
1 12 34 0 0.048 0.0141371 1 
2 12 34 0.00121706 0.007 0.0105534 2 
3 12 34 0.00319041 0.013 0.00909634 5 
4 12 34 0.00249679 0.044 0.0312062 1 
5 12 34 0 0.026 0.017218 1 
6 12 34 0 0.021 0.0151944 1 
7 12 34 0.00176251 0.037 0.0133552 2 
8 12 34 0.00220376 0.012 0.0219494 1 
9 12 34 0 0.042 0.0113358 1 
10 12 34 0 0.007 0.0149835 1 
11 12 34 0 0.007 0.012531 1 
12 12 34 0.00116683 0.022 0.0105116 5 
13 12 34 0 0.037 0.0140501 1 
14 12 34 0 0.002 0.0108102 1 
15 12 34 0.00134742 0.001 0.0147948 2 
16 12 34 0 0.01 0.0161175 1 
17 12 34 0 0.011 0.0127437 1 
18 12 34 0.00128224 0.045 0.0123412 2 
19 12 34 0 0.019 0.0150372 1 
20 12 34 0 0.004 0.00675729 1 
21 12 34 0 0.002 0.0140875 1 
22 12 34 0.000660269 0.002 0.0170657 2 
23 12 34 0 0.023 0.0113519 1 
24 12 34 0 0.046 0.0110672 1 
25 12 34 0.00141022 0.038 0.0138625 2 
26 12 34 0.0102847 0.007 0.012166 10 
27 12 34 0 0.02 0.0124703 1 
28 12 34 0 0.006 0.0183349 1 
29 12 34 0 0.024 0.0115918 1 
30 12 34 0.00413819 0.039 0.0126151 3 
31 12 34 0 0.043 0.0145931 1 
32 12 34 0 0.029 0.0110663 1 
0 12 35 0.0495465 0.004 0.0120748 42 
1 12 35 0.000699271 0.017 0.0116466 2 
2 12 35 0.00266716 0.031 0.0140959 4 
3 12 35 0 0.027 0.0128847 1 
4 12 35 0 0.039 0.0133969 1 
5 12 35 0 0.009 0.0121456 1 
6 12 35 0 0.002 0.014127 1 
7 12 35 0 0.044 0.0162803 1 
8 12 35 0.000558553 0.001 0.0350689 1 
9 12 35 0.00110583 0.021 0.0115753 2 
10 12 35 0.00362284 0.001 0.0387103 1 
11 12 35 0.00163022 0.048 0.0154605 3 
12 12 35 0 0.008 0.0134764 1 
13 12 35 0.0112355 0.024 0.0109743 2 
14 12 35 0 0.003 0.00949356 1 
15 12 35 0 0.035 0.0141466 1 
16 12 35 0 0.03 0.0146221 1 
17 12 35 0 0.037 0.014693 1 
18 12 35 0 0.023 0.0121103 1 
19 12 35 0 0.003 0.0134015 1 
20 12 35 0.00465888 0.009 0.0159285 2 
21 12 35 0 0.017 0.0129569 1 
22 12 35 0.00698157 0.007 0.0155574 10 
23 12 35 0.00470615 0.039 0.0154699 3 
24 12 35 0.00126511 0.015 0.0136373 2 
25 12 35 0 0.046 0.0105128 1 
26 12 35 0.0101078 0.023 0.0137512 12 
27 12 35 4.66621e-05 0.003 0.0114115 2 
28 12 35 0 0.044 0.0149791 1 
29 12 35 0.00139021 0.019 0.0115843 2 
30 12 35 0 0.017 0.00815593 1 
31 12 35 0.00679975 0.038 0.0138064 6 
32 12 35 0 0.02 0.0114696 1 
0 12 36 0 0.014 0.0105975 1 
1 12 36 0.00186565 0.035 0.0121432 4 
2 12 36 0.00265304 0.049 0.0149747 4 
3 12 36 0 0.012 0.0143336 1 
4 12 36 0.00359668 0.001 0.0339317 1 
5 12 36 0 0.044 0.0161568 1 
6 12 36 0 0.033 0.0138365 1 
7 12 36 0 0.028 0.0132686 1 
8 12 36 0 0.024 0.0125158 1 
9 12 36 0 0.003 0.0133567 1 
10 12 36 0 0.037 0.0128518 1 
11 12 36 0 0.037 0.0146041 1 
12 12 36 0 0.028 0.0132271 1 
13 12 36 0 0.029 0.0101844 1 
14 12 36 0 0.028 0.0109451 1 
15 12 36 0 0.002 0.0126105 1 
16 12 36 0 0.032 0.0115621 1 
17 12 36 0 0.035 0.0105361 1 
18 12 36 0 0.01 0.0183841 1 
19 12 36 0.0304444 0.001 0.0101428 36 
20 12 36 0.00595993 0.035 0.0101585 6 
21 12 36 0 0.04 0.0121439 1 
22 12 36 0 0.019 0.0133862 1 
23 12 36 0.0191062 0.005 0.0141622 16 
24 12 36 0 0.048 0.0154634 1 
25 12 36 0.0523216 0.003 0.0141707 49 
26 12 36 0 0.041 0.0120565 1 
27 12 36 0 0.028 0.0119375 1 
28 12 36 0.00113959 0.025 0.0130697 2 
29 12 36 0 0.027 0.0146558 1 
30 12 36 0.0605075 0.001 0.0160609 77 
31 12 36 0 0.031 0.0152796 2 
32 12 36 0 0.026 0.0149024 1 
0 12 37 0 0.035 0.0108317 1 
1 12 37 0.00976717 0.004 0.0141858 8 
2 12 37 0 0.016 0.0151049 1 
3 12 37 0 0.023 0.0156092 1 
4 12 37 0 0.018 0.0145436 1 
5 12 37 0 0.043 0.0148889 1 
6 12 37 0 0.02 0.0156468 1 
7 12 37 0.0370133 0.016 0.0134573 17 
8 12 37 0 0.004 0.0111298 1 
9 12 37 0.00527702 0.009 0.0135011 8 
10 12 37 0.00190158 0.029 0.0114676 2 
11 12 37 0 0.038 0.0109826 1 
12 12 37 0 0.042 0.00981102 1 
13 12 37 0 0.009 0.0131423 1 
14 12 37 0 0.011 0.0154185 1 
15 12 37 0 0.011 0.0133614 1 
16 12 37 0 0.023 0.0128361 1 
17 12 37 0 0.043 0.0120089 1 
18 12 37 0 0.038 0.0136575 1 
19 12 37 0.00327173 0.012 0.0122125 12 
20 12 37 0.00178511 0.026 0.0107323 2 
21 12 37 0 0.03 0.0135988 1 
22 12 37 0.0213649 0.001 0.0158328 26 
23 12 37 0 0.003 0.0112415 1 
24 12 37 0 0.016 0.0118458 1 
25 12 37 0 0.004 0.00884863 1 
26 12 37 0.00331244 0.014 0.0105046 3 
27 12 37 0 0.019 0.0135722 2 
28 12 37 0 0.04 0.0141049 1 
29 12 37 0.00139176 0.017 0.0135743 2 
30 12 37 0 0.036 0.0149076 1 
31 12 37 2.33532e-05 0.023 0.0117232 2 
32 12 37 0.000729961 0.023 0.0104095 2 
0 12 38 0.00322268 0.006 0.0108512 3 
1 12 38 0.00171475 0.01 0.0119797 4 
2 12 38 0 0.004 0.0151791 1 
3 12 38 0.00285982 0.04 0.0103096 3 
4 12 38 0 0.029 0.0165733 1 
5 12 38 0 0.009 0.015103 1 
6 12 38 0.00103589 0.001 0.014733 2 
7 12 38 0.00807117 0.016 0.0117416 3 
8 12 38 0.0023681 0.013 0.0143086 4 
9 12 38 0 0.033 0.0123477 1 
10 12 38 0 0.025 0.011957 1 
11 12 38 0 0.032 0.0105478 1 
12 12 38 0.00259014 0.038 0.0149984 3 
13 12 38 0.0196737 0.018 0.0135102 11 
14 12 38 0 0.012 0.0167731 1 
15 12 38 0 0.012 0.0150664 1 
16 12 38 0 0.043 0.0158573 1 
17 12 38 1.91951e-05 0.01 0.0127213 2 
18 12 38 0.00129949 0.041 0.0097076 2 
19 12 38 0.0056743 0.005 0.0118167 5 
20 12 38 0.0168534 0.013 0.0104299 11 
21 12 38 0 0.046 0.0120393 1 
22 12 38 0.000101525 0.003 0.0141492 2 
23 12 38 0.00507937 0.02 0.0155766 10 
24 12 38 0 0.039 0.014871 1 
25 12 38 0.0128483 0.012 0.0142537 16 
26 12 38 0.0199219 0.04 0.0129406 7 
27 12 38 0 0.014 0.0148047 1 
28 12 38 0 0.023 0.0182012 1 
29 12 38 0 0.011 0.012499 1 
30 12 38 0.0135921 0.006 0.0114845 19 
31 12 38 0.0045309 0.041 0.0132872 5 
32 12 38 0 0.018 0.011725 1 
0 12 39 0.0243608 0.032 0.0136079 8 
1 12 39 0.00219603 0.005 0.0136026 2 
2 12 39 0 0.048 0.0125345 1 
3 12 39 0.00217539 0.03 0.0115199 3 
4 12 39 0 0.039 0.0126805 1 
5 12 39 0 0.046 0.0140774 1 
6 12 39 0.00170235 0.01 0.0114062 2 
7 12 39 0.000444056 0.024 0.0129429 2 
8 12 39 0.00235895 0.033 0.0151096 4 
9 12 39 0.0229192 0.016 0.00948814 19 
10 12 39 0 0.032 0.0128837 1 
11 12 39 0.00150209 0.012 0.0148791 2 
12 12 39 0.00154632 0.024 0.0138709 2 
13 12 39 0.00380739 0.044 0.0129868 8 
14 12 39 0 0.016 0.0178433 1 
15 12 39 0 0.008 0.0129533 1 
16 12 39 0 0.025 0.015067 1 
17 12 39 0 0.028 0.0103383 1 
18 12 39 0 0.003 0.0117195 1 
19 12 39 0 0.045 0.00863407 1 
20 12 39 0 0.026 0.0150999 1 
21 12 39 0 0.031 0.0134096 1 
22 12 39 0.00879454 0.04 0.0100597 6 
23 12 39 0.00533209 0.035 0.012347 6 
24 12 39 0 0.001 0.0166985 1 
25 12 39 0 0.041 0.0112683 1 
26 12 39 0 0.028 0.0154907 1 
27 12 39 0 0.015 0.014409 1 
28 12 39 0 0.039 0.0122228 1 
29 12 39 0 0.019 0.0145098 1 
30 12 39 0.00257268 0.001 0.0110713 5 
31 12 39 0 0.019 0.00895711 1 
32 12 39 0 0.043 0.0129328 1 
0 12 40 0.0318286 0.001 0.0131051 27 
1 12 40 0 0.004 0.0136159 1 
2 12 40 0 0.039 0.0148141 1 
3 12 40 0 0.042 0.0112752 1 
4 12 40 0.00340902 0.017 0.0435521 1 
5 12 40 0 0.041 0.0118292 1 
6 12 40 0.00103817 0.006 0.0120048 2 
7 12 40 0.00360645 0.019 0.0126357 3 
8 12 40 0.000951893 0.039 0.0131183 2 
9 12 40 0 0.047 0.0101479 1 
10 12 40 0 0.031 0.0104718 1 
11 12 40 0 0.015 0.0119196 1 
12 12 40 8.71324e-06 0.004 0.0149344 2 
13 12 40 0.000238157 0.008 0.0141706 3 
14 12 40 0 0.006 0.0118855 1 
15 12 40 0.00136729 0.033 0.0151193 2 
16 12 40 0 0.043 0.0134041 1 
17 12 40 0 0.046 0.00968681 1 
18 12 40 0 0.019 0.0158891 1 
19 12 40 0.0288958 0.003 0.0134739 31 
20 12 40 0.0341635 0.004 0.0161646 32 
21 12 40 0 0.032 0.0134591 1 
22 12 40 0 0.047 0.0151122 1 
23 12 40 0.0337855 0.005 0.0125019 38 
24 12 40 0 0.036 0.0100246 1 
25 12 40 0 0.034 0.012053 1 
26 12 40 0.00934841 0.039 0.0102433 5 
27 12 40 0.0035832 0.022 0.0137543 6 
28 12 40 0.00130147 0.009 0.0117133 2 
29 12 40 0.00116982 0.023 0.0133914 2 
30 12 40 0.0133492 0.006 0.016299 28 
31 12 40 0 0.039 0.0120836 1 
32 12 40 0 0.039 0.0115592 1 
0 12 41 0.00149919 0.007 0.0128401 4 
1 12 41 0 0.014 0.0127946 1 
2 12 41 0 0.006 0.0150739 1 
3 12 41 0 0.036 0.0136457 1 
4 12 41 0.00389735 0.005 0.0304184 1 
5 12 41 0 0.035 0.0110491 1 
6 12 41 0.001704 0.037 0.0121383 2 
7 12 41 0 0.042 0.0124241 1 
8 12 41 0 0.043 0.0105763 1 
9 12 41 0.0151842 0.02 0.0109531 13 
10 12 41 0 0.012 0.0147001 1 
11 12 41 0.00150396 0.044 0.0119899 2 
12 12 41 0.00147411 0.011 0.0107628 3 
13 12 41 0 0.038 0.00781866 1 
14 12 41 0 0.028 0.015032 1 
15 12 41 0 0.032 0.0145084 1 
16 12 41 0 0.045 0.0128197 1 
17 12 41 0.00310972 0.028 0.0145304 3 
18 12 41 0 0.011 0.0141346 1 
19 12 41 0 0.025 0.0112665 1 
20 12 41 0 0.032 0.0112926 1 
21 12 41 0.00177068 0.02 0.0123945 2 
22 12 41 0 0.038 0.0129726 1 
23 12 41 0 0.022 0.013996 1 
24 12 41 0 0.046 0.0115331 1 
25 12 41 0 0.016 0.0118139 1 
26 12 41 0.00501559 0.032 0.0139745 6 
27 12 41 0.0201706 0.02 0.014503 12 
28 12 41 0 0.014 0.0131106 1 
29 12 41 0 0.031 0.0101089 1 
30 12 41 0 0.029 0.0126896 1 
31 12 41 0 0.003 0.0143875 1 
32 12 41 0 0.014 0.0110319 1 
0 12 42 0.0118005 0.006 0.0154421 23 
1 12 42 0 0.039 0.0143221 1 
2 12 42 0.00123773 0.024 0.0161326 2 
3 12 42 0 0.034 0.0118408 1 
4 12 42 0 0.03 0.0102969 1 
5 12 42 0 0.045 0.0127685 1 
6 12 42 0.00104048 0.005 0.0103287 2 
7 12 42 0 0.014 0.0130368 1 
8 12 42 0.000475168 0.003 0.0142508 2 
9 12 42 0 0.045 0.0151437 1 
10 12 42 0 0.011 0.0155588 1 
11 12 42 0.00136154 0.004 0.0124742 3 
12 12 42 0.00075816 0.02 0.00918605 3 
13 12 42 0.00228472 0.049 0.0104823 3 
14 12 42 0 0.044 0.0111103 1 
15 12 42 0 0.044 0.0123168 1 
16 12 42 0.00136923 0.01 0.0116493 2 
17 12 42 0.0513012 0.001 0.0114059 55 
18 12 42 0.00302703 0.027 0.0122872 4 
19 12 42 0.00276864 0.018 0.00927499 2 
20 12 42 0 0.048 0.0130206 1 
21 12 42 0 0.009 0.0156503 1 
22 12 42 0.00637097 0.01 0.0151045 11 
23 12 42 0 0.044 0.0108499 1 
24 12 42 0 0.027 0.0122697 1 
25 12 42 0 0.014 0.0153153 1 
26 12 42 0.0044226 0.02 0.0125117 4 
27 12 42 0.0221449 0.003 0.0106244 22 
28 12 42 0 0.021 0.0143867 1 
29 12 42 0 0.042 0.0126425 1 
30 12 42 0.0350017 0.007 0.0125193 27 
31 12 42 0 0.014 0.0095279 1 
32 12 42 0 0.002 0.0151574 1 
0 12 43 0.00591582 0.016 0.0100859 8 
1 12 43 0 0.042 0.0164045 1 
2 12 43 0.00150588 0.021 0.0138742 2 
3 12 43 0 0.04 0.0100663 1 
4 12 43 0 0.019 0.012051 1 
5 12 43 0.002309 0.023 0.0393692 1 
6 12 43 0 0.041 0.012415 1 
7 12 43 0 0.048 0.0152181 1 
8 12 43 0 0.029 0.0168681 1 
9 12 43 0.0134928 0.033 0.0114295 8 
10 12 43 0 0.048 0.0141441 1 
11 12 43 0.00231819 0.049 0.0131929 3 
12 12 43 0.000214525 0.027 0.0113634 2 
13 12 43 0 0.024 0.0107162 1 
14 12 43 0 0.049 0.0123394 1 
15 12 43 0 0.015 0.0161603 1 
16 12 43 0.00137267 0.02 0.0117991 2 
17 12 43 0 0.036 0.0130843 1 
18 12 43 0 0.012 0.0141616 1 
19 12 43 0 0.045 0.0153362 1 
20 12 43 0.00245531 0.048 0.0126108 4 
21 12 43 0 0.049 0.0190005 1 
22 12 43 0 0.046 0.0100023 1 
23 12 43 0 0.025 0.0131348 1 
24 12 43 0 0.037 0.0125634 1 
25 12 43 0.0113499 0.032 0.0139676 6 
26 12 43 0.000919472 0.004 0.0137029 2 
27 12 43 0.0304559 0.008 0.0101345 31 
28 12 43 0 0.04 0.0136719 1 
29 12 43 0 0.018 0.0123631 1 
30 12 43 0 0.039 0.0145802 1 
31 12 43 0 0.014 0.00972899 1 
32 12 43 0 0.015 0.0133294 1 
0 12 44 0.00413498 0.004 0.0133043 3 
1 12 44 0.000222685 0.001 0.013132 2 
2 12 44 0.00123976 0.041 0.0109643 2 
3 12 44 0.00310159 0.001 0.0133459 2 
4 12 44 0.000320287 0.048 0.0181388 2 
5 12 44 0 0.011 0.0139516 1 
6 12 44 0 0.042 0.0158214 1 
7 12 44 0 0.02 0.012144 1 
8 12 44 0.00116654 0.048 0.0110123 3 
9 12 44 0 0.02 0.0106198 1 
10 12 44 0 0.028 0.0135179 1 
11 12 44 0 0.011 0.0190498 1 
12 12 44 0 0.047 0.0137732 1 
13 12 44 0.000496009 0.006 0.0139745 2 
14 12 44 0 0.036 0.0133208 1 
15 12 44 0 0.033 0.0170451 1 
16 12 44 0.00137111 0.034 0.0131979 2 
17 12 44 0.010822 0.013 0.0135608 14 
18 12 44 0 0.037 0.012884 1 
19 12 44 0.0119388 0.001 0.0130679 14 
20 12 44 0.00266177 0.045 0.0117601 3 
21 12 44 0 0.022 0.0111052 1 
22 12 44 0.0190434 0.002 0.0129615 18 
23 12 44 0 0.02 0.0121188 1 
24 12 44 0 0.045 0.015927 1 
25 12 44 0.00163385 0.017 0.0134222 5 
26 12 44 0.00408671 0.038 0.0127652 5 
27 12 44 0.00724077 0.045 0.0120106 2 
28 12 44 0.00130544 0.027 0.0112556 2 
29 12 44 0 0.045 0.0146937 1 
30 12 44 0.0618256 0.003 0.0108627 51 
31 12 44 0 0.046 0.0146533 1 
32 12 44 0 0.032 0.012056 1 
0 12 45 0 0.04 0.0152657 1 
1 12 45 0 0.042 0.0133909 1 
2 12 45 0 0.022 0.0122618 1 
3 12 45 0 0.049 0.0121262 1 
4 12 45 0.000120392 0.024 0.0135874 2 
5 12 45 0.00340899 0.03 0.0449075 1 
6 12 45 0 0.034 0.0106473 1 
7 12 45 0.000435735 0.039 0.0115203 2 
8 12 45 0 0.029 0.0177093 1 
9 12 45 0.0167685 0.007 0.0153772 20 
10 12 45 0 0.022 0.0121621 1 
11 12 45 0 0.029 0.0128091 1 
12 12 45 0 0.029 0.0118078 1 
13 12 45 0.000711164 0.006 0.0163994 4 
14 12 45 0 0.036 0.0119427 1 
15 12 45 0 0.009 0.0127982 1 
16 12 45 0.0012238 0.047 0.0107401 2 
17 12 45 0 0.022 0.0132062 1 
18 12 45 0 0.005 0.015511 1 
19 12 45 0 0.034 0.0108312 1 
20 12 45 0.013004 0.001 0.0111272 15 
21 12 45 0 0.037 0.0145781 1 
22 12 45 0.00140098 0.033 0.00943908 3 
23 12 45 0.0156996 0.003 0.0122761 28 
24 12 45 0 0.009 0.0142004 1 
25 12 45 0 0.047 0.0121962 1 
26 12 45 0.0124514 0.004 0.0122739 19 
27 12 45 0 0.036 0.0137458 1 
28 12 45 0.00128683 0.024 0.0131032 2 
29 12 45 0.00141289 0.021 0.0122663 2 
30 12 45 0 0.013 0.0127722 1 
31 12 45 0 0.049 0.0122146 1 
32 12 45 0 0.04 0.0145679 1 
0 12 46 0.00363918 0.028 0.0123729 3 
1 12 46 0 0.04 0.0143995 1 
2 12 46 0.00206586 0.018 0.0142424 3 
3 12 46 0.00746827 0.004 0.0126449 11 
4 12 46 0.00773 0.011 0.0232956 7 
5 12 46 0 0.009 0.0133426 1 
6 12 46 0.0009119 0.011 0.0126297 2 
7 12 46 0.000630458 0.008 0.0111259 2 
8 12 46 0 0.03 0.0151029 1 
9 12 46 0 0.004 0.0109573 1 
10 12 46 0 0.006 0.00957025 1 
11 12 46 0 0.042 0.013118 1 
12 12 46 0 0.018 0.0117775 1 
13 12 46 0.00280737 0.013 0.0128298 5 
14 12 46 0.00605044 0.017 0.0128174 3 
15 12 46 0 0.034 0.013062 1 
16 12 46 0 0.003 0.0132367 1 
17 12 46 0 0.006 0.0116866 1 
18 12 46 0 0.01 0.014914 1 
19 12 46 0 0.014 0.0120109 1 
20 12 46 0.00551396 0.009 0.0132748 4 
21 12 46 0 0.001 0.00968249 1 
22 12 46 0 0.022 0.0159464 1 
23 12 46 0 0.03 0.0128539 1 
24 12 46 0 0.024 0.0154602 1 
25 12 46 0 0.029 0.011981 1 
26 12 46 0 0.019 0.0120752 1 
27 12 46 0 0.04 0.013616 1 
28 12 46 0.00116029 0.017 0.0115798 2 
29 12 46 0 0.032 0.00920753 1 
30 12 46 0.0320868 0.001 0.0114849 34 
31 12 46 0 0.021 0.0148601 1 
32 12 46 0 0.025 0.0106183 1 
0 12 47 0 0.032 0.0132823 1 
1 12 47 0 0.038 0.0114161 1 
2 12 47 0 0.035 0.0123943 1 
3 12 47 0 0.047 0.0139017 1 
4 12 47 0.000235972 0.043 0.0118973 2 
5 12 47 0.00132723 0.004 0.0127729 3 
6 12 47 0.00154036 0.008 0.0121053 2 
7 12 47 0 0.03 0.0164594 1 
8 12 47 0 0.007 0.0104365 1 
9 12 47 0.00527856 0.026 0.0141248 8 
10 12 47 0.00746763 0.001 0.0330758 1 
11 12 47 0 0.039 0.0164482 1 
12 12 47 0.00589488 0.006 0.0129992 16 
13 12 47 0.00748416 0.014 0.0103735 10 
14 12 47 0 0.021 0.013707 1 
15 12 47 0 0.027 0.0159364 1 
16 12 47 0 0.039 0.0149831 1 
17 12 47 0.000182809 0.004 0.0096548 5 
18 12 47 0.00128853 0.021 0.0147351 2 
19 12 47 0.000465844 0.013 0.0109653 4 
20 12 47 0.00103888 0.02 0.012562 3 
21 12 47 0.00160332 0.008 0.014633 2 
22 12 47 0 0.032 0.0128169 1 
23 12 47 0 0.036 0.0117227 1 
24 12 47 0.00128853 0.009 0.0168777 2 
25 12 47 0 0.046 0.0125251 1 
26 12 47 0 0.027 0.0122874 1 
27 12 47 0 0.045 0.0130843 1 
28 12 47 0 0.018 0.0146479 1 
29 12 47 0 0.043 0.0164471 1 
30 12 47 0 0.025 0.00991396 1 
31 12 47 0 0.003 0.014124 1 
32 12 47 0 0.005 0.0135024 1 
0 12 48 0.0157748 0.006 0.0123165 21 
1 12 48 0.0582308 0.002 0.0130409 44 
2 12 48 0 0.003 0.0145706 1 
3 12 48 0 0.027 0.0172665 1 
4 12 48 0 0.049 0.0118276 1 
5 12 48 0.00500623 0.021 0.0233725 1 
6 12 48 0.00105744 0.025 0.0124526 2 
7 12 48 0 0.008 0.0105206 1 
8 12 48 0 0.003 0.0164095 1 
9 12 48 0.0433113 0.013 0.0139271 20 
10 12 48 0 0.035 0.0116914 1 
11 12 48 0 0.008 0.0113389 1 
12 12 48 0 0.002 0.0137717 1 
13 12 48 0.00636181 0.002 0.0106781 8 
14 12 48 0 0.006 0.0130556 1 
15 12 48 0 0.031 0.0112919 1 
16 12 48 0 0.03 0.0115679 1 
17 12 48 0 0.032 0.0160129 1 
18 12 48 0.00132307 0.003 0.0136049 2 
19 12 48 0.00101597 0.019 0.0136375 6 
20 12 48 0 0.008 0.011495 1 
21 12 48 0 0.013 0.0119105 1 
22 12 48 0 0.01 0.0136077 1 
23 12 48 0 0.014 0.0104828 1 
24 12 48 0.00132307 0.046 0.013603 2 
25 12 48 0.000208271 0.006 0.0141182 2 
26 12 48 0.00330584 0.016 0.0108703 2 
27 12 48 0 0.014 0.01419 1 
28 12 48 0 0.025 0.0130237 1 
29 12 48 2.5243e-05 0.002 0.012067 2 
30 12 48 0 0.045 0.0109644 1 
31 12 48 0 0.01 0.0114723 1 
32 12 48 0 0.046 0.015411 1 
0 12 49 0 0.005 0.0103747 1 
1 12 49 0 0.035 0.0128209 1 
2 12 49 0 0.008 0.0158801 1 
3 12 49 0.0484625 0.003 0.0159535 38 
4 12 49 0.00578914 0.038 0.0364682 1 
5 12 49 0.00187771 0.026 0.00913858 2 
6 12 49 0 0.033 0.0124667 1 
7 12 49 0.0124021 0.003 0.0138023 9 
8 12 49 0 0.026 0.0154448 1 
9 12 49 0 0.019 0.0130177 1 
10 12 49 0 0.043 0.0107058 1 
11 12 49 0 0.034 0.0115619 1 
12 12 49 0 0.015 0.0122975 1 
13 12 49 0 0.015 0.011573 1 
14 12 49 0 0.021 0.011795 1 
15 12 49 0.0013929 0.039 0.0150206 2 
16 12 49 0 0.039 0.0108427 1 
17 12 49 0.00316557 0.002 0.0140678 13 
18 12 49 0 0.039 0.0149509 1 
19 12 49 0.00102671 0.012 0.0100359 3 
20 12 49 0.0245587 0.036 0.00998045 8 
21 12 49 0 0.029 0.0120542 1 
22 12 49 0 0.015 0.0132948 1 
23 12 49 0 0.02 0.00989543 1 
24 12 49 0 0.004 0.0110829 1 
25 12 49 0.00385117 0.049 0.011132 4 
26 12 49 0.00284329 0.01 0.0137498 3 
27 12 49 0.0112357 0.018 0.0115475 12 
28 12 49 0 0.024 0.0139623 1 
29 12 49 0.0015947 0.039 0.0116742 2 
30 12 49 0 0.017 0.00872332 1 
31 12 49 0 0.032 0.0106168 1 
32 12 49 0.00150305 0.033 0.0141279 3 
0 12 50 0.00885807 0.033 0.0104242 5 
1 12 50 0 0.048 0.00953207 1 
2 12 50 0 0.024 0.00939871 1 
3 12 50 0 0.024 0.0129053 1 
4 12 50 0 0.004 0.0103296 1 
5 12 50 0.000295917 0.003 0.0152299 2 
6 12 50 0 0.005 0.0175876 1 
7 12 50 0.00367002 0.009 0.0147015 8 
8 12 50 0 0.039 0.0109895 1 
9 12 50 0 0.008 0.014205 1 
10 12 50 0.00226954 0.044 0.0407129 1 
11 12 50 0.00125877 0.034 0.0147261 2 
12 12 50 0 0.003 0.0131194 1 
13 12 50 0.000755733 0.001 0.01109 5 
14 12 50 0 0.027 0.0119811 1 
15 12 50 0 0.046 0.0144188 1 
16 12 50 0 0.017 0.0156035 1 
17 12 50 0 0.044 0.0132219 1 
18 12 50 0 0.014 0.0155258 1 
19 12 50 0 0.01 0.0137155 1 
20 12 50 0 0.049 0.0147279 1 
21 12 50 0.00286621 0.045 0.0108533 2 
22 12 50 0.000163583 0.021 0.0108408 2 
23 12 50 0 0.049 0.0156638 1 
24 12 50 0 0.044 0.0140116 1 
25 12 50 0 0.048 0.0146581 1 
26 12 50 0.000877286 0.043 0.0131064 2 
27 12 50 0.00120333 0.006 0.011356 8 
28 12 50 0.00102054 0.049 0.0147152 2 
29 12 50 0 0.017 0.0109585 1 
30 12 50 0 0.046 0.0138689 1 
31 12 50 0 0.02 0.0118554 1 
32 12 50 0.00206855 0.032 0.0123011 5 
0 12 51 0.016918 0.007 0.0106427 20 
1 12 51 0.00106761 0.035 0.0126196 3 
2 12 51 0 0.016 0.0177487 1 
3 12 51 0 0.006 0.0126107 1 
4 12 51 0.00225114 0.018 0.0394091 1 
5 12 51 0 0.023 0.0127617 1 
6 12 51 0 0.037 0.0181662 1 
7 12 51 0 0.047 0.0142401 1 
8 12 51 0 0.043 0.0349046 1 
9 12 51 0.000668344 0.007 0.00963742 3 
10 12 51 0 0.022 0.0180687 1 
11 12 51 0.00152936 0.026 0.0106386 2 
12 12 51 0.00600697 0.037 0.00978459 5 
13 12 51 0 0.011 0.0129504 1 
14 12 51 0 0.012 0.0178065 1 
15 12 51 0 0.041 0.0144195 1 
16 12 51 0 0.013 0.013413 1 
17 12 51 0 0.037 0.0148571 1 
18 12 51 0 0.049 0.0134103 1 
19 12 51 0.00339555 0.006 0.0159484 3 
20 12 51 0 0.027 0.0116844 1 
21 12 51 0 0.002 0.0110199 1 
22 12 51 0 0.018 0.0133149 1 
23 12 51 0.00128276 0.008 0.0162295 6 
24 12 51 0.00146217 0.022 0.0118203 2 
25 12 51 0.00411532 0.038 0.00944313 3 
26 12 51 0.0180827 0.005 0.0138277 20 
27 12 51 0 0.002 0.0144882 1 
28 12 51 0.00146217 0.041 0.0108123 2 
29 12 51 0 0.019 0.0143437 1 
30 12 51 0 0.021 0.0136549 1 
31 12 51 0 0.007 0.0110912 1 
32 12 51 0 0.032 0.0101736 1 
0 12 52 0.00106137 0.044 0.0108467 2 
1 12 52 0.0035618 0.035 0.00799309 3 
2 12 52 0 0.038 0.0120058 1 
3 12 52 0.00200471 0.021 0.0106152 2 
4 12 52 0 0.039 0.0122257 1 
5 12 52 0 0.019 0.0138525 1 
6 12 52 0 0.017 0.014675 1 
7 12 52 0.005404 0.027 0.0147459 5 
8 12 52 0.000246264 0.004 0.02251 1 
9 12 52 0.000271446 0.013 0.0105131 3 
10 12 52 0.000205697 0.039 0.00941902 4 
11 12 52 0.00126095 0.025 0.0158218 2 
12 12 52 0 0.039 0.011458 1 
13 12 52 0 0.041 0.011107 1 
14 12 52 0 0.046 0.00839082 1 
15 12 52 0 0.019 0.0137276 1 
16 12 52 0 0.025 0.0121512 1 
17 12 52 0 0.049 0.0128847 1 
18 12 52 0 0.022 0.0113387 1 
19 12 52 0.00845146 0.001 0.0113288 3 
20 12 52 0 0.042 0.0108481 1 
21 12 52 0 0.015 0.0150964 1 
22 12 52 0.00872455 0.009 0.015371 7 
23 12 52 0.00430779 0.025 0.0130396 6 
24 12 52 0 0.013 0.013963 1 
25 12 52 0 0.039 0.0121182 1 
26 12 52 0.00613477 0.033 0.0109126 9 
27 12 52 0 0.009 0.0108551 1 
28 12 52 0 0.031 0.013939 1 
29 12 52 0 0.006 0.01676 1 
30 12 52 0 0.011 0.00999773 1 
31 12 52 0 0.011 0.0171927 1 
32 12 52 0.00170815 0.042 0.0108823 5 
0 12 53 0 0.016 0.0150399 1 
1 12 53 0 0.005 0.0158281 1 
2 12 53 0 0.003 0.0142103 1 
3 12 53 0 0.026 0.0142215 1 
4 12 53 0.00404616 0.013 0.0175059 8 
5 12 53 0.000314197 0.014 0.0146929 3 
6 12 53 0 0.013 0.0155495 1 
7 12 53 0 0.013 0.0176535 1 
8 12 53 0 0.021 0.0144138 1 
9 12 53 0.00675856 0.008 0.0152835 4 
10 12 53 0 0.028 0.0148862 1 
11 12 53 0.00153121 0.034 0.0148246 2 
12 12 53 0 0.047 0.0127279 1 
13 12 53 0 0.004 0.00998639 1 
14 12 53 0 0.002 0.0130815 1 
15 12 53 0 0.008 0.0144425 1 
16 12 53 0 0.049 0.0134864 1 
17 12 53 0.00212734 0.013 0.0120325 4 
18 12 53 0 0.042 0.0124901 1 
19 12 53 0 0.019 0.0124931 1 
20 12 53 0 0.015 0.0111415 1 
21 12 53 0.00179968 0.045 0.0141639 2 
22 12 53 0.005688 0.008 0.0109295 10 
23 12 53 0 0.044 0.0175965 1 
24 12 53 0 0.034 0.0167869 1 
25 12 53 0 0.012 0.0129457 1 
26 12 53 0.000874315 0.033 0.0136481 2 
27 12 53 0.000610432 0.009 0.0124848 4 
28 12 53 0 0.031 0.0146784 1 
29 12 53 0 0.037 0.0119792 1 
30 12 53 0 0.047 0.0141522 1 
31 12 53 0 0.021 0.0131322 1 
32 12 53 0.0145421 0.046 0.0136583 6 
0 12 54 0 0.013 0.0127558 1 
1 12 54 0.00223047 0.015 0.0103616 2 
2 12 54 0.00143173 0.039 0.0106791 2 
3 12 54 0 0.023 0.0127481 1 
4 12 54 0.00145814 0.023 0.0131848 2 
5 12 54 0.0017884 0.025 0.0156364 3 
6 12 54 0 0.034 0.00950751 1 
7 12 54 0.00130841 0.003 0.0120213 2 
8 12 54 0 0.027 0.0111699 1 
9 12 54 0 0.027 0.0154908 1 
10 12 54 0 0.043 0.0155941 1 
11 12 54 0 0.035 0.0131751 1 
12 12 54 0 0.038 0.0087272 1 
13 12 54 0.00223883 0.022 0.0132113 5 
14 12 54 0 0.026 0.0138256 1 
15 12 54 0 0.02 0.0141927 1 
16 12 54 0 0.043 0.0124592 1 
17 12 54 0.0121401 0.005 0.0141364 14 
18 12 54 0.00150233 0.003 0.0102264 2 
19 12 54 0.000112565 0.004 0.0140432 3 
20 12 54 0 0.036 0.013566 1 
21 12 54 0 0.03 0.00973818 1 
22 12 54 0 0.001 0.0117267 1 
23 12 54 3.17779e-05 0.033 0.0138115 2 
24 12 54 0 0.004 0.0134316 1 
25 12 54 0 0.033 0.0146338 1 
26 12 54 0 0.037 0.0122236 1 
27 12 54 0.00383815 0.004 0.0138021 6 
28 12 54 0 0.027 0.0113448 1 
29 12 54 0.00299009 0.04 0.0174802 4 
30 12 54 0 0.001 0.0127363 1 
31 12 54 0.00333294 0.044 0.0130863 5 
32 12 54 0.0105645 0.012 0.0140301 2 
0 12 55 0 0.01 0.0150744 1 
1 12 55 0 0.006 0.0101881 1 
2 12 55 0.0015494 0.024 0.0115009 2 
3 12 55 0 0.045 0.015144 1 
4 12 55 0 0.035 0.0127219 1 
5 12 55 0.00412475 0.028 0.0357212 1 
6 12 55 0 0.014 0.0136373 1 
7 12 55 0 0.025 0.0118572 1 
8 12 55 0.00883486 0.015 0.0920622 6 
9 12 55 0 0.001 0.0179119 1 
10 12 55 0 0.048 0.0150939 1 
11 12 55 0 0.002 0.0148313 1 
12 12 55 0 0.036 0.0138623 1 
13 12 55 0.000148066 0.007 0.0120944 2 
14 12 55 0.00400543 0.016 0.0128317 5 
15 12 55 0 0.015 0.0109984 1 
16 12 55 0 0.036 0.0161477 1 
17 12 55 0.000619433 0.008 0.0127443 2 
18 12 55 0 0.018 0.0143819 1 
19 12 55 0.00207387 0.037 0.0128459 2 
20 12 55 0.00361723 0.007 0.0114313 2 
21 12 55 0 0.025 0.0135193 1 
22 12 55 0 0.002 0.00787941 1 
23 12 55 0 0.003 0.0138213 1 
24 12 55 0 0.003 0.0137038 1 
25 12 55 0.00426416 0.022 0.0119338 8 
26 12 55 0.0138919 0.006 0.0141113 9 
27 12 55 0.00620571 0.017 0.0122021 8 
28 12 55 0 0.021 0.0125312 1 
29 12 55 0.00311972 0.016 0.0166048 4 
30 12 55 0 0.037 0.00963467 1 
31 12 55 0.00354018 0.027 0.0129517 5 
32 12 55 0.00707252 0.019 0.0120932 3 
0 12 56 0 0.026 0.0104552 1 
1 12 56 0 0.039 0.0105106 1 
2 12 56 0.00300772 0.022 0.0168316 4 
3 12 56 0 0.004 0.0164712 1 
4 12 56 0 0.032 0.00863847 2 
5 12 56 0.00298046 0.031 0.0114161 3 
6 12 56 0 0.013 0.0141341 1 
7 12 56 0.00781578 0.034 0.011569 4 
8 12 56 0 0.038 0.0129905 1 
9 12 56 0 0.003 0.0105208 1 
10 12 56 0 0.015 0.0194516 1 
11 12 56 0 0.035 0.0119133 1 
12 12 56 0 0.004 0.0131964 1 
13 12 56 3.77535e-05 0.005 0.0101614 2 
14 12 56 0 0.023 0.0110398 1 
15 12 56 0 0.012 0.0140239 1 
16 12 56 0 0.003 0.0122776 1 
17 12 56 0 0.006 0.0131246 1 
18 12 56 0.00134529 0.02 0.0113025 2 
19 12 56 0.0371403 0.003 0.0143423 27 
20 12 56 0 0.017 0.0098011 1 
21 12 56 0.00840465 0.022 0.0109003 3 
22 12 56 0.00833814 0.026 0.0146872 5 
23 12 56 0.0145835 0.012 0.0125866 19 
24 12 56 0 0.015 0.0115584 1 
25 12 56 0 0.018 0.0149777 1 
26 12 56 0.0178869 0.026 0.0160374 6 
27 12 56 0 0.032 0.0130181 1 
28 12 56 0 0.039 0.0146654 1 
29 12 56 0 0.041 0.0151358 1 
30 12 56 0 0.022 0.0129396 1 
31 12 56 0.000136188 0.036 0.0152461 2 
32 12 56 0 0.041 0.0122741 1 
0 12 57 0 0.023 0.0134587 1 
1 12 57 0.00274965 0.007 0.0123077 3 
2 12 57 0.00356565 0.034 0.0185548 4 
3 12 57 0.0145656 0.009 0.0108337 15 
4 12 57 0.00313902 0.028 0.0361132 1 
5 12 57 0 0.04 0.0111855 1 
6 12 57 0.001755 0.035 0.0109404 2 
7 12 57 0.00746397 0.011 0.0122636 15 
8 12 57 0 0.026 0.0144166 1 
9 12 57 0.00307844 0.023 0.0129672 3 
10 12 57 0.00139323 0.03 0.0394094 1 
11 12 57 0 0.034 0.0135436 1 
12 12 57 0 0.003 0.0121806 1 
13 12 57 0.000421226 0.001 0.0148246 3 
14 12 57 0 0.008 0.00916213 1 
15 12 57 0 0.004 0.0148737 1 
16 12 57 0 0.009 0.0103916 1 
17 12 57 0.0030903 0.009 0.0155437 3 
18 12 57 0.00148354 0.03 0.0131121 2 
19 12 57 0.0109974 0.043 0.0136229 5 
20 12 57 0 0.014 0.0138717 1 
21 12 57 0 0.03 0.0130443 1 
22 12 57 0.0412516 0.006 0.0157265 38 
23 12 57 0 0.042 0.0130899 1 
24 12 57 0 0.028 0.0109511 1 
25 12 57 0.00116647 0.034 0.016226 2 
26 12 57 0.00564702 0.007 0.0124891 2 
27 12 57 0.0262486 0.011 0.0136298 21 
28 12 57 0.0015906 0.013 0.0149322 3 
29 12 57 0 0.047 0.010498 1 
30 12 57 0 0.028 0.0134017 1 
31 12 57 0 0.043 0.00924407 1 
32 12 57 0.00155442 0.003 0.00820062 2 
0 12 58 0.0149332 0.02 0.0137791 16 
1 12 58 0.00291054 0.025 0.012702 9 
2 12 58 0 0.034 0.00957457 1 
3 12 58 0 0.024 0.0154486 1 
4 12 58 0 0.011 0.0166743 1 
5 12 58 0.00106752 0.024 0.0489791 1 
6 12 58 0.00107971 0.024 0.0112806 2 
7 12 58 0 0.031 0.00980842 1 
8 12 58 0 0.037 0.0144585 1 
9 12 58 0 0.044 0.0137031 1 
10 12 58 0.00189074 0.005 0.0437976 1 
11 12 58 0 0.016 0.0116227 1 
12 12 58 1.37987e-05 0.018 0.0121754 2 
13 12 58 0.000367424 0.004 0.014778 2 
14 12 58 0.000468011 0.002 0.0150937 2 
15 12 58 0 0.042 0.0134496 1 
16 12 58 0.00141431 0.027 0.014587 2 
17 12 58 0.002014 0.018 0.0147037 3 
18 12 58 0.00134739 0.02 0.0135011 2 
19 12 58 0.00201575 0.035 0.0136578 2 
20 12 58 2.0131e-05 0.016 0.0140769 2 
21 12 58 0.00997223 0.022 0.0147299 3 
22 12 58 0.00275248 0.006 0.0124733 5 
23 12 58 0 0.01 0.0117059 1 
24 12 58 0 0.021 0.0189891 1 
25 12 58 0 0.015 0.0142446 1 
26 12 58 0.00767683 0.022 0.0133811 6 
27 12 58 0.00690062 0.012 0.0162051 9 
28 12 58 0 0.042 0.014438 1 
29 12 58 0 0.025 0.0144238 1 
30 12 58 0 0.04 0.0139468 1 
31 12 58 0 0.013 0.0131324 1 
32 12 58 0 0.015 0.0172603 1 
0 12 59 0 0.038 0.0169254 1 
1 12 59 0 0.032 0.0127267 1 
2 12 59 0 0.024 0.0113587 1 
3 12 59 0 0.003 0.0125371 1 
4 12 59 0 0.002 0.0116867 1 
5 12 59 0.0016461 0.037 0.0294411 1 
6 12 59 0.00158347 0.025 0.0142016 2 
7 12 59 0 0.005 0.0156688 1 
8 12 59 0 0.03 0.0103577 1 
9 12 59 0 0.041 0.0136506 1 
10 12 59 0 0.042 0.00945877 1 
11 12 59 0 0.008 0.017242 1 
12 12 59 0.0075148 0.008 0.0139026 11 
13 12 59 0 0.024 0.0122772 1 
14 12 59 0 0.016 0.00972162 1 
15 12 59 0 0.022 0.0150149 1 
16 12 59 0 0.008 0.0136025 1 
17 12 59 0 0.021 0.0111611 1 
18 12 59 0 0.042 0.0129469 1 
19 12 59 0 0.005 0.0102192 1 
20 12 59 0 0.022 0.0117654 1 
21 12 59 0.0104653 0.034 0.0155535 3 
22 12 59 0 0.047 0.0109681 1 
23 12 59 0 0.021 0.01121 1 
24 12 59 0 0.006 0.0121489 1 
25 12 59 0 0.046 0.0116857 1 
26 12 59 0 0.004 0.0119801 1 
27 12 59 0 0.024 0.0176729 1 
28 12 59 0 0.021 0.0137134 1 
29 12 59 0 0.002 0.0124515 1 
30 12 59 0 0.033 0.0132029 1 
31 12 59 0 0.013 0.012273 1 
32 12 59 0 0.005 0.0116961 1 
0 12 60 0 0.046 0.0144095 1 
1 12 60 0 0.036 0.0128657 1 
2 12 60 0.00113442 0.009 0.0152383 2 
3 12 60 0 0.022 0.0136097 1 
4 12 60 0 0.034 0.0120683 1 
5 12 60 0 0.015 0.0155393 1 
6 12 60 0.000944587 0.041 0.0197712 2 
7 12 60 0 0.006 0.0114844 1 
8 12 60 0 0.034 0.0129296 1 
9 12 60 0 0.022 0.0118156 1 
10 12 60 0 0.049 0.0154937 1 
11 12 60 0.000580679 0.022 0.00982957 2 
12 12 60 0 0.049 0.0139999 1 
13 12 60 0 0.019 0.014777 1 
14 12 60 0.00228765 0.043 0.013172 2 
15 12 60 0 0.048 0.0123646 1 
16 12 60 0 0.003 0.0119059 1 
17 12 60 0 0.044 0.013294 1 
18 12 60 0 0.026 0.0153863 1 
19 12 60 0.000552056 0.004 0.0121303 2 
20 12 60 0.00179587 0.015 0.0123546 3 
21 12 60 0 0.036 0.0113589 1 
22 12 60 0 0.036 0.0126589 1 
23 12 60 0 0.003 0.013714 1 
24 12 60 0 0.01 0.0132263 1 
25 12 60 0 0.028 0.0119881 1 
26 12 60 0 0.034 0.0108824 1 
27 12 60 0 0.007 0.0146148 1 
28 12 60 0 0.027 0.0153459 1 
29 12 60 0.00187877 0.03 0.0145814 3 
30 12 60 0 0.009 0.0124847 1 
31 12 60 0 0.001 0.0115364 1 
32 12 60 0 0.023 0.00986538 1 
