0 13 0 0.00169931 0.003 0.010973 2 
1 13 0 0 0.038 0.0131048 1 
2 13 0 0 0.025 0.014611 1 
3 13 0 0.295014 0.019 0.0141042 9 
4 13 0 0 0.036 0.0158313 1 
5 13 0 0.000522755 0.032 0.0106866 2 
6 13 0 0 0.033 0.0104668 2 
7 13 0 0 0.001 0.012225 1 
8 13 0 0 0.012 0.0127942 1 
9 13 0 0.00170861 0.013 0.0117603 2 
10 13 0 0 0.049 0.0125959 2 
11 13 0 0.000164952 0.01 0.0119167 2 
12 13 0 0.000688472 0.005 0.0127268 4 
13 13 0 1 0.047 0.0130627 2 
14 13 0 0.0323917 0.004 0.0153543 34 
15 13 0 0.00173287 0.046 0.016969 2 
16 13 0 0.00141231 0.009 0.0118885 1 
17 13 0 0 0.006 0.0121376 1 
18 13 0 0 0.018 0.0160426 1 
19 13 0 0 0.023 0.0104034 2 
20 13 0 0 0.018 0.0106857 1 
21 13 0 0 0.015 0.0115288 1 
22 13 0 0 0.027 0.0135382 1 
23 13 0 0 0.036 0.0155888 1 
24 13 0 0 0.025 0.015932 1 
25 13 0 0 0.043 0.0115347 1 
26 13 0 0.00227376 0.012 0.0142928 8 
27 13 0 0 0.016 0.0138942 1 
28 13 0 0 0.04 0.0155945 1 
29 13 0 0 0.014 0.0121396 2 
30 13 0 0 0.033 0.0130656 2 
31 13 0 0 0.008 0.0115777 1 
32 13 0 0.000141644 0.01 0.0136703 2 
0 13 1 0.000154772 0.038 0.0136476 2 
1 13 1 0 0.04 0.0105818 1 
2 13 1 0 0.017 0.0150892 1 
3 13 1 0 0.039 0.016137 1 
4 13 1 0.000461466 0.03 0.0121327 3 
5 13 1 0 0.035 0.0146217 1 
6 13 1 0 0.024 0.01408 1 
7 13 1 0.000381145 0.006 0.0155279 6 
8 13 1 0.00169254 0.039 0.00947048 4 
9 13 1 0.00114511 0.009 0.0141968 4 
10 13 1 0 0.045 0.013835 1 
11 13 1 0 0.036 0.0132869 1 
12 13 1 0 0.026 0.0118229 1 
13 13 1 0.000194129 0.026 0.0119906 2 
14 13 1 0 0.018 0.0141268 1 
15 13 1 0 0.01 0.0143631 2 
16 13 1 0 0.011 0.0152836 1 
17 13 1 0 0.022 0.00983476 1 
18 13 1 0.00091235 0.004 0.017509 1 
19 13 1 0 0.009 0.00817076 1 
20 13 1 0.00148077 0.02 0.0117362 2 
21 13 1 0 0.043 0.012766 1 
22 13 1 0 0.026 0.0130135 1 
23 13 1 0 0.047 0.0119707 1 
24 13 1 0.00141073 0.015 0.0148377 1 
25 13 1 0 0.044 0.0176526 1 
26 13 1 0 0.009 0.011988 1 
27 13 1 0 0.038 0.0129431 1 
28 13 1 0.000413474 0.023 0.0130157 1 
29 13 1 0 0.045 0.0155239 2 
30 13 1 0 0.041 0.013457 1 
31 13 1 5.5523e-05 0.011 0.0102225 2 
32 13 1 0.0308429 0.003 0.0156627 36 
0 13 2 0 0.009 0.0110562 1 
1 13 2 0 0.024 0.0140295 1 
2 13 2 0 0.003 0.0143045 2 
3 13 2 0 0.011 0.0140795 1 
4 13 2 0 0.031 0.0164578 1 
5 13 2 0 0.038 0.00983868 1 
6 13 2 0 0.015 0.0171851 1 
7 13 2 0 0.001 0.0142697 1 
8 13 2 0 0.025 0.0122272 1 
9 13 2 0 0.033 0.0150272 1 
10 13 2 0 0.001 0.012597 1 
11 13 2 0 0.004 0.0153569 1 
12 13 2 0.0129935 0.031 0.0126253 9 
13 13 2 0 0.049 0.0137382 1 
14 13 2 0 0.024 0.0122579 1 
15 13 2 0.000244385 0.013 0.0111194 2 
16 13 2 0 0.045 0.0134577 1 
17 13 2 0 0.014 0.016283 1 
18 13 2 0.000103767 0.021 0.0139319 2 
19 13 2 0.0585881 0.001 0.0111596 52 
20 13 2 0 0.045 0.0125951 1 
21 13 2 0 0.037 0.013536 1 
22 13 2 0.00494785 0.029 0.0152198 4 
23 13 2 7.49869e-05 0.005 0.0143374 3 
24 13 2 0 0.004 0.0161759 1 
25 13 2 0 0.015 0.0107199 1 
26 13 2 0.0179794 0.006 0.0136659 20 
27 13 2 0 0.014 0.0158019 1 
28 13 2 0 0.024 0.0149921 1 
29 13 2 0 0.03 0.0128323 2 
30 13 2 0 0.034 0.0156598 1 
31 13 2 0.000107046 0.043 0.0117282 2 
32 13 2 0.00455265 0.047 0.0137742 4 
0 13 3 0 0.046 0.012041 1 
1 13 3 0 0.018 0.0114635 1 
2 13 3 0 0.043 0.0163205 2 
3 13 3 0.000773758 0.035 0.0109351 3 
4 13 3 0 0.003 0.012788 1 
5 13 3 0 0.048 0.0119993 1 
6 13 3 0 0.018 0.0162093 1 
7 13 3 0 0.007 0.0135343 1 
8 13 3 0 0.028 0.0165633 1 
9 13 3 0.00368828 0.004 0.0126328 9 
10 13 3 0.00104023 0.04 0.0133974 2 
11 13 3 0 0.034 0.0106393 2 
12 13 3 0 0.004 0.0114691 1 
13 13 3 0 0.027 0.0124555 1 
14 13 3 0.00265005 0.041 0.0121271 3 
15 13 3 0 0.038 0.014205 1 
16 13 3 0 0.004 0.0158953 1 
17 13 3 0 0.038 0.011271 1 
18 13 3 0 0.049 0.0132772 2 
19 13 3 0.00151889 0.009 0.0111474 5 
20 13 3 0 0.008 0.0112491 1 
21 13 3 0 0.027 0.0132986 2 
22 13 3 4.95174e-07 0.007 0.0106325 2 
23 13 3 0 0.017 0.0109704 1 
24 13 3 0 0.017 0.0151704 1 
25 13 3 0.00763522 0.021 0.0157965 11 
26 13 3 0 0.038 0.0152057 1 
27 13 3 0 0.015 0.0123342 1 
28 13 3 0 0.008 0.0135334 1 
29 13 3 0.000338026 0.031 0.0157384 2 
30 13 3 0.00616608 0.044 0.0140946 6 
31 13 3 5.56143e-05 0.041 0.00764693 2 
32 13 3 0.00718339 0.023 0.0155366 6 
0 13 4 0.00178078 0.011 0.0115848 4 
1 13 4 0.00934618 0.017 0.0142939 13 
2 13 4 0.00193923 0.04 0.0143192 3 
3 13 4 0.000713375 0.001 0.0137795 5 
4 13 4 0 0.021 0.0198959 1 
5 13 4 0 0.013 0.0156338 1 
6 13 4 0 0.021 0.0130395 2 
7 13 4 0.000159404 0.033 0.0116124 3 
8 13 4 0 0.025 0.0105482 1 
9 13 4 0.0149783 0.008 0.0125701 21 
10 13 4 0 0.023 0.0103401 1 
11 13 4 0 0.031 0.0148233 1 
12 13 4 0 0.009 0.0160465 1 
13 13 4 0 0.025 0.0123756 1 
14 13 4 0 0.034 0.0108068 1 
15 13 4 0 0.001 0.00965163 1 
16 13 4 0 0.015 0.0164214 1 
17 13 4 0.0212307 0.006 0.0102676 20 
18 13 4 0 0.033 0.00954151 1 
19 13 4 0 0.014 0.0151512 1 
20 13 4 0 0.003 0.0109544 1 
21 13 4 0.0018888 0.049 0.0150119 2 
22 13 4 0 0.011 0.0145195 1 
23 13 4 0.00317552 0.021 0.0159478 4 
24 13 4 0 0.048 0.0106148 1 
25 13 4 0 0.012 0.0160581 1 
26 13 4 0 0.034 0.0131951 1 
27 13 4 0 0.007 0.0108045 1 
28 13 4 0 0.045 0.0150965 1 
29 13 4 0 0.046 0.0145766 1 
30 13 4 0.0206876 0.001 0.00928033 16 
31 13 4 0 0.002 0.0142198 1 
32 13 4 0 0.003 0.0148682 1 
0 13 5 0 0.042 0.0115114 1 
1 13 5 0 0.015 0.0142733 1 
2 13 5 0 0.045 0.0141072 1 
3 13 5 6.96966e-05 0.008 0.0101827 2 
4 13 5 0 0.009 0.0151044 1 
5 13 5 0 0.031 0.0120047 1 
6 13 5 0 0.026 0.0159721 1 
7 13 5 0 0.015 0.0125615 1 
8 13 5 0 0.025 0.012771 1 
9 13 5 7.79546e-06 0.001 0.0154055 3 
10 13 5 0 0.048 0.0152718 1 
11 13 5 0.00236996 0.003 0.0114075 4 
12 13 5 0 0.022 0.012236 1 
13 13 5 0 0.03 0.0129422 1 
14 13 5 0 0.003 0.0171729 1 
15 13 5 0 0.015 0.00887974 1 
16 13 5 0 0.04 0.0129136 1 
17 13 5 0 0.047 0.0145747 1 
18 13 5 0 0.009 0.011076 1 
19 13 5 0.000285943 0.003 0.0127689 2 
20 13 5 0 0.015 0.0114158 1 
21 13 5 0 0.001 0.012142 1 
22 13 5 0.00179437 0.035 0.013949 2 
23 13 5 0.00184032 0.005 0.0150103 5 
24 13 5 0 0.039 0.0143681 1 
25 13 5 0.0211541 0.009 0.0139584 15 
26 13 5 0.00216594 0.011 0.00917514 7 
27 13 5 0 0.049 0.01064 1 
28 13 5 0 0.034 0.015501 1 
29 13 5 0.000917922 0.032 0.0117862 1 
30 13 5 0.00734359 0.048 0.0132823 2 
31 13 5 0.00270003 0.016 0.013517 3 
32 13 5 0.00189979 0.011 0.0128117 4 
0 13 6 0 0.047 0.0165857 1 
1 13 6 0 0.028 0.0123468 1 
2 13 6 0 0.021 0.00973988 1 
3 13 6 0 0.034 0.0136529 1 
4 13 6 0 0.014 0.0125985 1 
5 13 6 0 0.004 0.0145538 4 
6 13 6 0 0.047 0.0134052 2 
7 13 6 0.000750721 0.017 0.0142259 4 
8 13 6 0 0.034 0.0122439 1 
9 13 6 0.0340244 0.006 0.0113917 35 
10 13 6 0.00146753 0.048 0.0127484 4 
11 13 6 0.00350761 0.022 0.0135685 4 
12 13 6 0.00341392 0.012 0.0137584 13 
13 13 6 0 0.014 0.0134701 1 
14 13 6 0.000710748 0.015 0.0139753 3 
15 13 6 0 0.011 0.0167197 1 
16 13 6 0 0.047 0.0135682 1 
17 13 6 0.003804 0.023 0.00980745 4 
18 13 6 0.000155552 0.004 0.0156053 2 
19 13 6 0.00189904 0.008 0.0116764 4 
20 13 6 0 0.017 0.0111796 1 
21 13 6 0 0.04 0.0148524 1 
22 13 6 0 0.011 0.012962 1 
23 13 6 0.00135457 0.04 0.0145147 3 
24 13 6 0 0.005 0.0153594 1 
25 13 6 0 0.004 0.0115517 1 
26 13 6 0.0108067 0.009 0.0102943 19 
27 13 6 0.000362132 0.028 0.0131266 3 
28 13 6 0 0.012 0.0126433 1 
29 13 6 0.00157447 0.023 0.0155135 2 
30 13 6 0 0.013 0.0143501 1 
31 13 6 0 0.007 0.0117309 1 
32 13 6 0 0.006 0.0113926 1 
0 13 7 0.00218641 0.011 0.0120371 5 
1 13 7 0.0234143 0.001 0.0113874 38 
2 13 7 0.000914346 0.002 0.0160618 1 
3 13 7 0.0188988 0.007 0.0123305 32 
4 13 7 0 0.046 0.019542 1 
5 13 7 0.000804466 0.048 0.0131223 2 
6 13 7 0 0.031 0.0165277 1 
7 13 7 0.00422326 0.007 0.0105359 5 
8 13 7 0.000584173 0.009 0.0142877 3 
9 13 7 0.00630292 0.032 0.0117281 2 
10 13 7 0 0.022 0.0141034 3 
11 13 7 0.00410186 0.013 0.0153809 4 
12 13 7 0 0.018 0.0112035 1 
13 13 7 0 0.015 0.0159589 1 
14 13 7 0 0.048 0.0156746 1 
15 13 7 0 0.007 0.0199925 1 
16 13 7 0 0.008 0.0130282 1 
17 13 7 0.00414915 0.004 0.0119628 9 
18 13 7 0.00291263 0.016 0.0163424 3 
19 13 7 0 0.041 0.0137317 1 
20 13 7 0 0.04 0.0105554 1 
21 13 7 0 0.014 0.0144515 1 
22 13 7 0.00627413 0.008 0.0129523 3 
23 13 7 0 0.022 0.0148955 1 
24 13 7 0 0.028 0.0141561 1 
25 13 7 0 0.004 0.0148955 1 
26 13 7 0.0106993 0.008 0.0114276 13 
27 13 7 0.000502086 0.007 0.0111352 3 
28 13 7 0 0.047 0.0172213 1 
29 13 7 0 0.039 0.0156124 1 
30 13 7 0.0249287 0.01 0.0148093 16 
31 13 7 0.00582116 0.035 0.0133199 3 
32 13 7 0.0256558 0.004 0.0149102 22 
0 13 8 0.0371232 0.013 0.0159239 21 
1 13 8 0.000220271 0.009 0.0163593 2 
2 13 8 0.00417759 0.018 0.0141798 3 
3 13 8 0 0.039 0.0139049 1 
4 13 8 0 0.029 0.0133664 1 
5 13 8 0 0.024 0.0131727 1 
6 13 8 0.000410966 0.03 0.0185819 1 
7 13 8 0.01023 0.013 0.0111265 11 
8 13 8 0 0.005 0.0139332 2 
9 13 8 0.00382587 0.006 0.0157365 4 
10 13 8 0 0.021 0.0118817 1 
11 13 8 0.00370557 0.025 0.019635 4 
12 13 8 0 0.021 0.0119852 1 
13 13 8 0 0.018 0.0134516 1 
14 13 8 0.00907265 0.012 0.0120471 10 
15 13 8 0 0.02 0.0144894 1 
16 13 8 0 0.014 0.0142177 1 
17 13 8 0 0.034 0.0146698 1 
18 13 8 0 0.043 0.0139488 1 
19 13 8 0 0.021 0.0121433 1 
20 13 8 0 0.008 0.0124382 1 
21 13 8 0 0.04 0.0127933 1 
22 13 8 0.00206104 0.021 0.0137544 3 
23 13 8 0 0.015 0.0152182 1 
24 13 8 0 0.003 0.0135964 1 
25 13 8 0 0.014 0.0126577 1 
26 13 8 0 0.049 0.0123766 1 
27 13 8 0.0227957 0.006 0.0152707 24 
28 13 8 0 0.019 0.0120004 1 
29 13 8 0 0.022 0.0144123 1 
30 13 8 0.000838729 0.012 0.0144535 2 
31 13 8 0 0.002 0.0103023 1 
32 13 8 0 0.022 0.00875992 1 
0 13 9 0 0.019 0.00976894 1 
1 13 9 0.00690211 0.015 0.0117662 6 
2 13 9 0 0.022 0.0110906 1 
3 13 9 0 0.046 0.0140167 1 
4 13 9 0 0.04 0.0121029 1 
5 13 9 0 0.011 0.0135296 1 
6 13 9 0.000910759 0.017 0.0127986 1 
7 13 9 0.00342177 0.007 0.0115713 8 
8 13 9 0 0.031 0.0197398 1 
9 13 9 0 0.043 0.0141394 1 
10 13 9 1.62187e-06 0.004 0.0153818 2 
11 13 9 0.00163349 0.02 0.0107142 4 
12 13 9 0 0.042 0.01441 1 
13 13 9 0 0.008 0.0135781 1 
14 13 9 0.00732787 0.019 0.0115275 9 
15 13 9 0 0.042 0.0129919 1 
16 13 9 0.000180824 0.002 0.0148039 2 
17 13 9 0 0.042 0.0129074 1 
18 13 9 0 0.007 0.0142881 1 
19 13 9 0.0008056 0.029 0.0143307 2 
20 13 9 0.00154226 0.011 0.0126942 4 
21 13 9 0.00236385 0.034 0.0150521 3 
22 13 9 0 0.019 0.0128844 1 
23 13 9 0.0184556 0.017 0.0153396 15 
24 13 9 0 0.041 0.0107667 1 
25 13 9 0.000818178 0.011 0.0115676 2 
26 13 9 0 0.027 0.0128474 1 
27 13 9 0.0446759 0.004 0.0140226 38 
28 13 9 0 0.041 0.0137736 1 
29 13 9 0.000259935 0.003 0.0137219 2 
30 13 9 0.0052298 0.018 0.0115459 10 
31 13 9 0 0.048 0.0137343 1 
32 13 9 0 0.007 0.0137192 1 
0 13 10 0.0131335 0.011 0.0136908 13 
1 13 10 0.00236392 0.023 0.00984334 5 
2 13 10 0 0.026 0.0183725 1 
3 13 10 0.0419373 0.004 0.0196007 40 
4 13 10 0 0.013 0.0115786 1 
5 13 10 0 0.02 0.0131563 1 
6 13 10 0 0.007 0.0134647 1 
7 13 10 0 0.007 0.0135609 1 
8 13 10 0 0.03 0.0150186 1 
9 13 10 0.00462001 0.017 0.0141152 6 
10 13 10 0 0.033 0.0147093 1 
11 13 10 0 0.015 0.0134408 1 
12 13 10 0 0.044 0.0129383 1 
13 13 10 0 0.033 0.0146459 1 
14 13 10 0 0.033 0.00980165 1 
15 13 10 0 0.026 0.0123274 1 
16 13 10 0 0.041 0.0149801 1 
17 13 10 3.09177e-06 0.005 0.0147846 2 
18 13 10 0 0.032 0.0135112 1 
19 13 10 0 0.01 0.0154812 1 
20 13 10 0.0018252 0.036 0.0137126 4 
21 13 10 0.00244348 0.042 0.0147615 3 
22 13 10 0 0.02 0.0136045 1 
23 13 10 0.0279306 0.007 0.012537 25 
24 13 10 0 0.036 0.0134108 1 
25 13 10 0 0.046 0.0140136 1 
26 13 10 0.0247892 0.002 0.0118104 26 
27 13 10 0 0.045 0.0113667 1 
28 13 10 0 0.033 0.0121916 1 
29 13 10 0 0.044 0.0160689 1 
30 13 10 0 0.018 0.0120897 1 
31 13 10 0 0.025 0.0167648 1 
32 13 10 0 0.026 0.0144832 1 
0 13 11 0 0.042 0.0134434 1 
1 13 11 0 0.033 0.0114175 1 
2 13 11 0 0.017 0.017488 1 
3 13 11 0.0999298 0.001 0.0157229 62 
4 13 11 0 0.039 0.0145275 1 
5 13 11 0 0.03 0.0133485 1 
6 13 11 0 0.037 0.0121847 1 
7 13 11 6.42186e-07 0.008 0.0140778 2 
8 13 11 0 0.003 0.00990616 1 
9 13 11 0 0.01 0.0144161 1 
10 13 11 0 0.025 0.0170169 1 
11 13 11 0 0.028 0.0161621 1 
12 13 11 0 0.042 0.0128598 1 
13 13 11 0 0.007 0.0142045 1 
14 13 11 0 0.03 0.0135808 1 
15 13 11 0 0.037 0.0142064 1 
16 13 11 0 0.047 0.0150603 1 
17 13 11 0 0.013 0.0156329 1 
18 13 11 0.00241196 0.023 0.0118995 3 
19 13 11 0 0.049 0.0124926 1 
20 13 11 0 0.025 0.0152755 1 
21 13 11 0 0.019 0.0126614 1 
22 13 11 0.00275458 0.003 0.0134642 6 
23 13 11 0.00422779 0.002 0.0121409 6 
24 13 11 0 0.046 0.014168 1 
25 13 11 0 0.016 0.014371 1 
26 13 11 0 0.003 0.0133667 1 
27 13 11 0.00135521 0.046 0.0130732 3 
28 13 11 0 0.018 0.0137756 1 
29 13 11 0 0.018 0.011953 1 
30 13 11 0.000313613 0.006 0.0151943 2 
31 13 11 0 0.014 0.0147219 1 
32 13 11 0 0.007 0.0126505 1 
0 13 12 0 0.048 0.0127136 1 
1 13 12 0 0.035 0.0133492 1 
2 13 12 0 0.037 0.0100841 1 
3 13 12 0 0.03 0.0172084 1 
4 13 12 0 0.009 0.013516 1 
5 13 12 0 0.047 0.0152063 1 
6 13 12 0 0.002 0.0171275 1 
7 13 12 0 0.01 0.0148843 1 
8 13 12 0 0.014 0.0119092 1 
9 13 12 0 0.019 0.0154382 1 
10 13 12 0 0.003 0.012826 1 
11 13 12 0 0.032 0.0146122 1 
12 13 12 0.0104169 0.003 0.0164736 8 
13 13 12 0 0.007 0.00951797 1 
14 13 12 0 0.028 0.0125054 1 
15 13 12 0 0.023 0.0111143 1 
16 13 12 0 0.015 0.0146373 1 
17 13 12 0 0.01 0.0159628 1 
18 13 12 6.49102e-05 0.028 0.0125572 2 
19 13 12 0 0.019 0.0151593 1 
20 13 12 0.00469977 0.003 0.0158187 3 
21 13 12 0 0.027 0.013088 1 
22 13 12 0.000880497 0.008 0.0123265 3 
23 13 12 0 0.003 0.0121613 1 
24 13 12 0.000158139 0.016 0.0166072 2 
25 13 12 0.0122223 0.002 0.012358 8 
26 13 12 0.00280197 0.002 0.0150383 3 
27 13 12 0 0.004 0.0130529 1 
28 13 12 0 0.045 0.0150571 1 
29 13 12 0 0.024 0.0141642 1 
30 13 12 0 0.007 0.0124212 1 
31 13 12 0 0.017 0.0142634 1 
32 13 12 0.0240438 0.002 0.00965652 43 
0 13 13 0.00149995 0.016 0.0134238 2 
1 13 13 0 0.049 0.0125202 1 
2 13 13 0 0.019 0.0135439 1 
3 13 13 0 0.04 0.0118263 1 
4 13 13 0 0.03 0.0144456 3 
5 13 13 0 0.004 0.0189755 1 
6 13 13 0 0.011 0.0172765 1 
7 13 13 0 0.008 0.0137127 1 
8 13 13 0 0.028 0.0132915 1 
9 13 13 0 0.04 0.0142198 1 
10 13 13 0 0.027 0.0141996 1 
11 13 13 0 0.043 0.0155467 1 
12 13 13 0 0.035 0.0130197 1 
13 13 13 0.00419983 0.011 0.0114998 3 
14 13 13 0 0.009 0.0136312 1 
15 13 13 0 0.029 0.0139997 1 
16 13 13 0 0.004 0.0130683 1 
17 13 13 0 0.031 0.0168884 1 
18 13 13 0.000210039 0.002 0.0117107 2 
19 13 13 0.000962544 0.033 0.014125 2 
20 13 13 0 0.023 0.0116057 1 
21 13 13 0 0.013 0.0131828 1 
22 13 13 0 0.031 0.0145426 1 
23 13 13 0.000708426 0.011 0.0128662 2 
24 13 13 0 0.037 0.0192881 1 
25 13 13 0.00255755 0.004 0.0131475 3 
26 13 13 0 0.014 0.0113713 1 
27 13 13 0 0.013 0.0132122 1 
28 13 13 0.00255248 0.008 0.0127388 3 
29 13 13 0 0.029 0.0135933 1 
30 13 13 0 0.005 0.00839959 1 
31 13 13 0.000929069 0.014 0.0136571 1 
32 13 13 0.00322113 0.025 0.0127164 3 
0 13 14 0.000326629 0.004 0.0120897 2 
1 13 14 0.00275333 0.016 0.0169613 4 
2 13 14 0 0.04 0.0154989 1 
3 13 14 9.84437e-05 0.028 0.0128226 2 
4 13 14 0 0.039 0.0186268 1 
5 13 14 0.00439471 0.007 0.0101566 5 
6 13 14 0 0.028 0.0155329 1 
7 13 14 0.0232831 0.015 0.0136187 17 
8 13 14 0 0.044 0.011374 1 
9 13 14 0.00860576 0.007 0.015192 8 
10 13 14 0 0.048 0.0121789 1 
11 13 14 0 0.015 0.010818 1 
12 13 14 0 0.032 0.012283 1 
13 13 14 0.00713735 0.016 0.0150568 8 
14 13 14 0 0.045 0.0109675 1 
15 13 14 0 0.012 0.0137638 1 
16 13 14 0 0.02 0.0142964 1 
17 13 14 0 0.01 0.0149499 1 
18 13 14 0 0.024 0.010784 1 
19 13 14 0.0138341 0.002 0.0138063 10 
20 13 14 0 0.012 0.01229 1 
21 13 14 0 0.013 0.015059 1 
22 13 14 0 0.002 0.0105833 1 
23 13 14 0 0.021 0.0142569 1 
24 13 14 0 0.02 0.0126421 1 
25 13 14 0 0.041 0.0111576 1 
26 13 14 0.0137553 0.034 0.0132798 8 
27 13 14 0.0136938 0.005 0.0111253 15 
28 13 14 0.00259973 0.035 0.0134872 3 
29 13 14 0 0.021 0.0146641 1 
30 13 14 0.00920139 0.006 0.0162388 8 
31 13 14 0 0.043 0.011996 1 
32 13 14 0 0.033 0.0141527 1 
0 13 15 0.00475906 0.012 0.0107693 5 
1 13 15 0 0.032 0.0109623 1 
2 13 15 0 0.008 0.0132004 1 
3 13 15 0 0.039 0.0129763 1 
4 13 15 0.00157301 0.028 0.0135908 2 
5 13 15 6.47902e-05 0.003 0.0135947 2 
6 13 15 0 0.041 0.0149242 1 
7 13 15 0.00281556 0.046 0.0146417 2 
8 13 15 0 0.016 0.0121547 2 
9 13 15 0 0.017 0.0110695 1 
10 13 15 0 0.004 0.0172419 1 
11 13 15 0.00244079 0.033 0.0142729 3 
12 13 15 0 0.045 0.0152917 1 
13 13 15 0.0109608 0.028 0.0141576 10 
14 13 15 0.0029306 0.011 0.0137245 4 
15 13 15 0 0.037 0.0131995 1 
16 13 15 0 0.009 0.014907 1 
17 13 15 0 0.004 0.0139449 1 
18 13 15 0 0.01 0.0133735 1 
19 13 15 0 0.024 0.0158005 1 
20 13 15 0.00226527 0.024 0.0144091 3 
21 13 15 0 0.035 0.0137172 1 
22 13 15 0 0.037 0.0130331 1 
23 13 15 0 0.026 0.0155271 1 
24 13 15 0 0.039 0.0119766 1 
25 13 15 0 0.013 0.0148011 1 
26 13 15 0 0.022 0.0129383 1 
27 13 15 0.0216966 0.016 0.0108601 15 
28 13 15 0.0021548 0.008 0.0165225 4 
29 13 15 0.00019534 0.029 0.013305 2 
30 13 15 0 0.01 0.0113386 1 
31 13 15 0 0.02 0.0132716 1 
32 13 15 0.00256026 0.038 0.0134306 4 
0 13 16 0 0.005 0.014503 1 
1 13 16 0 0.043 0.0141615 1 
2 13 16 0 0.011 0.0150452 1 
3 13 16 0 0.029 0.0126942 1 
4 13 16 0 0.041 0.0153367 4 
5 13 16 0 0.028 0.0117554 1 
6 13 16 0 0.016 0.0145496 1 
7 13 16 0 0.043 0.0140917 1 
8 13 16 0 0.033 0.0153004 1 
9 13 16 0 0.034 0.0156295 1 
10 13 16 0 0.035 0.0151705 1 
11 13 16 0.000342764 0.028 0.0128829 2 
12 13 16 0 0.024 0.0115644 1 
13 13 16 0.000774736 0.007 0.0168604 2 
14 13 16 7.12858e-06 0.005 0.0140506 2 
15 13 16 0 0.043 0.0158041 1 
16 13 16 0 0.042 0.0135551 1 
17 13 16 0.00246794 0.033 0.0122207 6 
18 13 16 0 0.031 0.0126529 1 
19 13 16 0.00265614 0.038 0.0118905 2 
20 13 16 0.0112437 0.021 0.0156574 11 
21 13 16 0 0.028 0.016016 1 
22 13 16 0 0.037 0.0135695 1 
23 13 16 0 0.01 0.0124111 1 
24 13 16 0 0.002 0.0116457 1 
25 13 16 0.00194881 0.033 0.0140749 2 
26 13 16 0.0243509 0.011 0.0115657 15 
27 13 16 0 0.037 0.0117775 1 
28 13 16 5.88487e-05 0.022 0.0114717 2 
29 13 16 6.45888e-05 0.015 0.0130725 2 
30 13 16 0.00785313 0.018 0.0134814 6 
31 13 16 0 0.003 0.0149252 1 
32 13 16 0.0215765 0.003 0.0129498 19 
0 13 17 0 0.011 0.0156002 1 
1 13 17 0 0.048 0.0122747 1 
2 13 17 0.00175863 0.005 0.0113819 4 
3 13 17 0 0.01 0.0112973 1 
4 13 17 0 0.022 0.0136993 1 
5 13 17 0.000365896 0.007 0.0111144 2 
6 13 17 0 0.033 0.0121015 1 
7 13 17 0 0.048 0.0184833 1 
8 13 17 0 0.006 0.0185503 1 
9 13 17 0.00285549 0.043 0.0124212 2 
10 13 17 0 0.044 0.0104421 1 
11 13 17 0.000173152 0.042 0.0151263 2 
12 13 17 0.0011826 0.008 0.0128302 2 
13 13 17 0 0.035 0.0122115 1 
14 13 17 0 0.038 0.0146321 1 
15 13 17 0 0.009 0.0131824 1 
16 13 17 0 0.021 0.013819 1 
17 13 17 0 0.021 0.0129375 1 
18 13 17 0 0.008 0.0122294 1 
19 13 17 0.000605226 0.001 0.0144785 3 
20 13 17 0 0.029 0.0122877 1 
21 13 17 0.00476063 0.009 0.0129536 11 
22 13 17 0.0556539 0.004 0.0114926 45 
23 13 17 0 0.021 0.01598 1 
24 13 17 0 0.038 0.0154905 1 
25 13 17 0 0.019 0.0140925 1 
26 13 17 0.00582841 0.017 0.0115388 6 
27 13 17 0 0.046 0.0113809 1 
28 13 17 0 0.036 0.013703 1 
29 13 17 0.00285078 0.001 0.0104459 3 
30 13 17 0 0.01 0.0126267 1 
31 13 17 0.00014843 0.015 0.0152028 2 
32 13 17 0.00107054 0.008 0.0132945 3 
0 13 18 0 0.043 0.0107141 1 
1 13 18 0.0179652 0.014 0.0154171 11 
2 13 18 0.0022226 0.031 0.0150121 4 
3 13 18 0 0.021 0.016105 1 
4 13 18 0.00080578 0.039 0.0125511 2 
5 13 18 0 0.042 0.0165386 1 
6 13 18 0 0.021 0.0157761 1 
7 13 18 0 0.047 0.0116805 1 
8 13 18 0 0.008 0.0157752 1 
9 13 18 0 0.028 0.01505 1 
10 13 18 0 0.017 0.015222 1 
11 13 18 0.000195727 0.043 0.0127299 2 
12 13 18 4.48466e-05 0.006 0.0126215 2 
13 13 18 0.00158948 0.024 0.0120922 3 
14 13 18 0.00237185 0.021 0.00835776 3 
15 13 18 0 0.045 0.0119555 1 
16 13 18 0 0.015 0.0148632 1 
17 13 18 0 0.028 0.0167182 1 
18 13 18 0 0.036 0.0134941 1 
19 13 18 0 0.036 0.0131841 1 
20 13 18 0.0090545 0.013 0.011725 13 
21 13 18 0.00271839 0.033 0.0119866 3 
22 13 18 0.0203019 0.006 0.014198 21 
23 13 18 0 0.033 0.0134605 1 
24 13 18 0 0.015 0.0158691 1 
25 13 18 0 0.02 0.0145644 1 
26 13 18 0 0.019 0.0141099 1 
27 13 18 0 0.024 0.0148378 1 
28 13 18 0.000107589 0.021 0.0156862 2 
29 13 18 0 0.048 0.0101086 1 
30 13 18 0.0142842 0.003 0.0116128 7 
31 13 18 0 0.001 0.011314 1 
32 13 18 0.000107145 0.029 0.0121981 3 
0 13 19 0.00116151 0.01 0.0170182 3 
1 13 19 0.00521194 0.039 0.0138079 2 
2 13 19 0.00111863 0.004 0.014248 3 
3 13 19 0 0.028 0.0136023 1 
4 13 19 0.00123705 0.019 0.0129008 2 
5 13 19 3.0109e-05 0.022 0.00906098 2 
6 13 19 0 0.047 0.0137647 1 
7 13 19 0.000531 0.001 0.01457 2 
8 13 19 0 0.041 0.013523 3 
9 13 19 0 0.008 0.0137574 1 
10 13 19 0 0.012 0.0162343 1 
11 13 19 0.0001732 0.046 0.0144968 2 
12 13 19 0 0.04 0.0155794 1 
13 13 19 0 0.03 0.016116 1 
14 13 19 0 0.013 0.00938934 1 
15 13 19 0 0.042 0.0145788 1 
16 13 19 0 0.01 0.0163386 1 
17 13 19 0.00428002 0.001 0.011889 6 
18 13 19 0 0.037 0.0161927 1 
19 13 19 0 0.011 0.0125097 1 
20 13 19 0 0.002 0.0100921 1 
21 13 19 0.00183534 0.008 0.0130087 4 
22 13 19 0.000405737 0.007 0.0161138 2 
23 13 19 0 0.031 0.0133931 1 
24 13 19 0 0.014 0.0119646 1 
25 13 19 0.00012857 0.034 0.0102707 2 
26 13 19 0 0.045 0.00961456 1 
27 13 19 0 0.036 0.0108211 1 
28 13 19 0.000150885 0.016 0.0124372 2 
29 13 19 0.000195515 0.021 0.0147265 2 
30 13 19 0 0.025 0.0111278 1 
31 13 19 0 0.021 0.0146381 1 
32 13 19 0 0.014 0.0123398 1 
0 13 20 0.0204059 0.009 0.0147216 19 
1 13 20 0 0.001 0.0123823 1 
2 13 20 0.00311041 0.01 0.0120756 3 
3 13 20 0 0.015 0.0144073 1 
4 13 20 0 0.025 0.014733 1 
5 13 20 0 0.032 0.0134792 1 
6 13 20 0 0.032 0.018664 1 
7 13 20 0 0.019 0.0138122 1 
8 13 20 0 0.007 0.0138245 1 
9 13 20 0.0107266 0.023 0.0126068 7 
10 13 20 0 0.036 0.0131224 1 
11 13 20 8.63531e-05 0.02 0.0156607 2 
12 13 20 0.00117321 0.004 0.0106428 2 
13 13 20 2.47005e-05 0.003 0.011719 2 
14 13 20 0 0.046 0.0128117 1 
15 13 20 0 0.039 0.0136804 1 
16 13 20 0 0.036 0.0119977 1 
17 13 20 0 0.038 0.014188 1 
18 13 20 0 0.01 0.0143631 1 
19 13 20 0.00134634 0.033 0.0122421 2 
20 13 20 0 0.02 0.0146903 3 
21 13 20 0.000954687 0.034 0.017023 2 
22 13 20 0 0.002 0.0169414 1 
23 13 20 0 0.008 0.0127246 1 
24 13 20 0.000107735 0.016 0.0140929 2 
25 13 20 0.00217563 0.004 0.0131654 6 
26 13 20 0 0.049 0.0155167 1 
27 13 20 0.0228654 0.004 0.0186318 23 
28 13 20 0 0.018 0.0129758 1 
29 13 20 0 0.01 0.0126882 1 
30 13 20 0.00986376 0.015 0.0162685 14 
31 13 20 0 0.034 0.0128292 1 
32 13 20 0 0.014 0.0113246 1 
0 13 21 0.0167483 0.037 0.013551 5 
1 13 21 0.00539915 0.005 0.0108939 10 
2 13 21 0.00272617 0.017 0.0123724 3 
3 13 21 0 0.005 0.00987626 1 
4 13 21 0 0.032 0.0149171 1 
5 13 21 0 0.042 0.0140852 1 
6 13 21 0 0.041 0.0148039 1 
7 13 21 0.00346195 0.048 0.0125013 4 
8 13 21 0 0.038 0.0157504 1 
9 13 21 0 0.048 0.0168562 1 
10 13 21 0 0.024 0.0151737 1 
11 13 21 0.000118771 0.019 0.0148181 2 
12 13 21 0 0.005 0.0126128 1 
13 13 21 0.00139742 0.014 0.0140637 2 
14 13 21 0 0.007 0.0168861 1 
15 13 21 0 0.048 0.0154038 1 
16 13 21 0 0.012 0.0159747 1 
17 13 21 0 0.01 0.013611 1 
18 13 21 0.00285258 0.033 0.0121999 3 
19 13 21 0 0.027 0.0150909 1 
20 13 21 0 0.046 0.013018 1 
21 13 21 0.00171472 0.029 0.00690344 2 
22 13 21 0.0105646 0.015 0.01102 12 
23 13 21 0 0.025 0.0108434 1 
24 13 21 0 0.018 0.0141564 1 
25 13 21 7.58121e-05 0.01 0.0143014 2 
26 13 21 0.000140711 0.01 0.0158129 3 
27 13 21 0.000618955 0.012 0.010696 2 
28 13 21 0 0.022 0.0172577 1 
29 13 21 0 0.047 0.0120309 1 
30 13 21 0 0.043 0.0126616 1 
31 13 21 0 0.036 0.0183831 1 
32 13 21 0.00171158 0.01 0.0111475 3 
0 13 22 0 0.036 0.0134779 1 
1 13 22 0 0.027 0.0131786 1 
2 13 22 0 0.012 0.0132439 1 
3 13 22 0 0.024 0.0131906 1 
4 13 22 0 0.044 0.0127625 1 
5 13 22 0 0.031 0.0116867 1 
6 13 22 0 0.032 0.014434 1 
7 13 22 0.000920582 0.031 0.0108087 3 
8 13 22 0 0.017 0.0129403 1 
9 13 22 0 0.038 0.0133007 1 
10 13 22 0 0.029 0.0148719 1 
11 13 22 4.92419e-05 0.011 0.0129291 2 
12 13 22 0.00118692 0.002 0.0121568 3 
13 13 22 0 0.016 0.0141887 1 
14 13 22 0 0.038 0.0110867 1 
15 13 22 0 0.029 0.0122944 1 
16 13 22 0 0.025 0.0140164 1 
17 13 22 0.000292779 0.003 0.0123053 2 
18 13 22 0 0.01 0.0176836 1 
19 13 22 0 0.042 0.0099569 1 
20 13 22 0.00232848 0.045 0.0116564 3 
21 13 22 0.00224223 0.038 0.012363 3 
22 13 22 0.0190762 0.005 0.0124043 21 
23 13 22 0 0.003 0.0159207 1 
24 13 22 0 0.027 0.016465 1 
25 13 22 0 0.006 0.0175807 1 
26 13 22 0 0.044 0.0173693 1 
27 13 22 0 0.009 0.0121471 1 
28 13 22 0 0.039 0.0125385 1 
29 13 22 0 0.028 0.0123071 1 
30 13 22 0 0.029 0.0137365 1 
31 13 22 0.00352517 0.024 0.00889586 3 
32 13 22 0.0116457 0.015 0.0118863 13 
0 13 23 0.0479469 0.003 0.0116647 47 
1 13 23 0 0.011 0.0131286 1 
2 13 23 0 0.013 0.0164371 1 
3 13 23 0 0.022 0.0144646 1 
4 13 23 0 0.032 0.0113023 1 
5 13 23 0 0.005 0.0121433 1 
6 13 23 0 0.042 0.0162352 1 
7 13 23 0.00231155 0.011 0.0132963 2 
8 13 23 0 0.033 0.0157526 1 
9 13 23 0.0096337 0.026 0.0149803 4 
10 13 23 0 0.006 0.0159758 1 
11 13 23 0.000118886 0.005 0.0141303 2 
12 13 23 0 0.027 0.0148995 1 
13 13 23 0.00359543 0.023 0.0121347 6 
14 13 23 0 0.027 0.0109748 1 
15 13 23 0 0.047 0.0103176 1 
16 13 23 0 0.016 0.0128097 1 
17 13 23 0 0.003 0.0163564 1 
18 13 23 0 0.007 0.014069 1 
19 13 23 2.2667e-07 0.029 0.0107286 2 
20 13 23 0 0.011 0.0161978 1 
21 13 23 0.000956559 0.04 0.0141563 2 
22 13 23 0 0.031 0.0138806 1 
23 13 23 0 0.01 0.0128041 1 
24 13 23 0 0.008 0.0162167 1 
25 13 23 0 0.029 0.012289 1 
26 13 23 0.00275149 0.023 0.0145035 7 
27 13 23 0 0.026 0.0162211 1 
28 13 23 0 0.009 0.0152533 1 
29 13 23 0.00191667 0.03 0.013455 2 
30 13 23 0 0.041 0.0132888 1 
31 13 23 0.00349063 0.042 0.0113577 3 
32 13 23 0.00110354 0.044 0.0144765 2 
0 13 24 0 0.043 0.0137324 1 
1 13 24 0.000666896 0.013 0.0129627 2 
2 13 24 0 0.039 0.0140841 1 
3 13 24 0.000963743 0.01 0.0109084 3 
4 13 24 0 0.007 0.012443 1 
5 13 24 0 0.036 0.0171012 1 
6 13 24 0 0.044 0.013744 2 
7 13 24 0.00223091 0.026 0.0113038 4 
8 13 24 0 0.049 0.0107404 3 
9 13 24 0 0.015 0.0131599 1 
10 13 24 0.00423403 0.03 0.0154273 4 
11 13 24 0.00554041 0.029 0.00925684 3 
12 13 24 0.00100696 0.008 0.0147052 3 
13 13 24 0 0.015 0.0127497 1 
14 13 24 0 0.005 0.0162825 1 
15 13 24 0 0.037 0.015142 1 
16 13 24 0 0.007 0.0107626 1 
17 13 24 0 0.045 0.0134929 1 
18 13 24 0 0.013 0.0139162 1 
19 13 24 0.000135936 0.024 0.0149251 2 
20 13 24 0.019618 0.01 0.0154508 14 
21 13 24 0 0.004 0.0150083 2 
22 13 24 0.000385732 0.035 0.00881217 3 
23 13 24 7.7635e-05 0.003 0.011235 2 
24 13 24 0 0.004 0.0149206 1 
25 13 24 0.00727216 0.037 0.0121293 4 
26 13 24 0.00786385 0.014 0.0138154 7 
27 13 24 0.00237306 0.027 0.0117455 5 
28 13 24 0 0.018 0.00951228 1 
29 13 24 3.23499e-05 0.048 0.0162528 2 
30 13 24 0.00136043 0.038 0.0116498 6 
31 13 24 0 0.004 0.0152476 1 
32 13 24 0 0.032 0.0132206 1 
0 13 25 0 0.033 0.0149144 1 
1 13 25 0.000522487 0.029 0.0123176 2 
2 13 25 0 0.027 0.0159127 1 
3 13 25 0 0.013 0.0129895 1 
4 13 25 0 0.009 0.014533 1 
5 13 25 0 0.044 0.00928552 1 
6 13 25 0 0.03 0.013647 1 
7 13 25 0 0.028 0.0143219 1 
8 13 25 0 0.039 0.0135139 1 
9 13 25 0 0.007 0.0127422 1 
10 13 25 0 0.017 0.0147478 10 
11 13 25 0.00321958 0.028 0.0157897 3 
12 13 25 0 0.013 0.0141552 1 
13 13 25 0.00224709 0.018 0.0132535 5 
14 13 25 0 0.011 0.0167663 1 
15 13 25 0 0.032 0.0145799 1 
16 13 25 0 0.049 0.0136475 1 
17 13 25 0.00801357 0.009 0.0108034 10 
18 13 25 0 0.02 0.0181478 1 
19 13 25 0 0.006 0.0133846 1 
20 13 25 0.00177102 0.014 0.0148732 3 
21 13 25 0 0.027 0.0100632 1 
22 13 25 0 0.048 0.0182781 1 
23 13 25 0 0.019 0.0148196 1 
24 13 25 0.000100997 0.047 0.0132608 2 
25 13 25 0.0086455 0.027 0.0151464 9 
26 13 25 0 0.036 0.0146651 1 
27 13 25 0 0.043 0.0105417 1 
28 13 25 0 0.04 0.0109162 1 
29 13 25 0 0.023 0.0160216 1 
30 13 25 0.0159581 0.014 0.00972004 16 
31 13 25 7.34855e-07 0.008 0.0120645 2 
32 13 25 0 0.029 0.0117306 1 
0 13 26 0.0215031 0.01 0.0128071 21 
1 13 26 0 0.045 0.012343 1 
2 13 26 0 0.045 0.0162311 1 
3 13 26 0 0.023 0.0120141 1 
4 13 26 0 0.009 0.0134655 1 
5 13 26 0 0.012 0.0139647 1 
6 13 26 0 0.014 0.0107965 1 
7 13 26 0.00123843 0.008 0.0116958 2 
8 13 26 0 0.012 0.012236 1 
9 13 26 0 0.046 0.011388 1 
10 13 26 0 0.026 0.0122679 1 
11 13 26 0 0.039 0.0153886 1 
12 13 26 0 0.001 0.0132478 1 
13 13 26 0.0016377 0.003 0.0121881 6 
14 13 26 0.00112567 0.009 0.0123085 4 
15 13 26 0 0.014 0.01563 1 
16 13 26 0 0.005 0.0153506 1 
17 13 26 0 0.029 0.0152924 1 
18 13 26 6.64959e-05 0.013 0.0123369 2 
19 13 26 0.0110333 0.025 0.0147158 7 
20 13 26 0.00412152 0.002 0.0117313 4 
21 13 26 0 0.005 0.0123285 2 
22 13 26 0 0.011 0.0121757 1 
23 13 26 0.00159866 0.007 0.0122826 3 
24 13 26 0 0.037 0.0148061 1 
25 13 26 0 0.037 0.0133584 1 
26 13 26 0 0.028 0.0152673 1 
27 13 26 0 0.023 0.0134274 1 
28 13 26 0 0.017 0.0163249 1 
29 13 26 0 0.04 0.0105919 1 
30 13 26 0 0.038 0.0092873 1 
31 13 26 0 0.013 0.0134735 1 
32 13 26 0 0.045 0.0120586 1 
0 13 27 0.00593486 0.004 0.0136819 12 
1 13 27 0 0.034 0.0120072 1 
2 13 27 0 0.002 0.0154728 1 
3 13 27 0 0.019 0.0150883 1 
4 13 27 0.00240704 0.02 0.0132603 2 
5 13 27 0 0.011 0.0149509 1 
6 13 27 0 0.035 0.0130333 1 
7 13 27 0.00175437 0.035 0.012469 2 
8 13 27 0 0.016 0.0155056 1 
9 13 27 0.00419848 0.015 0.0133476 4 
10 13 27 0 0.018 0.0118543 1 
11 13 27 0 0.012 0.0150111 1 
12 13 27 0 0.023 0.0104504 1 
13 13 27 7.78543e-06 0.01 0.0144751 2 
14 13 27 0 0.046 0.0121806 1 
15 13 27 0 0.036 0.0119343 1 
16 13 27 0 0.042 0.0133338 1 
17 13 27 0 0.041 0.0160237 1 
18 13 27 0 0.035 0.0176826 1 
19 13 27 0 0.03 0.00938738 1 
20 13 27 0.00271657 0.007 0.0123355 2 
21 13 27 0 0.02 0.0131347 1 
22 13 27 0 0.026 0.0117572 1 
23 13 27 0 0.017 0.0123256 1 
24 13 27 0 0.007 0.013679 1 
25 13 27 0 0.032 0.0152514 1 
26 13 27 0 0.022 0.00877644 1 
27 13 27 4.57831e-05 0.001 0.0168054 2 
28 13 27 0 0.004 0.0151908 1 
29 13 27 0 0.037 0.0108432 1 
30 13 27 0.00140523 0.039 0.0125595 2 
31 13 27 0.000151916 0.026 0.0147607 2 
32 13 27 0 0.03 0.0194705 1 
0 13 28 0 0.04 0.013095 1 
1 13 28 0 0.031 0.0148134 1 
2 13 28 0 0.02 0.0127189 1 
3 13 28 0 0.01 0.0128505 1 
4 13 28 0 0.001 0.0111715 1 
5 13 28 0 0.019 0.0115031 1 
6 13 28 0 0.008 0.0114671 1 
7 13 28 0.0017152 0.005 0.0105332 2 
8 13 28 0 0.023 0.0153991 2 
9 13 28 0 0.018 0.0155887 1 
10 13 28 0 0.036 0.0144305 1 
11 13 28 0 0.046 0.0123574 1 
12 13 28 0 0.015 0.0182727 1 
13 13 28 0.00105601 0.026 0.0113667 3 
14 13 28 0.000399904 0.003 0.0113425 2 
15 13 28 0 0.037 0.0192532 1 
16 13 28 0 0.037 0.0132489 1 
17 13 28 0 0.037 0.0165481 1 
18 13 28 0 0.036 0.0149943 1 
19 13 28 0.00135192 0.011 0.0133868 2 
20 13 28 0.0168627 0.006 0.0121884 12 
21 13 28 0.000462448 0.049 0.0121203 2 
22 13 28 0.00917231 0.027 0.0124691 10 
23 13 28 0 0.032 0.011295 1 
24 13 28 0 0.008 0.0129193 1 
25 13 28 0 0.002 0.0113393 1 
26 13 28 0 0.002 0.0135539 1 
27 13 28 0 0.049 0.0121605 1 
28 13 28 3.47161e-05 0.049 0.013871 2 
29 13 28 0 0.044 0.0109885 1 
30 13 28 0 0.019 0.013682 1 
31 13 28 0 0.015 0.0162548 1 
32 13 28 0 0.048 0.0144355 1 
0 13 29 0 0.027 0.0154695 1 
1 13 29 0 0.026 0.010846 1 
2 13 29 0 0.001 0.0121582 1 
3 13 29 4.52938e-05 0.009 0.00809181 2 
4 13 29 0.00124969 0.019 0.0121474 2 
5 13 29 0 0.017 0.0160586 1 
6 13 29 0 0.011 0.0123366 1 
7 13 29 0 0.008 0.014366 1 
8 13 29 0.00104804 0.036 0.00978123 2 
9 13 29 0 0.029 0.0141299 1 
10 13 29 0 0.006 0.0119467 1 
11 13 29 7.41587e-05 0.01 0.0129536 2 
12 13 29 0 0.048 0.0121031 1 
13 13 29 0.0047398 0.046 0.0150917 6 
14 13 29 0.00113916 0.001 0.0142098 2 
15 13 29 4.71435e-05 0.041 0.0172347 2 
16 13 29 0 0.031 0.0137599 1 
17 13 29 0.00139767 0.022 0.0160047 2 
18 13 29 0 0.049 0.0103426 1 
19 13 29 0.00238596 0.04 0.0147105 5 
20 13 29 0.00193722 0.034 0.0144339 4 
21 13 29 0.00286696 0.004 0.0126737 3 
22 13 29 0 0.032 0.0142663 1 
23 13 29 0.00302271 0.033 0.0138736 3 
24 13 29 0 0.004 0.0172227 1 
25 13 29 0.0032034 0.035 0.0132042 3 
26 13 29 0 0.004 0.0158847 1 
27 13 29 0 0.028 0.0131811 1 
28 13 29 0 0.009 0.0138038 1 
29 13 29 0 0.037 0.0167226 1 
30 13 29 0 0.007 0.0151889 1 
31 13 29 0 0.033 0.0142187 1 
32 13 29 0.00137365 0.013 0.0126645 2 
0 13 30 0 0.031 0.0145485 1 
1 13 30 0 0.004 0.0140856 1 
2 13 30 0 0.023 0.015587 1 
3 13 30 0 0.035 0.0150347 1 
4 13 30 0 0.028 0.0145785 1 
5 13 30 0 0.012 0.0176522 4 
6 13 30 0 0.012 0.0160891 1 
7 13 30 0.000762032 0.002 0.0134537 2 
8 13 30 0 0.005 0.0477759 3 
9 13 30 0 0.014 0.0196431 1 
10 13 30 0 0.041 0.0118642 1 
11 13 30 0 0.001 0.0146146 1 
12 13 30 0.00635225 0.02 0.0152042 10 
13 13 30 0.000218578 0.002 0.0112871 2 
14 13 30 0.00761913 0.007 0.0108611 11 
15 13 30 4.72793e-05 0.027 0.0141192 2 
16 13 30 0 0.046 0.0150589 1 
17 13 30 0.000775054 0.013 0.0167622 2 
18 13 30 0 0.044 0.0122098 1 
19 13 30 0 0.005 0.0146633 1 
20 13 30 0.00117832 0.02 0.0153069 4 
21 13 30 0 0.025 0.012984 2 
22 13 30 0.00470155 0.027 0.013094 2 
23 13 30 0.00425212 0.022 0.0112044 8 
24 13 30 0 0.047 0.016091 1 
25 13 30 0 0.013 0.0130926 1 
26 13 30 0 0.003 0.011495 1 
27 13 30 0.0195985 0.002 0.0117594 19 
28 13 30 3.47099e-05 0.031 0.0132235 2 
29 13 30 0 0.016 0.0167334 1 
30 13 30 0 0.017 0.0134299 1 
31 13 30 0 0.015 0.0157588 1 
32 13 30 0.00532534 0.018 0.0181562 5 
0 13 31 0 0.049 0.0142425 1 
1 13 31 0 0.038 0.0142562 1 
2 13 31 0 0.04 0.0145023 1 
3 13 31 0 0.01 0.0135662 1 
4 13 31 0 0.035 0.0152113 1 
5 13 31 0 0.029 0.0132609 1 
6 13 31 0 0.01 0.0151165 1 
7 13 31 0 0.023 0.0122667 1 
8 13 31 0.00296403 0.036 0.0136017 3 
9 13 31 0 0.001 0.0138453 1 
10 13 31 0 0.045 0.0164058 1 
11 13 31 0 0.014 0.0149965 1 
12 13 31 0.0147538 0.003 0.0154993 26 
13 13 31 0 0.015 0.0119522 1 
14 13 31 0.00128356 0.001 0.0126555 3 
15 13 31 4.71618e-05 0.021 0.0113494 2 
16 13 31 0 0.016 0.0103785 1 
17 13 31 0.00119863 0.007 0.0160839 2 
18 13 31 0 0.03 0.0162086 1 
19 13 31 0.00171896 0.031 0.0109534 2 
20 13 31 0 0.026 0.0124054 1 
21 13 31 0.00539633 0.02 0.0133174 5 
22 13 31 0.0275092 0.003 0.0139913 20 
23 13 31 0 0.002 0.0136399 1 
24 13 31 0 0.01 0.0124737 1 
25 13 31 0.00148591 0.024 0.00904843 2 
26 13 31 0 0.045 0.0123927 1 
27 13 31 0 0.033 0.0123724 1 
28 13 31 0 0.01 0.0147994 1 
29 13 31 0 0.035 0.0124847 1 
30 13 31 0.000584871 0.014 0.015202 2 
31 13 31 0 0.023 0.0134186 1 
32 13 31 0 0.007 0.0133485 1 
0 13 32 0.0223524 0.01 0.0124046 12 
1 13 32 0 0.016 0.0163157 1 
2 13 32 0 0.005 0.0140233 1 
3 13 32 0.000202458 0.002 0.015347 2 
4 13 32 0 0.026 0.011359 1 
5 13 32 0 0.045 0.0128268 1 
6 13 32 0 0.013 0.00977135 1 
7 13 32 0 0.018 0.0133205 1 
8 13 32 0 0.009 0.0114769 1 
9 13 32 0.0117734 0.007 0.0131172 24 
10 13 32 0 0.043 0.0141656 1 
11 13 32 0 0.027 0.0130702 1 
12 13 32 0.000243454 0.018 0.0148417 2 
13 13 32 0 0.006 0.0110695 2 
14 13 32 0 0.03 0.0118335 1 
15 13 32 0 0.016 0.0113929 1 
16 13 32 4.73665e-05 0.038 0.0157344 2 
17 13 32 0 0.031 0.0136344 1 
18 13 32 3.48103e-05 0.008 0.0156488 2 
19 13 32 0 0.032 0.0137298 1 
20 13 32 0 0.049 0.0130575 1 
21 13 32 0.000152759 0.005 0.0088176 2 
22 13 32 0 0.02 0.0134447 1 
23 13 32 0.00622888 0.006 0.014412 5 
24 13 32 0 0.004 0.0142832 1 
25 13 32 0.00341179 0.011 0.0127614 11 
26 13 32 0 0.029 0.0105548 1 
27 13 32 0 0.032 0.0134042 1 
28 13 32 0 0.032 0.0154678 1 
29 13 32 0 0.018 0.0121116 1 
30 13 32 0.0523339 0.005 0.01253 45 
31 13 32 0 0.014 0.0137154 1 
32 13 32 0.000169277 0.026 0.0106055 3 
0 13 33 0 0.019 0.0152754 1 
1 13 33 0 0.013 0.0168889 1 
2 13 33 0 0.01 0.0140351 1 
3 13 33 0 0.015 0.010342 1 
4 13 33 0 0.037 0.0131259 1 
5 13 33 0 0.011 0.0145905 1 
6 13 33 0 0.014 0.0139226 1 
7 13 33 0 0.002 0.010246 1 
8 13 33 0 0.019 0.0163149 1 
9 13 33 0.0142222 0.001 0.0150664 8 
10 13 33 0 0.049 0.0124142 1 
11 13 33 0 0.035 0.0144157 1 
12 13 33 0.000191786 0.005 0.0156952 3 
13 13 33 0.0040194 0.038 0.0154642 3 
14 13 33 0.0137969 0.012 0.0142606 12 
15 13 33 0 0.036 0.0140806 1 
16 13 33 4.72869e-05 0.002 0.0156532 2 
17 13 33 0.00147723 0.028 0.0116442 3 
18 13 33 0 0.029 0.0166452 1 
19 13 33 0 0.02 0.014154 1 
20 13 33 0 0.032 0.0143757 1 
21 13 33 0 0.039 0.0118407 1 
22 13 33 5.46732e-05 0.005 0.0149456 2 
23 13 33 0 0.044 0.0126049 1 
24 13 33 6.07699e-05 0.022 0.010901 2 
25 13 33 0 0.033 0.0119115 1 
26 13 33 0 0.016 0.0115995 1 
27 13 33 0.000439072 0.006 0.0136543 3 
28 13 33 0 0.029 0.0142576 1 
29 13 33 0 0.018 0.0162296 1 
30 13 33 0.000142033 0.002 0.0142474 2 
31 13 33 0 0.013 0.0179931 1 
32 13 33 0 0.02 0.0100373 1 
0 13 34 0 0.013 0.00842917 1 
1 13 34 0 0.009 0.0117785 1 
2 13 34 0.00358436 0.037 0.0136116 3 
3 13 34 0 0.034 0.0153122 1 
4 13 34 0 0.044 0.0151552 1 
5 13 34 0 0.045 0.0152403 1 
6 13 34 0 0.004 0.0157385 1 
7 13 34 0 0.017 0.0132745 1 
8 13 34 0 0.046 0.0159615 1 
9 13 34 0.00923517 0.022 0.0138944 5 
10 13 34 0.000555211 0.017 0.0120244 2 
11 13 34 0 0.011 0.014582 1 
12 13 34 0.00216448 0.002 0.00873556 5 
13 13 34 0.00375648 0.015 0.0151823 7 
14 13 34 0 0.021 0.0131501 1 
15 13 34 4.74984e-05 0.043 0.0127221 2 
16 13 34 4.74984e-05 0.047 0.0129765 2 
17 13 34 0.00916901 0.001 0.013086 10 
18 13 34 0 0.041 0.0137408 1 
19 13 34 0.014185 0.036 0.011974 5 
20 13 34 0 0.033 0.0119007 1 
21 13 34 0.000287679 0.049 0.0142184 2 
22 13 34 0.00377731 0.019 0.0122073 6 
23 13 34 0 0.015 0.0106448 1 
24 13 34 0 0.046 0.0120516 1 
25 13 34 0.00700433 0.026 0.0150448 7 
26 13 34 0.00188962 0.015 0.016446 2 
27 13 34 0 0.031 0.0100656 1 
28 13 34 0 0.02 0.0168842 1 
29 13 34 0 0.003 0.0124696 1 
30 13 34 0.000614191 0.028 0.0135459 2 
31 13 34 0 0.002 0.0112937 1 
32 13 34 0 0.006 0.0145561 1 
0 13 35 0.00464929 0.007 0.0113384 6 
1 13 35 0 0.04 0.0122785 1 
2 13 35 0.00106096 0.021 0.0107974 3 
3 13 35 0 0.014 0.0149602 1 
4 13 35 0 0.037 0.0162728 1 
5 13 35 0 0.03 0.0138428 1 
6 13 35 0 0.032 0.0162575 1 
7 13 35 0 0.002 0.017956 1 
8 13 35 6.06189e-05 0.038 0.0180911 3 
9 13 35 0 0.034 0.0157476 1 
10 13 35 0 0.032 0.0130516 1 
11 13 35 7.42837e-05 0.026 0.0115357 2 
12 13 35 0.017431 0.016 0.0120322 9 
13 13 35 0 0.015 0.0177308 1 
14 13 35 0.000541334 0.004 0.0144236 2 
15 13 35 0 0.047 0.014042 1 
16 13 35 0 0.014 0.0164672 1 
17 13 35 0.00445149 0.001 0.013432 5 
18 13 35 0 0.022 0.0133272 1 
19 13 35 0.0156129 0.002 0.0131573 21 
20 13 35 0 0.007 0.0129958 1 
21 13 35 0.000128166 0.002 0.0121359 2 
22 13 35 0 0.044 0.0103253 1 
23 13 35 0.00104337 0.025 0.0162542 2 
24 13 35 0 0.033 0.0148798 1 
25 13 35 0 0.011 0.0127367 1 
26 13 35 0.00764946 0.002 0.0132815 11 
27 13 35 0 0.023 0.0125597 1 
28 13 35 0 0.005 0.0134839 1 
29 13 35 0.00358772 0.022 0.0117067 3 
30 13 35 0 0.005 0.0124483 1 
31 13 35 0 0.024 0.0129251 1 
32 13 35 6.50947e-05 0.01 0.0169315 2 
0 13 36 0.0439421 0.002 0.0111085 48 
1 13 36 0 0.004 0.00907647 1 
2 13 36 0.000802484 0.024 0.0135601 3 
3 13 36 0 0.039 0.0136962 1 
4 13 36 0.000832802 0.037 0.0111273 2 
5 13 36 0 0.043 0.0175346 2 
6 13 36 0.00160763 0.036 0.0148249 3 
7 13 36 0.000894717 0.024 0.0126153 2 
8 13 36 0 0.039 0.0161623 1 
9 13 36 0.0234068 0.008 0.0084669 19 
10 13 36 0 0.002 0.0152029 1 
11 13 36 2.2526e-05 0.047 0.0178808 2 
12 13 36 0 0.008 0.014365 1 
13 13 36 1.33111e-05 0.022 0.0121794 2 
14 13 36 0.0220369 0.006 0.0130452 27 
15 13 36 0 0.018 0.011962 1 
16 13 36 0 0.001 0.0130161 1 
17 13 36 0 0.045 0.0148683 1 
18 13 36 0 0.013 0.0133234 1 
19 13 36 0 0.002 0.0134157 1 
20 13 36 0 0.006 0.0115362 1 
21 13 36 0 0.03 0.0141428 1 
22 13 36 0.0108538 0.024 0.0136962 12 
23 13 36 0 0.031 0.0178682 1 
24 13 36 0 0.037 0.0160933 1 
25 13 36 0 0.004 0.0119724 1 
26 13 36 0 0.005 0.0119468 1 
27 13 36 0 0.015 0.0116365 1 
28 13 36 0 0.003 0.0128769 1 
29 13 36 0 0.037 0.014156 1 
30 13 36 0 0.044 0.0135991 1 
31 13 36 0.000684367 0.042 0.0119085 2 
32 13 36 0.00424409 0.038 0.0139467 4 
0 13 37 0.00793694 0.002 0.0151008 13 
1 13 37 0 0.037 0.0134287 1 
2 13 37 0.00355239 0.036 0.0141797 3 
3 13 37 0 0.002 0.0145163 1 
4 13 37 0 0.02 0.0119831 1 
5 13 37 0 0.022 0.00881602 1 
6 13 37 0 0.022 0.0139819 1 
7 13 37 0 0.011 0.0124228 1 
8 13 37 0 0.01 0.0162601 1 
9 13 37 0 0.037 0.0171962 1 
10 13 37 0 0.02 0.0120787 1 
11 13 37 0 0.037 0.0161486 1 
12 13 37 0 0.015 0.0136563 1 
13 13 37 0 0.041 0.0111968 1 
14 13 37 0 0.043 0.0130109 1 
15 13 37 0 0.013 0.0156304 1 
16 13 37 0 0.024 0.0138218 1 
17 13 37 0 0.033 0.00988221 1 
18 13 37 0 0.035 0.0133139 1 
19 13 37 0.00920565 0.004 0.0125266 10 
20 13 37 0.0104083 0.027 0.0130452 7 
21 13 37 0 0.011 0.0191255 1 
22 13 37 0.0012079 0.013 0.0118644 3 
23 13 37 0 0.046 0.0130908 1 
24 13 37 0 0.012 0.0138124 1 
25 13 37 0.00148701 0.002 0.0129736 3 
26 13 37 0.00162585 0.005 0.0108684 3 
27 13 37 0 0.039 0.0113716 1 
28 13 37 0 0.047 0.0160406 1 
29 13 37 0 0.045 0.0127752 1 
30 13 37 0.0272708 0.016 0.0138836 19 
31 13 37 0 0.021 0.0119419 1 
32 13 37 0 0.015 0.0171861 1 
0 13 38 0 0.029 0.0166546 1 
1 13 38 0 0.029 0.0123614 1 
2 13 38 0 0.035 0.0128388 1 
3 13 38 0.0164774 0.011 0.0121086 11 
4 13 38 0 0.029 0.0146756 1 
5 13 38 3.10501e-05 0.034 0.0146014 3 
6 13 38 0 0.027 0.0124015 1 
7 13 38 0 0.029 0.0169547 1 
8 13 38 0 0.009 0.0155578 1 
9 13 38 0 0.024 0.0144243 1 
10 13 38 0 0.044 0.0118548 1 
11 13 38 0 0.025 0.0139829 1 
12 13 38 0 0.004 0.0102223 1 
13 13 38 0 0.042 0.0108263 1 
14 13 38 0 0.021 0.0128863 1 
15 13 38 8.5123e-05 0.021 0.0141893 2 
16 13 38 0 0.033 0.0158436 1 
17 13 38 0 0.001 0.0142469 1 
18 13 38 0 0.041 0.0156344 1 
19 13 38 0.000439778 0.026 0.010386 2 
20 13 38 0 0.009 0.0130253 1 
21 13 38 0 0.049 0.0172574 1 
22 13 38 0.000330763 0.008 0.0134451 3 
23 13 38 0.00232544 0.007 0.0089984 3 
24 13 38 6.80028e-05 0.045 0.0167121 2 
25 13 38 0 0.043 0.014914 1 
26 13 38 0 0.037 0.0137529 1 
27 13 38 0 0.033 0.0138342 1 
28 13 38 0 0.002 0.0111239 1 
29 13 38 0 0.042 0.013738 1 
30 13 38 0 0.038 0.012298 1 
31 13 38 0.00179889 0.008 0.0123275 2 
32 13 38 0 0.018 0.0127524 1 
0 13 39 0 0.026 0.0116756 1 
1 13 39 0 0.021 0.0159217 1 
2 13 39 0 0.027 0.0112447 1 
3 13 39 0 0.028 0.0148508 1 
4 13 39 0 0.028 0.0163105 1 
5 13 39 0 0.043 0.0152806 1 
6 13 39 0 0.035 0.0160105 1 
7 13 39 0 0.019 0.0155681 1 
8 13 39 0.000279682 0.031 0.0174994 2 
9 13 39 0 0.027 0.0122287 1 
10 13 39 0 0.016 0.00972063 1 
11 13 39 0.00348707 0.046 0.013614 3 
12 13 39 0.0228165 0.009 0.0130554 17 
13 13 39 0.00101622 0.048 0.00939448 3 
14 13 39 0 0.022 0.0138807 1 
15 13 39 0 0.023 0.0140301 1 
16 13 39 0 0.034 0.0148339 1 
17 13 39 0.0218227 0.017 0.014254 10 
18 13 39 0 0.038 0.0121887 1 
19 13 39 0.00201432 0.026 0.0142734 3 
20 13 39 0 0.034 0.012234 1 
21 13 39 0.00015509 0.041 0.0136234 2 
22 13 39 0 0.004 0.0151012 1 
23 13 39 0 0.02 0.0140341 1 
24 13 39 0 0.037 0.0164238 1 
25 13 39 0 0.012 0.0126042 1 
26 13 39 0 0.016 0.0142457 1 
27 13 39 0.00252592 0.02 0.0121408 3 
28 13 39 6.16201e-05 0.024 0.0166202 2 
29 13 39 0 0.038 0.0108223 1 
30 13 39 0 0.001 0.0113947 1 
31 13 39 0.000832372 0.033 0.011907 3 
32 13 39 0 0.029 0.0157 1 
0 13 40 0.0251481 0.01 0.0140594 26 
1 13 40 0.0243904 0.002 0.0136885 27 
2 13 40 0 0.017 0.0152323 1 
3 13 40 0 0.019 0.0141641 1 
4 13 40 0 0.048 0.0161861 1 
5 13 40 0 0.044 0.0142558 1 
6 13 40 0 0.044 0.013091 1 
7 13 40 0 0.041 0.0145856 1 
8 13 40 1.71072e-05 0.029 0.0130233 2 
9 13 40 0.00480461 0.01 0.0118134 6 
10 13 40 0 0.012 0.0189027 1 
11 13 40 0 0.044 0.0157048 1 
12 13 40 0.00607632 0.025 0.0149298 4 
13 13 40 0 0.014 0.0143848 2 
14 13 40 0 0.041 0.00992178 1 
15 13 40 0 0.038 0.0118657 1 
16 13 40 0 0.002 0.0165661 1 
17 13 40 0 0.041 0.0154023 1 
18 13 40 0 0.049 0.0126973 1 
19 13 40 0.00560714 0.017 0.0115251 6 
20 13 40 0 0.047 0.0150101 1 
21 13 40 0 0.031 0.0166542 2 
22 13 40 0 0.046 0.0133127 1 
23 13 40 0.00151185 0.022 0.0156141 2 
24 13 40 0 0.03 0.0136251 1 
25 13 40 0 0.03 0.0144161 1 
26 13 40 0 0.002 0.0131364 1 
27 13 40 0 0.027 0.0151949 1 
28 13 40 3.5537e-05 0.019 0.014101 2 
29 13 40 0 0.005 0.0127885 1 
30 13 40 0 0.047 0.0134649 1 
31 13 40 0 0.042 0.0155025 1 
32 13 40 0 0.029 0.0150942 1 
0 13 41 0 0.047 0.0149401 1 
1 13 41 0 0.048 0.0162546 1 
2 13 41 0 0.007 0.0115284 1 
3 13 41 0.00471701 0.041 0.0144911 2 
4 13 41 0.00026591 0.035 0.014458 2 
5 13 41 0 0.043 0.0151761 1 
6 13 41 0 0.035 0.0131735 1 
7 13 41 0 0.029 0.0113671 1 
8 13 41 0.000279526 0.044 0.0144399 2 
9 13 41 1.90589e-05 0.002 0.0129584 2 
10 13 41 0 0.009 0.0155537 1 
11 13 41 0 0.039 0.0170616 1 
12 13 41 0.00261178 0.018 0.0148576 4 
13 13 41 0.00948344 0.01 0.0126805 11 
14 13 41 0 0.025 0.0151157 1 
15 13 41 0 0.02 0.0147717 1 
16 13 41 0 0.009 0.0176583 1 
17 13 41 0 0.047 0.0129338 1 
18 13 41 0 0.037 0.0111597 1 
19 13 41 0 0.03 0.0140616 1 
20 13 41 0 0.047 0.0084974 1 
21 13 41 0 0.02 0.0161916 1 
22 13 41 9.65849e-05 0.02 0.0180777 2 
23 13 41 0 0.008 0.0127874 1 
24 13 41 0 0.021 0.0148317 1 
25 13 41 0 0.03 0.0152482 1 
26 13 41 0.00290447 0.002 0.011596 2 
27 13 41 0 0.008 0.013027 1 
28 13 41 6.16644e-05 0.023 0.0151371 2 
29 13 41 0.00263549 0.011 0.0106434 2 
30 13 41 0.0205872 0.01 0.0143976 26 
31 13 41 0 0.013 0.0141177 1 
32 13 41 0.000164472 0.001 0.0132342 3 
0 13 42 0.0441912 0.003 0.0143252 60 
1 13 42 0 0.045 0.0126611 1 
2 13 42 0 0.032 0.0160828 1 
3 13 42 0 0.002 0.0143759 1 
4 13 42 0 0.01 0.0131512 1 
5 13 42 0 0.034 0.0111311 1 
6 13 42 0 0.014 0.0108905 1 
7 13 42 0.0111044 0.006 0.0139682 8 
8 13 42 0 0.014 0.0144218 1 
9 13 42 0.00301647 0.024 0.012341 2 
10 13 42 0 0.042 0.0121928 1 
11 13 42 0 0.012 0.0111035 1 
12 13 42 0.000712155 0.005 0.0124437 2 
13 13 42 0 0.008 0.0102468 4 
14 13 42 0 0.02 0.0149089 1 
15 13 42 0 0.005 0.0177219 1 
16 13 42 0 0.018 0.0158854 1 
17 13 42 0 0.031 0.0117653 1 
18 13 42 0 0.021 0.0167256 1 
19 13 42 0 0.024 0.0138306 1 
20 13 42 0 0.018 0.0121453 1 
21 13 42 0 0.04 0.0126146 1 
22 13 42 0 0.041 0.0144468 1 
23 13 42 1.08323e-05 0.013 0.0127144 2 
24 13 42 0 0.008 0.0131298 1 
25 13 42 0 0.018 0.0136435 1 
26 13 42 0.000442626 0.015 0.0113956 2 
27 13 42 0 0.013 0.0140868 1 
28 13 42 0 0.028 0.0112694 1 
29 13 42 1.03016e-05 0.028 0.0120046 2 
30 13 42 0.0270179 0.009 0.0132549 22 
31 13 42 0 0.004 0.0118824 1 
32 13 42 0 0.013 0.0147664 1 
0 13 43 0.00109296 0.02 0.0110522 6 
1 13 43 0 0.002 0.0150396 1 
2 13 43 0 0.002 0.0156871 1 
3 13 43 0.000935507 0.007 0.0143279 3 
4 13 43 0 0.042 0.0154352 1 
5 13 43 0 0.021 0.0139518 1 
6 13 43 0 0.047 0.0148417 1 
7 13 43 0.00157713 0.003 0.013568 3 
8 13 43 0 0.005 0.0123936 1 
9 13 43 0 0.036 0.0156251 1 
10 13 43 0.000322087 0.032 0.0120416 2 
11 13 43 0 0.023 0.0110914 1 
12 13 43 0.00385862 0.009 0.0102038 3 
13 13 43 0.00242079 0.045 0.0109983 2 
14 13 43 0 0.003 0.0129742 1 
15 13 43 0 0.015 0.0128308 1 
16 13 43 0 0.003 0.013573 1 
17 13 43 0 0.042 0.0110446 1 
18 13 43 0 0.02 0.013261 1 
19 13 43 0.00860934 0.031 0.0131451 6 
20 13 43 0.0147168 0.017 0.012938 7 
21 13 43 0 0.007 0.0149916 1 
22 13 43 0.00267174 0.001 0.0104074 3 
23 13 43 0.000230654 0.004 0.0107439 2 
24 13 43 0 0.018 0.0146562 1 
25 13 43 0.0102274 0.004 0.0171455 12 
26 13 43 0.00727908 0.039 0.0132968 9 
27 13 43 0.0157078 0.014 0.0138425 15 
28 13 43 0 0.014 0.0116016 1 
29 13 43 0 0.033 0.014903 1 
30 13 43 0.0621079 0.001 0.0142926 62 
31 13 43 0 0.04 0.01274 1 
32 13 43 0 0.007 0.010602 1 
0 13 44 0 0.048 0.0114435 1 
1 13 44 0.0170011 0.002 0.0136512 19 
2 13 44 0 0.049 0.0111558 1 
3 13 44 0.0152213 0.013 0.00993076 13 
4 13 44 0 0.049 0.0184407 3 
5 13 44 0 0.049 0.0148634 5 
6 13 44 0 0.008 0.0117831 1 
7 13 44 0 0.001 0.0105238 1 
8 13 44 0.000191772 0.006 0.0135075 4 
9 13 44 0 0.026 0.0105363 1 
10 13 44 0 0.022 0.0132426 1 
11 13 44 0.00421171 0.007 0.0147493 3 
12 13 44 0 0.044 0.0157316 1 
13 13 44 0.0029452 0.011 0.0139324 2 
14 13 44 0 0.047 0.0168964 1 
15 13 44 0 0.039 0.0153052 1 
16 13 44 0 0.037 0.014967 1 
17 13 44 0 0.005 0.0146174 1 
18 13 44 0 0.029 0.0154437 1 
19 13 44 0.00217505 0.017 0.00988216 2 
20 13 44 0 0.008 0.0111097 1 
21 13 44 0 0.005 0.00981854 1 
22 13 44 0.00438038 0.034 0.0139684 3 
23 13 44 0.0066595 0.002 0.0147552 5 
24 13 44 0 0.041 0.0118945 1 
25 13 44 0 0.009 0.0132213 1 
26 13 44 0.00848209 0.013 0.0139669 10 
27 13 44 0.0011732 0.011 0.0142743 3 
28 13 44 0 0.027 0.014312 1 
29 13 44 0 0.033 0.0116409 1 
30 13 44 0.00509803 0.006 0.0114856 21 
31 13 44 0 0.043 0.0115536 1 
32 13 44 0 0.028 0.0123068 1 
0 13 45 0 0.01 0.0152567 1 
1 13 45 0 0.005 0.0151944 1 
2 13 45 0.00124736 0.022 0.0118576 2 
3 13 45 0.00301462 0.031 0.0140248 3 
4 13 45 0.000216961 0.048 0.0132118 2 
5 13 45 0 0.007 0.0135837 1 
6 13 45 0 0.032 0.0168268 1 
7 13 45 0 0.012 0.012952 1 
8 13 45 0 0.047 0.016258 1 
9 13 45 0 0.035 0.0111729 1 
10 13 45 0 0.037 0.0162355 1 
11 13 45 0 0.035 0.0141168 1 
12 13 45 0 0.016 0.0140847 1 
13 13 45 0.00602232 0.035 0.0121905 8 
14 13 45 0 0.019 0.0113233 1 
15 13 45 0 0.003 0.0111995 1 
16 13 45 0 0.018 0.0138947 1 
17 13 45 0 0.015 0.0122622 1 
18 13 45 3.07345e-05 0.037 0.0135649 2 
19 13 45 0.00167399 0.04 0.0139645 2 
20 13 45 0.000485188 0.023 0.00924249 4 
21 13 45 0 0.048 0.0145985 1 
22 13 45 0 0.049 0.0145216 1 
23 13 45 0 0.013 0.0127371 1 
24 13 45 0 0.021 0.0145985 1 
25 13 45 0 0.008 0.0141362 1 
26 13 45 0.00033526 0.016 0.0115939 2 
27 13 45 0.0441482 0.001 0.00933599 53 
28 13 45 3.07345e-05 0.026 0.0131542 2 
29 13 45 0 0.035 0.0170374 1 
30 13 45 0.00199957 0.023 0.0153663 4 
31 13 45 0 0.014 0.011634 1 
32 13 45 0.000444506 0.003 0.0127971 2 
0 13 46 0.0232789 0.005 0.0123908 27 
1 13 46 0.00202306 0.018 0.0117914 4 
2 13 46 5.30913e-06 0.004 0.0109478 2 
3 13 46 4.98769e-06 0.033 0.0153772 3 
4 13 46 0 0.013 0.0134447 1 
5 13 46 0 0.043 0.0125485 1 
6 13 46 0 0.036 0.014238 1 
7 13 46 0 0.02 0.0105669 1 
8 13 46 0 0.04 0.0140062 1 
9 13 46 0 0.009 0.0138125 1 
10 13 46 0 0.035 0.0186411 1 
11 13 46 0 0.027 0.0150158 1 
12 13 46 0 0.048 0.00887608 1 
13 13 46 0.00997475 0.026 0.0151086 6 
14 13 46 0 0.005 0.0157315 1 
15 13 46 2.16546e-05 0.034 0.0131637 2 
16 13 46 0 0.017 0.00864355 1 
17 13 46 0.00704262 0.014 0.0129462 6 
18 13 46 1.34819e-05 0.031 0.0140397 2 
19 13 46 0.00328721 0.033 0.00964956 3 
20 13 46 0.00119805 0.001 0.012367 4 
21 13 46 0 0.005 0.0148815 1 
22 13 46 0.0037765 0.016 0.011871 10 
23 13 46 0.00205232 0.004 0.0126405 3 
24 13 46 0 0.021 0.0121476 1 
25 13 46 0 0.037 0.0119493 1 
26 13 46 0 0.029 0.0154206 1 
27 13 46 0.00174549 0.034 0.0118079 2 
28 13 46 0 0.021 0.0137045 1 
29 13 46 0 0.016 0.015476 1 
30 13 46 0 0.029 0.0132152 1 
31 13 46 0.0018283 0.003 0.012486 2 
32 13 46 0 0.039 0.0127733 1 
0 13 47 0.00251853 0.009 0.0176511 3 
1 13 47 0 0.023 0.0119805 1 
2 13 47 0.00456592 0.034 0.0121737 3 
3 13 47 0 0.031 0.0100444 1 
4 13 47 0.000375889 0.001 0.0128263 2 
5 13 47 0 0.013 0.0107909 1 
6 13 47 6.71953e-05 0.022 0.0115101 2 
7 13 47 0 0.012 0.0117956 1 
8 13 47 0 0.011 0.0144591 1 
9 13 47 0.00665796 0.002 0.0144267 11 
10 13 47 0 0.008 0.0152271 1 
11 13 47 0 0.037 0.014064 1 
12 13 47 0 0.027 0.0124087 1 
13 13 47 0.00223285 0.001 0.00970175 2 
14 13 47 0 0.02 0.0147555 1 
15 13 47 0 0.036 0.0126958 1 
16 13 47 0 0.032 0.0164627 1 
17 13 47 0.00093318 0.015 0.0142517 2 
18 13 47 3.07388e-05 0.044 0.0171561 2 
19 13 47 0 0.013 0.0146638 1 
20 13 47 0.00299952 0.042 0.0147171 4 
21 13 47 7.63095e-05 0.045 0.012825 2 
22 13 47 0 0.012 0.0146523 1 
23 13 47 0.00512917 0.011 0.0131079 7 
24 13 47 0 0.024 0.0141289 1 
25 13 47 0 0.019 0.0158166 1 
26 13 47 0.00289796 0.02 0.0101803 3 
27 13 47 0 0.035 0.0114839 1 
28 13 47 0 0.017 0.019106 1 
29 13 47 0 0.013 0.0121699 1 
30 13 47 0 0.021 0.00890204 1 
31 13 47 0 0.04 0.0179707 1 
32 13 47 0 0.047 0.0137973 1 
0 13 48 0 0.041 0.0138638 1 
1 13 48 0 0.042 0.0122745 1 
2 13 48 0.000627495 0.037 0.0154651 2 
3 13 48 0.0230243 0.008 0.0118064 24 
4 13 48 0 0.003 0.0168237 1 
5 13 48 0 0.016 0.012066 1 
6 13 48 0 0.03 0.0167288 2 
7 13 48 2.16305e-05 0.019 0.0145837 2 
8 13 48 0 0.031 0.015097 1 
9 13 48 0 0.009 0.0111556 1 
10 13 48 0 0.043 0.0150087 1 
11 13 48 0 0.043 0.0122612 1 
12 13 48 0.00771418 0.037 0.0161776 6 
13 13 48 0.00305151 0.046 0.0145184 2 
14 13 48 0 0.049 0.0133114 1 
15 13 48 0 0.014 0.0154536 1 
16 13 48 0 0.007 0.0127334 1 
17 13 48 0.00509818 0.034 0.0126925 4 
18 13 48 1.34671e-05 0.026 0.0151975 2 
19 13 48 0.00017157 0.016 0.00972402 4 
20 13 48 0 0.013 0.0129771 1 
21 13 48 0 0.013 0.0137433 1 
22 13 48 0.00865201 0.013 0.0160085 12 
23 13 48 0 0.033 0.0136243 1 
24 13 48 0 0.035 0.0145572 1 
25 13 48 0.0143515 0.019 0.0153228 8 
26 13 48 0.00535065 0.046 0.0174114 2 
27 13 48 0 0.041 0.0140877 1 
28 13 48 1.34671e-05 0.039 0.0120984 2 
29 13 48 0 0.035 0.0111491 1 
30 13 48 0 0.049 0.012627 1 
31 13 48 0 0.016 0.0135976 1 
32 13 48 0 0.042 0.0183638 1 
0 13 49 0 0.003 0.01374 1 
1 13 49 0 0.03 0.0118193 1 
2 13 49 3.98212e-05 0.049 0.0159462 2 
3 13 49 0 0.041 0.0121225 1 
4 13 49 0 0.035 0.0122872 1 
5 13 49 0 0.013 0.0137839 1 
6 13 49 6.71384e-05 0.037 0.0154825 2 
7 13 49 0 0.008 0.015894 3 
8 13 49 0.000477305 0.037 0.0132065 3 
9 13 49 0.00372901 0.021 0.0128217 4 
10 13 49 0 0.035 0.0141948 1 
11 13 49 3.98212e-05 0.019 0.0133173 2 
12 13 49 0 0.049 0.0141243 1 
13 13 49 0.00245958 0.005 0.0126849 5 
14 13 49 0 0.011 0.00953651 1 
15 13 49 0 0.034 0.00909134 1 
16 13 49 0 0.033 0.0152396 1 
17 13 49 0.00250789 0.037 0.0127519 3 
18 13 49 3.07154e-05 0.027 0.0152717 2 
19 13 49 0.00170713 0.03 0.0159369 4 
20 13 49 0.000556226 0.011 0.0132569 3 
21 13 49 7.62442e-05 0.035 0.011473 2 
22 13 49 0 0.036 0.0142295 1 
23 13 49 0 0.006 0.00943459 1 
24 13 49 0 0.012 0.0142205 1 
25 13 49 0 0.036 0.0135221 1 
26 13 49 0 0.042 0.0149506 1 
27 13 49 0.0369947 0.006 0.0122617 27 
28 13 49 3.07154e-05 0.015 0.0159256 2 
29 13 49 0.00242922 0.049 0.0137949 2 
30 13 49 0 0.044 0.0107203 1 
31 13 49 0 0.043 0.0143304 1 
32 13 49 0.0152959 0.01 0.0121553 6 
0 13 50 0.00443432 0.02 0.0110556 12 
1 13 50 0 0.038 0.0114292 1 
2 13 50 0.000248314 0.013 0.0149358 2 
3 13 50 0.000205661 0.024 0.0187367 2 
4 13 50 0 0.016 0.0147821 1 
5 13 50 0 0.043 0.0120666 1 
6 13 50 0 0.042 0.0189782 1 
7 13 50 0.0013914 0.004 0.0147596 4 
8 13 50 0 0.031 0.0138771 1 
9 13 50 0.0411339 0.001 0.0150355 46 
10 13 50 0 0.004 0.0134626 1 
11 13 50 5.28192e-06 0.037 0.00913698 2 
12 13 50 0.000487759 0.012 0.0140119 2 
13 13 50 0.022937 0.031 0.0140861 13 
14 13 50 0.00297546 0.001 0.0133653 5 
15 13 50 0 0.015 0.0168297 1 
16 13 50 2.159e-05 0.002 0.0127832 2 
17 13 50 0.00139094 0.018 0.0145652 5 
18 13 50 0 0.034 0.0165936 1 
19 13 50 0.000411699 0.028 0.0133362 2 
20 13 50 0.00392678 0.028 0.0123319 7 
21 13 50 0 0.016 0.0153468 1 
22 13 50 0.00112917 0.019 0.0128734 8 
23 13 50 0.00131058 0.028 0.0128725 4 
24 13 50 0 0.042 0.016238 1 
25 13 50 0 0.046 0.0134534 1 
26 13 50 0 0.021 0.0136345 1 
27 13 50 0 0.02 0.0108613 1 
28 13 50 1.34359e-05 0.044 0.00950717 2 
29 13 50 0.00234259 0.022 0.0152588 2 
30 13 50 0.000847914 0.014 0.0169686 3 
31 13 50 0 0.044 0.0136902 1 
32 13 50 0.000142006 0.006 0.0128689 2 
0 13 51 0 0.022 0.0172608 1 
1 13 51 0 0.049 0.01263 1 
2 13 51 0.00028111 0.001 0.0139324 2 
3 13 51 0 0.048 0.0140123 1 
4 13 51 0 0.017 0.0170742 1 
5 13 51 0 0.026 0.0146816 1 
6 13 51 0 0.006 0.0130695 1 
7 13 51 0 0.049 0.0129374 1 
8 13 51 0 0.046 0.0119335 1 
9 13 51 0 0.006 0.0120052 1 
10 13 51 0 0.028 0.0171946 1 
11 13 51 0 0.025 0.0149657 1 
12 13 51 0 0.011 0.0126031 1 
13 13 51 0 0.025 0.0143221 1 
14 13 51 0.000882936 0.005 0.0155333 3 
15 13 51 0 0.042 0.0150383 1 
16 13 51 0 0.004 0.0178384 1 
17 13 51 0 0.022 0.0129942 1 
18 13 51 0 0.009 0.0174936 1 
19 13 51 0.00415249 0.005 0.0133392 5 
20 13 51 0.00353622 0.031 0.0152661 7 
21 13 51 0 0.017 0.0136891 1 
22 13 51 0.0174427 0.015 0.0128862 14 
23 13 51 6.56261e-05 0.014 0.00948826 2 
24 13 51 0 0.005 0.0130258 1 
25 13 51 0.0319236 0.004 0.0141092 21 
26 13 51 0 0.041 0.0125209 1 
27 13 51 0 0.047 0.012356 1 
28 13 51 3.07532e-05 0.032 0.0163419 2 
29 13 51 4.89476e-05 0.008 0.0141253 2 
30 13 51 0 0.021 0.0124924 1 
31 13 51 0 0.01 0.0149886 1 
32 13 51 0 0.017 0.0157887 1 
0 13 52 0 0.029 0.0156894 1 
1 13 52 0.000251834 0.023 0.0104096 3 
2 13 52 5.36598e-06 0.01 0.0131732 2 
3 13 52 0.0660626 0.001 0.0130622 58 
4 13 52 0 0.014 0.0114319 1 
5 13 52 0 0.012 0.0179369 1 
6 13 52 0 0.047 0.014052 1 
7 13 52 0 0.002 0.0118428 1 
8 13 52 0 0.004 0.0159807 2 
9 13 52 0.0587406 0.004 0.0146383 39 
10 13 52 0 0.035 0.0147213 1 
11 13 52 5.36598e-06 0.025 0.0162056 2 
12 13 52 0 0.049 0.0182576 1 
13 13 52 0.00167212 0.045 0.0124794 2 
14 13 52 0 0.016 0.0120268 1 
15 13 52 0 0.022 0.0149449 1 
16 13 52 0 0.007 0.0177606 1 
17 13 52 0.0189876 0.013 0.0126234 11 
18 13 52 0 0.04 0.0181001 1 
19 13 52 0.00524969 0.025 0.014273 9 
20 13 52 0 0.015 0.0153673 1 
21 13 52 0 0.04 0.0150689 1 
22 13 52 0 0.005 0.0152621 1 
23 13 52 0 0.031 0.0144117 1 
24 13 52 0 0.049 0.0114453 1 
25 13 52 0.0128674 0.015 0.0136029 9 
26 13 52 0 0.025 0.0171412 1 
27 13 52 0 0.001 0.015025 1 
28 13 52 1.35105e-05 0.006 0.0130446 2 
29 13 52 0.00281964 0.037 0.0122383 2 
30 13 52 0.00136994 0.005 0.0100496 2 
31 13 52 0 0.036 0.0134002 1 
32 13 52 0 0.004 0.0141903 1 
0 13 53 0.00575305 0.01 0.0170731 2 
1 13 53 0 0.017 0.0133632 1 
2 13 53 0.00138817 0.024 0.0185811 4 
3 13 53 0.00760867 0.001 0.0172047 6 
4 13 53 0 0.005 0.017157 1 
5 13 53 0 0.009 0.0185429 1 
6 13 53 0 0.039 0.0139387 1 
7 13 53 0 0.022 0.0133903 1 
8 13 53 0.00126085 0.032 0.0123674 2 
9 13 53 0.00429801 0.023 0.0108507 5 
10 13 53 0 0.034 0.0141438 1 
11 13 53 0 0.017 0.0160961 1 
12 13 53 0.00335855 0.002 0.0144045 7 
13 13 53 0 0.017 0.0140636 1 
14 13 53 0.0122588 0.012 0.0144155 11 
15 13 53 2.1722e-05 0.003 0.0149462 2 
16 13 53 0 0.039 0.0153113 1 
17 13 53 0.00240283 0.026 0.0136623 6 
18 13 53 0 0.023 0.0133896 1 
19 13 53 0.0170987 0.017 0.0134636 4 
20 13 53 0.00423032 0.034 0.0138925 4 
21 13 53 0 0.015 0.0154179 1 
22 13 53 0 0.014 0.0135004 1 
23 13 53 0.0107112 0.004 0.0137139 15 
24 13 53 0 0.041 0.0135591 1 
25 13 53 0.00746371 0.011 0.0138789 6 
26 13 53 0.0148807 0.002 0.0124462 52 
27 13 53 0 0.035 0.0105784 1 
28 13 53 0 0.047 0.0159824 1 
29 13 53 4.8988e-05 0.03 0.0148764 2 
30 13 53 0.029717 0.005 0.0123612 31 
31 13 53 0 0.037 0.0155923 1 
32 13 53 0.00067389 0.011 0.0124141 2 
0 13 54 0 0.001 0.0124604 1 
1 13 54 0 0.03 0.0102325 1 
2 13 54 0.000249101 0.004 0.0132012 2 
3 13 54 0.00368575 0.018 0.0125119 7 
4 13 54 0 0.03 0.0157262 1 
5 13 54 2.9548e-05 0.027 0.0150021 2 
6 13 54 0 0.029 0.0143438 1 
7 13 54 0 0.012 0.0143879 1 
8 13 54 0 0.02 0.0152005 2 
9 13 54 0 0.035 0.0135059 1 
10 13 54 0 0.023 0.0100876 1 
11 13 54 5.35265e-06 0.04 0.0102291 2 
12 13 54 0.00334985 0.003 0.0115729 2 
13 13 54 0.00370183 0.024 0.0117274 3 
14 13 54 0 0.027 0.0134526 1 
15 13 54 0 0.007 0.0183873 1 
16 13 54 0 0.021 0.0125955 1 
17 13 54 0 0.032 0.0164405 1 
18 13 54 0 0.046 0.0157028 1 
19 13 54 0 0.02 0.0143083 1 
20 13 54 0.00141132 0.004 0.0146082 4 
21 13 54 0 0.002 0.0148324 1 
22 13 54 0.00177177 0.021 0.0146382 2 
23 13 54 0 0.01 0.0118359 1 
24 13 54 0 0.005 0.0122148 1 
25 13 54 0 0.017 0.0145213 1 
26 13 54 0.00699443 0.043 0.012539 4 
27 13 54 0.00583344 0.01 0.0126651 4 
28 13 54 0 0.034 0.013357 1 
29 13 54 0 0.002 0.0163126 2 
30 13 54 0.0264915 0.001 0.0148464 34 
31 13 54 0.00287279 0.027 0.010954 3 
32 13 54 0 0.023 0.0132547 1 
0 13 55 0.0403237 0.004 0.0145142 44 
1 13 55 0.000336253 0.003 0.0113283 2 
2 13 55 0.000281945 0.044 0.0153583 2 
3 13 55 0.0117606 0.009 0.0115837 18 
4 13 55 0.000102059 0.007 0.0126676 2 
5 13 55 0 0.019 0.013321 7 
6 13 55 0 0.048 0.0141562 1 
7 13 55 0 0.029 0.0118459 1 
8 13 55 0 0.036 0.0180475 1 
9 13 55 0.00182092 0.004 0.0109844 9 
10 13 55 0 0.041 0.0147777 1 
11 13 55 0.00238617 0.035 0.0158237 3 
12 13 55 0 0.002 0.0130673 1 
13 13 55 0 0.024 0.0122716 1 
14 13 55 0.0163513 0.002 0.0108261 15 
15 13 55 0 0.02 0.0136992 1 
16 13 55 0 0.031 0.0142929 1 
17 13 55 0 0.031 0.0167689 1 
18 13 55 0 0.013 0.0155395 1 
19 13 55 0.00554618 0.013 0.0158635 4 
20 13 55 0 0.026 0.0148304 1 
21 13 55 0 0.037 0.0132985 1 
22 13 55 0.000487505 0.004 0.0128404 3 
23 13 55 0.00261502 0.03 0.0129969 6 
24 13 55 0 0.001 0.0169197 1 
25 13 55 0.00232644 0.001 0.0129333 3 
26 13 55 0 0.019 0.0155006 1 
27 13 55 0.00689112 0.007 0.0130753 16 
28 13 55 0 0.046 0.0125772 1 
29 13 55 0.00186957 0.02 0.0172522 4 
30 13 55 0.00333963 0.017 0.0128887 8 
31 13 55 0 0.023 0.0105073 1 
32 13 55 5.96799e-06 0.007 0.0146622 2 
0 13 56 0.00242533 0.001 0.0113521 2 
1 13 56 0 0.006 0.0128907 1 
2 13 56 5.45651e-06 0.028 0.0154559 2 
3 13 56 0 0.001 0.0149272 1 
4 13 56 0 0.036 0.0128834 1 
5 13 56 0 0.034 0.0144815 1 
6 13 56 0 0.029 0.0148967 1 
7 13 56 5.74546e-05 0.006 0.0145147 2 
8 13 56 0 0.047 0.0193626 1 
9 13 56 0 0.003 0.0164411 1 
10 13 56 0 0.004 0.0108336 1 
11 13 56 0.00467039 0.042 0.012979 3 
12 13 56 0.01383 0.025 0.0112729 5 
13 13 56 0 0.044 0.0122287 1 
14 13 56 0 0.001 0.0117877 1 
15 13 56 0 0.009 0.0160823 1 
16 13 56 0 0.036 0.0173294 1 
17 13 56 0 0.044 0.0126555 1 
18 13 56 0 0.038 0.0121854 1 
19 13 56 0.00423293 0.025 0.0134218 5 
20 13 56 9.66613e-07 0.01 0.0137491 2 
21 13 56 0 0.001 0.0118903 1 
22 13 56 0.00240468 0.025 0.0154932 5 
23 13 56 0.016531 0.03 0.014002 7 
24 13 56 0 0.031 0.0126004 1 
25 13 56 0 0.018 0.0102441 1 
26 13 56 0 0.003 0.0152569 1 
27 13 56 0.00528853 0.011 0.0127176 12 
28 13 56 0 0.047 0.0136614 1 
29 13 56 0 0.017 0.0165675 1 
30 13 56 1.97569e-05 0.002 0.0142567 2 
31 13 56 0 0.027 0.0134635 1 
32 13 56 0.00775609 0.009 0.0134988 9 
0 13 57 0 0.013 0.0158235 1 
1 13 57 0.00940903 0.022 0.0127443 4 
2 13 57 0 0.022 0.014956 1 
3 13 57 0.00488257 0.048 0.0137002 3 
4 13 57 0 0.039 0.0105885 1 
5 13 57 0 0.018 0.014728 1 
6 13 57 0 0.044 0.0106651 1 
7 13 57 0 0.004 0.0119807 1 
8 13 57 0.000175987 0.03 0.0172466 2 
9 13 57 0.000552679 0.026 0.0123953 2 
10 13 57 0.0097968 0.003 0.0125739 5 
11 13 57 0.00474172 0.039 0.0168101 5 
12 13 57 0.021367 0.016 0.0142005 12 
13 13 57 0.000179044 0.02 0.0135692 2 
14 13 57 0.00354796 0.03 0.0125467 4 
15 13 57 0 0.011 0.015138 1 
16 13 57 0 0.033 0.0144676 1 
17 13 57 0.00472124 0.008 0.00885218 5 
18 13 57 0 0.02 0.0157172 1 
19 13 57 0.00273193 0.004 0.0135895 7 
20 13 57 0 0.007 0.0117738 1 
21 13 57 0 0.01 0.0144445 1 
22 13 57 0.036967 0.004 0.0150439 29 
23 13 57 0 0.023 0.00900722 1 
24 13 57 0 0.045 0.0128639 1 
25 13 57 0 0.049 0.0121509 1 
26 13 57 0 0.031 0.0142882 1 
27 13 57 0 0.004 0.0123225 1 
28 13 57 0 0.037 0.0169546 1 
29 13 57 0 0.024 0.0140521 1 
30 13 57 0 0.022 0.0106601 1 
31 13 57 0 0.024 0.017719 1 
32 13 57 0 0.015 0.0112161 1 
0 13 58 0 0.045 0.0131075 1 
1 13 58 0 0.023 0.00965779 1 
2 13 58 0 0.001 0.0181663 1 
3 13 58 0 0.03 0.00989817 1 
4 13 58 0 0.011 0.011579 1 
5 13 58 0 0.014 0.0176251 1 
6 13 58 0 0.04 0.0129331 1 
7 13 58 0.00908582 0.041 0.00936957 6 
8 13 58 0 0.042 0.0144411 1 
9 13 58 0.0132839 0.027 0.0119286 6 
10 13 58 0 0.015 0.0139045 1 
11 13 58 0 0.034 0.0141361 1 
12 13 58 0.00808983 0.004 0.0111328 7 
13 13 58 0 0.018 0.0091589 1 
14 13 58 0 0.022 0.0179515 1 
15 13 58 2.17116e-05 0.015 0.0125455 2 
16 13 58 0 0.005 0.0108749 1 
17 13 58 0.0136744 0.005 0.0100955 19 
18 13 58 1.35956e-05 0.042 0.0125499 2 
19 13 58 0 0.014 0.0142631 1 
20 13 58 0 0.022 0.0127023 1 
21 13 58 0 0.031 0.0177068 2 
22 13 58 0 0.019 0.0123865 1 
23 13 58 0 0.015 0.0146328 1 
24 13 58 0 0.016 0.011735 1 
25 13 58 0 0.018 0.0102927 1 
26 13 58 0.00623279 0.001 0.0165166 8 
27 13 58 0 0.046 0.0134613 1 
28 13 58 0 0.011 0.0134158 1 
29 13 58 0 0.015 0.0122189 1 
30 13 58 0 0.032 0.0143551 1 
31 13 58 0 0.035 0.0111851 1 
32 13 58 0.00388533 0.046 0.0103434 2 
0 13 59 0.00303501 0.028 0.0158125 4 
1 13 59 2.72125e-05 0.014 0.0128772 2 
2 13 59 3.98934e-05 0.028 0.0139162 2 
3 13 59 0.0278164 0.003 0.0111083 32 
4 13 59 0 0.032 0.0154033 1 
5 13 59 0.00109936 0.024 0.0139539 3 
6 13 59 0 0.003 0.0126087 1 
7 13 59 0.00487404 0.002 0.0114205 11 
8 13 59 0 0.004 0.0154483 1 
9 13 59 0 0.005 0.0143521 1 
10 13 59 0 0.01 0.0114031 1 
11 13 59 0.00188995 0.004 0.0152378 4 
12 13 59 0 0.041 0.0125656 1 
13 13 59 0.015658 0.008 0.0136761 16 
14 13 59 0.0111285 0.008 0.0111845 14 
15 13 59 0 0.009 0.0126184 1 
16 13 59 0 0.026 0.0134271 1 
17 13 59 0.0003475 0.004 0.0131761 3 
18 13 59 0 0.007 0.0138136 1 
19 13 59 0.0387297 0.001 0.0150698 21 
20 13 59 0 0.007 0.0144468 1 
21 13 59 0 0.04 0.0131294 1 
22 13 59 0.0050767 0.034 0.0124275 3 
23 13 59 0.00603364 0.037 0.0127863 4 
24 13 59 0 0.016 0.0129363 1 
25 13 59 0.0114395 0.007 0.0105402 20 
26 13 59 2.22235e-05 0.006 0.0119409 3 
27 13 59 0 0.015 0.014386 1 
28 13 59 0 0.003 0.0143598 1 
29 13 59 0 0.029 0.0164902 1 
30 13 59 0 0.035 0.0147221 1 
31 13 59 0 0.046 0.0130774 1 
32 13 59 0 0.038 0.0142724 1 
0 13 60 0 0.048 0.0127815 1 
1 13 60 0.00535487 0.001 0.00929766 11 
2 13 60 5.57182e-06 0.02 0.0133929 2 
3 13 60 0 0.005 0.0130601 1 
4 13 60 0.000792235 0.032 0.0139837 3 
5 13 60 0 0.001 0.0132707 1 
6 13 60 0 0.005 0.0158633 1 
7 13 60 0.000120873 0.013 0.0131678 2 
8 13 60 0.00240739 0.006 0.0154386 3 
9 13 60 0.0332875 0.003 0.0111089 31 
10 13 60 0 0.041 0.0137541 1 
11 13 60 0.00132624 0.018 0.0168772 4 
12 13 60 0 0.034 0.0145453 1 
13 13 60 0 0.04 0.0128743 1 
14 13 60 0 0.04 0.0133167 1 
15 13 60 0 0.024 0.013181 1 
16 13 60 0 0.037 0.0130003 1 
17 13 60 0 0.036 0.0162708 1 
18 13 60 0 0.01 0.0147429 1 
19 13 60 0 0.011 0.0118448 1 
20 13 60 0.00133206 0.007 0.0107997 4 
21 13 60 0 0.03 0.0158282 1 
22 13 60 0 0.028 0.0137441 1 
23 13 60 0 0.032 0.011276 1 
24 13 60 0 0.026 0.0146405 1 
25 13 60 0 0.001 0.0135897 1 
26 13 60 0 0.027 0.0134642 2 
27 13 60 0.0513009 0.001 0.0103266 63 
28 13 60 0 0.042 0.0119834 1 
29 13 60 0 0.002 0.01673 1 
30 13 60 0.0057986 0.027 0.0118312 3 
31 13 60 0 0.03 0.013917 1 
32 13 60 4.81372e-05 0.014 0.00939299 2 
