0 14 0 0 0.035 0.0103346 1 
1 14 0 0.00835052 0.004 0.0110249 10 
2 14 0 0.000655159 0.029 0.00990194 4 
3 14 0 0.0103384 0.009 0.0126283 16 
4 14 0 0.105296 0.021 0.0128132 6 
5 14 0 0 0.014 0.0121132 1 
6 14 0 0 0.021 0.0130107 1 
7 14 0 0 0.005 0.0116122 1 
8 14 0 0.00257684 0.001 0.010972 5 
9 14 0 0 0.046 0.0130206 1 
10 14 0 0.00223383 0.042 0.00860515 6 
11 14 0 0 0.001 0.00866565 1 
12 14 0 0 0.014 0.00995705 1 
13 14 0 0 0.037 0.0120294 1 
14 14 0 1 0.001 0.0305316 2 
15 14 0 5.37522e-05 0.039 0.00845594 1 
16 14 0 5.37522e-05 0.011 0.0106359 1 
17 14 0 4.63989e-05 0.002 0.0100414 3 
18 14 0 0 0.019 0.0131918 1 
19 14 0 0.00105624 0.026 0.0115432 2 
20 14 0 0 0.045 0.0105421 1 
21 14 0 0 0.03 0.0101097 2 
22 14 0 0 0.013 0.0133874 1 
23 14 0 0 0.007 0.0099935 1 
24 14 0 0 0.009 0.0127099 1 
25 14 0 0 0.028 0.0110212 1 
26 14 0 0 0.022 0.0106044 1 
27 14 0 0 0.002 0.00972832 1 
28 14 0 0 0.044 0.0125132 1 
29 14 0 0 0.031 0.0108031 1 
30 14 0 0.000735065 0.009 0.0107975 2 
31 14 0 0.000221997 0.035 0.00905998 2 
32 14 0 0.00164774 0.002 0.0107355 2 
0 14 1 0 0.001 0.0126761 1 
1 14 1 0.0314194 0.003 0.00884194 46 
2 14 1 0 0.04 0.0111081 1 
3 14 1 0.00306665 0.013 0.00869566 10 
4 14 1 0 0.02 0.0129292 1 
5 14 1 0 0.03 0.0189548 1 
6 14 1 0 0.046 0.0110566 1 
7 14 1 0 0.045 0.0130063 1 
8 14 1 0 0.018 0.0169178 7 
9 14 1 0.0187461 0.002 0.012702 32 
10 14 1 0 0.046 0.0302512 1 
11 14 1 0 0.048 0.0113877 1 
12 14 1 0.0013163 0.016 0.00920885 3 
13 14 1 0 0.03 0.0132982 1 
14 14 1 0.00540821 0.019 0.0124598 5 
15 14 1 0 0.039 0.0111147 1 
16 14 1 0.000797712 0.016 0.0106435 2 
17 14 1 0 0.042 0.00788993 1 
18 14 1 0 0.002 0.0102001 1 
19 14 1 0 0.031 0.0134255 1 
20 14 1 0 0.01 0.0105282 1 
21 14 1 0 0.048 0.0138201 2 
22 14 1 0 0.026 0.00907698 1 
23 14 1 0 0.016 0.0109055 1 
24 14 1 0 0.012 0.00873712 1 
25 14 1 0.00480461 0.036 0.0110486 5 
26 14 1 0.0144767 0.03 0.00905829 13 
27 14 1 0 0.019 0.0126833 1 
28 14 1 0 0.007 0.011709 1 
29 14 1 0.000860469 0.043 0.00936663 4 
30 14 1 0.00472182 0.031 0.0104843 6 
31 14 1 0 0.016 0.00972038 1 
32 14 1 0 0.027 0.012508 1 
0 14 2 0.00443926 0.005 0.013231 4 
1 14 2 0.000124397 0.02 0.011682 2 
2 14 2 0 0.028 0.0111049 1 
3 14 2 0 0.017 0.013422 1 
4 14 2 9.25835e-05 0.03 0.00974961 2 
5 14 2 0 0.012 0.0299733 1 
6 14 2 0 0.02 0.0112627 1 
7 14 2 0.00463574 0.038 0.01165 8 
8 14 2 0 0.018 0.0114366 1 
9 14 2 0 0.006 0.0102521 1 
10 14 2 0 0.039 0.011875 1 
11 14 2 0 0.013 0.0124333 1 
12 14 2 0 0.004 0.0113254 1 
13 14 2 0.00536239 0.044 0.0109604 8 
14 14 2 0.00235614 0.001 0.0101237 2 
15 14 2 0.00103312 0.013 0.00931996 2 
16 14 2 0.00103312 0.017 0.0111328 2 
17 14 2 7.11978e-08 0.007 0.00916539 2 
18 14 2 0 0.045 0.0127693 1 
19 14 2 0 0.002 0.0100286 1 
20 14 2 0.00108414 0.045 0.0118616 3 
21 14 2 0.00181515 0.043 0.0106933 4 
22 14 2 0.00359324 0.027 0.00951523 4 
23 14 2 0.00588124 0.004 0.0118009 11 
24 14 2 0 0.028 0.0126922 1 
25 14 2 0.00274197 0.02 0.00830091 3 
26 14 2 0.00443188 0.007 0.00992023 6 
27 14 2 0 0.045 0.0125814 1 
28 14 2 0 0.005 0.0112468 1 
29 14 2 0 0.044 0.0088903 1 
30 14 2 0.000311145 0.024 0.0131141 2 
31 14 2 0 0.039 0.0124781 1 
32 14 2 0.00118022 0.018 0.0112981 2 
0 14 3 0 0.012 0.0135615 1 
1 14 3 0 0.023 0.0136392 1 
2 14 3 0.000267535 0.02 0.0101177 3 
3 14 3 0 0.001 0.0113244 1 
4 14 3 0 0.048 0.0117965 1 
5 14 3 0 0.047 0.0102521 1 
6 14 3 0 0.006 0.0114411 1 
7 14 3 0.00213906 0.049 0.00917647 2 
8 14 3 0.00458259 0.019 0.00974755 7 
9 14 3 0.00337153 0.019 0.00925139 6 
10 14 3 0.000139091 0.048 0.010263 2 
11 14 3 0 0.005 0.00881034 1 
12 14 3 0 0.005 0.010725 1 
13 14 3 0.0131617 0.003 0.00934494 39 
14 14 3 0 0.024 0.0132936 1 
15 14 3 0.000998418 0.013 0.0129634 2 
16 14 3 0 0.017 0.0105466 1 
17 14 3 0.000300393 0.007 0.00789779 2 
18 14 3 0 0.026 0.0100992 1 
19 14 3 0 0.025 0.00767316 1 
20 14 3 0.00122743 0.038 0.0115268 2 
21 14 3 0.000886671 0.035 0.0111954 2 
22 14 3 0.021915 0.009 0.00966479 29 
23 14 3 0 0.04 0.0110997 1 
24 14 3 0 0.031 0.0117019 1 
25 14 3 0.00517697 0.028 0.0107769 10 
26 14 3 0 0.007 0.0110739 1 
27 14 3 0 0.043 0.0121078 1 
28 14 3 0.000235691 0.005 0.0116826 3 
29 14 3 0 0.031 0.0123604 1 
30 14 3 0 0.045 0.0113586 1 
31 14 3 0.00105565 0.004 0.0104757 2 
32 14 3 0 0.02 0.0093867 1 
0 14 4 0.00520501 0.01 0.0103875 9 
1 14 4 0.00212645 0.028 0.0091898 2 
2 14 4 0 0.028 0.0116106 3 
3 14 4 0 0.032 0.00976667 1 
4 14 4 0.000367105 0.037 0.00905966 2 
5 14 4 0 0.037 0.0133421 1 
6 14 4 0.000850868 0.019 0.0121919 2 
7 14 4 0 0.019 0.00929764 1 
8 14 4 0 0.028 0.0124726 1 
9 14 4 0 0.046 0.0106151 1 
10 14 4 0 0.03 0.0113345 1 
11 14 4 0 0.047 0.0125163 1 
12 14 4 0.000810804 0.016 0.010823 6 
13 14 4 0 0.007 0.00922614 1 
14 14 4 0.019985 0.02 0.0106292 14 
15 14 4 0.00103624 0.023 0.0132601 2 
16 14 4 0 0.033 0.0117566 1 
17 14 4 0 0.025 0.0110914 1 
18 14 4 0 0.019 0.0131539 1 
19 14 4 0.000221395 0.007 0.0100595 2 
20 14 4 0.00420315 0.013 0.0113358 9 
21 14 4 0.000294846 0.012 0.0138208 2 
22 14 4 0 0.01 0.0104465 1 
23 14 4 0 0.001 0.0129335 1 
24 14 4 0 0.031 0.0108836 1 
25 14 4 0 0.047 0.0110356 1 
26 14 4 0.00218266 0.025 0.0101089 7 
27 14 4 0 0.04 0.0107892 1 
28 14 4 0 0.03 0.0138899 1 
29 14 4 0 0.008 0.0112865 3 
30 14 4 0.00579613 0.001 0.0144073 4 
31 14 4 0 0.028 0.0121288 1 
32 14 4 0.00251536 0.046 0.0129304 2 
0 14 5 0 0.01 0.0113399 1 
1 14 5 0 0.005 0.0103089 1 
2 14 5 0.000585168 0.018 0.0122138 2 
3 14 5 0 0.007 0.0154254 1 
4 14 5 0 0.013 0.00721179 1 
5 14 5 0 0.047 0.0102468 1 
6 14 5 0.000626489 0.008 0.00851485 2 
7 14 5 0.0111318 0.002 0.00973397 21 
8 14 5 0 0.014 0.0114105 1 
9 14 5 9.31752e-05 0.006 0.0109693 2 
10 14 5 0 0.035 0.0101693 1 
11 14 5 0.000992122 0.023 0.012873 2 
12 14 5 0 0.013 0.0113034 1 
13 14 5 0 0.038 0.00928973 1 
14 14 5 0.0294286 0.009 0.0124706 43 
15 14 5 0 0.007 0.0120818 1 
16 14 5 0 0.02 0.00986136 1 
17 14 5 0 0.036 0.010878 1 
18 14 5 0.000166042 0.03 0.0101742 2 
19 14 5 0.000384137 0.015 0.00987155 4 
20 14 5 0.000811175 0.033 0.0132555 2 
21 14 5 0 0.038 0.00977126 1 
22 14 5 0.0590056 0.002 0.0129234 76 
23 14 5 0.011001 0.015 0.00956841 8 
24 14 5 0 0.008 0.0100318 1 
25 14 5 0.00909975 0.012 0.0100468 3 
26 14 5 0.000296291 0.046 0.00906285 2 
27 14 5 0.00183009 0.049 0.0125074 2 
28 14 5 0 0.023 0.0151207 1 
29 14 5 3.84815e-05 0.02 0.00973631 3 
30 14 5 0 0.024 0.0103338 1 
31 14 5 0 0.04 0.0133555 1 
32 14 5 0.0109375 0.018 0.00906901 11 
0 14 6 0.0340881 0.002 0.0139586 59 
1 14 6 0.0160705 0.035 0.0101602 12 
2 14 6 0 0.047 0.00903542 1 
3 14 6 0.00160525 0.026 0.0109181 2 
4 14 6 0 0.002 0.0112699 1 
5 14 6 0 0.033 0.0104588 1 
6 14 6 0.000903035 0.034 0.00854463 2 
7 14 6 0.000159149 0.006 0.0154083 2 
8 14 6 0 0.014 0.0108068 1 
9 14 6 0 0.007 0.0108776 1 
10 14 6 0.000262065 0.01 0.0101592 2 
11 14 6 0 0.021 0.010146 1 
12 14 6 5.86059e-05 0.004 0.0109697 2 
13 14 6 3.86368e-05 0.006 0.0111584 3 
14 14 6 0 0.014 0.00891349 1 
15 14 6 0 0.006 0.011446 1 
16 14 6 0 0.04 0.0113184 1 
17 14 6 0.00104093 0.017 0.0088601 2 
18 14 6 0.00105525 0.035 0.0135624 2 
19 14 6 0.00311878 0.032 0.0114481 5 
20 14 6 0 0.034 0.0108104 1 
21 14 6 0 0.045 0.0109675 1 
22 14 6 0 0.005 0.0113198 1 
23 14 6 0 0.039 0.0112218 1 
24 14 6 0 0.047 0.0110782 1 
25 14 6 0.00775901 0.02 0.0116493 10 
26 14 6 0.000997331 0.028 0.0105328 5 
27 14 6 0 0.027 0.0137264 1 
28 14 6 0 0.03 0.0109242 1 
29 14 6 0 0.001 0.00952339 1 
30 14 6 0 0.023 0.0103148 1 
31 14 6 0.00679625 0.039 0.0103447 5 
32 14 6 0 0.014 0.0102123 1 
0 14 7 0.067616 0.001 0.0117718 90 
1 14 7 0 0.015 0.0145573 1 
2 14 7 0.000838169 0.019 0.0122114 2 
3 14 7 0.0298769 0.002 0.0134298 28 
4 14 7 0 0.01 0.0113531 1 
5 14 7 6.3601e-05 0.035 0.00918029 2 
6 14 7 0.000954262 0.026 0.0118021 2 
7 14 7 0.00182025 0.043 0.0100657 5 
8 14 7 0 0.005 0.0122156 1 
9 14 7 0.00994573 0.011 0.0114037 15 
10 14 7 0 0.034 0.0116681 1 
11 14 7 0 0.041 0.0106813 1 
12 14 7 7.51359e-05 0.016 0.00911078 2 
13 14 7 0 0.024 0.0145264 1 
14 14 7 0 0.003 0.00838101 1 
15 14 7 0 0.018 0.0125167 1 
16 14 7 0 0.036 0.0147214 1 
17 14 7 0 0.012 0.0127508 1 
18 14 7 0.00109533 0.02 0.0139915 2 
19 14 7 0 0.001 0.00762364 1 
20 14 7 0.00887982 0.003 0.0101479 9 
21 14 7 0.00896144 0.026 0.00782473 6 
22 14 7 0 0.044 0.0102691 1 
23 14 7 0.000929794 0.026 0.00762525 4 
24 14 7 0.00109533 0.006 0.00928851 2 
25 14 7 0 0.006 0.0111199 1 
26 14 7 0 0.015 0.00985129 1 
27 14 7 0.0260419 0.012 0.0103468 26 
28 14 7 0 0.026 0.00711405 1 
29 14 7 0 0.025 0.0107244 1 
30 14 7 0.00494159 0.003 0.00899274 2 
31 14 7 0 0.036 0.0105646 1 
32 14 7 0.00182347 0.015 0.0119377 2 
0 14 8 0.0010198 0.015 0.0109263 3 
1 14 8 0 0.013 0.0106802 1 
2 14 8 0 0.007 0.0115987 1 
3 14 8 0.00146585 0.007 0.00906376 3 
4 14 8 0 0.049 0.0126237 1 
5 14 8 0 0.025 0.0108434 1 
6 14 8 0.000743345 0.038 0.014439 2 
7 14 8 0 0.006 0.00941389 1 
8 14 8 0 0.018 0.0171308 1 
9 14 8 0 0.017 0.0102856 1 
10 14 8 0 0.012 0.0198433 1 
11 14 8 0.00131153 0.03 0.0123492 4 
12 14 8 0 0.028 0.00871361 1 
13 14 8 0 0.003 0.00942364 1 
14 14 8 0.00893648 0.004 0.0111101 23 
15 14 8 0 0.045 0.00976893 1 
16 14 8 0 0.009 0.00952613 1 
17 14 8 0 0.039 0.0131093 1 
18 14 8 0 0.049 0.0130954 1 
19 14 8 0 0.025 0.0126699 1 
20 14 8 0.010504 0.005 0.0117528 13 
21 14 8 0.00190682 0.01 0.0107752 2 
22 14 8 0 0.014 0.00910712 1 
23 14 8 4.47437e-05 0.03 0.010174 2 
24 14 8 0.0010602 0.019 0.0155078 2 
25 14 8 0 0.041 0.00989221 1 
26 14 8 0 0.027 0.0112738 1 
27 14 8 0 0.02 0.0128127 1 
28 14 8 0.0010602 0.049 0.0114191 2 
29 14 8 0 0.028 0.0118366 1 
30 14 8 0 0.024 0.0127114 1 
31 14 8 0 0.007 0.0111858 1 
32 14 8 0.00767848 0.014 0.00963831 6 
0 14 9 0 0.038 0.013914 1 
1 14 9 0 0.033 0.0101598 1 
2 14 9 0 0.005 0.0126773 1 
3 14 9 0.00167569 0.021 0.0105059 2 
4 14 9 0 0.007 0.0120756 1 
5 14 9 0 0.022 0.025184 1 
6 14 9 0 0.036 0.011787 1 
7 14 9 0.000353844 0.003 0.0093679 2 
8 14 9 0 0.016 0.0130283 1 
9 14 9 0 0.016 0.012011 1 
10 14 9 0 0.044 0.00988943 1 
11 14 9 0 0.011 0.0115541 1 
12 14 9 0.00363159 0.019 0.0101891 3 
13 14 9 0 0.001 0.0091386 1 
14 14 9 0.0182579 0.003 0.00916277 35 
15 14 9 0 0.042 0.0117625 1 
16 14 9 0 0.032 0.0134457 1 
17 14 9 3.58239e-05 0.014 0.0118064 2 
18 14 9 0 0.037 0.0139627 1 
19 14 9 0.000220462 0.047 0.00927212 2 
20 14 9 0 0.033 0.00974128 1 
21 14 9 0.00537552 0.04 0.00986463 3 
22 14 9 0.00533817 0.033 0.0124211 3 
23 14 9 0.0163413 0.003 0.0110634 21 
24 14 9 0 0.001 0.0113267 1 
25 14 9 0.00251059 0.011 0.0098168 10 
26 14 9 0.0100537 0.01 0.0130594 12 
27 14 9 6.26571e-06 0.011 0.00914572 2 
28 14 9 0 0.022 0.0146164 1 
29 14 9 0.000113615 0.014 0.0111409 3 
30 14 9 0.0024051 0.044 0.0116161 3 
31 14 9 0.000399734 0.002 0.00945395 2 
32 14 9 0.00175264 0.022 0.00899435 5 
0 14 10 0 0.016 0.0112447 1 
1 14 10 0.00407696 0.012 0.0120195 5 
2 14 10 0 0.036 0.0115353 1 
3 14 10 0 0.022 0.0112653 1 
4 14 10 0 0.017 0.00931764 1 
5 14 10 0 0.009 0.00937095 1 
6 14 10 5.68068e-05 0.012 0.0142177 1 
7 14 10 0 0.046 0.0135578 1 
8 14 10 0 0.046 0.010027 1 
9 14 10 0.00146119 0.001 0.0109628 3 
10 14 10 0.00540345 0.039 0.010893 8 
11 14 10 0.00120162 0.027 0.012139 4 
12 14 10 0 0.033 0.0128355 1 
13 14 10 0.00146115 0.025 0.0108749 10 
14 14 10 0.000572215 0.034 0.00874097 2 
15 14 10 0 0.008 0.0102331 1 
16 14 10 0 0.024 0.0106464 1 
17 14 10 0.0310932 0.003 0.00967318 47 
18 14 10 7.65411e-05 0.008 0.010819 2 
19 14 10 0 0.029 0.00909697 1 
20 14 10 0.00329259 0.014 0.00843224 4 
21 14 10 0 0.024 0.010745 1 
22 14 10 0.0099233 0.004 0.011896 16 
23 14 10 0.000592674 0.003 0.0108111 2 
24 14 10 0 0.044 0.0119075 1 
25 14 10 0.00468709 0.008 0.0142792 13 
26 14 10 0 0.046 0.0101921 1 
27 14 10 0.000995311 0.003 0.0144457 4 
28 14 10 0 0.035 0.0125114 1 
29 14 10 0 0.022 0.0102435 1 
30 14 10 0 0.014 0.0095106 1 
31 14 10 0 0.039 0.0106766 1 
32 14 10 0.00861323 0.007 0.0111911 19 
0 14 11 0.0166174 0.003 0.0100414 20 
1 14 11 0.00382682 0.008 0.00967205 10 
2 14 11 0 0.011 0.0144868 1 
3 14 11 0.0067654 0.012 0.012436 5 
4 14 11 0 0.049 0.00963897 1 
5 14 11 0 0.004 0.0137109 1 
6 14 11 0 0.005 0.0113156 1 
7 14 11 0 0.015 0.0091678 1 
8 14 11 0 0.02 0.0141927 1 
9 14 11 0.0101544 0.028 0.0127361 11 
10 14 11 0 0.001 0.00878512 1 
11 14 11 0.00197288 0.011 0.0119242 5 
12 14 11 0 0.022 0.0102119 1 
13 14 11 0.0144488 0.01 0.0111357 24 
14 14 11 0 0.036 0.0113299 1 
15 14 11 0.000915678 0.044 0.0123398 2 
16 14 11 0 0.023 0.0109462 1 
17 14 11 0.00202364 0.044 0.0109071 3 
18 14 11 0.000902146 0.046 0.00915557 2 
19 14 11 0 0.036 0.00986728 1 
20 14 11 0.00526755 0.017 0.00945684 10 
21 14 11 0 0.042 0.0119639 1 
22 14 11 0.000869992 0.024 0.0120359 3 
23 14 11 0.00111225 0.002 0.0109123 2 
24 14 11 0.000902146 0.04 0.0143636 2 
25 14 11 0 0.005 0.011867 1 
26 14 11 0.00267781 0.023 0.00869352 3 
27 14 11 0.00801202 0.012 0.0126325 15 
28 14 11 0.000902146 0.017 0.0105376 2 
29 14 11 0 0.047 0.0102146 1 
30 14 11 0 0.023 0.0104829 1 
31 14 11 0.00471896 0.015 0.0115285 5 
32 14 11 0 0.002 0.0106556 1 
0 14 12 0 0.006 0.00622135 1 
1 14 12 0 0.049 0.00838593 1 
2 14 12 0 0.014 0.0108673 1 
3 14 12 0 0.002 0.0118562 1 
4 14 12 6.22587e-05 0.015 0.0103904 2 
5 14 12 4.87664e-06 0.011 0.0124487 2 
6 14 12 0 0.045 0.0123508 1 
7 14 12 0 0.034 0.0133699 1 
8 14 12 0 0.004 0.0145964 1 
9 14 12 0 0.028 0.0125827 1 
10 14 12 0.000348839 0.047 0.0125822 3 
11 14 12 0 0.037 0.00888459 1 
12 14 12 0.000102853 0.007 0.0135225 2 
13 14 12 0 0.006 0.0113549 1 
14 14 12 0 0.024 0.0127566 1 
15 14 12 0 0.039 0.00842576 1 
16 14 12 0 0.025 0.0116555 1 
17 14 12 0 0.014 0.0113803 1 
18 14 12 0 0.041 0.00992028 1 
19 14 12 0 0.023 0.0104416 1 
20 14 12 0 0.038 0.0107148 1 
21 14 12 0.00503136 0.037 0.0112456 3 
22 14 12 0 0.022 0.0100564 1 
23 14 12 0 0.003 0.0122219 1 
24 14 12 0 0.041 0.007703 1 
25 14 12 0 0.046 0.0108862 1 
26 14 12 0.00505582 0.006 0.0111669 11 
27 14 12 0 0.024 0.0103004 1 
28 14 12 0 0.001 0.0117251 1 
29 14 12 0 0.024 0.00994521 1 
30 14 12 0.00307107 0.041 0.0113863 3 
31 14 12 0 0.041 0.00985773 1 
32 14 12 0 0.021 0.0100799 1 
0 14 13 0.0574955 0.002 0.0109235 81 
1 14 13 0.00596543 0.019 0.0100864 7 
2 14 13 0.000114313 0.042 0.00962013 3 
3 14 13 0 0.003 0.0138176 1 
4 14 13 0 0.027 0.0244284 1 
5 14 13 0 0.001 0.0116926 1 
6 14 13 0 0.021 0.0106572 1 
7 14 13 0 0.026 0.0102277 1 
8 14 13 0 0.038 0.0113474 1 
9 14 13 0 0.049 0.0101925 1 
10 14 13 0 0.004 0.013134 1 
11 14 13 0.00127918 0.005 0.0168418 4 
12 14 13 8.55298e-05 0.009 0.00975921 2 
13 14 13 0.000408076 0.022 0.0122427 4 
14 14 13 0.0119107 0.023 0.0076721 6 
15 14 13 0 0.016 0.0108283 1 
16 14 13 0 0.037 0.0104958 1 
17 14 13 0.00220802 0.028 0.0135132 6 
18 14 13 0 0.02 0.00955194 1 
19 14 13 4.17455e-05 0.04 0.0103631 2 
20 14 13 0.000236077 0.004 0.00942363 2 
21 14 13 0 0.022 0.00787241 1 
22 14 13 0 0.043 0.0114952 1 
23 14 13 0 0.039 0.0127935 1 
24 14 13 0 0.003 0.00857492 1 
25 14 13 5.18595e-05 0.009 0.00984633 2 
26 14 13 0 0.033 0.0130319 1 
27 14 13 0.00554133 0.013 0.0115369 8 
28 14 13 0 0.033 0.0104071 1 
29 14 13 0 0.031 0.00842306 1 
30 14 13 0.011055 0.001 0.0130076 17 
31 14 13 0.0064796 0.038 0.00941345 7 
32 14 13 0.0179189 0.025 0.0088868 10 
0 14 14 0.00546116 0.025 0.0103877 2 
1 14 14 0 0.023 0.0101185 1 
2 14 14 0.00116695 0.015 0.00627844 4 
3 14 14 0 0.048 0.0119427 1 
4 14 14 0 0.02 0.0281391 1 
5 14 14 0 0.023 0.0135276 1 
6 14 14 0 0.027 0.0129209 1 
7 14 14 0.0034762 0.003 0.0118713 8 
8 14 14 0 0.047 0.0168788 1 
9 14 14 0 0.035 0.0130716 1 
10 14 14 0.000306799 0.031 0.0102753 2 
11 14 14 0.00190676 0.026 0.0103967 5 
12 14 14 0 0.027 0.00841836 1 
13 14 14 0 0.019 0.010859 1 
14 14 14 0 0.044 0.0104235 1 
15 14 14 0.00105681 0.031 0.0131733 2 
16 14 14 0 0.025 0.0118902 1 
17 14 14 0 0.03 0.0119319 1 
18 14 14 0 0.048 0.0120883 1 
19 14 14 0 0.02 0.0121294 1 
20 14 14 4.12624e-06 0.011 0.0110349 2 
21 14 14 0.00192738 0.03 0.0119015 2 
22 14 14 0 0.048 0.0117837 1 
23 14 14 0.00129625 0.014 0.0141643 4 
24 14 14 0 0.036 0.0113255 1 
25 14 14 2.42502e-05 0.026 0.0133411 2 
26 14 14 0.00192923 0.008 0.00929686 3 
27 14 14 0.0520706 0.002 0.0120509 83 
28 14 14 0 0.004 0.0101162 1 
29 14 14 0 0.043 0.0115215 1 
30 14 14 0.00306511 0.037 0.0118364 6 
31 14 14 0.00615507 0.047 0.0111413 7 
32 14 14 0 0.023 0.00902468 1 
0 14 15 0.00513646 0.003 0.0106083 3 
1 14 15 0 0.019 0.0121384 1 
2 14 15 0.00139656 0.014 0.00961962 4 
3 14 15 0 0.032 0.0101573 1 
4 14 15 0 0.014 0.0104162 1 
5 14 15 0 0.041 0.0114663 1 
6 14 15 0 0.024 0.0132414 1 
7 14 15 0 0.036 0.0070458 1 
8 14 15 0 0.029 0.0126768 1 
9 14 15 0.0225548 0.019 0.0132766 18 
10 14 15 0 0.003 0.0145689 1 
11 14 15 0 0.002 0.0102622 1 
12 14 15 0.0116442 0.035 0.0083053 12 
13 14 15 0 0.021 0.0115625 1 
14 14 15 0 0.024 0.011846 1 
15 14 15 0.00102148 0.004 0.00897051 2 
16 14 15 0 0.038 0.0140285 1 
17 14 15 0.0128247 0.001 0.0114662 24 
18 14 15 0.00100732 0.041 0.0112963 2 
19 14 15 0.0055657 0.01 0.0112674 15 
20 14 15 2.22255e-05 0.008 0.0133134 2 
21 14 15 0.00212877 0.033 0.00991633 2 
22 14 15 0.0018146 0.025 0.0102311 3 
23 14 15 0 0.048 0.0100178 1 
24 14 15 0 0.027 0.0120055 1 
25 14 15 0 0.041 0.00828238 1 
26 14 15 0.00267929 0.03 0.00949723 3 
27 14 15 0.00139555 0.006 0.00957715 2 
28 14 15 0 0.012 0.00856669 1 
29 14 15 0 0.015 0.0122691 1 
30 14 15 0.00296893 0.026 0.0111816 6 
31 14 15 0.000286203 0.022 0.0103351 4 
32 14 15 0 0.041 0.00783 1 
0 14 16 0 0.02 0.00969451 1 
1 14 16 0.000300738 0.028 0.0104607 2 
2 14 16 0 0.028 0.0128713 1 
3 14 16 0.00257486 0.047 0.0107062 2 
4 14 16 0 0.011 0.0125659 1 
5 14 16 0 0.039 0.00838525 1 
6 14 16 0.00113199 0.003 0.0139894 2 
7 14 16 0.00244924 0.009 0.0112899 5 
8 14 16 0 0.008 0.0125885 1 
9 14 16 0.00275904 0.02 0.0123409 7 
10 14 16 0.00818869 0.008 0.0115424 11 
11 14 16 0.00357041 0.012 0.00954105 2 
12 14 16 0.000621683 0.012 0.010067 4 
13 14 16 0.007756 0.017 0.00925216 11 
14 14 16 0 0.032 0.0124351 1 
15 14 16 0 0.009 0.00981415 1 
16 14 16 0 0.043 0.0128066 1 
17 14 16 0.0179845 0.016 0.0102835 23 
18 14 16 0 0.003 0.0123691 1 
19 14 16 0 0.028 0.00713139 1 
20 14 16 0 0.005 0.0108131 1 
21 14 16 0.000732105 0.018 0.00729463 2 
22 14 16 0.00702831 0.011 0.0137337 10 
23 14 16 0 0.019 0.0103289 1 
24 14 16 0 0.017 0.0124834 1 
25 14 16 0 0.049 0.0124949 1 
26 14 16 0.00313559 0.031 0.0101515 8 
27 14 16 0 0.041 0.0117891 1 
28 14 16 0.00107442 0.02 0.0111628 2 
29 14 16 0 0.039 0.0140309 1 
30 14 16 0.00103086 0.028 0.015453 3 
31 14 16 0 0.037 0.010758 1 
32 14 16 0.00094342 0.012 0.00921678 2 
0 14 17 0 0.041 0.00985973 1 
1 14 17 0.0115693 0.005 0.010122 17 
2 14 17 0.00212406 0.005 0.0135402 5 
3 14 17 0.0143809 0.009 0.0116959 25 
4 14 17 0 0.002 0.0137013 1 
5 14 17 0 0.018 0.0234074 1 
6 14 17 0.000954327 0.047 0.0115894 2 
7 14 17 0.000183332 0.01 0.0116101 2 
8 14 17 0 0.037 0.0117132 1 
9 14 17 0 0.01 0.0108939 1 
10 14 17 0 0.017 0.00981696 1 
11 14 17 0 0.043 0.00948733 1 
12 14 17 0.00930674 0.024 0.0107389 7 
13 14 17 0.00128841 0.027 0.0092551 2 
14 14 17 0.0147664 0.012 0.012835 14 
15 14 17 0 0.027 0.0124914 1 
16 14 17 0 0.009 0.0141628 1 
17 14 17 0.00115854 0.005 0.010009 6 
18 14 17 0 0.018 0.0125031 1 
19 14 17 0.000465647 0.009 0.0125161 2 
20 14 17 0.00196193 0.02 0.0100763 2 
21 14 17 0 0.005 0.0136068 1 
22 14 17 0.0270811 0.002 0.0108634 33 
23 14 17 0.00122056 0.024 0.0109923 2 
24 14 17 0 0.016 0.014087 1 
25 14 17 0.00213672 0.017 0.0102425 3 
26 14 17 0.000997799 0.003 0.00889143 2 
27 14 17 0 0.023 0.0109858 1 
28 14 17 0 0.047 0.00870425 1 
29 14 17 0 0.017 0.0105704 1 
30 14 17 0 0.035 0.0131967 1 
31 14 17 0.00455945 0.038 0.0111586 10 
32 14 17 0.0105398 0.022 0.0115374 8 
0 14 18 0 0.006 0.0105526 1 
1 14 18 0 0.016 0.0108018 1 
2 14 18 6.24581e-05 0.007 0.0122117 3 
3 14 18 0 0.013 0.00989953 1 
4 14 18 0 0.017 0.0113421 1 
5 14 18 0.00192875 0.023 0.0096486 2 
6 14 18 0 0.024 0.0123399 1 
7 14 18 3.87732e-05 0.003 0.0128277 3 
8 14 18 0 0.04 0.0118254 1 
9 14 18 0.000260591 0.012 0.0103954 2 
10 14 18 0.000254426 0.007 0.0111225 2 
11 14 18 0 0.037 0.0120344 1 
12 14 18 0.000548832 0.008 0.0107218 3 
13 14 18 0 0.036 0.0090779 1 
14 14 18 0.00339057 0.02 0.0106068 6 
15 14 18 0 0.003 0.0144695 1 
16 14 18 0 0.021 0.0125813 1 
17 14 18 0.0298287 0.003 0.0106044 58 
18 14 18 0 0.023 0.0140911 1 
19 14 18 0.000143631 0.025 0.0106058 2 
20 14 18 0.00146796 0.026 0.0126305 3 
21 14 18 0 0.029 0.0124093 1 
22 14 18 0 0.022 0.0100896 1 
23 14 18 0 0.032 0.0106932 1 
24 14 18 0 0.006 0.0127785 1 
25 14 18 0.0135052 0.014 0.0109357 14 
26 14 18 0.00394231 0.006 0.0120772 8 
27 14 18 8.35771e-06 0.004 0.0143768 2 
28 14 18 0 0.047 0.011254 1 
29 14 18 0.00100329 0.003 0.0103767 2 
30 14 18 0.0170579 0.002 0.0109941 23 
31 14 18 0 0.014 0.012851 1 
32 14 18 0.00967736 0.01 0.0108193 8 
0 14 19 0 0.018 0.0115566 1 
1 14 19 0.000610374 0.022 0.011086 2 
2 14 19 0 0.022 0.0109281 1 
3 14 19 0.00442895 0.034 0.0107775 8 
4 14 19 0 0.035 0.0123552 1 
5 14 19 0 0.033 0.00825684 1 
6 14 19 0 0.011 0.00810749 1 
7 14 19 0 0.023 0.00917325 1 
8 14 19 0 0.037 0.00946983 1 
9 14 19 0.00191005 0.04 0.0108695 4 
10 14 19 0.000293135 0.005 0.0105415 2 
11 14 19 0 0.039 0.01253 1 
12 14 19 0.00691409 0.004 0.00970847 7 
13 14 19 0.00387512 0.027 0.0119739 4 
14 14 19 0 0.018 0.0108428 1 
15 14 19 0 0.011 0.0137394 1 
16 14 19 0 0.003 0.01204 1 
17 14 19 0 0.049 0.00926274 1 
18 14 19 0 0.047 0.0152957 1 
19 14 19 0.0025551 0.005 0.0134195 3 
20 14 19 0.0079316 0.013 0.0109149 12 
21 14 19 0 0.03 0.0115736 1 
22 14 19 0.000925803 0.025 0.0102123 2 
23 14 19 0 0.042 0.0121376 1 
24 14 19 0 0.035 0.0147384 1 
25 14 19 0 0.036 0.0107103 1 
26 14 19 0.00597584 0.012 0.01192 6 
27 14 19 0 0.02 0.0100962 1 
28 14 19 0 0.004 0.0123444 1 
29 14 19 0 0.01 0.0114151 1 
30 14 19 0 0.032 0.0116712 1 
31 14 19 0 0.032 0.0132356 1 
32 14 19 0 0.026 0.00826035 1 
0 14 20 0 0.035 0.00899998 1 
1 14 20 0.00266183 0.008 0.0118025 6 
2 14 20 0.000218635 0.041 0.0117398 3 
3 14 20 0.0278421 0.007 0.0123687 39 
4 14 20 0 0.042 0.0109803 1 
5 14 20 0 0.037 0.0281698 1 
6 14 20 0 0.038 0.00673351 1 
7 14 20 0 0.004 0.0122408 1 
8 14 20 0.00276004 0.047 0.00965655 4 
9 14 20 0.000415664 0.008 0.0111745 2 
10 14 20 0.00602214 0.024 0.0110788 8 
11 14 20 0 0.027 0.0104605 1 
12 14 20 0.000288971 0.002 0.0106798 3 
13 14 20 0.00693099 0.022 0.00992352 11 
14 14 20 0 0.014 0.0102191 1 
15 14 20 0 0.045 0.00683489 1 
16 14 20 0 0.042 0.0106655 1 
17 14 20 0.00178203 0.007 0.0152911 5 
18 14 20 0 0.048 0.0114642 1 
19 14 20 0.000587135 0.01 0.0115414 3 
20 14 20 0 0.026 0.0100452 1 
21 14 20 0 0.033 0.012416 1 
22 14 20 0 0.022 0.010262 1 
23 14 20 0.000498243 0.011 0.0104452 2 
24 14 20 0.00108268 0.032 0.0138328 2 
25 14 20 0 0.04 0.0113354 1 
26 14 20 0.00662312 0.019 0.01236 9 
27 14 20 0 0.023 0.0132846 1 
28 14 20 0 0.007 0.0104397 1 
29 14 20 0 0.029 0.0121144 1 
30 14 20 0 0.042 0.0111166 1 
31 14 20 0 0.049 0.00978903 1 
32 14 20 0 0.018 0.0142469 1 
0 14 21 0.00490008 0.028 0.00801301 6 
1 14 21 0 0.021 0.00862701 1 
2 14 21 0.000187487 0.033 0.0115729 3 
3 14 21 0.00109243 0.029 0.0117511 4 
4 14 21 0 0.016 0.0100472 1 
5 14 21 0 0.044 0.00976544 1 
6 14 21 0 0.032 0.0109201 1 
7 14 21 0 0.033 0.00983592 1 
8 14 21 0.00120939 0.016 0.0111239 3 
9 14 21 0 0.038 0.010456 1 
10 14 21 0.00461228 0.018 0.0116506 8 
11 14 21 0.00100409 0.005 0.0120296 2 
12 14 21 0.00639212 0.018 0.0113237 9 
13 14 21 0 0.003 0.0110765 1 
14 14 21 0 0.048 0.0115385 1 
15 14 21 0 0.009 0.00927274 1 
16 14 21 0 0.047 0.0112416 1 
17 14 21 0 0.04 0.00961938 1 
18 14 21 0 0.014 0.0141972 1 
19 14 21 0.000353948 0.006 0.0104952 2 
20 14 21 0 0.037 0.00998382 1 
21 14 21 0 0.039 0.00879224 1 
22 14 21 0.0043507 0.043 0.0129158 3 
23 14 21 0.0014451 0.034 0.012294 6 
24 14 21 0 0.025 0.0107466 1 
25 14 21 0.00292908 0.009 0.00811568 15 
26 14 21 0.00365692 0.033 0.0145083 6 
27 14 21 0 0.036 0.0102473 1 
28 14 21 0 0.036 0.00880547 1 
29 14 21 0.00223846 0.037 0.0119459 5 
30 14 21 0.00598204 0.003 0.0113854 7 
31 14 21 0.00259462 0.029 0.0096565 5 
32 14 21 0.0137377 0.048 0.00960819 11 
0 14 22 0 0.02 0.0104537 1 
1 14 22 0 0.014 0.00795972 1 
2 14 22 0.00103257 0.048 0.00862888 4 
3 14 22 6.83606e-05 0.02 0.0105293 2 
4 14 22 0 0.03 0.0124533 1 
5 14 22 0 0.025 0.0117797 1 
6 14 22 0 0.031 0.0116675 1 
7 14 22 0 0.004 0.00850537 1 
8 14 22 0 0.035 0.00806582 1 
9 14 22 0.00149432 0.018 0.0108722 6 
10 14 22 0.000370975 0.047 0.0120708 2 
11 14 22 0 0.004 0.00947713 1 
12 14 22 0 0.038 0.010952 1 
13 14 22 0.000219188 0.005 0.0103416 2 
14 14 22 0 0.044 0.0118282 1 
15 14 22 0 0.049 0.0120183 1 
16 14 22 0 0.026 0.0108636 1 
17 14 22 0.00292271 0.012 0.0117427 7 
18 14 22 0 0.013 0.0120574 1 
19 14 22 0 0.01 0.0119708 1 
20 14 22 0 0.048 0.0084816 1 
21 14 22 0 0.019 0.0121905 1 
22 14 22 0.00106499 0.028 0.00935544 2 
23 14 22 0 0.011 0.00881979 1 
24 14 22 0 0.003 0.0135617 1 
25 14 22 0.0144065 0.018 0.011974 9 
26 14 22 0 0.032 0.0111052 1 
27 14 22 0.00128486 0.042 0.00945204 3 
28 14 22 0.000983298 0.029 0.0138925 2 
29 14 22 0 0.029 0.0107761 1 
30 14 22 0 0.038 0.00935992 1 
31 14 22 2.68135e-05 0.011 0.0114943 2 
32 14 22 0.0140811 0.022 0.00974056 12 
0 14 23 0.0207985 0.025 0.0116766 15 
1 14 23 0 0.007 0.0115563 1 
2 14 23 0.00126327 0.029 0.00966119 4 
3 14 23 0.00441183 0.026 0.0100129 2 
4 14 23 0 0.037 0.0121302 1 
5 14 23 0 0.045 0.0284243 1 
6 14 23 0 0.002 0.0113638 1 
7 14 23 1.19375e-06 0.008 0.00756812 2 
8 14 23 0.00184664 0.022 0.00880922 2 
9 14 23 0.00142167 0.001 0.0121252 2 
10 14 23 0.000194232 0.023 0.0123279 2 
11 14 23 0 0.043 0.0146572 1 
12 14 23 0.00016163 0.003 0.0115385 2 
13 14 23 0 0.037 0.0118061 1 
14 14 23 0 0.045 0.0122915 1 
15 14 23 0.00103729 0.034 0.0102146 2 
16 14 23 0 0.026 0.01203 1 
17 14 23 0 0.047 0.011538 1 
18 14 23 0 0.043 0.0111045 1 
19 14 23 0 0.037 0.0134989 1 
20 14 23 3.44067e-06 0.014 0.00889779 2 
21 14 23 0 0.007 0.0114933 1 
22 14 23 0 0.045 0.0119874 1 
23 14 23 0.0129308 0.012 0.00791364 12 
24 14 23 0 0.037 0.0113147 1 
25 14 23 0 0.038 0.0104777 1 
26 14 23 0.000230666 0.007 0.00985521 3 
27 14 23 0.00279538 0.047 0.00941679 3 
28 14 23 0.00102291 0.007 0.0121676 2 
29 14 23 0 0.034 0.0108906 1 
30 14 23 0 0.012 0.00833967 1 
31 14 23 0.00987136 0.003 0.0096834 7 
32 14 23 0.000906342 0.038 0.012399 2 
0 14 24 0 0.039 0.0123605 1 
1 14 24 0.0210384 0.011 0.0107246 24 
2 14 24 0 0.031 0.0113365 1 
3 14 24 0.00429838 0.024 0.0105462 5 
4 14 24 0 0.002 0.0238844 1 
5 14 24 0 0.001 0.013961 1 
6 14 24 0 0.035 0.0118673 1 
7 14 24 0.0113402 0.022 0.0103534 14 
8 14 24 0 0.044 0.0154258 1 
9 14 24 4.72884e-05 0.01 0.0135865 2 
10 14 24 0.00150078 0.032 0.0099654 2 
11 14 24 0 0.028 0.00959642 1 
12 14 24 0.000479245 0.016 0.012103 2 
13 14 24 0.00112209 0.037 0.00672678 2 
14 14 24 0 0.009 0.0103569 1 
15 14 24 0.000973912 0.028 0.01 2 
16 14 24 0.000973912 0.018 0.0123016 2 
17 14 24 0 0.016 0.0110284 1 
18 14 24 0.000987996 0.017 0.0126476 2 
19 14 24 0.000422267 0.024 0.010829 3 
20 14 24 0.00178467 0.012 0.0109833 3 
21 14 24 0 0.019 0.0111111 1 
22 14 24 4.5236e-06 0.037 0.00992851 2 
23 14 24 0 0.009 0.0109665 1 
24 14 24 0 0.038 0.013127 1 
25 14 24 0.0052572 0.008 0.0104982 14 
26 14 24 0.0339682 0.002 0.00894407 58 
27 14 24 0 0.008 0.0115223 1 
28 14 24 0.000987996 0.008 0.0112838 2 
29 14 24 0.000178745 0.014 0.0116985 3 
30 14 24 0.00627595 0.025 0.0114824 13 
31 14 24 0.0028633 0.019 0.00849048 6 
32 14 24 0.0125781 0.001 0.00945264 17 
0 14 25 0 0.048 0.00900503 1 
1 14 25 0.00225681 0.015 0.00864316 2 
2 14 25 0.000164247 0.027 0.0126941 3 
3 14 25 0 0.012 0.0123752 1 
4 14 25 0 0.044 0.0207531 1 
5 14 25 0 0.018 0.0122836 1 
6 14 25 0 0.005 0.0108018 1 
7 14 25 0.00271391 0.016 0.00985282 6 
8 14 25 0 0.042 0.0169164 1 
9 14 25 0 0.028 0.0101173 1 
10 14 25 0 0.015 0.0110411 1 
11 14 25 0 0.006 0.0153617 1 
12 14 25 0 0.043 0.0107731 1 
13 14 25 0 0.043 0.0129367 1 
14 14 25 0 0.016 0.00973803 1 
15 14 25 0.000939739 0.029 0.0123765 2 
16 14 25 0.000939739 0.015 0.0105726 2 
17 14 25 0 0.039 0.0101392 1 
18 14 25 0.0011156 0.025 0.00971733 4 
19 14 25 0 0.031 0.0113417 1 
20 14 25 0.00283082 0.035 0.0124189 4 
21 14 25 0 0.038 0.0118728 1 
22 14 25 0.00331444 0.037 0.00984539 4 
23 14 25 0.0106076 0.006 0.01249 17 
24 14 25 0 0.011 0.0123908 1 
25 14 25 0 0.008 0.0104469 1 
26 14 25 0 0.009 0.0129858 1 
27 14 25 0 0.044 0.0101794 1 
28 14 25 0 0.032 0.00950296 1 
29 14 25 0.000174728 0.005 0.0118963 3 
30 14 25 0 0.032 0.0130288 1 
31 14 25 0 0.017 0.0140284 1 
32 14 25 3.22095e-05 0.002 0.00967137 2 
0 14 26 0 0.037 0.0116993 1 
1 14 26 0 0.012 0.00924362 1 
2 14 26 0 0.002 0.0125826 1 
3 14 26 0 0.041 0.0123147 1 
4 14 26 0 0.041 0.00994768 1 
5 14 26 0 0.043 0.0179083 1 
6 14 26 0 0.009 0.0122281 1 
7 14 26 0 0.009 0.0102441 1 
8 14 26 0 0.016 0.0130855 1 
9 14 26 0.00332529 0.029 0.00862105 3 
10 14 26 0.000154575 0.022 0.0102999 3 
11 14 26 0 0.024 0.0115134 1 
12 14 26 0.00778491 0.039 0.0121851 5 
13 14 26 0 0.037 0.00979059 1 
14 14 26 0.00192686 0.016 0.00942588 4 
15 14 26 0 0.038 0.0122873 1 
16 14 26 0.000879227 0.043 0.0110371 2 
17 14 26 0.00622811 0.006 0.01112 9 
18 14 26 0 0.03 0.0108559 1 
19 14 26 0.0200671 0.005 0.00931398 27 
20 14 26 0.000216547 0.037 0.00850646 2 
21 14 26 0.000959685 0.038 0.00960737 2 
22 14 26 0.00210705 0.022 0.0183065 5 
23 14 26 0 0.004 0.0110152 1 
24 14 26 0 0.041 0.0112038 1 
25 14 26 0.000293966 0.021 0.0115809 2 
26 14 26 0.0241114 0.004 0.0111089 14 
27 14 26 0.0225886 0.002 0.0114758 41 
28 14 26 0 0.01 0.0109433 1 
29 14 26 0.00109923 0.038 0.0121451 4 
30 14 26 0.00148968 0.03 0.0106979 4 
31 14 26 0.00437679 0.004 0.00981658 9 
32 14 26 0.0007534 0.008 0.0117186 2 
0 14 27 0.0347838 0.002 0.0101933 79 
1 14 27 0.00320496 0.043 0.00961861 2 
2 14 27 0 0.023 0.0128484 1 
3 14 27 0 0.017 0.00972658 1 
4 14 27 0 0.039 0.0102903 1 
5 14 27 0 0.04 0.0093435 1 
6 14 27 0 0.025 0.0124661 1 
7 14 27 0.000825721 0.026 0.0101198 3 
8 14 27 0 0.028 0.0111631 1 
9 14 27 0.000823464 0.012 0.0112767 4 
10 14 27 7.19952e-05 0.018 0.0100861 3 
11 14 27 0 0.045 0.011274 1 
12 14 27 0.0135247 0.005 0.0112847 29 
13 14 27 0 0.009 0.0113813 1 
14 14 27 0.0218154 0.003 0.0128266 29 
15 14 27 0 0.028 0.0160753 1 
16 14 27 0.000846671 0.004 0.011379 2 
17 14 27 0.0111306 0.008 0.0100641 22 
18 14 27 0.000120798 0.044 0.0144502 3 
19 14 27 3.2858e-05 0.028 0.0119311 2 
20 14 27 0 0.003 0.00744173 1 
21 14 27 2.17007e-05 0.026 0.0108798 2 
22 14 27 0.00245432 0.034 0.0128264 2 
23 14 27 2.03055e-05 0.018 0.0113119 2 
24 14 27 0 0.027 0.0136584 1 
25 14 27 0 0.001 0.0111859 1 
26 14 27 0.00556768 0.001 0.00984799 5 
27 14 27 0.00074182 0.049 0.00893017 2 
28 14 27 0 0.032 0.0107334 1 
29 14 27 0 0.033 0.0124289 1 
30 14 27 0 0.041 0.0125766 1 
31 14 27 0 0.019 0.00887376 1 
32 14 27 0.00575836 0.022 0.0102135 4 
0 14 28 0 0.025 0.01074 1 
1 14 28 0 0.03 0.0101634 1 
2 14 28 0 0.028 0.0118569 1 
3 14 28 0.000652231 0.006 0.0109367 3 
4 14 28 0 0.048 0.00919645 1 
5 14 28 0 0.002 0.0113772 1 
6 14 28 0 0.027 0.0142846 1 
7 14 28 0.00332535 0.016 0.00912795 2 
8 14 28 0.00173532 0.039 0.0120849 3 
9 14 28 0 0.04 0.0113679 1 
10 14 28 0 0.045 0.0153365 1 
11 14 28 0.000814527 0.005 0.0101456 2 
12 14 28 0 0.022 0.00960424 1 
13 14 28 0 0.013 0.0140215 1 
14 14 28 0 0.031 0.0129362 1 
15 14 28 0 0.035 0.0109585 1 
16 14 28 0.000789066 0.021 0.0143232 2 
17 14 28 0 0.002 0.0106712 1 
18 14 28 0 0.034 0.00705424 1 
19 14 28 0.00226512 0.002 0.00988364 6 
20 14 28 0.00716146 0.03 0.0106092 10 
21 14 28 0 0.01 0.0102798 1 
22 14 28 0 0.005 0.0128049 1 
23 14 28 0.000787468 0.002 0.0103824 3 
24 14 28 0 0.004 0.0112756 1 
25 14 28 0.00793224 0.013 0.0113006 14 
26 14 28 0 0.038 0.00909512 1 
27 14 28 0.00518446 0.018 0.00926847 5 
28 14 28 0 0.016 0.013565 1 
29 14 28 0 0.009 0.0138617 1 
30 14 28 0 0.022 0.0111688 1 
31 14 28 0.0024328 0.031 0.0100571 6 
32 14 28 0 0.001 0.00822843 1 
0 14 29 0 0.045 0.00911866 1 
1 14 29 0.000758142 0.016 0.0133644 2 
2 14 29 0 0.043 0.0103353 1 
3 14 29 0.0102969 0.021 0.0125728 15 
4 14 29 0 0.016 0.0166589 1 
5 14 29 0.000272255 0.043 0.011948 2 
6 14 29 0 0.003 0.0110364 1 
7 14 29 0 0.025 0.00998037 1 
8 14 29 0 0.046 0.016405 1 
9 14 29 0.0223585 0.002 0.0120115 23 
10 14 29 0.00252906 0.022 0.0101875 3 
11 14 29 0.000178315 0.034 0.0106058 3 
12 14 29 0 0.008 0.0115005 1 
13 14 29 0.00694211 0.032 0.00908028 6 
14 14 29 0.000906074 0.001 0.00918193 2 
15 14 29 0 0.02 0.0124049 1 
16 14 29 0 0.017 0.0138856 1 
17 14 29 0 0.004 0.0121808 1 
18 14 29 0 0.021 0.00974424 1 
19 14 29 0 0.009 0.0107205 1 
20 14 29 0 0.017 0.0110771 1 
21 14 29 0 0.046 0.0147931 1 
22 14 29 0.00120935 0.016 0.0113777 8 
23 14 29 0.00219555 0.022 0.00891595 3 
24 14 29 0 0.03 0.0118638 1 
25 14 29 3.35338e-06 0.011 0.0117181 2 
26 14 29 0.00243046 0.01 0.0134586 3 
27 14 29 0 0.035 0.0114516 1 
28 14 29 0 0.001 0.0134889 1 
29 14 29 0 0.022 0.0134997 1 
30 14 29 3.50148e-05 0.027 0.0116182 2 
31 14 29 0 0.037 0.0119732 1 
32 14 29 0.0159858 0.009 0.0127886 26 
0 14 30 0 0.014 0.00710941 1 
1 14 30 0 0.026 0.012152 1 
2 14 30 0 0.034 0.00932049 1 
3 14 30 0 0.037 0.010122 1 
4 14 30 0 0.002 0.0117011 1 
5 14 30 0.000189629 0.021 0.011534 2 
6 14 30 0 0.002 0.00832823 1 
7 14 30 0.00093302 0.017 0.0116206 3 
8 14 30 0.00290492 0.017 0.00998097 3 
9 14 30 0 0.049 0.0104911 1 
10 14 30 0 0.031 0.0111325 1 
11 14 30 0.000191275 0.027 0.00975717 3 
12 14 30 0 0.024 0.0113039 1 
13 14 30 0 0.048 0.0102195 1 
14 14 30 0.0185308 0.008 0.0148871 23 
15 14 30 0 0.036 0.0111084 1 
16 14 30 0 0.048 0.0105413 1 
17 14 30 0.0231616 0.001 0.0153488 35 
18 14 30 0 0.048 0.00934444 1 
19 14 30 0 0.032 0.012098 1 
20 14 30 0 0.049 0.0135732 1 
21 14 30 0 0.021 0.0102759 1 
22 14 30 0.0074016 0.008 0.0120752 12 
23 14 30 3.27786e-06 0.037 0.00783886 2 
24 14 30 0.000715472 0.008 0.0135598 2 
25 14 30 0.000284389 0.015 0.010856 2 
26 14 30 0.00111767 0.005 0.0098037 2 
27 14 30 0.000101862 0.004 0.00740177 2 
28 14 30 0.000715472 0.014 0.0118016 2 
29 14 30 0 0.045 0.0131057 1 
30 14 30 0 0.003 0.0121308 1 
31 14 30 0 0.035 0.0124156 1 
32 14 30 2.0709e-05 0.006 0.0104849 2 
0 14 31 0 0.036 0.00971774 1 
1 14 31 0.00202564 0.001 0.0108158 2 
2 14 31 0.000140489 0.039 0.0114338 2 
3 14 31 0.00119571 0.01 0.0117354 4 
4 14 31 0 0.039 0.010845 1 
5 14 31 0 0.001 0.0185194 1 
6 14 31 0 0.045 0.0135622 1 
7 14 31 0 0.032 0.0133811 1 
8 14 31 5.91563e-05 0.006 0.0107795 2 
9 14 31 0 0.004 0.0112825 1 
10 14 31 0 0.005 0.0124115 1 
11 14 31 0.00018637 0.037 0.0118498 3 
12 14 31 0.00155505 0.028 0.00908341 2 
13 14 31 0 0.031 0.0130104 1 
14 14 31 0 0.047 0.0100265 1 
15 14 31 0 0.011 0.00957139 1 
16 14 31 0 0.024 0.0117222 1 
17 14 31 0.00299825 0.005 0.0116243 4 
18 14 31 0.00074925 0.04 0.00908191 2 
19 14 31 0 0.027 0.0123047 1 
20 14 31 0.00397412 0.004 0.0110357 4 
21 14 31 0.000686369 0.025 0.0133874 2 
22 14 31 0.0204661 0.012 0.0115095 24 
23 14 31 0.00154375 0.008 0.00794458 9 
24 14 31 0 0.024 0.0117333 1 
25 14 31 0.00389209 0.001 0.0117273 6 
26 14 31 0 0.033 0.00831351 1 
27 14 31 0 0.02 0.0123716 1 
28 14 31 0.00074925 0.034 0.0116189 2 
29 14 31 0.000724098 0.012 0.0129286 2 
30 14 31 2.52904e-08 0.014 0.0116187 2 
31 14 31 5.09993e-05 0.037 0.00850309 2 
32 14 31 0.00102041 0.013 0.00985169 5 
0 14 32 0 0.043 0.010333 1 
1 14 32 0 0.02 0.0100785 1 
2 14 32 0.000171228 0.032 0.0106896 2 
3 14 32 0 0.048 0.0094714 1 
4 14 32 0 0.014 0.0113941 1 
5 14 32 0 0.022 0.0250074 1 
6 14 32 0 0.019 0.0122134 1 
7 14 32 0.00513718 0.017 0.00784282 2 
8 14 32 0 0.031 0.0108649 1 
9 14 32 0 0.036 0.0113105 1 
10 14 32 0 0.027 0.00894143 1 
11 14 32 0 0.016 0.0118705 1 
12 14 32 0 0.012 0.0105963 1 
13 14 32 0 0.048 0.010054 1 
14 14 32 0.000820069 0.017 0.010873 2 
15 14 32 0 0.007 0.011179 1 
16 14 32 0 0.001 0.0110716 1 
17 14 32 0.0258502 0.008 0.0120036 30 
18 14 32 0 0.026 0.0106739 1 
19 14 32 0.00260559 0.018 0.011701 3 
20 14 32 0.000766662 0.006 0.0120771 2 
21 14 32 0.001709 0.005 0.010144 3 
22 14 32 0 0.04 0.0121167 1 
23 14 32 0 0.037 0.0112058 1 
24 14 32 0 0.021 0.010743 1 
25 14 32 0.0106328 0.038 0.0124338 11 
26 14 32 0 0.037 0.0109403 1 
27 14 32 0 0.049 0.0115304 1 
28 14 32 0.00017274 0.037 0.0124359 3 
29 14 32 0.00230132 0.033 0.0117908 5 
30 14 32 0.0189327 0.007 0.0102883 41 
31 14 32 0 0.044 0.0122649 1 
32 14 32 0 0.041 0.00999783 1 
0 14 33 0.0411984 0.005 0.00929217 46 
1 14 33 0 0.036 0.0104122 1 
2 14 33 0.000739964 0.039 0.0101945 2 
3 14 33 0 0.035 0.0168675 1 
4 14 33 0 0.008 0.0228214 1 
5 14 33 0 0.028 0.010798 1 
6 14 33 0 0.029 0.0107739 1 
7 14 33 0.00542473 0.027 0.00946749 8 
8 14 33 0.000329907 0.035 0.00901722 2 
9 14 33 0.00146781 0.025 0.0109128 2 
10 14 33 0 0.03 0.0102327 1 
11 14 33 0 0.04 0.00921445 1 
12 14 33 0 0.033 0.0101478 1 
13 14 33 0 0.045 0.010367 1 
14 14 33 0 0.029 0.0111453 1 
15 14 33 0.000765553 0.018 0.0144469 2 
16 14 33 0.000765553 0.039 0.0133472 2 
17 14 33 0.0296007 0.002 0.0101785 54 
18 14 33 0 0.011 0.011938 1 
19 14 33 0 0.006 0.0131427 1 
20 14 33 0.00125609 0.025 0.00972326 2 
21 14 33 0 0.041 0.0107015 1 
22 14 33 0 0.047 0.0120041 1 
23 14 33 0.0113061 0.032 0.0109317 15 
24 14 33 0 0.026 0.0126567 1 
25 14 33 0.0101223 0.019 0.0106369 11 
26 14 33 0 0.009 0.012257 1 
27 14 33 0.0167125 0.013 0.0123705 25 
28 14 33 0.000189436 0.047 0.0129467 3 
29 14 33 0.00227523 0.026 0.012179 5 
30 14 33 0.000580036 0.024 0.0114496 2 
31 14 33 0.0025224 0.043 0.0123231 5 
32 14 33 0 0.038 0.0110987 1 
0 14 34 0.0480747 0.003 0.0108862 52 
1 14 34 0 0.029 0.0105153 1 
2 14 34 0.000217188 0.002 0.0104341 2 
3 14 34 0 0.043 0.0112986 1 
4 14 34 0 0.021 0.0146163 1 
5 14 34 0 0.027 0.0122375 1 
6 14 34 0 0.043 0.013186 1 
7 14 34 0 0.033 0.00865854 1 
8 14 34 0 0.033 0.0119506 1 
9 14 34 0 0.025 0.0105614 1 
10 14 34 0.00102968 0.001 0.0117965 7 
11 14 34 0 0.002 0.0123428 1 
12 14 34 0 0.023 0.00910945 1 
13 14 34 0.00871443 0.003 0.012871 10 
14 14 34 0.0240358 0.001 0.0121425 49 
15 14 34 0 0.048 0.0109764 1 
16 14 34 0 0.044 0.00993968 1 
17 14 34 0.0192917 0.019 0.0140132 25 
18 14 34 0 0.019 0.013813 1 
19 14 34 1.58432e-05 0.002 0.00893431 2 
20 14 34 0.00418484 0.004 0.0123855 5 
21 14 34 0 0.031 0.0110224 1 
22 14 34 0.0233821 0.007 0.0116368 26 
23 14 34 8.0051e-06 0.016 0.0101441 2 
24 14 34 0 0.017 0.0138114 1 
25 14 34 0 0.036 0.00954764 1 
26 14 34 0.0015064 0.004 0.0125547 2 
27 14 34 0.00649714 0.006 0.0096372 13 
28 14 34 0 0.011 0.00875975 1 
29 14 34 0.00210515 0.01 0.0111043 5 
30 14 34 0 0.021 0.0107265 1 
31 14 34 0 0.044 0.00931697 1 
32 14 34 0.000517149 0.043 0.00940984 2 
0 14 35 0 0.039 0.0097936 1 
1 14 35 0 0.017 0.0117225 1 
2 14 35 0.000229894 0.018 0.0108319 2 
3 14 35 0 0.033 0.0105549 1 
4 14 35 0 0.029 0.0138809 1 
5 14 35 0 0.023 0.010664 1 
6 14 35 0 0.041 0.0114385 1 
7 14 35 0.00188807 0.04 0.0101265 3 
8 14 35 0 0.037 0.0135298 1 
9 14 35 0 0.017 0.0110551 1 
10 14 35 0 0.018 0.0130504 1 
11 14 35 0.00022575 0.038 0.0124315 3 
12 14 35 0.000691261 0.024 0.00794307 3 
13 14 35 0.00520748 0.004 0.0103336 8 
14 14 35 0.00687444 0.016 0.0102961 11 
15 14 35 0 0.016 0.0103259 1 
16 14 35 0 0.006 0.0117584 1 
17 14 35 0.0312549 0.006 0.013406 50 
18 14 35 0.000755126 0.009 0.011917 2 
19 14 35 0.000794749 0.032 0.0107474 3 
20 14 35 0 0.017 0.0135947 1 
21 14 35 0 0.027 0.0143808 1 
22 14 35 0.00102408 0.016 0.0151871 4 
23 14 35 0.00422441 0.037 0.00919624 6 
24 14 35 0 0.047 0.0114587 1 
25 14 35 0 0.005 0.0105828 1 
26 14 35 0 0.036 0.0087855 1 
27 14 35 0.000121555 0.021 0.0118622 2 
28 14 35 0.000755126 0.042 0.0117414 2 
29 14 35 0 0.005 0.00839875 1 
30 14 35 0 0.034 0.00901896 1 
31 14 35 0 0.026 0.0082266 1 
32 14 35 0 0.022 0.00840041 1 
0 14 36 0 0.014 0.0127865 1 
1 14 36 8.40774e-05 0.016 0.00910205 2 
2 14 36 0.000827227 0.048 0.015585 2 
3 14 36 0.0114533 0.028 0.00868294 6 
4 14 36 0.000318894 0.013 0.00984655 2 
5 14 36 0 0.017 0.0155605 1 
6 14 36 0 0.022 0.0141446 1 
7 14 36 0 0.016 0.0103338 1 
8 14 36 0 0.005 0.020155 1 
9 14 36 0 0.038 0.0112851 1 
10 14 36 0 0.028 0.0109351 1 
11 14 36 0.000188309 0.01 0.015705 3 
12 14 36 0.00145031 0.018 0.0100948 4 
13 14 36 0 0.001 0.0100088 1 
14 14 36 0 0.027 0.0121328 1 
15 14 36 0 0.039 0.0145083 1 
16 14 36 0.000801373 0.011 0.0111293 2 
17 14 36 0 0.033 0.0104184 1 
18 14 36 0 0.015 0.0104349 1 
19 14 36 0.0128368 0.002 0.0108323 17 
20 14 36 0.000910171 0.035 0.00563532 3 
21 14 36 0 0.028 0.0111105 1 
22 14 36 0 0.003 0.0126308 1 
23 14 36 0.00626118 0.004 0.0110174 10 
24 14 36 0 0.028 0.0119681 1 
25 14 36 0 0.005 0.0158456 1 
26 14 36 0.0233384 0.003 0.0107524 19 
27 14 36 0 0.009 0.0109204 1 
28 14 36 0 0.035 0.0112573 1 
29 14 36 0.001077 0.042 0.0129415 4 
30 14 36 0.00703978 0.021 0.0105756 8 
31 14 36 0.00100183 0.043 0.0104004 6 
32 14 36 0 0.038 0.01067 1 
0 14 37 0 0.035 0.0109852 1 
1 14 37 0.0127295 0.011 0.0145687 21 
2 14 37 0.00213382 0.015 0.00923512 5 
3 14 37 0 0.031 0.0106392 1 
4 14 37 5.23899e-05 0.013 0.0104988 2 
5 14 37 0 0.013 0.0105079 1 
6 14 37 0 0.04 0.0110346 1 
7 14 37 0.00258105 0.019 0.0102164 3 
8 14 37 0 0.019 0.00989016 1 
9 14 37 0.000597775 0.002 0.00904463 5 
10 14 37 0 0.048 0.0239419 1 
11 14 37 0.000115 0.037 0.011327 3 
12 14 37 0 0.015 0.00971121 1 
13 14 37 0.00141915 0.046 0.00946337 2 
14 14 37 0 0.033 0.0106592 1 
15 14 37 0 0.046 0.014829 1 
16 14 37 0 0.04 0.00931801 1 
17 14 37 0 0.032 0.0134465 1 
18 14 37 0 0.011 0.010987 1 
19 14 37 0 0.012 0.0104699 1 
20 14 37 0.000435316 0.016 0.0116882 3 
21 14 37 0 0.017 0.00848182 1 
22 14 37 0 0.047 0.00952713 1 
23 14 37 0.0108223 0.008 0.0114419 8 
24 14 37 0 0.013 0.0126783 1 
25 14 37 0 0.004 0.0156491 1 
26 14 37 0 0.021 0.00889446 1 
27 14 37 0.0108729 0.007 0.0107417 8 
28 14 37 0 0.006 0.0140007 1 
29 14 37 0 0.023 0.0130192 1 
30 14 37 0 0.025 0.00985731 1 
31 14 37 0 0.013 0.0122586 1 
32 14 37 0.00162777 0.001 0.00907161 3 
0 14 38 0 0.035 0.0104615 1 
1 14 38 0.00237204 0.044 0.00967426 3 
2 14 38 0.00215481 0.036 0.0110482 5 
3 14 38 0.0100566 0.022 0.0119741 11 
4 14 38 0 0.028 0.00981118 1 
5 14 38 0.000420117 0.008 0.0119087 2 
6 14 38 0 0.042 0.00985433 1 
7 14 38 0 0.036 0.0113939 1 
8 14 38 0 0.019 0.0123059 1 
9 14 38 0.00109886 0.007 0.0130099 2 
10 14 38 0 0.016 0.0187571 1 
11 14 38 0.000248703 0.029 0.0120252 3 
12 14 38 0.00023019 0.016 0.0120562 2 
13 14 38 0 0.034 0.0114177 1 
14 14 38 0.00330644 0.044 0.00964574 3 
15 14 38 0 0.004 0.0120117 1 
16 14 38 0 0.026 0.0106781 1 
17 14 38 0 0.012 0.0124546 1 
18 14 38 0.000913635 0.009 0.0124479 2 
19 14 38 0.00252284 0.039 0.00909348 6 
20 14 38 0 0.006 0.00942911 1 
21 14 38 0.000982244 0.038 0.00947221 2 
22 14 38 0 0.034 0.011692 1 
23 14 38 0.00286192 0.001 0.0100953 5 
24 14 38 0.000913635 0.008 0.00875092 2 
25 14 38 0 0.014 0.0119886 1 
26 14 38 0.00428185 0.012 0.0106752 4 
27 14 38 0.0125545 0.004 0.0100575 11 
28 14 38 0 0.042 0.0155388 1 
29 14 38 0 0.016 0.011435 1 
30 14 38 0.0232135 0.003 0.0135893 26 
31 14 38 0.000103253 0.042 0.0096211 3 
32 14 38 0 0.03 0.00920709 1 
0 14 39 0.0030781 0.02 0.00893308 7 
1 14 39 0 0.035 0.0105144 1 
2 14 39 0 0.012 0.0120107 1 
3 14 39 0.0103858 0.02 0.0143367 6 
4 14 39 0 0.022 0.0190793 1 
5 14 39 0 0.001 0.0228246 1 
6 14 39 0.000895297 0.038 0.0108699 2 
7 14 39 0 0.045 0.0116002 1 
8 14 39 0 0.018 0.026124 1 
9 14 39 0.000280963 0.042 0.0103788 2 
10 14 39 0 0.032 0.00925913 1 
11 14 39 0 0.003 0.0128907 1 
12 14 39 1.09254e-06 0.014 0.0127684 2 
13 14 39 0 0.034 0.0122943 1 
14 14 39 0 0.008 0.0113827 1 
15 14 39 0.000966674 0.011 0.0140661 2 
16 14 39 0 0.024 0.0116006 1 
17 14 39 0.0111886 0.017 0.00840985 19 
18 14 39 0.00117605 0.016 0.0129663 4 
19 14 39 0 0.048 0.0110442 1 
20 14 39 0.00379132 0.019 0.00905336 6 
21 14 39 0 0.041 0.0088197 1 
22 14 39 1.80316e-05 0.026 0.00620688 2 
23 14 39 0.00107682 0.005 0.00839194 2 
24 14 39 0.000952399 0.03 0.0134682 2 
25 14 39 0 0.011 0.0118473 1 
26 14 39 0.00103556 0.038 0.0130524 2 
27 14 39 0 0.004 0.00734592 1 
28 14 39 0 0.021 0.0132016 1 
29 14 39 0 0.013 0.0144942 1 
30 14 39 0 0.021 0.00788778 1 
31 14 39 0 0.011 0.0112763 1 
32 14 39 0.00795192 0.021 0.0109982 11 
0 14 40 0.00260518 0.022 0.00850919 3 
1 14 40 0 0.015 0.00795258 1 
2 14 40 0 0.028 0.00833642 1 
3 14 40 0.00269309 0.049 0.00807266 3 
4 14 40 0 0.015 0.0124644 1 
5 14 40 0 0.01 0.012434 1 
6 14 40 0.000973919 0.033 0.0110628 2 
7 14 40 0 0.009 0.00958541 1 
8 14 40 0 0.02 0.0187299 1 
9 14 40 0.00148484 0.012 0.0115739 3 
10 14 40 0 0.032 0.00755909 1 
11 14 40 0 0.004 0.01116 1 
12 14 40 0 0.03 0.0097735 1 
13 14 40 8.44927e-07 0.018 0.0101541 2 
14 14 40 0.000539445 0.002 0.0121734 4 
15 14 40 0 0.046 0.0110218 1 
16 14 40 0 0.034 0.0098199 1 
17 14 40 0 0.02 0.0133709 1 
18 14 40 6.09269e-06 0.01 0.0113037 2 
19 14 40 0.0100967 0.003 0.010446 10 
20 14 40 0 0.033 0.00956702 1 
21 14 40 0 0.018 0.00917747 1 
22 14 40 0.00206984 0.004 0.00841826 6 
23 14 40 0 0.01 0.0121416 1 
24 14 40 0.000918077 0.013 0.0100554 2 
25 14 40 0.00143656 0.026 0.0107329 2 
26 14 40 0 0.044 0.0104748 1 
27 14 40 0.00688096 0.007 0.0108019 17 
28 14 40 0 0.031 0.0108283 1 
29 14 40 0 0.006 0.00807676 1 
30 14 40 0 0.003 0.0119091 1 
31 14 40 6.62323e-05 0.007 0.011377 2 
32 14 40 0.0345125 0.002 0.0115751 38 
0 14 41 0.00279861 0.032 0.0112241 4 
1 14 41 4.13371e-05 0.019 0.0111779 3 
2 14 41 0.000250895 0.034 0.00884454 3 
3 14 41 0 0.023 0.00722302 1 
4 14 41 0 0.043 0.0121221 1 
5 14 41 0 0.04 0.0131741 1 
6 14 41 0.00089883 0.032 0.0122398 2 
7 14 41 0.00713617 0.036 0.0116573 11 
8 14 41 0 0.048 0.0077401 1 
9 14 41 0 0.039 0.0104847 1 
10 14 41 0 0.002 0.0102866 1 
11 14 41 0 0.018 0.0148496 1 
12 14 41 0.00652906 0.011 0.0117017 16 
13 14 41 0 0.034 0.00977875 1 
14 14 41 1.97698e-06 0.004 0.0126549 2 
15 14 41 0 0.047 0.0134577 1 
16 14 41 0 0.022 0.00898721 1 
17 14 41 0 0.048 0.00813746 1 
18 14 41 9.14311e-06 0.003 0.00842683 2 
19 14 41 0 0.021 0.0122456 1 
20 14 41 0 0.005 0.011979 1 
21 14 41 0.000884306 0.003 0.0112096 2 
22 14 41 0 0.025 0.00821018 1 
23 14 41 0 0.025 0.00949869 1 
24 14 41 0.000956924 0.027 0.0145094 2 
25 14 41 0 0.04 0.0098618 1 
26 14 41 0.00107231 0.034 0.0120633 4 
27 14 41 0.00560995 0.013 0.0117444 21 
28 14 41 0 0.02 0.00967736 1 
29 14 41 0 0.044 0.0108607 1 
30 14 41 0 0.011 0.00988758 1 
31 14 41 8.86531e-05 0.004 0.0111941 4 
32 14 41 0 0.017 0.0130699 1 
0 14 42 0 0.035 0.00930501 1 
1 14 42 0.00166879 0.025 0.0115064 7 
2 14 42 0.00118482 0.01 0.0143011 4 
3 14 42 0 0.025 0.0122037 1 
4 14 42 0 0.01 0.0113797 1 
5 14 42 0 0.026 0.00881194 1 
6 14 42 0.000979369 0.043 0.00936769 2 
7 14 42 0.000559183 0.005 0.00906929 3 
8 14 42 0.00102252 0.041 0.00844236 2 
9 14 42 0 0.029 0.0117045 1 
10 14 42 0 0.003 0.00973656 1 
11 14 42 0 0.018 0.012511 1 
12 14 42 0 0.029 0.0111699 1 
13 14 42 0 0.017 0.0113211 1 
14 14 42 0.00857022 0.015 0.0112314 11 
15 14 42 0 0.011 0.0117286 1 
16 14 42 0.000908362 0.017 0.0129953 2 
17 14 42 0.00643621 0.041 0.0114864 10 
18 14 42 0.000922564 0.031 0.0153672 2 
19 14 42 0 0.014 0.0121682 1 
20 14 42 1.00839e-05 0.017 0.0114034 2 
21 14 42 0 0.004 0.00967456 1 
22 14 42 0 0.016 0.00896239 1 
23 14 42 0.00403864 0.029 0.0101828 2 
24 14 42 0 0.047 0.0102892 1 
25 14 42 0.000178005 0.014 0.0095327 2 
26 14 42 0 0.014 0.00960076 1 
27 14 42 0 0.032 0.0119257 1 
28 14 42 0 0.004 0.0125512 1 
29 14 42 0 0.022 0.0119132 1 
30 14 42 0 0.001 0.0110256 1 
31 14 42 0 0.037 0.0130718 1 
32 14 42 0 0.022 0.0105824 1 
0 14 43 7.76544e-05 0.01 0.00694584 3 
1 14 43 0.0019927 0.01 0.0103825 9 
2 14 43 0 0.015 0.0136781 1 
3 14 43 0 0.015 0.0122297 1 
4 14 43 0 0.022 0.0154119 1 
5 14 43 0 0.012 0.00986835 1 
6 14 43 0.00090238 0.006 0.00978631 2 
7 14 43 0.00296232 0.032 0.00962876 4 
8 14 43 0 0.043 0.0129004 1 
9 14 43 8.86167e-05 0.025 0.0107423 2 
10 14 43 2.81769e-05 0.017 0.0109636 2 
11 14 43 0 0.029 0.0152054 1 
12 14 43 0 0.012 0.00803369 1 
13 14 43 0 0.008 0.00956492 1 
14 14 43 0.000976248 0.013 0.0103545 2 
15 14 43 0 0.039 0.0132123 1 
16 14 43 0 0.009 0.0143069 1 
17 14 43 0 0.005 0.0131609 1 
18 14 43 0 0.045 0.0113479 1 
19 14 43 0.00187575 0.009 0.0107091 9 
20 14 43 0 0.024 0.0106181 1 
21 14 43 0 0.036 0.0124705 1 
22 14 43 0 0.013 0.0102119 1 
23 14 43 0 0.033 0.00881031 1 
24 14 43 0 0.035 0.0122433 1 
25 14 43 0.0102551 0.024 0.0115811 13 
26 14 43 0.000510561 0.031 0.0115335 2 
27 14 43 0.030973 0.009 0.0123394 27 
28 14 43 0 0.043 0.0102292 1 
29 14 43 0 0.03 0.0120432 1 
30 14 43 0.00149269 0.005 0.0101384 3 
31 14 43 1.51674e-05 0.01 0.0102517 2 
32 14 43 0 0.034 0.0130889 1 
0 14 44 0 0.029 0.00884625 1 
1 14 44 0 0.03 0.0108119 1 
2 14 44 0 0.017 0.0122062 1 
3 14 44 0.0528062 0.002 0.0141939 53 
4 14 44 0.000358663 0.033 0.0110421 3 
5 14 44 0 0.015 0.0116542 1 
6 14 44 0 0.014 0.0105434 1 
7 14 44 0 0.043 0.00863728 1 
8 14 44 0.00115824 0.004 0.0124445 2 
9 14 44 0 0.049 0.0103903 1 
10 14 44 0.00744802 0.032 0.01076 4 
11 14 44 0 0.034 0.0125599 1 
12 14 44 0 0.004 0.0109011 1 
13 14 44 0 0.044 0.0112555 1 
14 14 44 0 0.039 0.00987259 1 
15 14 44 0 0.033 0.0111068 1 
16 14 44 0 0.027 0.0141125 1 
17 14 44 0 0.026 0.0110963 1 
18 14 44 0 0.021 0.0120897 1 
19 14 44 0.00302821 0.001 0.00870657 3 
20 14 44 0 0.017 0.0106454 1 
21 14 44 0 0.039 0.0121216 1 
22 14 44 0 0.017 0.00949265 1 
23 14 44 0 0.022 0.0132553 1 
24 14 44 0 0.026 0.0154129 1 
25 14 44 0 0.025 0.0106792 1 
26 14 44 0.00599935 0.013 0.0103861 10 
27 14 44 0 0.049 0.0127579 1 
28 14 44 0.000927135 0.049 0.0115137 2 
29 14 44 0.000956023 0.023 0.013482 2 
30 14 44 0.00288125 0.007 0.0119591 4 
31 14 44 2.6531e-06 0.032 0.0109569 2 
32 14 44 0 0.037 0.0085877 1 
0 14 45 0 0.046 0.0125807 1 
1 14 45 0 0.048 0.0116787 1 
2 14 45 0 0.015 0.0149179 1 
3 14 45 0.000786904 0.004 0.00964956 5 
4 14 45 0 0.048 0.0374358 1 
5 14 45 0 0.044 0.0128898 1 
6 14 45 0 0.039 0.0125243 1 
7 14 45 0.00508282 0.004 0.0106012 8 
8 14 45 0 0.028 0.0136551 1 
9 14 45 0.00645071 0.022 0.0120954 9 
10 14 45 0 0.028 0.0104209 1 
11 14 45 0.000264846 0.049 0.0112992 3 
12 14 45 0 0.036 0.0123881 1 
13 14 45 0.00350332 0.008 0.0134923 9 
14 14 45 0 0.006 0.00809028 1 
15 14 45 0.000981124 0.005 0.0117632 2 
16 14 45 0.000981124 0.042 0.0102735 2 
17 14 45 0 0.049 0.012993 1 
18 14 45 0 0.014 0.0102883 1 
19 14 45 0 0.015 0.0128617 1 
20 14 45 0.00224661 0.004 0.0121517 4 
21 14 45 0.000273925 0.024 0.0123453 2 
22 14 45 0.0266313 0.007 0.0121718 33 
23 14 45 0.000293598 0.021 0.0114564 2 
24 14 45 0 0.017 0.0112316 1 
25 14 45 0.000389116 0.027 0.0113352 2 
26 14 45 0 0.007 0.0104767 1 
27 14 45 0 0.011 0.0108904 1 
28 14 45 0.000966097 0.045 0.0134287 2 
29 14 45 0 0.033 0.0119655 1 
30 14 45 0.00221814 0.015 0.00951338 2 
31 14 45 0 0.049 0.00933297 1 
32 14 45 0.00553969 0.042 0.008944 4 
0 14 46 0.00103235 0.022 0.00756397 2 
1 14 46 0.00420312 0.006 0.0105528 6 
2 14 46 0 0.024 0.00915538 1 
3 14 46 0 0.047 0.0109568 1 
4 14 46 0 0.002 0.0106662 1 
5 14 46 0 0.03 0.0107703 1 
6 14 46 0 0.02 0.0124437 1 
7 14 46 0 0.036 0.0095907 1 
8 14 46 0.00348659 0.037 0.0139172 3 
9 14 46 0 0.026 0.0103407 1 
10 14 46 0.00319984 0.048 0.0117899 4 
11 14 46 0.00123983 0.036 0.00992425 2 
12 14 46 0.000925506 0.04 0.0101809 2 
13 14 46 0 0.009 0.0106057 1 
14 14 46 0.0108161 0.002 0.00917316 3 
15 14 46 0 0.022 0.0125041 1 
16 14 46 0 0.001 0.0129353 1 
17 14 46 0.0045875 0.039 0.0140581 4 
18 14 46 0 0.019 0.0111522 1 
19 14 46 0 0.014 0.00777224 1 
20 14 46 0 0.046 0.00900801 1 
21 14 46 0.00020255 0.002 0.00718098 2 
22 14 46 0 0.028 0.00926167 1 
23 14 46 0 0.008 0.00959293 1 
24 14 46 0 0.036 0.0105928 1 
25 14 46 0.0199222 0.007 0.0110226 18 
26 14 46 0.000213 0.019 0.00969582 2 
27 14 46 0 0.04 0.0112272 1 
28 14 46 0 0.035 0.0110443 1 
29 14 46 0 0.03 0.011914 1 
30 14 46 0.0498729 0.001 0.0103502 86 
31 14 46 2.43917e-05 0.044 0.0103426 2 
32 14 46 6.14509e-05 0.011 0.00800174 5 
0 14 47 0.00103382 0.004 0.00928662 4 
1 14 47 0 0.026 0.00850245 1 
2 14 47 0.000955493 0.006 0.0125033 2 
3 14 47 0.00678712 0.004 0.00923657 8 
4 14 47 0 0.007 0.0222827 1 
5 14 47 0 0.027 0.0124148 1 
6 14 47 0 0.042 0.0137082 1 
7 14 47 0.00661994 0.018 0.0108698 7 
8 14 47 0 0.002 0.0161387 1 
9 14 47 0 0.031 0.0116953 1 
10 14 47 0 0.045 0.0105672 1 
11 14 47 0.00124231 0.027 0.0110905 2 
12 14 47 0 0.027 0.0107652 1 
13 14 47 0.000356462 0.011 0.00951585 3 
14 14 47 0.00441625 0.039 0.0102005 2 
15 14 47 0 0.016 0.0127392 1 
16 14 47 0 0.013 0.0135104 1 
17 14 47 1.29197e-05 0.012 0.0147765 2 
18 14 47 0 0.014 0.0117968 1 
19 14 47 0.0107173 0.004 0.00872818 17 
20 14 47 0.00208757 0.021 0.0119009 5 
21 14 47 0.00027444 0.01 0.0101925 2 
22 14 47 0.0175257 0.008 0.011883 30 
23 14 47 1.67797e-05 0.033 0.0114368 2 
24 14 47 0 0.025 0.00965316 1 
25 14 47 0 0.03 0.010616 1 
26 14 47 0.000274609 0.035 0.00971559 2 
27 14 47 0.0028018 0.016 0.00870781 5 
28 14 47 0 0.042 0.0122306 1 
29 14 47 0 0.03 0.00915604 1 
30 14 47 0.0129079 0.015 0.01011 18 
31 14 47 0 0.015 0.0127125 1 
32 14 47 0.00597938 0.006 0.0115049 12 
0 14 48 0.00175601 0.023 0.0118393 6 
1 14 48 0.000262009 0.012 0.00983713 2 
2 14 48 0.000274637 0.024 0.0126979 2 
3 14 48 0 0.033 0.0114928 1 
4 14 48 0 0.002 0.015954 1 
5 14 48 0.00302553 0.022 0.00958408 2 
6 14 48 0.000996093 0.001 0.0097791 2 
7 14 48 0.000825127 0.005 0.0101029 3 
8 14 48 0 0.023 0.0121829 1 
9 14 48 0.00139505 0.017 0.00913342 4 
10 14 48 0 0.03 0.020663 1 
11 14 48 0.000951284 0.002 0.0113292 2 
12 14 48 0 0.035 0.00972157 1 
13 14 48 0.000486208 0.028 0.0107883 3 
14 14 48 0 0.036 0.0110174 1 
15 14 48 0.000921411 0.029 0.0114236 2 
16 14 48 0 0.047 0.0126532 1 
17 14 48 0 0.043 0.0110993 1 
18 14 48 0 0.004 0.0140502 1 
19 14 48 0 0.026 0.00894617 1 
20 14 48 0.000386518 0.021 0.0114342 4 
21 14 48 0 0.048 0.0140375 1 
22 14 48 0 0.031 0.0101214 1 
23 14 48 0.000405832 0.011 0.0102318 2 
24 14 48 0 0.033 0.0120917 1 
25 14 48 0 0.003 0.010835 1 
26 14 48 0.000593691 0.008 0.0105297 2 
27 14 48 0 0.035 0.01372 1 
28 14 48 0.000936347 0.001 0.0150839 2 
29 14 48 0 0.006 0.0130158 1 
30 14 48 0 0.046 0.0125587 1 
31 14 48 0 0.043 0.00933446 1 
32 14 48 0.000391567 0.029 0.0105235 2 
0 14 49 0 0.031 0.0110011 1 
1 14 49 0.000252629 0.001 0.00903713 2 
2 14 49 0.000292388 0.037 0.0115264 2 
3 14 49 0 0.048 0.00975792 1 
4 14 49 0 0.012 0.0139434 1 
5 14 49 0 0.029 0.0126323 1 
6 14 49 0 0.039 0.0112003 1 
7 14 49 0.000944886 0.015 0.0111688 4 
8 14 49 0.00455711 0.019 0.379208 4 
9 14 49 0 0.03 0.010523 1 
10 14 49 0 0.017 0.0121767 1 
11 14 49 0.00190889 0.035 0.0121916 5 
12 14 49 0.00162336 0.035 0.0103343 2 
13 14 49 0 0.049 0.0144045 1 
14 14 49 0 0.005 0.0102491 1 
15 14 49 0.000888509 0.049 0.012524 2 
16 14 49 0 0.011 0.0100387 1 
17 14 49 0 0.027 0.0124326 1 
18 14 49 7.20521e-06 0.008 0.00959395 3 
19 14 49 0.000207718 0.02 0.0113894 2 
20 14 49 0 0.037 0.00887847 1 
21 14 49 0 0.036 0.0136653 1 
22 14 49 0.0031124 0.022 0.0110046 2 
23 14 49 0.00871789 0.013 0.0112316 4 
24 14 49 0 0.02 0.0126327 1 
25 14 49 0.00831329 0.012 0.0100996 13 
26 14 49 0 0.028 0.0111819 1 
27 14 49 0.00889561 0.03 0.0116626 13 
28 14 49 0 0.013 0.011238 1 
29 14 49 0 0.037 0.0141628 1 
30 14 49 0 0.006 0.0109594 1 
31 14 49 0 0.007 0.0114519 1 
32 14 49 0 0.011 0.0128707 1 
0 14 50 0.000586026 0.007 0.012014 2 
1 14 50 0 0.004 0.0094514 1 
2 14 50 0.000953886 0.031 0.0133138 2 
3 14 50 0.00343751 0.033 0.0138659 5 
4 14 50 0 0.039 0.0121886 1 
5 14 50 0 0.02 0.0292507 1 
6 14 50 0 0.012 0.0111562 1 
7 14 50 2.38073e-05 0.023 0.0120038 2 
8 14 50 0.00134429 0.029 0.0115119 2 
9 14 50 0.00378665 0.012 0.0107742 9 
10 14 50 0 0.025 0.0156941 1 
11 14 50 0.00124745 0.023 0.00956052 4 
12 14 50 0 0.015 0.0110607 1 
13 14 50 0.00159615 0.013 0.008757 2 
14 14 50 0 0.001 0.0123863 1 
15 14 50 0.000924277 0.02 0.0101262 2 
16 14 50 0 0.044 0.0110181 1 
17 14 50 0 0.012 0.0138122 1 
18 14 50 0.000304173 0.012 0.0108656 3 
19 14 50 0.000831262 0.001 0.0117503 2 
20 14 50 0 0.037 0.00868391 1 
21 14 50 0 0.027 0.012004 1 
22 14 50 0 0.024 0.0123216 1 
23 14 50 0 0.02 0.0125323 1 
24 14 50 0 0.001 0.0128669 1 
25 14 50 1.99369e-05 0.004 0.0098123 2 
26 14 50 0.000115283 0.016 0.00842758 3 
27 14 50 0 0.042 0.00766672 1 
28 14 50 0.000939082 0.011 0.0131512 2 
29 14 50 0.000305484 0.016 0.00998804 3 
30 14 50 0.000928651 0.012 0.0113706 2 
31 14 50 0 0.033 0.0121148 1 
32 14 50 0.00663621 0.018 0.0118215 7 
0 14 51 0 0.013 0.0118643 1 
1 14 51 0 0.043 0.0136268 1 
2 14 51 0.000353231 0.011 0.0103415 2 
3 14 51 0 0.049 0.0118316 1 
4 14 51 0 0.038 0.0231608 1 
5 14 51 0 0.023 0.0125185 1 
6 14 51 0.00091695 0.026 0.00926018 2 
7 14 51 0 0.011 0.00863438 1 
8 14 51 0.00183023 0.019 0.0131089 3 
9 14 51 0 0.013 0.011257 1 
10 14 51 0 0.029 0.0138055 1 
11 14 51 0.00116455 0.031 0.00969218 4 
12 14 51 0 0.038 0.00948133 1 
13 14 51 0 0.047 0.013061 1 
14 14 51 0 0.038 0.00925418 1 
15 14 51 0 0.004 0.0133914 1 
16 14 51 0.000993957 0.029 0.0123532 2 
17 14 51 0.0189813 0.023 0.00679389 9 
18 14 51 0 0.033 0.00934741 1 
19 14 51 0.00311428 0.019 0.00900259 7 
20 14 51 0.000990807 0.013 0.0107266 2 
21 14 51 0 0.005 0.0110734 1 
22 14 51 0 0.001 0.0140765 1 
23 14 51 0 0.013 0.0118627 1 
24 14 51 0 0.012 0.0126455 1 
25 14 51 0 0.007 0.0111756 1 
26 14 51 4.40506e-05 0.007 0.00768269 2 
27 14 51 0.0464199 0.004 0.0108766 56 
28 14 51 0.000322181 0.023 0.0126577 3 
29 14 51 0.000311969 0.049 0.00866925 3 
30 14 51 0.031186 0.005 0.0108069 56 
31 14 51 0.00104441 0.033 0.0138985 5 
32 14 51 0 0.028 0.011004 1 
0 14 52 0.0439548 0.001 0.00859608 60 
1 14 52 0.000324071 0.027 0.00836742 2 
2 14 52 0.000958865 0.021 0.011149 2 
3 14 52 0 0.011 0.0110022 1 
4 14 52 0 0.005 0.0177337 1 
5 14 52 0 0.04 0.0103479 1 
6 14 52 0 0.032 0.013781 1 
7 14 52 0 0.042 0.0120284 1 
8 14 52 0.00219113 0.004 0.00879967 2 
9 14 52 0 0.034 0.0122415 1 
10 14 52 0.0029972 0.007 0.013006 3 
11 14 52 0.000284288 0.008 0.0112548 3 
12 14 52 0 0.001 0.0128064 1 
13 14 52 0 0.013 0.0122978 1 
14 14 52 0.00881981 0.04 0.00993146 10 
15 14 52 0 0.026 0.00909848 1 
16 14 52 0 0.01 0.0146486 1 
17 14 52 0.000515242 0.041 0.0125436 3 
18 14 52 0 0.048 0.0142468 1 
19 14 52 0.002536 0.013 0.0101581 6 
20 14 52 0 0.045 0.0130231 1 
21 14 52 0 0.005 0.0140166 1 
22 14 52 0 0.048 0.00989755 1 
23 14 52 0 0.005 0.00958621 1 
24 14 52 0 0.013 0.0103627 1 
25 14 52 0 0.04 0.0132105 1 
26 14 52 0 0.044 0.00682072 1 
27 14 52 0 0.042 0.00868638 1 
28 14 52 0 0.004 0.0114409 1 
29 14 52 0 0.009 0.00856303 1 
30 14 52 0 0.003 0.0135427 1 
31 14 52 0 0.039 0.00949772 1 
32 14 52 0.0122096 0.012 0.00903063 15 
0 14 53 0.0115218 0.007 0.0103696 12 
1 14 53 0.00810681 0.023 0.00973777 17 
2 14 53 0.000866361 0.009 0.0127903 2 
3 14 53 0.00378578 0.036 0.0111482 2 
4 14 53 0 0.003 0.00930706 1 
5 14 53 0.00175093 0.003 0.00961289 2 
6 14 53 0 0.01 0.0127938 1 
7 14 53 0 0.003 0.0102326 1 
8 14 53 0 0.007 0.0122165 1 
9 14 53 0.056624 0.001 0.0125186 82 
10 14 53 0.00123275 0.047 0.00994187 2 
11 14 53 0.000396984 0.005 0.0143284 3 
12 14 53 0.00207165 0.032 0.0118023 3 
13 14 53 0 0.021 0.00960895 1 
14 14 53 0 0.019 0.0089753 1 
15 14 53 0 0.044 0.012779 1 
16 14 53 0 0.046 0.0141005 1 
17 14 53 0 0.021 0.0127869 1 
18 14 53 0 0.002 0.0112401 1 
19 14 53 0 0.035 0.0106117 1 
20 14 53 0 0.012 0.0111865 1 
21 14 53 0 0.021 0.0115437 1 
22 14 53 0 0.043 0.0085484 1 
23 14 53 0.00186489 0.02 0.0105775 4 
24 14 53 0.000881008 0.029 0.0118403 2 
25 14 53 0 0.025 0.0125712 1 
26 14 53 0.000355764 0.048 0.0101941 2 
27 14 53 0.00512176 0.043 0.00919559 6 
28 14 53 0.000881008 0.025 0.00951793 2 
29 14 53 0 0.013 0.0102442 1 
30 14 53 0 0.038 0.0112877 1 
31 14 53 3.0885e-05 0.04 0.0101811 2 
32 14 53 0 0.033 0.0084131 1 
0 14 54 0.00346128 0.015 0.00992178 7 
1 14 54 0.000545701 0.025 0.00971966 3 
2 14 54 0 0.049 0.00983308 1 
3 14 54 0 0.021 0.0123769 1 
4 14 54 0 0.035 0.011725 1 
5 14 54 0.00149432 0.001 0.0110607 2 
6 14 54 0 0.002 0.0113246 1 
7 14 54 0.000794444 0.045 0.0119871 2 
8 14 54 0 0.01 0.0146509 1 
9 14 54 0.00663018 0.009 0.0142239 10 
10 14 54 0 0.008 0.0109287 1 
11 14 54 0 0.003 0.0104133 1 
12 14 54 0 0.045 0.0117446 1 
13 14 54 0 0.046 0.0101266 1 
14 14 54 0.0075455 0.021 0.0125595 13 
15 14 54 0 0.044 0.0124358 1 
16 14 54 0 0.042 0.0117674 1 
17 14 54 0 0.01 0.00959119 1 
18 14 54 0 0.004 0.0101049 1 
19 14 54 0 0.046 0.0112814 1 
20 14 54 0.0125281 0.018 0.0114886 12 
21 14 54 0.000961861 0.002 0.0093874 2 
22 14 54 0 0.011 0.00851833 1 
23 14 54 0 0.035 0.0115076 1 
24 14 54 0.000946572 0.022 0.0116928 2 
25 14 54 0 0.009 0.0088633 1 
26 14 54 0.00128408 0.001 0.0101309 2 
27 14 54 0 0.043 0.0107294 1 
28 14 54 0.000349785 0.039 0.0118253 3 
29 14 54 0.000339711 0.009 0.00915692 3 
30 14 54 0.00839159 0.004 0.0109452 29 
31 14 54 2.75398e-06 0.018 0.00853385 2 
32 14 54 0 0.02 0.0087067 1 
0 14 55 0.00323722 0.01 0.00904111 2 
1 14 55 0.0147434 0.018 0.013114 18 
2 14 55 0 0.038 0.0120596 1 
3 14 55 0.000501368 0.004 0.0111512 3 
4 14 55 0 0.038 0.0113174 1 
5 14 55 0 0.039 0.0119653 1 
6 14 55 0 0.021 0.0101195 1 
7 14 55 0.00100192 0.009 0.0100244 2 
8 14 55 0 0.024 0.0193376 1 
9 14 55 0 0.013 0.0121206 1 
10 14 55 0 0.027 0.0139492 1 
11 14 55 0.000343309 0.014 0.011221 3 
12 14 55 0 0.018 0.0118696 1 
13 14 55 0 0.023 0.0123898 1 
14 14 55 0.00331335 0.033 0.00899756 6 
15 14 55 0.00100192 0.004 0.0126352 2 
16 14 55 0 0.043 0.0101866 1 
17 14 55 0.052743 0.003 0.0111907 68 
18 14 55 0.000986398 0.033 0.0113449 2 
19 14 55 0.000924799 0.043 0.010122 2 
20 14 55 0 0.047 0.0151692 1 
21 14 55 0.00134468 0.009 0.00968865 2 
22 14 55 0.0171742 0.01 0.0111829 20 
23 14 55 0 0.041 0.00933117 1 
24 14 55 0.000986398 0.005 0.0120156 2 
25 14 55 0.00363844 0.045 0.0103509 6 
26 14 55 0.00664527 0.018 0.010814 7 
27 14 55 0 0.011 0.0128538 1 
28 14 55 0.000170315 0.048 0.0119533 2 
29 14 55 0 0.036 0.0121137 1 
30 14 55 0.00134914 0.014 0.0123666 3 
31 14 55 0 0.048 0.0118388 1 
32 14 55 0 0.011 0.0107956 1 
0 14 56 0 0.011 0.0125657 1 
1 14 56 0.0010716 0.001 0.0115625 3 
2 14 56 0 0.012 0.0116454 1 
3 14 56 0.0153426 0.023 0.00779933 14 
4 14 56 0 0.027 0.0175637 1 
5 14 56 0 0.007 0.0131929 1 
6 14 56 0 0.016 0.0138747 1 
7 14 56 0 0.001 0.00869042 1 
8 14 56 0 0.003 0.0113004 1 
9 14 56 0 0.011 0.0142501 1 
10 14 56 0 0.002 0.0252056 1 
11 14 56 0.00182754 0.018 0.0129017 5 
12 14 56 0 0.034 0.0101236 1 
13 14 56 0.00051733 0.009 0.0119275 2 
14 14 56 0.000426363 0.013 0.0113902 2 
15 14 56 0.000936177 0.002 0.0131626 2 
16 14 56 0 0.001 0.008834 1 
17 14 56 0 0.045 0.0100295 1 
18 14 56 0.00095135 0.038 0.0105104 2 
19 14 56 0.00454762 0.008 0.0088059 4 
20 14 56 0 0.016 0.0114467 1 
21 14 56 0 0.002 0.00964637 1 
22 14 56 0 0.028 0.0110781 1 
23 14 56 0 0.047 0.0103065 1 
24 14 56 0 0.028 0.011596 1 
25 14 56 0 0.017 0.00990026 1 
26 14 56 0.00246659 0.009 0.00987084 2 
27 14 56 0 0.01 0.0124012 1 
28 14 56 0.00095135 0.031 0.00989148 2 
29 14 56 0.000981695 0.012 0.0115227 2 
30 14 56 0.00845327 0.033 0.0104593 11 
31 14 56 0 0.038 0.0113661 1 
32 14 56 4.8632e-05 0.027 0.00905685 4 
0 14 57 0 0.03 0.0136466 1 
1 14 57 0.000434562 0.011 0.0126323 2 
2 14 57 0.000975488 0.021 0.0100616 2 
3 14 57 0.028599 0.008 0.0121431 33 
4 14 57 0 0.043 0.0124835 1 
5 14 57 0 0.048 0.0152884 1 
6 14 57 0.000928133 0.001 0.0083795 2 
7 14 57 0.00163276 0.005 0.0108841 6 
8 14 57 0 0.019 0.01301 1 
9 14 57 0.0163405 0.011 0.010093 20 
10 14 57 0.00104927 0.038 0.00901038 2 
11 14 57 0 0.043 0.0134005 1 
12 14 57 0 0.014 0.0118929 1 
13 14 57 0 0.003 0.00845361 1 
14 14 57 0.000823083 0.014 0.0139586 3 
15 14 57 0 0.015 0.0102549 1 
16 14 57 0 0.001 0.0123337 1 
17 14 57 0.00345528 0.001 0.0118539 9 
18 14 57 0.000991273 0.027 0.0106649 2 
19 14 57 0 0.002 0.00988849 1 
20 14 57 0.00418041 0.025 0.0105707 3 
21 14 57 0.0049345 0.002 0.0119081 11 
22 14 57 0 0.031 0.00963998 1 
23 14 57 0.0126582 0.011 0.0111576 8 
24 14 57 0 0.009 0.0120562 1 
25 14 57 0 0.016 0.0114028 1 
26 14 57 0.0122115 0.015 0.0103618 9 
27 14 57 0.000403368 0.022 0.00985696 4 
28 14 57 0 0.012 0.0112275 1 
29 14 57 0 0.037 0.00873756 1 
30 14 57 0 0.02 0.0106156 1 
31 14 57 0.00189775 0.016 0.00716532 5 
32 14 57 0.0159329 0.001 0.0107913 20 
0 14 58 0.00373969 0.043 0.0112227 2 
1 14 58 0 0.013 0.011684 1 
2 14 58 0 0.005 0.0115078 1 
3 14 58 0 0.009 0.0110319 1 
4 14 58 0 0.028 0.0206279 1 
5 14 58 0 0.01 0.0112163 1 
6 14 58 0 0.011 0.00786637 1 
7 14 58 0.000191067 0.011 0.0116201 2 
8 14 58 0.000743138 0.021 0.00916423 2 
9 14 58 0.0394997 0.002 0.0102362 60 
10 14 58 0 0.032 0.0112878 1 
11 14 58 0 0.026 0.0105065 1 
12 14 58 5.99818e-05 0.009 0.0116684 2 
13 14 58 0.0237891 0.01 0.0135103 29 
14 14 58 0 0.001 0.0141335 1 
15 14 58 0 0.039 0.0144463 1 
16 14 58 0 0.037 0.0134315 1 
17 14 58 0 0.029 0.00949572 1 
18 14 58 0 0.022 0.014526 1 
19 14 58 0.0127365 0.005 0.0120093 26 
20 14 58 0 0.012 0.0118845 1 
21 14 58 0.00114159 0.019 0.0125989 2 
22 14 58 0 0.019 0.00958681 1 
23 14 58 0 0.01 0.0103765 1 
24 14 58 0 0.009 0.0138608 1 
25 14 58 0 0.047 0.0105845 1 
26 14 58 0.00030657 0.031 0.00926237 3 
27 14 58 0 0.032 0.0103219 1 
28 14 58 0 0.018 0.0165458 1 
29 14 58 0 0.024 0.0127608 1 
30 14 58 0.00405383 0.02 0.0118155 3 
31 14 58 0.000100882 0.04 0.0100549 2 
32 14 58 0.0114088 0.006 0.0106774 19 
0 14 59 0 0.013 0.013041 1 
1 14 59 0.000554136 0.033 0.010238 2 
2 14 59 0 0.042 0.0115621 1 
3 14 59 0.00269369 0.011 0.00951712 3 
4 14 59 0 0.048 0.00977936 1 
5 14 59 0 0.019 0.0104198 1 
6 14 59 0 0.015 0.0112099 1 
7 14 59 0 0.005 0.010991 1 
8 14 59 0.000236192 0.047 0.013848 2 
9 14 59 0 0.021 0.0117615 1 
10 14 59 0.00241632 0.003 0.00976993 2 
11 14 59 0 0.048 0.00946805 1 
12 14 59 0.000679607 0.015 0.0112625 2 
13 14 59 0.00194781 0.003 0.0111155 2 
14 14 59 0.000538056 0.036 0.0111994 4 
15 14 59 0 0.003 0.0142028 1 
16 14 59 0 0.02 0.0094738 1 
17 14 59 0.00851041 0.026 0.0120396 6 
18 14 59 0 0.039 0.0118381 1 
19 14 59 0 0.04 0.0111953 1 
20 14 59 0 0.02 0.0124291 1 
21 14 59 0.000916144 0.027 0.0147187 2 
22 14 59 0 0.014 0.00926646 1 
23 14 59 0.00163393 0.025 0.0107127 2 
24 14 59 0 0.02 0.00772507 1 
25 14 59 0.00386646 0.018 0.00989078 5 
26 14 59 0.00253988 0.013 0.00958338 5 
27 14 59 0 0.015 0.0124205 1 
28 14 59 0 0.03 0.0119238 1 
29 14 59 0 0.029 0.0104931 1 
30 14 59 0.00985119 0.011 0.0114336 14 
31 14 59 0.0020941 0.035 0.0117384 9 
32 14 59 0.00319723 0.038 0.00959798 3 
0 14 60 0.00811038 0.011 0.0122834 9 
1 14 60 0.0140779 0.01 0.0101813 16 
2 14 60 0 0.029 0.0154464 1 
3 14 60 0 0.048 0.0111116 1 
4 14 60 0.00190208 0.036 0.0101528 5 
5 14 60 0 0.049 0.0263704 1 
6 14 60 0.00102013 0.028 0.0101439 2 
7 14 60 0.0150632 0.002 0.0105969 32 
8 14 60 0.00194696 0.033 0.0143195 5 
9 14 60 0.00108668 0.006 0.0110148 2 
10 14 60 0.00189155 0.016 0.01194 2 
11 14 60 0 0.028 0.00992618 1 
12 14 60 0.000299861 0.02 0.00786587 6 
13 14 60 0.0329978 0.004 0.0110063 41 
14 14 60 0 0.03 0.0121865 1 
15 14 60 0.000943663 0.045 0.0112512 2 
16 14 60 0.000943663 0.028 0.0109673 2 
17 14 60 0.021162 0.011 0.00980534 24 
18 14 60 0 0.048 0.0139317 1 
19 14 60 2.45861e-05 0.012 0.00759595 2 
20 14 60 0 0.025 0.00902653 1 
21 14 60 0.000189275 0.003 0.0131886 3 
22 14 60 0 0.01 0.0120691 1 
23 14 60 0.00296487 0.004 0.0107216 5 
24 14 60 0 0.024 0.014241 1 
25 14 60 0.00176337 0.012 0.0126371 9 
26 14 60 0 0.035 0.0124112 1 
27 14 60 0 0.044 0.0115686 1 
28 14 60 0 0.034 0.0115466 1 
29 14 60 0.00040464 0.002 0.0096837 3 
30 14 60 0.000969901 0.017 0.0110494 2 
31 14 60 0.00578946 0.037 0.0113556 7 
32 14 60 0.000156718 0.021 0.0141636 2 
