0 15 0 0 0.014 0.150643 1 
1 15 0 0 0.006 0.196476 1 
2 15 0 0 0.01 0.228768 1 
3 15 0 0 0.043 0.18606 1 
4 15 0 0 0.023 0.175643 1 
5 15 0 0 0.005 0.200643 1 
6 15 0 0 0.023 0.112101 1 
7 15 0 0 0.006 0.165747 2 
8 15 0 0 0.005 0.156372 1 
9 15 0 0 0.044 0.21106 1 
10 15 0 0 0.004 0.196476 1 
11 15 0 0 0.023 0.26385 1 
12 15 0 0 0.035 0.131372 1 
13 15 0 0 0.045 0.156372 1 
14 15 0 0 0.019 0.18606 1 
15 15 0 0 0.002 0.156372 1 
16 15 0 0 0.037 0.175122 1 
17 15 0 0 0.034 0.196476 1 
18 15 0 0 0.044 0.175643 1 
19 15 0 0 0.03 0.153098 1 
20 15 0 0 0.024 0.18606 1 
21 15 0 0 0.012 0.390157 1 
22 15 0 0.00331948 0.005 0.231893 2 
23 15 0 0 0.01 0.221476 1 
24 15 0 0 0.017 0.131372 1 
25 15 0 0 0.004 0.231893 1 
26 15 0 0 0.037 0.177205 1 
27 15 0 0 0.029 0.166789 1 
28 15 0 0 0.012 0.150643 1 
29 15 0 0 0.036 0.241874 1 
30 15 0 0 0.002 0.21106 1 
31 15 0 0 0.043 0.317101 1 
32 15 0 0 0.037 0.18606 1 
0 15 1 0 0.014 0.346476 1 
1 15 1 0 0.022 0.221476 1 
2 15 1 0 0.047 0.346476 1 
3 15 1 0 0.041 0.221476 1 
4 15 1 0 0.043 0.221476 1 
5 15 1 0 0.031 0.346476 1 
6 15 1 0 0.001 0.36731 1 
7 15 1 0.24816 0.007 0.24231 2 
8 15 1 0 0.031 0.221476 1 
9 15 1 0 0.02 0.24231 1 
10 15 1 0 0.036 0.221476 1 
11 15 1 0 0.017 0.231893 1 
12 15 1 0 0.024 0.24231 1 
13 15 1 0 0.025 0.24231 1 
14 15 1 0 0.049 0.24231 1 
15 15 1 0 0.032 0.221476 1 
16 15 1 0 0.014 0.221476 1 
17 15 1 0 0.038 0.346476 1 
18 15 1 0 0.012 0.24231 1 
19 15 1 0 0.035 0.221476 1 
20 15 1 0 0.022 0.24231 1 
21 15 1 0 0.042 0.21106 1 
22 15 1 0 0.035 0.24231 1 
23 15 1 0 0.026 0.346476 1 
24 15 1 0 0.015 0.231893 1 
25 15 1 0 0.046 0.24856 1 
26 15 1 0 0.038 0.221476 1 
27 15 1 0 0.008 0.346476 1 
28 15 1 0 0.023 0.24231 1 
29 15 1 0 0.007 0.221476 1 
30 15 1 0 0.02 0.24231 1 
31 15 1 0 0.011 0.346476 1 
32 15 1 0 0.041 0.231893 1 
0 15 2 0 0.027 0.24231 1 
1 15 2 0 0.009 0.346476 1 
2 15 2 0 0.014 0.221476 1 
3 15 2 0.149367 0.005 0.221476 2 
4 15 2 0 0.01 0.346476 1 
5 15 2 0 0.025 0.221476 1 
6 15 2 0 0.015 0.231893 1 
7 15 2 0 0.006 0.24231 1 
8 15 2 0 0.009 0.231893 1 
9 15 2 0 0.012 0.221476 1 
10 15 2 0 0.021 0.24231 1 
11 15 2 0 0.004 0.231893 1 
12 15 2 0 0.016 0.221476 1 
13 15 2 0.1022 0.001 0.36731 2 
14 15 2 0 0.04 0.221476 1 
15 15 2 0 0.009 0.283976 1 
16 15 2 0 0.032 0.24231 1 
17 15 2 0 0.048 0.221476 1 
18 15 2 0 0.02 0.221476 1 
19 15 2 0 0.012 0.24231 1 
20 15 2 0 0.042 0.221476 1 
21 15 2 0 0.014 0.24231 1 
22 15 2 0 0.046 0.24231 1 
23 15 2 0 0.019 0.221476 1 
24 15 2 0 0.014 0.200643 1 
25 15 2 0 0.01 0.346476 1 
26 15 2 0 0.048 0.221476 1 
27 15 2 0 0.001 0.346476 1 
28 15 2 0 0.023 0.221476 1 
29 15 2 0 0.007 0.258976 1 
30 15 2 0 0.025 0.221476 1 
31 15 2 0 0.042 0.221476 1 
32 15 2 0 0.019 0.221476 1 
0 15 3 0 0.025 0.24231 1 
1 15 3 0 0.015 0.356893 1 
2 15 3 0 0.03 0.221476 1 
3 15 3 0 0.045 0.258976 1 
4 15 3 0 0.025 0.231893 1 
5 15 3 0 0.042 0.231893 1 
6 15 3 0 0.006 0.346476 1 
7 15 3 0 0.018 0.24231 1 
8 15 3 0 0.014 0.346476 1 
9 15 3 0 0.041 0.24231 1 
10 15 3 0 0.042 0.221476 1 
11 15 3 0 0.034 0.346476 1 
12 15 3 0.214174 0.003 0.24231 2 
13 15 3 0 0.039 0.221476 1 
14 15 3 0 0.028 0.24231 1 
15 15 3 0 0.022 0.346476 1 
16 15 3 0 0.046 0.24231 1 
17 15 3 0 0.011 0.24231 1 
18 15 3 0 0.005 0.24231 1 
19 15 3 0 0.023 0.24231 1 
20 15 3 0 0.011 0.24231 1 
21 15 3 0 0.046 0.221476 1 
22 15 3 0 0.024 0.21106 1 
23 15 3 0 0.019 0.346476 1 
24 15 3 0 0.033 0.231893 1 
25 15 3 0 0.014 0.24231 1 
26 15 3 0 0.011 0.24231 1 
27 15 3 0 0.008 0.24231 1 
28 15 3 0 0.015 0.24231 1 
29 15 3 0 0.004 0.346476 1 
30 15 3 0.165141 0.004 0.24231 2 
31 15 3 0 0.034 0.356893 1 
32 15 3 0 0.027 0.24231 1 
0 15 4 0 0.001 0.221476 1 
1 15 4 0 0.015 0.24231 1 
2 15 4 0 0.012 0.24231 1 
3 15 4 0 0.034 0.221476 1 
4 15 4 0 0.027 0.346476 1 
5 15 4 0 0.006 0.221476 1 
6 15 4 0 0.003 0.24231 1 
7 15 4 0 0.023 0.231893 1 
8 15 4 0 0.017 0.221476 1 
9 15 4 0 0.041 0.221476 1 
10 15 4 0.339343 0.004 0.24231 2 
11 15 4 0 0.029 0.231893 1 
12 15 4 0 0.027 0.231893 1 
13 15 4 0 0.029 0.221476 1 
14 15 4 0 0.018 0.24231 1 
15 15 4 0 0.005 0.24231 1 
16 15 4 0 0.004 0.24231 1 
17 15 4 0 0.022 0.24231 1 
18 15 4 0 0.012 0.346476 1 
19 15 4 0 0.002 0.24231 1 
20 15 4 0 0.012 0.24231 1 
21 15 4 0 0.001 0.221476 1 
22 15 4 0 0.047 0.24231 1 
23 15 4 0 0.025 0.24231 1 
24 15 4 0 0.011 0.24231 1 
25 15 4 0 0.031 0.221476 1 
26 15 4 0 0.02 0.24231 1 
27 15 4 0 0.015 0.24231 1 
28 15 4 0 0.031 0.221476 1 
29 15 4 0 0.001 0.24231 1 
30 15 4 0 0.039 0.221476 1 
31 15 4 0 0.007 0.24231 1 
32 15 4 0 0.015 0.24231 1 
0 15 5 0 0.014 0.24231 1 
1 15 5 0 0.031 0.221476 1 
2 15 5 0 0.014 0.24231 1 
3 15 5 0 0.002 0.221476 1 
4 15 5 0 0.038 0.231893 1 
5 15 5 0 0.031 0.221476 1 
6 15 5 0 0.014 0.21106 1 
7 15 5 0 0.036 0.231893 1 
8 15 5 0 0.045 0.231893 1 
9 15 5 0 0.005 0.221476 1 
10 15 5 0 0.01 0.24231 1 
11 15 5 0 0.025 0.221476 1 
12 15 5 0 0.016 0.221476 1 
13 15 5 0 0.001 0.346476 1 
14 15 5 0 0.047 0.221476 1 
15 15 5 0 0.008 0.221476 1 
16 15 5 0 0.028 0.221476 1 
17 15 5 0 0.029 0.221476 1 
18 15 5 0 0.035 0.346476 1 
19 15 5 0.227727 0.01 0.356893 2 
20 15 5 0.253013 0.002 0.24231 2 
21 15 5 0 0.018 0.231893 1 
22 15 5 0.166903 0.008 0.356893 2 
23 15 5 0 0.033 0.221476 1 
24 15 5 0 0.033 0.221476 1 
25 15 5 0 0.032 0.221476 1 
26 15 5 0 0.009 0.24231 1 
27 15 5 0 0.008 0.221476 1 
28 15 5 0 0.011 0.221476 1 
29 15 5 0 0.02 0.24231 1 
30 15 5 0 0.029 0.24231 1 
31 15 5 0 0.037 0.221476 1 
32 15 5 0 0.03 0.221476 1 
0 15 6 0 0.035 0.221476 1 
1 15 6 0 0.049 0.24231 1 
2 15 6 0 0.043 0.221476 1 
3 15 6 0 0.006 0.24231 1 
4 15 6 0 0.029 0.221476 1 
5 15 6 0 0.013 0.221476 1 
6 15 6 0 0.011 0.24231 1 
7 15 6 0 0.043 0.221476 1 
8 15 6 0 0.011 0.24231 1 
9 15 6 0 0.015 0.221476 1 
10 15 6 0 0.004 0.346476 1 
11 15 6 0 0.039 0.24231 1 
12 15 6 0 0.017 0.24231 1 
13 15 6 0 0.001 0.24231 1 
14 15 6 0 0.017 0.24231 1 
15 15 6 0 0.017 0.221476 1 
16 15 6 0 0.017 0.24231 1 
17 15 6 0 0.044 0.221476 1 
18 15 6 0 0.027 0.346476 1 
19 15 6 0 0.044 0.231893 1 
20 15 6 0 0.039 0.21106 1 
21 15 6 0 0.006 0.24231 1 
22 15 6 0 0.01 0.200643 1 
23 15 6 0 0.02 0.221476 1 
24 15 6 0 0.004 0.221476 1 
25 15 6 0 0.049 0.24231 1 
26 15 6 0 0.01 0.24231 1 
27 15 6 0.153967 0.002 0.24231 2 
28 15 6 0 0.023 0.24231 1 
29 15 6 0 0.014 0.346476 1 
30 15 6 0 0.01 0.221476 1 
31 15 6 0 0.001 0.346476 1 
32 15 6 0 0.034 0.221476 1 
0 15 7 0 0.047 0.221476 1 
1 15 7 0 0.033 0.231893 1 
2 15 7 0 0.014 0.221476 1 
3 15 7 0 0.026 0.356893 1 
4 15 7 0 0.032 0.24231 1 
5 15 7 0 0.039 0.221476 1 
6 15 7 0 0.04 0.231893 1 
7 15 7 0 0.048 0.21106 1 
8 15 7 0 0.025 0.24231 1 
9 15 7 0 0.025 0.221476 1 
10 15 7 0 0.003 0.221476 1 
11 15 7 0 0.023 0.346476 1 
12 15 7 0 0.017 0.231893 1 
13 15 7 0 0.005 0.24231 1 
14 15 7 0 0.042 0.221476 1 
15 15 7 0 0.024 0.200643 1 
16 15 7 0 0.008 0.247518 1 
17 15 7 0 0.03 0.24231 1 
18 15 7 0 0.028 0.24231 1 
19 15 7 0 0.035 0.221476 1 
20 15 7 0 0.001 0.24231 1 
21 15 7 0 0.017 0.24231 1 
22 15 7 0 0.012 0.346476 1 
23 15 7 0 0.032 0.221476 1 
24 15 7 0 0.042 0.21106 1 
25 15 7 0 0.013 0.231893 1 
26 15 7 0 0.026 0.24231 1 
27 15 7 0 0.011 0.24231 1 
28 15 7 0 0.037 0.24231 1 
29 15 7 0 0.044 0.231893 1 
30 15 7 0 0.044 0.24231 1 
31 15 7 0 0.028 0.24231 1 
32 15 7 0 0.015 0.24231 1 
0 15 8 0 0.009 0.24231 1 
1 15 8 0 0.003 0.221476 1 
2 15 8 0 0.02 0.221476 1 
3 15 8 0 0.018 0.231893 1 
4 15 8 0 0.021 0.346476 1 
5 15 8 0.320424 0.001 0.36731 2 
6 15 8 0 0.014 0.346476 1 
7 15 8 0 0.041 0.221476 1 
8 15 8 0 0.045 0.346476 1 
9 15 8 0 0.036 0.231893 1 
10 15 8 0 0.006 0.24231 1 
11 15 8 0 0.006 0.221476 1 
12 15 8 0 0.021 0.24231 1 
13 15 8 0 0.045 0.231893 1 
14 15 8 0.14584 0.006 0.258976 2 
15 15 8 0 0.013 0.221476 1 
16 15 8 0 0.019 0.24231 1 
17 15 8 0.14584 0.008 0.36731 2 
18 15 8 0 0.029 0.221476 1 
19 15 8 0 0.013 0.346476 1 
20 15 8 0 0.019 0.24231 1 
21 15 8 0 0.008 0.24231 1 
22 15 8 0 0.033 0.24231 1 
23 15 8 0 0.001 0.271737 1 
24 15 8 0 0.039 0.24231 1 
25 15 8 0 0.006 0.346476 1 
26 15 8 0 0.006 0.24231 1 
27 15 8 0.155322 0.007 0.346476 2 
28 15 8 0 0.015 0.221476 1 
29 15 8 0 0.021 0.356893 1 
30 15 8 0 0.021 0.221476 1 
31 15 8 0 0.019 0.221476 1 
32 15 8 0 0.006 0.24231 1 
0 15 9 0 0.049 0.221476 1 
1 15 9 0 0.036 0.24231 1 
2 15 9 0 0.007 0.221476 1 
3 15 9 0 0.013 0.24231 1 
4 15 9 0 0.004 0.346476 1 
5 15 9 0 0.028 0.346476 1 
6 15 9 0 0.001 0.24231 1 
7 15 9 0 0.006 0.24231 1 
8 15 9 0 0.035 0.221476 1 
9 15 9 0 0.002 0.24231 1 
10 15 9 0 0.02 0.24231 1 
11 15 9 0 0.044 0.258976 1 
12 15 9 0.207949 0.01 0.346476 2 
13 15 9 0 0.005 0.346476 1 
14 15 9 0 0.004 0.21106 1 
15 15 9 0 0.003 0.24231 1 
16 15 9 0 0.015 0.24231 1 
17 15 9 0 0.021 0.24231 1 
18 15 9 0 0.049 0.21106 1 
19 15 9 0 0.003 0.24231 1 
20 15 9 0 0.007 0.24231 1 
21 15 9 0 0.005 0.221476 1 
22 15 9 0 0.036 0.21106 1 
23 15 9 0 0.024 0.24231 1 
24 15 9 0 0.013 0.231893 1 
25 15 9 0 0.017 0.231893 1 
26 15 9 0 0.026 0.221476 1 
27 15 9 0 0.017 0.231893 1 
28 15 9 0 0.038 0.221476 1 
29 15 9 0 0.003 0.24231 1 
30 15 9 0 0.026 0.24231 1 
31 15 9 0 0.049 0.24231 1 
32 15 9 0 0.006 0.24231 1 
0 15 10 0 0.029 0.346476 1 
1 15 10 0 0.007 0.346476 1 
2 15 10 0 0.022 0.221476 1 
3 15 10 0 0.036 0.238143 1 
4 15 10 0 0.023 0.24231 1 
5 15 10 0 0.008 0.24231 1 
6 15 10 0 0.016 0.24231 1 
7 15 10 0 0.034 0.24231 1 
8 15 10 0 0.023 0.24231 1 
9 15 10 0 0.026 0.24231 1 
10 15 10 0.327774 0.016 0.231893 2 
11 15 10 0 0.047 0.221476 1 
12 15 10 0 0.016 0.231893 1 
13 15 10 0 0.049 0.21106 1 
14 15 10 0 0.002 0.24231 1 
15 15 10 0 0.023 0.238143 1 
16 15 10 0 0.008 0.24231 1 
17 15 10 0 0.032 0.231893 1 
18 15 10 0 0.028 0.24231 1 
19 15 10 0 0.049 0.221476 1 
20 15 10 0 0.033 0.231893 1 
21 15 10 0 0.004 0.24231 1 
22 15 10 0 0.008 0.200643 1 
23 15 10 0 0.027 0.24231 1 
24 15 10 0 0.001 0.24231 1 
25 15 10 0 0.048 0.24231 1 
26 15 10 0 0.015 0.238143 1 
27 15 10 0 0.011 0.221476 1 
28 15 10 0 0.006 0.24231 1 
29 15 10 0 0.048 0.221476 1 
30 15 10 0 0.027 0.231893 1 
31 15 10 0 0.013 0.346476 1 
32 15 10 0.184346 0.005 0.24231 2 
0 15 11 0.147813 0.001 0.36731 2 
1 15 11 0 0.033 0.221476 1 
2 15 11 0 0.011 0.24231 1 
3 15 11 0 0.009 0.231893 1 
4 15 11 0 0.001 0.221476 1 
5 15 11 0 0.031 0.221476 1 
6 15 11 0 0.021 0.24231 1 
7 15 11 0 0.023 0.221476 1 
8 15 11 0 0.038 0.21106 1 
9 15 11 0 0.038 0.24231 1 
10 15 11 0 0.002 0.24231 1 
11 15 11 0 0.026 0.221476 1 
12 15 11 0 0.049 0.24231 1 
13 15 11 0 0.005 0.221476 1 
14 15 11 0 0.031 0.24231 1 
15 15 11 0 0.024 0.221476 1 
16 15 11 0 0.03 0.231893 1 
17 15 11 0.143518 0.003 0.24231 2 
18 15 11 0 0.009 0.221476 1 
19 15 11 0 0.001 0.221476 1 
20 15 11 0 0.02 0.221476 1 
21 15 11 0 0.01 0.231893 1 
22 15 11 0 0.016 0.24231 1 
23 15 11 0 0.038 0.221476 1 
24 15 11 0 0.047 0.221476 1 
25 15 11 0 0.004 0.231893 1 
26 15 11 0 0.001 0.24231 1 
27 15 11 0 0.001 0.24231 1 
28 15 11 0 0.002 0.221476 1 
29 15 11 0 0.039 0.346476 1 
30 15 11 0 0.036 0.221476 1 
31 15 11 0 0.001 0.221476 1 
32 15 11 0 0.024 0.346476 1 
0 15 12 0 0.048 0.24231 1 
1 15 12 0 0.006 0.24231 1 
2 15 12 0 0.008 0.24231 1 
3 15 12 0.149648 0.004 0.24231 2 
4 15 12 0 0.027 0.24231 1 
5 15 12 0 0.023 0.24231 1 
6 15 12 0 0.016 0.24231 1 
7 15 12 0 0.011 0.231893 1 
8 15 12 0 0.036 0.221476 1 
9 15 12 0.179638 0.007 0.258976 2 
10 15 12 0 0.031 0.24231 1 
11 15 12 0 0.014 0.24231 1 
12 15 12 0 0.005 0.231893 1 
13 15 12 0 0.015 0.24231 1 
14 15 12 0 0.028 0.24231 1 
15 15 12 0 0.046 0.221476 1 
16 15 12 0 0.02 0.346476 1 
17 15 12 0 0.014 0.221476 1 
18 15 12 0 0.027 0.24231 1 
19 15 12 0 0.014 0.221476 1 
20 15 12 0 0.038 0.21106 1 
21 15 12 0 0.004 0.221476 1 
22 15 12 0 0.048 0.200643 1 
23 15 12 0 0.037 0.346476 1 
24 15 12 0 0.005 0.231893 1 
25 15 12 0 0.043 0.221476 1 
26 15 12 0 0.036 0.21106 1 
27 15 12 0 0.02 0.221476 1 
28 15 12 0 0.021 0.346476 1 
29 15 12 0 0.023 0.346476 1 
30 15 12 0.116255 0.001 0.24231 2 
31 15 12 0 0.009 0.24231 1 
32 15 12 0 0.005 0.24231 1 
0 15 13 0 0.008 0.24231 1 
1 15 13 0.206544 0.002 0.36731 2 
2 15 13 0 0.012 0.221476 1 
3 15 13 0 0.021 0.221476 1 
4 15 13 0.337533 0.005 0.36731 2 
5 15 13 0 0.001 0.221476 1 
6 15 13 0 0.016 0.221476 1 
7 15 13 0 0.011 0.221476 1 
8 15 13 0 0.004 0.221476 1 
9 15 13 0 0.001 0.24231 1 
10 15 13 0 0.021 0.346476 1 
11 15 13 0 0.037 0.346476 1 
12 15 13 0 0.037 0.24231 1 
13 15 13 0.219934 0.002 0.24231 2 
14 15 13 0 0.011 0.24231 1 
15 15 13 0 0.034 0.21106 1 
16 15 13 0 0.015 0.346476 1 
17 15 13 0.1427 0.002 0.221476 2 
18 15 13 0 0.013 0.21106 1 
19 15 13 0.228993 0.001 0.24231 2 
20 15 13 0 0.001 0.24231 1 
21 15 13 0 0.04 0.24231 1 
22 15 13 0 0.013 0.24231 1 
23 15 13 0 0.035 0.231893 1 
24 15 13 0 0.048 0.24231 1 
25 15 13 0 0.008 0.231893 1 
26 15 13 0 0.019 0.346476 1 
27 15 13 0 0.005 0.221476 1 
28 15 13 0 0.029 0.221476 1 
29 15 13 0 0.018 0.221476 1 
30 15 13 0.167034 0.005 0.24231 2 
31 15 13 0 0.006 0.221476 1 
32 15 13 0.186318 0.007 0.346476 2 
0 15 14 0 0.017 0.346476 1 
1 15 14 0 0.031 0.221476 1 
2 15 14 0 0.014 0.221476 1 
3 15 14 0 0.013 0.24231 1 
4 15 14 0 0.017 0.24231 1 
5 15 14 0 0.006 0.221476 1 
6 15 14 0 0.027 0.24231 1 
7 15 14 0 0.023 0.221476 1 
8 15 14 0 0.016 0.24231 1 
9 15 14 0 0.007 0.24231 1 
10 15 14 0 0.008 0.24231 1 
11 15 14 0 0.042 0.346476 1 
12 15 14 0 0.013 0.24231 1 
13 15 14 0 0.014 0.356893 1 
14 15 14 0 0.022 0.24231 1 
15 15 14 0 0.048 0.24231 1 
16 15 14 0 0.001 0.346476 1 
17 15 14 0 0.006 0.21106 1 
18 15 14 0 0.038 0.231893 1 
19 15 14 0 0.04 0.221476 1 
20 15 14 0 0.039 0.231893 1 
21 15 14 0 0.029 0.221476 1 
22 15 14 0 0.009 0.24231 1 
23 15 14 0 0.021 0.221476 1 
24 15 14 0 0.031 0.24231 1 
25 15 14 0 0.001 0.221476 1 
26 15 14 0 0.01 0.24231 1 
27 15 14 0 0.011 0.24231 1 
28 15 14 0 0.046 0.24231 1 
29 15 14 0 0.019 0.356893 1 
30 15 14 0 0.046 0.21106 1 
31 15 14 0 0.031 0.24231 1 
32 15 14 0 0.03 0.221476 1 
0 15 15 0 0.029 0.221476 1 
1 15 15 0 0.044 0.221476 1 
2 15 15 0 0.008 0.221476 1 
3 15 15 0.149506 0.005 0.221476 2 
4 15 15 0 0.026 0.231893 1 
5 15 15 0 0.012 0.24231 1 
6 15 15 0 0.003 0.24231 1 
7 15 15 0 0.025 0.221476 1 
8 15 15 0 0.016 0.24231 1 
9 15 15 0 0.045 0.24231 1 
10 15 15 0 0.029 0.221476 1 
11 15 15 0 0.019 0.221476 1 
12 15 15 0 0.032 0.221476 1 
13 15 15 0 0.01 0.221476 1 
14 15 15 0 0.031 0.221476 1 
15 15 15 0 0.031 0.24231 1 
16 15 15 0 0.011 0.221476 1 
17 15 15 0 0.022 0.221476 1 
18 15 15 0 0.033 0.221476 1 
19 15 15 0 0.036 0.221476 1 
20 15 15 0 0.014 0.346476 1 
21 15 15 0 0.024 0.24231 1 
22 15 15 0 0.014 0.221476 1 
23 15 15 0 0.018 0.346476 1 
24 15 15 0 0.022 0.346476 1 
25 15 15 0 0.042 0.221476 1 
26 15 15 0 0.007 0.346476 1 
27 15 15 0 0.04 0.346476 1 
28 15 15 0 0.021 0.221476 1 
29 15 15 0 0.048 0.221476 1 
30 15 15 0 0.032 0.221476 1 
31 15 15 0 0.034 0.24231 1 
32 15 15 0 0.032 0.221476 1 
0 15 16 0 0.017 0.221476 1 
1 15 16 0 0.018 0.346476 1 
2 15 16 0 0.04 0.221476 1 
3 15 16 0 0.028 0.221476 1 
4 15 16 0.339145 0.013 0.221476 2 
5 15 16 0 0.001 0.24231 1 
6 15 16 0 0.007 0.221476 1 
7 15 16 0 0.006 0.24231 1 
8 15 16 0 0.046 0.24231 1 
9 15 16 0 0.047 0.221476 1 
10 15 16 0 0.012 0.24231 1 
11 15 16 0 0.016 0.24231 1 
12 15 16 0 0.011 0.24231 1 
13 15 16 0 0.007 0.24231 1 
14 15 16 0 0.047 0.221476 1 
15 15 16 0 0.006 0.221476 1 
16 15 16 0 0.001 0.36731 1 
17 15 16 0 0.002 0.346476 1 
18 15 16 0 0.034 0.221476 1 
19 15 16 0 0.003 0.283976 1 
20 15 16 0 0.044 0.24231 1 
21 15 16 0 0.026 0.231893 1 
22 15 16 0 0.02 0.24231 1 
23 15 16 0 0.017 0.346476 1 
24 15 16 0 0.001 0.24231 1 
25 15 16 0 0.024 0.24231 1 
26 15 16 0 0.03 0.231893 1 
27 15 16 0 0.043 0.221476 1 
28 15 16 0 0.007 0.24231 1 
29 15 16 0 0.002 0.221476 1 
30 15 16 0 0.027 0.221476 1 
31 15 16 0 0.014 0.221476 1 
32 15 16 0 0.004 0.24856 1 
0 15 17 0.147494 0.001 0.36731 2 
1 15 17 0 0.021 0.346476 1 
2 15 17 0 0.047 0.221476 1 
3 15 17 0 0.005 0.221476 1 
4 15 17 0 0.02 0.24231 1 
5 15 17 0 0.004 0.231893 1 
6 15 17 0 0.01 0.200643 1 
7 15 17 0.249482 0.001 0.258976 2 
8 15 17 0 0.017 0.221476 1 
9 15 17 0 0.029 0.221476 1 
10 15 17 0.331562 0.011 0.24231 2 
11 15 17 0 0.033 0.221476 1 
12 15 17 0 0.022 0.24231 1 
13 15 17 0 0.033 0.346476 1 
14 15 17 0 0.034 0.24231 1 
15 15 17 0 0.048 0.221476 1 
16 15 17 0 0.04 0.24231 1 
17 15 17 0.145473 0.002 0.24231 2 
18 15 17 0 0.04 0.24231 1 
19 15 17 0 0.012 0.346476 1 
20 15 17 0 0.019 0.24231 1 
21 15 17 0 0.014 0.221476 1 
22 15 17 0 0.025 0.24231 1 
23 15 17 0 0.019 0.24231 1 
24 15 17 0 0.025 0.346476 1 
25 15 17 0 0.005 0.24231 1 
26 15 17 0 0.023 0.346476 1 
27 15 17 0 0.008 0.221476 1 
28 15 17 0 0.014 0.24231 1 
29 15 17 0 0.025 0.24231 1 
30 15 17 0 0.008 0.24231 1 
31 15 17 0 0.008 0.24231 1 
32 15 17 0 0.045 0.221476 1 
0 15 18 0 0.047 0.221476 1 
1 15 18 0 0.003 0.231893 1 
2 15 18 0 0.018 0.221476 1 
3 15 18 0 0.036 0.24231 1 
4 15 18 0 0.01 0.346476 1 
5 15 18 0 0.037 0.24231 1 
6 15 18 0 0.044 0.346476 1 
7 15 18 0 0.046 0.231893 1 
8 15 18 0 0.006 0.346476 1 
9 15 18 0.178309 0.004 0.24231 2 
10 15 18 0 0.017 0.346476 1 
11 15 18 0 0.004 0.200643 1 
12 15 18 0 0.009 0.346476 1 
13 15 18 0 0.045 0.221476 1 
14 15 18 0.148354 0.003 0.226685 2 
15 15 18 0 0.004 0.231893 1 
16 15 18 0 0.045 0.221476 1 
17 15 18 0 0.003 0.24231 1 
18 15 18 0 0.005 0.221476 1 
19 15 18 0 0.024 0.346476 1 
20 15 18 0 0.018 0.24231 1 
21 15 18 0 0.04 0.221476 1 
22 15 18 0 0.045 0.221476 1 
23 15 18 0 0.037 0.231893 1 
24 15 18 0 0.024 0.21106 1 
25 15 18 0.115852 0.001 0.36731 2 
26 15 18 0 0.002 0.24231 1 
27 15 18 0 0.015 0.221476 1 
28 15 18 0 0.047 0.346476 1 
29 15 18 0 0.035 0.231893 1 
30 15 18 0 0.03 0.221476 1 
31 15 18 0 0.007 0.24231 1 
32 15 18 0 0.039 0.24231 1 
0 15 19 0 0.033 0.231893 1 
1 15 19 0 0.019 0.226685 1 
2 15 19 0 0.004 0.24231 1 
3 15 19 0 0.009 0.221476 1 
4 15 19 0 0.008 0.346476 1 
5 15 19 0 0.026 0.24231 1 
6 15 19 0 0.021 0.346476 1 
7 15 19 0 0.01 0.24231 1 
8 15 19 0 0.009 0.24231 1 
9 15 19 0 0.022 0.221476 1 
10 15 19 0 0.027 0.247518 1 
11 15 19 0 0.001 0.346476 1 
12 15 19 0 0.028 0.24231 1 
13 15 19 0 0.045 0.221476 1 
14 15 19 0 0.014 0.200643 1 
15 15 19 0 0.029 0.221476 1 
16 15 19 0 0.026 0.221476 1 
17 15 19 0 0.013 0.24231 1 
18 15 19 0 0.016 0.221476 1 
19 15 19 0 0.016 0.24231 1 
20 15 19 0 0.007 0.24231 1 
21 15 19 0 0.011 0.24231 1 
22 15 19 0 0.034 0.21106 1 
23 15 19 0 0.004 0.221476 1 
24 15 19 0 0.027 0.24231 1 
25 15 19 0 0.039 0.231893 1 
26 15 19 0 0.042 0.231893 1 
27 15 19 0 0.024 0.221476 1 
28 15 19 0 0.049 0.24231 1 
29 15 19 0 0.036 0.24231 1 
30 15 19 0 0.036 0.346476 1 
31 15 19 0 0.025 0.221476 1 
32 15 19 0 0.005 0.36731 1 
0 15 20 0 0.02 0.221476 1 
1 15 20 0 0.036 0.231893 1 
2 15 20 0 0.012 0.24231 1 
3 15 20 0 0.009 0.24856 1 
4 15 20 0 0.009 0.24231 1 
5 15 20 0 0.008 0.24231 1 
6 15 20 0 0.04 0.24231 1 
7 15 20 0 0.028 0.221476 1 
8 15 20 0 0.005 0.346476 1 
9 15 20 0 0.028 0.221476 1 
10 15 20 0 0.011 0.346476 1 
11 15 20 0 0.003 0.346476 1 
12 15 20 0 0.002 0.346476 1 
13 15 20 0 0.012 0.24231 1 
14 15 20 0.147547 0.001 0.36731 2 
15 15 20 0 0.001 0.24231 1 
16 15 20 0 0.001 0.231893 1 
17 15 20 0 0.031 0.231893 1 
18 15 20 0 0.009 0.21106 1 
19 15 20 0 0.022 0.24231 1 
20 15 20 0 0.014 0.221476 1 
21 15 20 0 0.021 0.221476 1 
22 15 20 0 0.005 0.24231 1 
23 15 20 0 0.019 0.221476 1 
24 15 20 0 0.046 0.200643 1 
25 15 20 0 0.01 0.221476 1 
26 15 20 0 0.014 0.221476 1 
27 15 20 0 0.035 0.221476 1 
28 15 20 0 0.007 0.24231 1 
29 15 20 0 0.02 0.21106 1 
30 15 20 0 0.049 0.24231 1 
31 15 20 0 0.038 0.24231 1 
32 15 20 0.188166 0.001 0.346476 2 
0 15 21 0 0.033 0.221476 1 
1 15 21 0 0.006 0.221476 1 
2 15 21 0 0.007 0.24231 1 
3 15 21 0 0.043 0.356893 1 
4 15 21 0 0.009 0.24231 1 
5 15 21 0 0.048 0.221476 1 
6 15 21 0 0.019 0.21106 1 
7 15 21 0 0.009 0.221476 1 
8 15 21 0 0.014 0.221476 1 
9 15 21 0 0.006 0.24231 1 
10 15 21 0 0.032 0.221476 1 
11 15 21 0 0.018 0.231893 1 
12 15 21 0.212229 0.001 0.24231 2 
13 15 21 0.224972 0.007 0.36731 2 
14 15 21 0 0.018 0.221476 1 
15 15 21 0 0.038 0.24231 1 
16 15 21 0 0.003 0.24231 1 
17 15 21 0.148236 0.004 0.346476 2 
18 15 21 0 0.003 0.36731 1 
19 15 21 0 0.03 0.24231 1 
20 15 21 0 0.037 0.24231 1 
21 15 21 0 0.024 0.24231 1 
22 15 21 0.170411 0.001 0.221476 2 
23 15 21 0 0.012 0.24231 1 
24 15 21 0 0.007 0.231893 1 
25 15 21 0 0.037 0.24231 1 
26 15 21 0 0.042 0.24231 1 
27 15 21 0 0.038 0.221476 1 
28 15 21 0 0.01 0.221476 1 
29 15 21 0 0.005 0.346476 1 
30 15 21 0 0.001 0.24231 1 
31 15 21 0 0.013 0.24231 1 
32 15 21 0 0.019 0.221476 1 
0 15 22 0 0.017 0.231893 1 
1 15 22 0 0.013 0.24231 1 
2 15 22 0 0.039 0.221476 1 
3 15 22 0 0.046 0.24231 1 
4 15 22 0 0.047 0.231893 1 
5 15 22 0 0.048 0.200643 1 
6 15 22 0 0.024 0.221476 1 
7 15 22 0.248305 0.01 0.24231 2 
8 15 22 0 0.033 0.221476 1 
9 15 22 0.175614 0.002 0.24231 2 
10 15 22 0 0.043 0.24231 1 
11 15 22 0 0.047 0.231893 1 
12 15 22 0 0.029 0.346476 1 
13 15 22 0 0.026 0.346476 1 
14 15 22 0 0.042 0.24231 1 
15 15 22 0 0.048 0.21106 1 
16 15 22 0 0.043 0.346476 1 
17 15 22 0 0.019 0.24231 1 
18 15 22 0 0.016 0.221476 1 
19 15 22 0 0.027 0.231893 1 
20 15 22 0.254459 0.014 0.200643 2 
21 15 22 0 0.016 0.221476 1 
22 15 22 0 0.006 0.221476 1 
23 15 22 0 0.041 0.21106 1 
24 15 22 0 0.043 0.221476 1 
25 15 22 0 0.031 0.221476 1 
26 15 22 0 0.048 0.24231 1 
27 15 22 0 0.011 0.24231 1 
28 15 22 0 0.013 0.24231 1 
29 15 22 0 0.021 0.24231 1 
30 15 22 0 0.023 0.24231 1 
31 15 22 0 0.029 0.24231 1 
32 15 22 0 0.01 0.346476 1 
0 15 23 0 0.008 0.231893 1 
1 15 23 0 0.012 0.24231 1 
2 15 23 0 0.04 0.356893 1 
3 15 23 0 0.029 0.346476 1 
4 15 23 0 0.011 0.200643 1 
5 15 23 0.321883 0.02 0.356893 2 
6 15 23 0 0.004 0.346476 1 
7 15 23 0 0.016 0.221476 1 
8 15 23 0 0.018 0.221476 1 
9 15 23 0 0.001 0.346476 1 
10 15 23 0 0.033 0.24231 1 
11 15 23 0 0.029 0.221476 1 
12 15 23 0 0.009 0.24231 1 
13 15 23 0 0.023 0.24231 1 
14 15 23 0 0.026 0.231893 1 
15 15 23 0 0.027 0.21106 1 
16 15 23 0 0.013 0.221476 1 
17 15 23 0.147421 0.001 0.356893 2 
18 15 23 0 0.036 0.200643 1 
19 15 23 0 0.003 0.24231 1 
20 15 23 0 0.034 0.24231 1 
21 15 23 0 0.038 0.221476 1 
22 15 23 0 0.024 0.24231 1 
23 15 23 0 0.006 0.231893 1 
24 15 23 0 0.001 0.24231 1 
25 15 23 0 0.003 0.24231 1 
26 15 23 0 0.005 0.24231 1 
27 15 23 0 0.027 0.200643 1 
28 15 23 0 0.003 0.221476 1 
29 15 23 0 0.004 0.24231 1 
30 15 23 0 0.035 0.221476 1 
31 15 23 0 0.002 0.221476 1 
32 15 23 0 0.016 0.258976 1 
0 15 24 0 0.001 0.24231 1 
1 15 24 0 0.001 0.24231 1 
2 15 24 0 0.021 0.24231 1 
3 15 24 0 0.039 0.21106 1 
4 15 24 0 0.018 0.24231 1 
5 15 24 0 0.043 0.221476 1 
6 15 24 0 0.013 0.24231 1 
7 15 24 0 0.039 0.24231 1 
8 15 24 0 0.043 0.30481 1 
9 15 24 0 0.039 0.24231 1 
10 15 24 0 0.033 0.24231 1 
11 15 24 0 0.005 0.221476 1 
12 15 24 0 0.018 0.200643 1 
13 15 24 0 0.025 0.231893 1 
14 15 24 0 0.006 0.24231 1 
15 15 24 0 0.014 0.24231 1 
16 15 24 0 0.021 0.24231 1 
17 15 24 0 0.002 0.346476 1 
18 15 24 0 0.016 0.221476 1 
19 15 24 0 0.018 0.258976 1 
20 15 24 0 0.008 0.24231 1 
21 15 24 0 0.025 0.221476 1 
22 15 24 0 0.044 0.231893 1 
23 15 24 0 0.021 0.24231 1 
24 15 24 0 0.013 0.24231 1 
25 15 24 0 0.036 0.221476 1 
26 15 24 0 0.023 0.24231 1 
27 15 24 0 0.042 0.221476 1 
28 15 24 0 0.02 0.221476 1 
29 15 24 0 0.014 0.24231 1 
30 15 24 0 0.009 0.24231 1 
31 15 24 0 0.018 0.24231 1 
32 15 24 0 0.006 0.24231 1 
0 15 25 0.1463 0.001 0.231893 2 
1 15 25 0 0.033 0.21106 1 
2 15 25 0 0.04 0.21106 1 
3 15 25 0 0.018 0.24231 1 
4 15 25 0 0.009 0.258976 1 
5 15 25 0 0.035 0.231893 1 
6 15 25 0 0.014 0.346476 1 
7 15 25 0 0.011 0.36731 1 
8 15 25 0 0.021 0.24231 1 
9 15 25 0.174936 0.006 0.24231 2 
10 15 25 0 0.005 0.231893 1 
11 15 25 0 0.042 0.24231 1 
12 15 25 0 0.04 0.24231 1 
13 15 25 0 0.019 0.221476 1 
14 15 25 0 0.042 0.24231 1 
15 15 25 0 0.009 0.221476 1 
16 15 25 0 0.035 0.24231 1 
17 15 25 0 0.046 0.221476 1 
18 15 25 0 0.037 0.221476 1 
19 15 25 0 0.022 0.24231 1 
20 15 25 0.256287 0.005 0.24231 2 
21 15 25 0 0.036 0.24231 1 
22 15 25 0 0.011 0.24231 1 
23 15 25 0 0.007 0.24231 1 
24 15 25 0 0.037 0.346476 1 
25 15 25 0 0.013 0.221476 1 
26 15 25 0.222255 0.01 0.231893 2 
27 15 25 0 0.032 0.24231 1 
28 15 25 0 0.046 0.24231 1 
29 15 25 0 0.036 0.221476 1 
30 15 25 0.16545 0.001 0.24231 2 
31 15 25 0 0.027 0.24231 1 
32 15 25 0 0.017 0.221476 1 
0 15 26 0 0.034 0.24231 1 
1 15 26 0 0.025 0.221476 1 
2 15 26 0 0.029 0.221476 1 
3 15 26 0 0.02 0.283976 1 
4 15 26 0 0.022 0.231893 1 
5 15 26 0.323542 0.019 0.346476 2 
6 15 26 0 0.015 0.24231 1 
7 15 26 0 0.037 0.221476 1 
8 15 26 0 0.001 0.24231 1 
9 15 26 0 0.037 0.24231 1 
10 15 26 0 0.031 0.221476 1 
11 15 26 0 0.007 0.231893 1 
12 15 26 0 0.031 0.24231 1 
13 15 26 0 0.006 0.24231 1 
14 15 26 0 0.013 0.24231 1 
15 15 26 0 0.049 0.231893 1 
16 15 26 0 0.016 0.221476 1 
17 15 26 0 0.028 0.231893 1 
18 15 26 0 0.008 0.231893 1 
19 15 26 0 0.009 0.24231 1 
20 15 26 0 0.04 0.24231 1 
21 15 26 0 0.043 0.221476 1 
22 15 26 0 0.007 0.231893 1 
23 15 26 0 0.037 0.221476 1 
24 15 26 0 0.02 0.346476 1 
25 15 26 0 0.001 0.24231 1 
26 15 26 0 0.044 0.24231 1 
27 15 26 0 0.037 0.24231 1 
28 15 26 0 0.031 0.24231 1 
29 15 26 0 0.017 0.231893 1 
30 15 26 0 0.005 0.24231 1 
31 15 26 0 0.028 0.346476 1 
32 15 26 0 0.043 0.24231 1 
0 15 27 0 0.045 0.231893 1 
1 15 27 0 0.022 0.24231 1 
2 15 27 0 0.043 0.221476 1 
3 15 27 0 0.015 0.24231 1 
4 15 27 0 0.005 0.24231 1 
5 15 27 0 0.028 0.24231 1 
6 15 27 0 0.002 0.24231 1 
7 15 27 0 0.035 0.24231 1 
8 15 27 0 0.011 0.200643 1 
9 15 27 0 0.013 0.21106 1 
10 15 27 0 0.03 0.24231 1 
11 15 27 0 0.046 0.24231 1 
12 15 27 0 0.016 0.346476 1 
13 15 27 0 0.002 0.231893 1 
14 15 27 0 0.03 0.238143 1 
15 15 27 0 0.013 0.221476 1 
16 15 27 0 0.041 0.231893 1 
17 15 27 0 0.037 0.24231 1 
18 15 27 0 0.022 0.24231 1 
19 15 27 0 0.004 0.221476 1 
20 15 27 0 0.026 0.24231 1 
21 15 27 0 0.028 0.24231 1 
22 15 27 0 0.006 0.36731 1 
23 15 27 0.0995409 0.001 0.36731 2 
24 15 27 0 0.025 0.231893 1 
25 15 27 0 0.017 0.21106 1 
26 15 27 0 0.026 0.221476 1 
27 15 27 0 0.02 0.24231 1 
28 15 27 0 0.021 0.231893 1 
29 15 27 0 0.029 0.221476 1 
30 15 27 0.164356 0.003 0.36731 2 
31 15 27 0 0.049 0.231893 1 
32 15 27 0 0.013 0.24231 1 
0 15 28 0.127869 0.001 0.24231 2 
1 15 28 0 0.014 0.24231 1 
2 15 28 0 0.037 0.24231 1 
3 15 28 0.149658 0.004 0.36731 2 
4 15 28 0 0.049 0.24231 1 
5 15 28 0 0.021 0.221476 1 
6 15 28 0 0.003 0.24231 1 
7 15 28 0 0.03 0.21106 1 
8 15 28 0 0.022 0.24231 1 
9 15 28 0 0.007 0.24231 1 
10 15 28 0 0.008 0.221476 1 
11 15 28 0 0.017 0.231893 1 
12 15 28 0 0.027 0.231893 1 
13 15 28 0.100159 0.001 0.36731 2 
14 15 28 0 0.037 0.24231 1 
15 15 28 0 0.007 0.24231 1 
16 15 28 0 0.047 0.21106 1 
17 15 28 0 0.044 0.24231 1 
18 15 28 0 0.035 0.24231 1 
19 15 28 0 0.01 0.221476 1 
20 15 28 0 0.013 0.24231 1 
21 15 28 0 0.046 0.21106 1 
22 15 28 0 0.013 0.221476 1 
23 15 28 0 0.011 0.24231 1 
24 15 28 0 0.029 0.221476 1 
25 15 28 0 0.018 0.24231 1 
26 15 28 0 0.017 0.200643 1 
27 15 28 0 0.035 0.346476 1 
28 15 28 0 0.025 0.231893 1 
29 15 28 0 0.033 0.238143 1 
30 15 28 0 0.028 0.221476 1 
31 15 28 0 0.026 0.24231 1 
32 15 28 0 0.027 0.24231 1 
0 15 29 0 0.009 0.24231 1 
1 15 29 0 0.018 0.221476 1 
2 15 29 0 0.005 0.238143 1 
3 15 29 0 0.043 0.221476 1 
4 15 29 0 0.037 0.238143 1 
5 15 29 0 0.031 0.231893 1 
6 15 29 0 0.035 0.221476 1 
7 15 29 0 0.003 0.231893 1 
8 15 29 0 0.01 0.221476 1 
9 15 29 0 0.015 0.24231 1 
10 15 29 0.322813 0.004 0.24231 2 
11 15 29 0 0.043 0.231893 1 
12 15 29 0 0.007 0.221476 1 
13 15 29 0.230008 0.006 0.24231 2 
14 15 29 0 0.026 0.238143 1 
15 15 29 0 0.039 0.231893 1 
16 15 29 0 0.001 0.346476 1 
17 15 29 0.149389 0.004 0.221476 2 
18 15 29 0 0.035 0.200643 1 
19 15 29 0 0.022 0.24231 1 
20 15 29 0 0.032 0.221476 1 
21 15 29 0 0.025 0.21106 1 
22 15 29 0 0.039 0.221476 1 
23 15 29 0 0.043 0.24231 1 
24 15 29 0 0.041 0.24231 1 
25 15 29 0 0.029 0.24231 1 
26 15 29 0 0.002 0.221476 1 
27 15 29 0 0.025 0.24231 1 
28 15 29 0 0.029 0.221476 1 
29 15 29 0 0.037 0.221476 1 
30 15 29 0 0.011 0.24231 1 
31 15 29 0 0.031 0.221476 1 
32 15 29 0 0.005 0.258976 1 
0 15 30 0 0.033 0.24231 1 
1 15 30 0 0.029 0.221476 1 
2 15 30 0 0.015 0.221476 1 
3 15 30 0 0.019 0.221476 1 
4 15 30 0 0.044 0.221476 1 
5 15 30 0 0.011 0.24231 1 
6 15 30 0 0.012 0.21106 1 
7 15 30 0 0.04 0.24231 1 
8 15 30 0 0.004 0.221476 1 
9 15 30 0 0.034 0.24231 1 
10 15 30 0 0.008 0.24231 1 
11 15 30 0 0.003 0.346476 1 
12 15 30 0 0.013 0.24231 1 
13 15 30 0 0.02 0.221476 1 
14 15 30 0 0.048 0.24231 1 
15 15 30 0 0.007 0.24231 1 
16 15 30 0 0.049 0.271737 1 
17 15 30 0 0.013 0.24231 1 
18 15 30 0 0.026 0.231893 1 
19 15 30 0 0.005 0.346476 1 
20 15 30 0 0.04 0.221476 1 
21 15 30 0 0.024 0.231893 1 
22 15 30 0 0.039 0.231893 1 
23 15 30 0 0.024 0.221476 1 
24 15 30 0 0.003 0.36731 1 
25 15 30 0 0.02 0.200643 1 
26 15 30 0 0.008 0.24231 1 
27 15 30 0 0.007 0.247518 1 
28 15 30 0 0.007 0.221476 1 
29 15 30 0 0.003 0.231893 1 
30 15 30 0 0.041 0.24231 1 
31 15 30 0 0.019 0.24231 1 
32 15 30 0 0.045 0.221476 1 
0 15 31 0.14595 0.001 0.24231 2 
1 15 31 0 0.001 0.346476 1 
2 15 31 0 0.038 0.24231 1 
3 15 31 0 0.031 0.24231 1 
4 15 31 0 0.01 0.356893 1 
5 15 31 0 0.004 0.24231 1 
6 15 31 0 0.003 0.24231 1 
7 15 31 0.249596 0.009 0.36731 2 
8 15 31 0 0.006 0.221476 1 
9 15 31 0 0.016 0.24231 1 
10 15 31 0 0.013 0.346476 1 
11 15 31 0 0.039 0.221476 1 
12 15 31 0 0.042 0.346476 1 
13 15 31 0 0.005 0.346476 1 
14 15 31 0 0.031 0.221476 1 
15 15 31 0 0.029 0.24231 1 
16 15 31 0 0.024 0.221476 1 
17 15 31 0 0.042 0.221476 1 
18 15 31 0 0.017 0.24231 1 
19 15 31 0 0.005 0.24231 1 
20 15 31 0 0.005 0.24231 1 
21 15 31 0 0.003 0.24231 1 
22 15 31 0 0.042 0.221476 1 
23 15 31 0 0.029 0.24231 1 
24 15 31 0 0.046 0.24231 1 
25 15 31 0 0.006 0.346476 1 
26 15 31 0 0.011 0.221476 1 
27 15 31 0 0.007 0.356893 1 
28 15 31 0 0.038 0.24231 1 
29 15 31 0 0.001 0.24231 1 
30 15 31 0 0.003 0.24231 1 
31 15 31 0 0.034 0.24231 1 
32 15 31 0 0.018 0.24231 1 
0 15 32 0.128819 0.001 0.24231 2 
1 15 32 0 0.001 0.221476 1 
2 15 32 0 0.002 0.346476 1 
3 15 32 0 0.032 0.200643 1 
4 15 32 0 0.007 0.231893 1 
5 15 32 0 0.016 0.221476 1 
6 15 32 0 0.011 0.24231 1 
7 15 32 0 0.008 0.231893 1 
8 15 32 0 0.007 0.346476 1 
9 15 32 0 0.025 0.24231 1 
10 15 32 0 0.049 0.258976 1 
11 15 32 0 0.002 0.24231 1 
12 15 32 0 0.02 0.247518 1 
13 15 32 0 0.037 0.24231 1 
14 15 32 0 0.013 0.21106 1 
15 15 32 0 0.008 0.231893 1 
16 15 32 0 0.04 0.24231 1 
17 15 32 0.149274 0.006 0.24231 2 
18 15 32 0 0.045 0.221476 1 
19 15 32 0 0.018 0.346476 1 
20 15 32 0 0.043 0.221476 1 
21 15 32 0 0.002 0.346476 1 
22 15 32 0 0.047 0.231893 1 
23 15 32 0.239188 0.009 0.231893 2 
24 15 32 0 0.009 0.24231 1 
25 15 32 0 0.022 0.24231 1 
26 15 32 0 0.004 0.24231 1 
27 15 32 0 0.006 0.221476 1 
28 15 32 0 0.004 0.221476 1 
29 15 32 0 0.029 0.346476 1 
30 15 32 0 0.048 0.24231 1 
31 15 32 0 0.02 0.231893 1 
32 15 32 0 0.038 0.221476 1 
0 15 33 0 0.032 0.221476 1 
1 15 33 0 0.015 0.231893 1 
2 15 33 0 0.023 0.346476 1 
3 15 33 0 0.011 0.221476 1 
4 15 33 0 0.001 0.24231 1 
5 15 33 0 0.038 0.221476 1 
6 15 33 0 0.047 0.21106 1 
7 15 33 0 0.031 0.231893 1 
8 15 33 0 0.003 0.221476 1 
9 15 33 0 0.017 0.24231 1 
10 15 33 0 0.017 0.24231 1 
11 15 33 0 0.004 0.24231 1 
12 15 33 0 0.017 0.346476 1 
13 15 33 0 0.009 0.24231 1 
14 15 33 0 0.009 0.24231 1 
15 15 33 0 0.025 0.24231 1 
16 15 33 0 0.036 0.24231 1 
17 15 33 0 0.049 0.221476 1 
18 15 33 0 0.015 0.24231 1 
19 15 33 0 0.039 0.221476 1 
20 15 33 0.256725 0.014 0.231893 2 
21 15 33 0 0.022 0.24231 1 
22 15 33 0 0.043 0.24231 1 
23 15 33 0 0.012 0.346476 1 
24 15 33 0 0.008 0.221476 1 
25 15 33 0 0.034 0.231893 1 
26 15 33 0 0.004 0.237101 1 
27 15 33 0 0.035 0.221476 1 
28 15 33 0 0.002 0.24231 1 
29 15 33 0 0.02 0.221476 1 
30 15 33 0 0.008 0.24231 1 
31 15 33 0 0.003 0.346476 1 
32 15 33 0 0.023 0.24231 1 
0 15 34 0 0.007 0.231893 1 
1 15 34 0 0.005 0.24231 1 
2 15 34 0 0.033 0.221476 1 
3 15 34 0 0.007 0.231893 1 
4 15 34 0 0.012 0.346476 1 
5 15 34 0 0.049 0.221476 1 
6 15 34 0 0.018 0.221476 1 
7 15 34 0 0.046 0.24231 1 
8 15 34 0 0.001 0.231893 1 
9 15 34 0 0.04 0.231893 1 
10 15 34 0 0.028 0.24231 1 
11 15 34 0 0.023 0.221476 1 
12 15 34 0.210402 0.011 0.24231 2 
13 15 34 0 0.011 0.24231 1 
14 15 34 0 0.012 0.24231 1 
15 15 34 0 0.039 0.24231 1 
16 15 34 0 0.02 0.258976 1 
17 15 34 0 0.034 0.221476 1 
18 15 34 0 0.035 0.247518 1 
19 15 34 0 0.029 0.346476 1 
20 15 34 0 0.028 0.24231 1 
21 15 34 0 0.012 0.346476 1 
22 15 34 0 0.001 0.24231 1 
23 15 34 0 0.04 0.24231 1 
24 15 34 0 0.043 0.221476 1 
25 15 34 0 0.04 0.24231 1 
26 15 34 0 0.029 0.346476 1 
27 15 34 0 0.022 0.24231 1 
28 15 34 0 0.012 0.346476 1 
29 15 34 0 0.038 0.231893 1 
30 15 34 0 0.038 0.24231 1 
31 15 34 0 0.046 0.221476 1 
32 15 34 0 0.019 0.221476 1 
0 15 35 0 0.02 0.221476 1 
1 15 35 0.207107 0.007 0.346476 2 
2 15 35 0 0.025 0.24231 1 
3 15 35 0.150089 0.003 0.356893 2 
4 15 35 0 0.015 0.346476 1 
5 15 35 0 0.044 0.221476 1 
6 15 35 0 0.032 0.24231 1 
7 15 35 0 0.018 0.24231 1 
8 15 35 0 0.025 0.200643 1 
9 15 35 0 0.003 0.221476 1 
10 15 35 0 0.043 0.231893 1 
11 15 35 0 0.046 0.24231 1 
12 15 35 0 0.004 0.24231 1 
13 15 35 0 0.01 0.24231 1 
14 15 35 0 0.017 0.24231 1 
15 15 35 0 0.035 0.231893 1 
16 15 35 0 0.007 0.346476 1 
17 15 35 0 0.01 0.346476 1 
18 15 35 0 0.03 0.24231 1 
19 15 35 0 0.035 0.24231 1 
20 15 35 0 0.047 0.24231 1 
21 15 35 0 0.038 0.24231 1 
22 15 35 0 0.001 0.24231 1 
23 15 35 0 0.028 0.356893 1 
24 15 35 0 0.028 0.226685 1 
25 15 35 0 0.004 0.221476 1 
26 15 35 0 0.006 0.221476 1 
27 15 35 0 0.033 0.221476 1 
28 15 35 0 0.032 0.24231 1 
29 15 35 0 0.028 0.221476 1 
30 15 35 0 0.038 0.200643 1 
31 15 35 0 0.014 0.258976 1 
32 15 35 0.192574 0.001 0.24231 2 
0 15 36 0 0.01 0.346476 1 
1 15 36 0 0.01 0.221476 1 
2 15 36 0 0.027 0.24231 1 
3 15 36 0 0.039 0.221476 1 
4 15 36 0 0.009 0.231893 1 
5 15 36 0 0.016 0.24231 1 
6 15 36 0 0.002 0.24231 1 
7 15 36 0 0.035 0.200643 1 
8 15 36 0 0.003 0.221476 1 
9 15 36 0 0.008 0.231893 1 
10 15 36 0 0.023 0.221476 1 
11 15 36 0 0.017 0.221476 1 
12 15 36 0 0.013 0.24231 1 
13 15 36 0 0.047 0.24231 1 
14 15 36 0 0.026 0.24231 1 
15 15 36 0 0.038 0.24231 1 
16 15 36 0 0.038 0.24231 1 
17 15 36 0 0.002 0.221476 1 
18 15 36 0 0.017 0.221476 1 
19 15 36 0 0.012 0.346476 1 
20 15 36 0 0.016 0.21106 1 
21 15 36 0 0.011 0.231893 1 
22 15 36 0 0.034 0.21106 1 
23 15 36 0 0.009 0.21106 1 
24 15 36 0 0.015 0.346476 1 
25 15 36 0 0.018 0.24231 1 
26 15 36 0 0.004 0.346476 1 
27 15 36 0.161294 0.001 0.24231 2 
28 15 36 0 0.018 0.346476 1 
29 15 36 0 0.005 0.200643 1 
30 15 36 0 0.005 0.221476 1 
31 15 36 0 0.006 0.346476 1 
32 15 36 0 0.012 0.24231 1 
0 15 37 0 0.007 0.221476 1 
1 15 37 0 0.023 0.221476 1 
2 15 37 0 0.001 0.24231 1 
3 15 37 0 0.013 0.24231 1 
4 15 37 0 0.001 0.24231 1 
5 15 37 0 0.033 0.221476 1 
6 15 37 0 0.016 0.24231 1 
7 15 37 0 0.035 0.346476 1 
8 15 37 0 0.048 0.200643 1 
9 15 37 0 0.022 0.221476 1 
10 15 37 0 0.012 0.231893 1 
11 15 37 0 0.018 0.247518 1 
12 15 37 0 0.011 0.346476 1 
13 15 37 0 0.039 0.231893 1 
14 15 37 0 0.022 0.24231 1 
15 15 37 0 0.004 0.221476 1 
16 15 37 0 0.042 0.221476 1 
17 15 37 0 0.039 0.231893 1 
18 15 37 0 0.027 0.24231 1 
19 15 37 0 0.016 0.24231 1 
20 15 37 0 0.021 0.24231 1 
21 15 37 0 0.027 0.356893 1 
22 15 37 0 0.046 0.221476 1 
23 15 37 0 0.002 0.24231 1 
24 15 37 0 0.004 0.24231 1 
25 15 37 0 0.018 0.231893 1 
26 15 37 0 0.037 0.221476 1 
27 15 37 0 0.048 0.221476 1 
28 15 37 0 0.049 0.221476 1 
29 15 37 0 0.027 0.221476 1 
30 15 37 0.163808 0.001 0.231893 2 
31 15 37 0 0.013 0.221476 1 
32 15 37 0 0.034 0.231893 1 
0 15 38 0 0.021 0.24231 1 
1 15 38 0 0.016 0.221476 1 
2 15 38 0 0.019 0.221476 1 
3 15 38 0 0.03 0.231893 1 
4 15 38 0 0.023 0.221476 1 
5 15 38 0 0.031 0.231893 1 
6 15 38 0 0.026 0.221476 1 
7 15 38 0 0.027 0.346476 1 
8 15 38 0 0.048 0.24231 1 
9 15 38 0 0.036 0.231893 1 
10 15 38 0 0.036 0.24231 1 
11 15 38 0 0.013 0.221476 1 
12 15 38 0 0.002 0.24231 1 
13 15 38 0 0.015 0.221476 1 
14 15 38 0 0.004 0.24231 1 
15 15 38 0 0.002 0.24231 1 
16 15 38 0 0.028 0.231893 1 
17 15 38 0 0.008 0.24231 1 
18 15 38 0 0.027 0.24231 1 
19 15 38 0 0.041 0.258976 1 
20 15 38 0 0.005 0.231893 1 
21 15 38 0 0.02 0.24231 1 
22 15 38 0 0.044 0.346476 1 
23 15 38 0 0.008 0.24231 1 
24 15 38 0 0.012 0.221476 1 
25 15 38 0 0.038 0.231893 1 
26 15 38 0 0.005 0.356893 1 
27 15 38 0 0.036 0.346476 1 
28 15 38 0 0.021 0.24231 1 
29 15 38 0 0.01 0.221476 1 
30 15 38 0.118742 0.001 0.346476 2 
31 15 38 0 0.018 0.346476 1 
32 15 38 0 0.045 0.231893 1 
0 15 39 0 0.024 0.221476 1 
1 15 39 0 0.006 0.346476 1 
2 15 39 0 0.016 0.24231 1 
3 15 39 0 0.007 0.346476 1 
4 15 39 0 0.015 0.24231 1 
5 15 39 0 0.025 0.221476 1 
6 15 39 0 0.048 0.231893 1 
7 15 39 0 0.043 0.221476 1 
8 15 39 0 0.019 0.346476 1 
9 15 39 0 0.015 0.24231 1 
10 15 39 0 0.026 0.200643 1 
11 15 39 0 0.001 0.24231 1 
12 15 39 0 0.032 0.346476 1 
13 15 39 0 0.013 0.231893 1 
14 15 39 0.15636 0.002 0.36731 2 
15 15 39 0 0.045 0.346476 1 
16 15 39 0 0.001 0.221476 1 
17 15 39 0.149745 0.002 0.24231 2 
18 15 39 0 0.043 0.221476 1 
19 15 39 0 0.014 0.346476 1 
20 15 39 0.255933 0.005 0.231893 2 
21 15 39 0 0.022 0.221476 1 
22 15 39 0 0.021 0.24231 1 
23 15 39 0 0.016 0.24231 1 
24 15 39 0 0.014 0.221476 1 
25 15 39 0 0.005 0.24231 1 
26 15 39 0 0.035 0.24231 1 
27 15 39 0 0.019 0.24231 1 
28 15 39 0 0.002 0.36731 1 
29 15 39 0 0.009 0.231893 1 
30 15 39 0 0.033 0.221476 1 
31 15 39 0 0.023 0.24231 1 
32 15 39 0.11047 0.001 0.36731 2 
0 15 40 0 0.037 0.231893 1 
1 15 40 0 0.013 0.24231 1 
2 15 40 0 0.046 0.24231 1 
3 15 40 0 0.023 0.346476 1 
4 15 40 0 0.001 0.346476 1 
5 15 40 0 0.046 0.346476 1 
6 15 40 0 0.007 0.24231 1 
7 15 40 0 0.011 0.221476 1 
8 15 40 0 0.002 0.36731 1 
9 15 40 0 0.003 0.231893 1 
10 15 40 0.321069 0.019 0.221476 2 
11 15 40 0 0.018 0.221476 1 
12 15 40 0 0.016 0.24231 1 
13 15 40 0 0.042 0.231893 1 
14 15 40 0 0.03 0.24231 1 
15 15 40 0 0.044 0.24231 1 
16 15 40 0 0.045 0.24231 1 
17 15 40 0 0.011 0.24231 1 
18 15 40 0 0.023 0.24231 1 
19 15 40 0 0.01 0.24231 1 
20 15 40 0 0.011 0.24231 1 
21 15 40 0 0.034 0.24231 1 
22 15 40 0 0.047 0.231893 1 
23 15 40 0 0.018 0.221476 1 
24 15 40 0 0.035 0.221476 1 
25 15 40 0 0.006 0.221476 1 
26 15 40 0 0.014 0.24231 1 
27 15 40 0 0.005 0.221476 1 
28 15 40 0 0.033 0.221476 1 
29 15 40 0 0.002 0.24231 1 
30 15 40 0 0.025 0.24231 1 
31 15 40 0 0.018 0.231893 1 
32 15 40 0 0.01 0.231893 1 
0 15 41 0 0.006 0.221476 1 
1 15 41 0 0.031 0.200643 1 
2 15 41 0 0.024 0.221476 1 
3 15 41 0 0.042 0.221476 1 
4 15 41 0 0.008 0.24231 1 
5 15 41 0 0.029 0.221476 1 
6 15 41 0 0.041 0.24231 1 
7 15 41 0 0.03 0.24231 1 
8 15 41 0 0.019 0.24231 1 
9 15 41 0 0.009 0.346476 1 
10 15 41 0 0.001 0.346476 1 
11 15 41 0 0.003 0.346476 1 
12 15 41 0 0.021 0.24231 1 
13 15 41 0 0.035 0.221476 1 
14 15 41 0 0.013 0.221476 1 
15 15 41 0 0.007 0.24231 1 
16 15 41 0 0.031 0.231893 1 
17 15 41 0.148925 0.001 0.36731 2 
18 15 41 0 0.015 0.221476 1 
19 15 41 0.220103 0.006 0.24231 2 
20 15 41 0 0.001 0.356893 1 
21 15 41 0 0.014 0.231893 1 
22 15 41 0 0.036 0.200643 1 
23 15 41 0 0.008 0.346476 1 
24 15 41 0 0.044 0.346476 1 
25 15 41 0 0.009 0.24231 1 
26 15 41 0 0.038 0.221476 1 
27 15 41 0 0.019 0.221476 1 
28 15 41 0 0.043 0.231893 1 
29 15 41 0 0.037 0.264185 1 
30 15 41 0 0.012 0.24231 1 
31 15 41 0 0.016 0.238143 1 
32 15 41 0 0.01 0.346476 1 
0 15 42 0 0.026 0.231893 1 
1 15 42 0 0.047 0.221476 1 
2 15 42 0 0.004 0.221476 1 
3 15 42 0 0.043 0.221476 1 
4 15 42 0 0.046 0.231893 1 
5 15 42 0 0.034 0.283976 1 
6 15 42 0 0.002 0.221476 1 
7 15 42 0 0.048 0.221476 1 
8 15 42 0 0.018 0.221476 1 
9 15 42 0 0.014 0.221476 1 
10 15 42 0 0.02 0.231893 1 
11 15 42 0 0.001 0.346476 1 
12 15 42 0 0.027 0.221476 1 
13 15 42 0 0.03 0.231893 1 
14 15 42 0 0.049 0.24231 1 
15 15 42 0 0.01 0.24231 1 
16 15 42 0 0.012 0.24231 1 
17 15 42 0 0.007 0.21106 1 
18 15 42 0 0.007 0.24231 1 
19 15 42 0 0.008 0.221476 1 
20 15 42 0 0.021 0.258976 1 
21 15 42 0 0.014 0.221476 1 
22 15 42 0 0.023 0.346476 1 
23 15 42 0 0.03 0.221476 1 
24 15 42 0 0.03 0.231893 1 
25 15 42 0 0.019 0.346476 1 
26 15 42 0 0.042 0.221476 1 
27 15 42 0 0.009 0.221476 1 
28 15 42 0 0.036 0.24231 1 
29 15 42 0 0.012 0.346476 1 
30 15 42 0.167264 0.004 0.36731 2 
31 15 42 0 0.036 0.221476 1 
32 15 42 0 0.008 0.24231 1 
0 15 43 0 0.011 0.231893 1 
1 15 43 0 0.008 0.221476 1 
2 15 43 0 0.025 0.24231 1 
3 15 43 0 0.004 0.221476 1 
4 15 43 0 0.027 0.24231 1 
5 15 43 0 0.013 0.346476 1 
6 15 43 0 0.004 0.24231 1 
7 15 43 0 0.008 0.24231 1 
8 15 43 0 0.017 0.24231 1 
9 15 43 0 0.008 0.221476 1 
10 15 43 0 0.022 0.346476 1 
11 15 43 0 0.006 0.346476 1 
12 15 43 0 0.012 0.221476 1 
13 15 43 0 0.02 0.24231 1 
14 15 43 0 0.002 0.24231 1 
15 15 43 0 0.01 0.346476 1 
16 15 43 0 0.022 0.200643 1 
17 15 43 0 0.005 0.24231 1 
18 15 43 0 0.045 0.221476 1 
19 15 43 0 0.031 0.24231 1 
20 15 43 0 0.014 0.24231 1 
21 15 43 0 0.008 0.346476 1 
22 15 43 0 0.008 0.24231 1 
23 15 43 0 0.017 0.221476 1 
24 15 43 0 0.016 0.24231 1 
25 15 43 0 0.04 0.356893 1 
26 15 43 0 0.043 0.221476 1 
27 15 43 0 0.048 0.221476 1 
28 15 43 0 0.022 0.221476 1 
29 15 43 0 0.026 0.24231 1 
30 15 43 0 0.049 0.221476 1 
31 15 43 0 0.002 0.36731 1 
32 15 43 0.192359 0.002 0.221476 2 
0 15 44 0.145968 0.002 0.21106 2 
1 15 44 0 0.004 0.221476 1 
2 15 44 0 0.003 0.24231 1 
3 15 44 0.14741 0.004 0.36731 2 
4 15 44 0.333262 0.012 0.221476 2 
5 15 44 0.333487 0.003 0.24231 2 
6 15 44 0 0.044 0.221476 1 
7 15 44 0.249089 0.009 0.346476 2 
8 15 44 0 0.001 0.247518 1 
9 15 44 0.176915 0.009 0.24231 2 
10 15 44 0 0.03 0.231893 1 
11 15 44 0 0.012 0.221476 1 
12 15 44 0 0.04 0.221476 1 
13 15 44 0 0.044 0.24231 1 
14 15 44 0 0.019 0.221476 1 
15 15 44 0 0.044 0.24231 1 
16 15 44 0 0.007 0.346476 1 
17 15 44 0 0.036 0.221476 1 
18 15 44 0 0.036 0.346476 1 
19 15 44 0 0.027 0.346476 1 
20 15 44 0.259019 0.002 0.24231 2 
21 15 44 0 0.014 0.346476 1 
22 15 44 0 0.035 0.221476 1 
23 15 44 0 0.005 0.24231 1 
24 15 44 0 0.021 0.24231 1 
25 15 44 0 0.001 0.226685 1 
26 15 44 0 0.037 0.356893 1 
27 15 44 0 0.023 0.24231 1 
28 15 44 0 0.019 0.24231 1 
29 15 44 0 0.012 0.356893 1 
30 15 44 0 0.036 0.231893 1 
31 15 44 0 0.008 0.221476 1 
32 15 44 0 0.004 0.221476 1 
0 15 45 0 0.039 0.346476 1 
1 15 45 0 0.006 0.24231 1 
2 15 45 0 0.024 0.221476 1 
3 15 45 0 0.006 0.24231 1 
4 15 45 0 0.049 0.24231 1 
5 15 45 0 0.006 0.24231 1 
6 15 45 0 0.019 0.24231 1 
7 15 45 0.100234 0.001 0.36731 2 
8 15 45 0 0.01 0.221476 1 
9 15 45 0 0.024 0.346476 1 
10 15 45 0.323881 0.009 0.24231 2 
11 15 45 0 0.016 0.24231 1 
12 15 45 0 0.009 0.24231 1 
13 15 45 0 0.019 0.231893 1 
14 15 45 0 0.021 0.24231 1 
15 15 45 0 0.001 0.346476 1 
16 15 45 0 0.023 0.24231 1 
17 15 45 0 0.014 0.24231 1 
18 15 45 0 0.02 0.24231 1 
19 15 45 0 0.047 0.231893 1 
20 15 45 0 0.025 0.21106 1 
21 15 45 0 0.006 0.24231 1 
22 15 45 0 0.036 0.221476 1 
23 15 45 0 0.047 0.258976 1 
24 15 45 0 0.031 0.221476 1 
25 15 45 0 0.024 0.221476 1 
26 15 45 0 0.028 0.24231 1 
27 15 45 0 0.006 0.221476 1 
28 15 45 0 0.021 0.221476 1 
29 15 45 0 0.012 0.221476 1 
30 15 45 0 0.01 0.231893 1 
31 15 45 0 0.035 0.231893 1 
32 15 45 0 0.048 0.221476 1 
0 15 46 0 0.031 0.231893 1 
1 15 46 0.207388 0.006 0.36731 2 
2 15 46 0 0.01 0.21106 1 
3 15 46 0.148824 0.001 0.24231 2 
4 15 46 0 0.028 0.238143 1 
5 15 46 0 0.029 0.221476 1 
6 15 46 0 0.033 0.24231 1 
7 15 46 0 0.02 0.221476 1 
8 15 46 0 0.015 0.346476 1 
9 15 46 0 0.034 0.221476 1 
10 15 46 0 0.014 0.24231 1 
11 15 46 0 0.035 0.221476 1 
12 15 46 0.103541 0.001 0.346476 2 
13 15 46 0 0.011 0.24231 1 
14 15 46 0 0.028 0.346476 1 
15 15 46 0 0.008 0.24231 1 
16 15 46 0 0.048 0.221476 1 
17 15 46 0 0.035 0.24231 1 
18 15 46 0 0.042 0.200643 1 
19 15 46 0 0.031 0.221476 1 
20 15 46 0 0.01 0.221476 1 
21 15 46 0 0.029 0.24231 1 
22 15 46 0 0.038 0.24231 1 
23 15 46 0 0.011 0.24231 1 
24 15 46 0 0.001 0.356893 1 
25 15 46 0.168707 0.002 0.24231 2 
26 15 46 0 0.038 0.24231 1 
27 15 46 0 0.031 0.346476 1 
28 15 46 0 0.031 0.221476 1 
29 15 46 0 0.023 0.24231 1 
30 15 46 0 0.005 0.346476 1 
31 15 46 0 0.031 0.221476 1 
32 15 46 0 0.004 0.24231 1 
0 15 47 0 0.033 0.24231 1 
1 15 47 0 0.001 0.24231 1 
2 15 47 0 0.005 0.346476 1 
3 15 47 0 0.037 0.24231 1 
4 15 47 0 0.002 0.346476 1 
5 15 47 0 0.013 0.24231 1 
6 15 47 0 0.003 0.346476 1 
7 15 47 0 0.016 0.221476 1 
8 15 47 0 0.047 0.221476 1 
9 15 47 0 0.023 0.24231 1 
10 15 47 0 0.034 0.24231 1 
11 15 47 0 0.024 0.24231 1 
12 15 47 0 0.014 0.231893 1 
13 15 47 0 0.01 0.24231 1 
14 15 47 0 0.015 0.21106 1 
15 15 47 0 0.015 0.231893 1 
16 15 47 0 0.001 0.221476 1 
17 15 47 0 0.034 0.221476 1 
18 15 47 0 0.017 0.24231 1 
19 15 47 0 0.036 0.24231 1 
20 15 47 0 0.02 0.221476 1 
21 15 47 0 0.035 0.221476 1 
22 15 47 0 0.023 0.221476 1 
23 15 47 0 0.026 0.221476 1 
24 15 47 0 0.038 0.231893 1 
25 15 47 0 0.043 0.221476 1 
26 15 47 0 0.015 0.231893 1 
27 15 47 0 0.031 0.24231 1 
28 15 47 0 0.037 0.221476 1 
29 15 47 0 0.006 0.221476 1 
30 15 47 0 0.001 0.24231 1 
31 15 47 0 0.004 0.221476 1 
32 15 47 0.192245 0.001 0.283827 2 
0 15 48 0 0.014 0.24231 1 
1 15 48 0 0.006 0.24231 1 
2 15 48 0 0.019 0.221476 1 
3 15 48 0 0.029 0.231893 1 
4 15 48 0 0.015 0.221476 1 
5 15 48 0 0.016 0.221476 1 
6 15 48 0 0.017 0.24231 1 
7 15 48 0 0.022 0.221476 1 
8 15 48 0 0.033 0.24231 1 
9 15 48 0 0.017 0.231893 1 
10 15 48 0.092513 0.001 0.24231 2 
11 15 48 0 0.031 0.200643 1 
12 15 48 0 0.004 0.21106 1 
13 15 48 0.224669 0.001 0.231893 2 
14 15 48 0 0.029 0.24231 1 
15 15 48 0 0.012 0.346476 1 
16 15 48 0 0.018 0.24231 1 
17 15 48 0 0.012 0.283976 1 
18 15 48 0 0.002 0.24231 1 
19 15 48 0 0.005 0.24231 1 
20 15 48 0 0.007 0.24231 1 
21 15 48 0 0.034 0.221476 1 
22 15 48 0 0.012 0.24231 1 
23 15 48 0 0.027 0.21106 1 
24 15 48 0 0.006 0.24231 1 
25 15 48 0 0.038 0.221476 1 
26 15 48 0.102597 0.001 0.24231 2 
27 15 48 0 0.005 0.24231 1 
28 15 48 0 0.025 0.221476 1 
29 15 48 0 0.032 0.24231 1 
30 15 48 0 0.006 0.231893 1 
31 15 48 0 0.034 0.221476 1 
32 15 48 0 0.013 0.24231 1 
0 15 49 0 0.031 0.346476 1 
1 15 49 0 0.025 0.24231 1 
2 15 49 0 0.022 0.24231 1 
3 15 49 0 0.014 0.221476 1 
4 15 49 0 0.013 0.21106 1 
5 15 49 0 0.004 0.221476 1 
6 15 49 0 0.026 0.221476 1 
7 15 49 0 0.031 0.24231 1 
8 15 49 0 0.019 0.231893 1 
9 15 49 0.174831 0.003 0.24231 2 
10 15 49 0.318137 0.017 0.24231 2 
11 15 49 0 0.015 0.346476 1 
12 15 49 0 0.03 0.24231 1 
13 15 49 0 0.035 0.221476 1 
14 15 49 0 0.01 0.221476 1 
15 15 49 0 0.001 0.221476 1 
16 15 49 0 0.048 0.231893 1 
17 15 49 0.150109 0.002 0.24231 2 
18 15 49 0 0.014 0.24231 1 
19 15 49 0 0.047 0.231893 1 
20 15 49 0 0.029 0.221476 1 
21 15 49 0 0.047 0.258976 1 
22 15 49 0 0.045 0.24231 1 
23 15 49 0 0.023 0.24231 1 
24 15 49 0 0.043 0.221476 1 
25 15 49 0 0.017 0.24231 1 
26 15 49 0.222677 0.008 0.24231 2 
27 15 49 0 0.03 0.24231 1 
28 15 49 0 0.01 0.221476 1 
29 15 49 0 0.016 0.231893 1 
30 15 49 0 0.02 0.346476 1 
31 15 49 0 0.005 0.221476 1 
32 15 49 0.112492 0.001 0.36731 2 
0 15 50 0 0.037 0.221476 1 
1 15 50 0 0.015 0.221476 1 
2 15 50 0 0.015 0.24231 1 
3 15 50 0.151657 0.001 0.221476 2 
4 15 50 0 0.003 0.221476 1 
5 15 50 0 0.01 0.231893 1 
6 15 50 0 0.024 0.30481 1 
7 15 50 0 0.035 0.24231 1 
8 15 50 0 0.027 0.231893 1 
9 15 50 0.121357 0.001 0.24231 2 
10 15 50 0 0.025 0.231893 1 
11 15 50 0 0.04 0.21106 1 
12 15 50 0 0.02 0.231893 1 
13 15 50 0 0.035 0.231893 1 
14 15 50 0 0.039 0.221476 1 
15 15 50 0 0.044 0.221476 1 
16 15 50 0 0.017 0.221476 1 
17 15 50 0 0.003 0.231893 1 
18 15 50 0 0.007 0.231893 1 
19 15 50 0 0.014 0.24231 1 
20 15 50 0 0.047 0.221476 1 
21 15 50 0 0.002 0.221476 1 
22 15 50 0 0.024 0.231893 1 
23 15 50 0 0.024 0.231893 1 
24 15 50 0 0.005 0.221476 1 
25 15 50 0.166123 0.003 0.24231 2 
26 15 50 0 0.028 0.24231 1 
27 15 50 0 0.007 0.24231 1 
28 15 50 0 0.005 0.24231 1 
29 15 50 0 0.047 0.221476 1 
30 15 50 0 0.014 0.24231 1 
31 15 50 0 0.03 0.21106 1 
32 15 50 0 0.016 0.231893 1 
0 15 51 0 0.028 0.231893 1 
1 15 51 0 0.009 0.24231 1 
2 15 51 0 0.036 0.231893 1 
3 15 51 0 0.041 0.24231 1 
4 15 51 0 0.036 0.24231 1 
5 15 51 0 0.026 0.24231 1 
6 15 51 0 0.027 0.231893 1 
7 15 51 0 0.036 0.221476 1 
8 15 51 0.369272 0.008 0.21106 2 
9 15 51 0 0.015 0.231893 1 
10 15 51 0 0.047 0.24231 1 
11 15 51 0 0.001 0.24231 1 
12 15 51 0 0.02 0.221476 1 
13 15 51 0.226615 0.001 0.36731 2 
14 15 51 0 0.017 0.24231 1 
15 15 51 0 0.025 0.258976 1 
16 15 51 0 0.009 0.221476 1 
17 15 51 0 0.046 0.231893 1 
18 15 51 0 0.026 0.231893 1 
19 15 51 0 0.018 0.247518 1 
20 15 51 0 0.035 0.24231 1 
21 15 51 0 0.012 0.24231 1 
22 15 51 0 0.038 0.24231 1 
23 15 51 0 0.046 0.24231 1 
24 15 51 0 0.035 0.24231 1 
25 15 51 0 0.031 0.231893 1 
26 15 51 0.223976 0.003 0.36731 2 
27 15 51 0 0.014 0.24231 1 
28 15 51 0 0.038 0.221476 1 
29 15 51 0 0.047 0.21106 1 
30 15 51 0 0.031 0.356893 1 
31 15 51 0 0.028 0.231893 1 
32 15 51 0 0.006 0.24231 1 
0 15 52 0 0.019 0.24231 1 
1 15 52 0 0.003 0.221476 1 
2 15 52 0 0.031 0.24231 1 
3 15 52 0 0.037 0.221476 1 
4 15 52 0 0.038 0.24231 1 
5 15 52 0 0.006 0.24231 1 
6 15 52 0 0.018 0.231893 1 
7 15 52 0.245419 0.009 0.24231 2 
8 15 52 0 0.034 0.24231 1 
9 15 52 0 0.012 0.24231 1 
10 15 52 0 0.045 0.263143 1 
11 15 52 0 0.028 0.24231 1 
12 15 52 0.211807 0.005 0.24231 2 
13 15 52 0 0.049 0.231893 1 
14 15 52 0.123924 0.001 0.24231 2 
15 15 52 0 0.003 0.24231 1 
16 15 52 0 0.038 0.200643 1 
17 15 52 0 0.031 0.231893 1 
18 15 52 0 0.01 0.24231 1 
19 15 52 0 0.041 0.231893 1 
20 15 52 0.263943 0.006 0.221476 2 
21 15 52 0 0.009 0.346476 1 
22 15 52 0 0.01 0.24231 1 
23 15 52 0 0.035 0.221476 1 
24 15 52 0 0.001 0.24231 1 
25 15 52 0 0.012 0.221476 1 
26 15 52 0 0.042 0.221476 1 
27 15 52 0 0.027 0.221476 1 
28 15 52 0 0.049 0.24231 1 
29 15 52 0 0.004 0.24231 1 
30 15 52 0 0.016 0.346476 1 
31 15 52 0 0.008 0.221476 1 
32 15 52 0 0.005 0.24231 1 
0 15 53 0 0.031 0.24231 1 
1 15 53 0 0.034 0.24231 1 
2 15 53 0 0.002 0.24231 1 
3 15 53 0.151528 0.006 0.346476 2 
4 15 53 0 0.048 0.221476 1 
5 15 53 0 0.011 0.221476 1 
6 15 53 0 0.007 0.221476 1 
7 15 53 0 0.015 0.24231 1 
8 15 53 0 0.007 0.24231 1 
9 15 53 0 0.043 0.221476 1 
10 15 53 0 0.016 0.221476 1 
11 15 53 0 0.038 0.221476 1 
12 15 53 0 0.01 0.346476 1 
13 15 53 0 0.033 0.21106 1 
14 15 53 0 0.02 0.221476 1 
15 15 53 0 0.018 0.346476 1 
16 15 53 0 0.003 0.231893 1 
17 15 53 0 0.006 0.24231 1 
18 15 53 0 0.007 0.231893 1 
19 15 53 0 0.014 0.24231 1 
20 15 53 0 0.007 0.221476 1 
21 15 53 0 0.035 0.200643 1 
22 15 53 0 0.008 0.24231 1 
23 15 53 0 0.03 0.24231 1 
24 15 53 0 0.001 0.24231 1 
25 15 53 0 0.004 0.24231 1 
26 15 53 0 0.021 0.221476 1 
27 15 53 0 0.036 0.231893 1 
28 15 53 0 0.04 0.346476 1 
29 15 53 0 0.021 0.221476 1 
30 15 53 0 0.014 0.356893 1 
31 15 53 0 0.04 0.221476 1 
32 15 53 0 0.034 0.24231 1 
0 15 54 0 0.036 0.346476 1 
1 15 54 0.205667 0.006 0.36731 2 
2 15 54 0 0.038 0.200643 1 
3 15 54 0 0.011 0.221476 1 
4 15 54 0 0.018 0.221476 1 
5 15 54 0 0.005 0.24231 1 
6 15 54 0 0.021 0.24231 1 
7 15 54 0 0.024 0.221476 1 
8 15 54 0 0.002 0.283976 1 
9 15 54 0 0.03 0.231893 1 
10 15 54 0 0.015 0.24231 1 
11 15 54 0 0.013 0.21106 1 
12 15 54 0 0.049 0.221476 1 
13 15 54 0 0.049 0.231893 1 
14 15 54 0 0.011 0.24231 1 
15 15 54 0 0.029 0.231893 1 
16 15 54 0 0.037 0.221476 1 
17 15 54 0 0.037 0.221476 1 
18 15 54 0 0.042 0.346476 1 
19 15 54 0 0.021 0.221476 1 
20 15 54 0 0.012 0.24231 1 
21 15 54 0 0.042 0.24231 1 
22 15 54 0 0.027 0.24231 1 
23 15 54 0.244025 0.013 0.24231 2 
24 15 54 0 0.039 0.221476 1 
25 15 54 0 0.028 0.221476 1 
26 15 54 0 0.032 0.346476 1 
27 15 54 0.16492 0.003 0.221476 2 
28 15 54 0 0.015 0.346476 1 
29 15 54 0 0.004 0.24231 1 
30 15 54 0 0.002 0.24231 1 
31 15 54 0 0.034 0.231893 1 
32 15 54 0 0.04 0.231893 1 
0 15 55 0 0.006 0.231893 1 
1 15 55 0 0.015 0.346476 1 
2 15 55 0 0.005 0.346476 1 
3 15 55 0 0.049 0.200643 1 
4 15 55 0 0.03 0.231893 1 
5 15 55 0 0.009 0.24231 1 
6 15 55 0 0.003 0.24231 1 
7 15 55 0 0.021 0.24231 1 
8 15 55 0 0.029 0.200643 1 
9 15 55 0 0.042 0.24231 1 
10 15 55 0 0.038 0.24231 1 
11 15 55 0 0.015 0.356893 1 
12 15 55 0 0.001 0.24231 1 
13 15 55 0 0.028 0.221476 1 
14 15 55 0 0.011 0.221476 1 
15 15 55 0 0.047 0.231893 1 
16 15 55 0 0.018 0.24231 1 
17 15 55 0 0.014 0.24231 1 
18 15 55 0 0.028 0.221476 1 
19 15 55 0 0.028 0.24231 1 
20 15 55 0 0.016 0.346476 1 
21 15 55 0 0.045 0.221476 1 
22 15 55 0.169143 0.005 0.237101 2 
23 15 55 0 0.033 0.200643 1 
24 15 55 0 0.047 0.24231 1 
25 15 55 0 0.025 0.221476 1 
26 15 55 0 0.018 0.24231 1 
27 15 55 0 0.008 0.221476 1 
28 15 55 0 0.004 0.221476 1 
29 15 55 0 0.047 0.21106 1 
30 15 55 0 0.029 0.24231 1 
31 15 55 0 0.022 0.24231 1 
32 15 55 0 0.038 0.200643 1 
0 15 56 0.147585 0.002 0.24231 2 
1 15 56 0.207012 0.001 0.346476 2 
2 15 56 0 0.014 0.221476 1 
3 15 56 0.151391 0.002 0.346476 2 
4 15 56 0 0.003 0.24231 1 
5 15 56 0 0.035 0.221476 1 
6 15 56 0 0.001 0.221476 1 
7 15 56 0 0.013 0.258976 1 
8 15 56 0 0.015 0.221476 1 
9 15 56 0 0.013 0.221476 1 
10 15 56 0 0.018 0.226685 1 
11 15 56 0 0.033 0.200643 1 
12 15 56 0 0.023 0.247518 1 
13 15 56 0 0.018 0.24231 1 
14 15 56 0.124895 0.001 0.36731 2 
15 15 56 0 0.014 0.200643 1 
16 15 56 0 0.019 0.21106 1 
17 15 56 0 0.034 0.221476 1 
18 15 56 0 0.027 0.24231 1 
19 15 56 0.218044 0.012 0.346476 2 
20 15 56 0.266408 0.005 0.21106 2 
21 15 56 0 0.012 0.221476 1 
22 15 56 0 0.041 0.231893 1 
23 15 56 0 0.041 0.24231 1 
24 15 56 0 0.012 0.221476 1 
25 15 56 0 0.018 0.24231 1 
26 15 56 0 0.035 0.231893 1 
27 15 56 0 0.018 0.200643 1 
28 15 56 0 0.026 0.231893 1 
29 15 56 0 0.026 0.231893 1 
30 15 56 0 0.006 0.24231 1 
31 15 56 0 0.018 0.221476 1 
32 15 56 0 0.047 0.24231 1 
0 15 57 0 0.008 0.231893 1 
1 15 57 0 0.044 0.24231 1 
2 15 57 0 0.034 0.221476 1 
3 15 57 0 0.029 0.221476 1 
4 15 57 0 0.002 0.346476 1 
5 15 57 0 0.01 0.231893 1 
6 15 57 0 0.007 0.231893 1 
7 15 57 0 0.007 0.231893 1 
8 15 57 0 0.029 0.24231 1 
9 15 57 0.122699 0.001 0.36731 2 
10 15 57 0 0.045 0.24231 1 
11 15 57 0 0.046 0.200643 1 
12 15 57 0 0.016 0.221476 1 
13 15 57 0 0.041 0.221476 1 
14 15 57 0 0.035 0.346476 1 
15 15 57 0 0.049 0.221476 1 
16 15 57 0 0.01 0.24231 1 
17 15 57 0.129574 0.001 0.24231 2 
18 15 57 0 0.01 0.24231 1 
19 15 57 0 0.013 0.356893 1 
20 15 57 0 0.039 0.221476 1 
21 15 57 0 0.003 0.36731 1 
22 15 57 0 0.028 0.221476 1 
23 15 57 0 0.035 0.221476 1 
24 15 57 0 0.027 0.346476 1 
25 15 57 0 0.039 0.231893 1 
26 15 57 0 0.039 0.231893 1 
27 15 57 0 0.043 0.231893 1 
28 15 57 0 0.036 0.24231 1 
29 15 57 0 0.019 0.24231 1 
30 15 57 0 0.043 0.221476 1 
31 15 57 0 0.041 0.231893 1 
32 15 57 0 0.028 0.24231 1 
0 15 58 0 0.044 0.226685 1 
1 15 58 0 0.043 0.24231 1 
2 15 58 0 0.008 0.24231 1 
3 15 58 0.134534 0.001 0.36731 2 
4 15 58 0 0.008 0.24231 1 
5 15 58 0 0.028 0.221476 1 
6 15 58 0 0.009 0.221476 1 
7 15 58 0 0.029 0.24231 1 
8 15 58 0 0.011 0.221476 1 
9 15 58 0 0.015 0.231893 1 
10 15 58 0.323262 0.007 0.24231 2 
11 15 58 0 0.012 0.221476 1 
12 15 58 0 0.043 0.221476 1 
13 15 58 0.227595 0.002 0.221476 2 
14 15 58 0 0.016 0.21106 1 
15 15 58 0 0.012 0.24231 1 
16 15 58 0 0.038 0.258976 1 
17 15 58 0 0.031 0.231893 1 
18 15 58 0 0.004 0.221476 1 
19 15 58 0.219351 0.005 0.221476 2 
20 15 58 0 0.034 0.24231 1 
21 15 58 0 0.031 0.24231 1 
22 15 58 0 0.035 0.221476 1 
23 15 58 0 0.002 0.346476 1 
24 15 58 0 0.019 0.221476 1 
25 15 58 0 0.019 0.221476 1 
26 15 58 0.220932 0.007 0.346476 2 
27 15 58 0.165493 0.004 0.221476 2 
28 15 58 0 0.005 0.24231 1 
29 15 58 0 0.027 0.356893 1 
30 15 58 0 0.015 0.221476 1 
31 15 58 0 0.016 0.283976 1 
32 15 58 0 0.025 0.24231 1 
0 15 59 0 0.02 0.221476 1 
1 15 59 0 0.017 0.24231 1 
2 15 59 0 0.036 0.221476 1 
3 15 59 0 0.031 0.258976 1 
4 15 59 0 0.023 0.24231 1 
5 15 59 0 0.005 0.24231 1 
6 15 59 0 0.019 0.221476 1 
7 15 59 0 0.017 0.24231 1 
8 15 59 0 0.015 0.24231 1 
9 15 59 0 0.014 0.221476 1 
10 15 59 0 0.049 0.346476 1 
11 15 59 0 0.006 0.24231 1 
12 15 59 0 0.017 0.24231 1 
13 15 59 0 0.013 0.221476 1 
14 15 59 0 0.022 0.24231 1 
15 15 59 0 0.028 0.221476 1 
16 15 59 0 0.003 0.24231 1 
17 15 59 0 0.03 0.24231 1 
18 15 59 0 0.041 0.24231 1 
19 15 59 0 0.049 0.283976 1 
20 15 59 0 0.025 0.221476 1 
21 15 59 0 0.044 0.24231 1 
22 15 59 0.118229 0.001 0.36731 2 
23 15 59 0.238079 0.014 0.346476 2 
24 15 59 0 0.025 0.221476 1 
25 15 59 0 0.02 0.24231 1 
26 15 59 0 0.026 0.346476 1 
27 15 59 0 0.016 0.221476 1 
28 15 59 0 0.043 0.24856 1 
29 15 59 0 0.006 0.24231 1 
30 15 59 0 0.027 0.24231 1 
31 15 59 0 0.015 0.24231 1 
32 15 59 0 0.043 0.346476 1 
0 15 60 0 0.002 0.238143 1 
1 15 60 0 0.021 0.24231 1 
2 15 60 0 0.039 0.221476 1 
3 15 60 0 0.041 0.356893 1 
4 15 60 0 0.002 0.346476 1 
5 15 60 0 0.009 0.200643 1 
6 15 60 0 0.041 0.238143 1 
7 15 60 0 0.027 0.24231 1 
8 15 60 0 0.006 0.24231 1 
9 15 60 0 0.032 0.221476 1 
10 15 60 0 0.012 0.24231 1 
11 15 60 0 0.013 0.221476 1 
12 15 60 0 0.008 0.24231 1 
13 15 60 0 0.017 0.24231 1 
14 15 60 0 0.015 0.231893 1 
15 15 60 0 0.027 0.221476 1 
16 15 60 0 0.003 0.24231 1 
17 15 60 0 0.043 0.221476 1 
18 15 60 0 0.036 0.231893 1 
19 15 60 0 0.024 0.24231 1 
20 15 60 0 0.045 0.346476 1 
21 15 60 0 0.036 0.24231 1 
22 15 60 0 0.025 0.221476 1 
23 15 60 0 0.007 0.346476 1 
24 15 60 0 0.032 0.200643 1 
25 15 60 0 0.036 0.221476 1 
26 15 60 0 0.023 0.356893 1 
27 15 60 0.164665 0.006 0.221476 2 
28 15 60 0 0.039 0.221476 1 
29 15 60 0 0.024 0.24231 1 
30 15 60 0.120206 0.001 0.200643 2 
31 15 60 0 0.015 0.231893 1 
32 15 60 0 0.047 0.24231 1 
