0 16 0 0 0.01 0.221476 1 
1 16 0 0 0.032 0.185018 1 
2 16 0 0 0.006 0.205851 1 
3 16 0 0 0.015 0.200643 1 
4 16 0 0 0.048 0.185018 1 
5 16 0 0.0867404 0.011 0.200643 2 
6 16 0 0 0.046 0.200643 1 
7 16 0 0 0.001 0.185018 1 
8 16 0 0 0.04 0.221476 1 
9 16 0 0 0.043 0.220435 1 
10 16 0 0 0.011 0.200643 1 
11 16 0 0 0.039 0.227205 1 
12 16 0 0 0.007 0.200643 1 
13 16 0 0 0.015 0.169393 1 
14 16 0 0 0.034 0.185018 1 
15 16 0 0 0.009 0.169393 1 
16 16 0 0 0.03 0.169393 1 
17 16 0 0 0.006 0.221476 1 
18 16 0 0 0.041 0.169393 1 
19 16 0 0.0416288 0.004 0.221476 2 
20 16 0 0 0.04 0.221476 1 
21 16 0 0 0.008 0.38142 1 
22 16 0 0 0.017 0.221476 1 
23 16 0 0 0.043 0.200643 1 
24 16 0 0 0.022 0.169393 1 
25 16 0 0 0.013 0.169393 1 
26 16 0 0 0.039 0.200643 1 
27 16 0 0 0.039 0.221476 1 
28 16 0 0 0.025 0.20481 1 
29 16 0 0 0.042 0.300569 1 
30 16 0 0 0.017 0.177205 1 
31 16 0 0 0.027 0.356645 1 
32 16 0 0 0.045 0.200643 1 
0 16 1 0 0.014 0.283976 1 
1 16 1 0 0.011 0.24231 1 
2 16 1 0 0.011 0.24231 1 
3 16 1 0 0.003 0.24231 1 
4 16 1 0 0.004 0.325643 1 
5 16 1 0 0.014 0.24231 1 
6 16 1 0 0.049 0.24231 1 
7 16 1 0 0.031 0.283976 1 
8 16 1 0 0.038 0.27356 1 
9 16 1 0 0.003 0.36731 1 
10 16 1 0 0.015 0.24231 1 
11 16 1 0 0.026 0.231893 1 
12 16 1 0.212924 0.006 0.24231 2 
13 16 1 0 0.041 0.24231 1 
14 16 1 0 0.003 0.24231 1 
15 16 1 0 0.02 0.283976 1 
16 16 1 0 0.049 0.24231 1 
17 16 1 0 0.001 0.36731 1 
18 16 1 0 0.007 0.24231 1 
19 16 1 0 0.022 0.24231 1 
20 16 1 0 0.035 0.283976 1 
21 16 1 0.0880928 0.001 0.24231 2 
22 16 1 0 0.021 0.24231 1 
23 16 1 0 0.016 0.356893 1 
24 16 1 0 0.015 0.36731 1 
25 16 1 0 0.024 0.24231 1 
26 16 1 0.225437 0.009 0.24231 2 
27 16 1 0 0.049 0.24231 1 
28 16 1 0 0.03 0.24231 1 
29 16 1 0 0.009 0.24231 1 
30 16 1 0.163812 0.004 0.283976 2 
31 16 1 0 0.049 0.24231 1 
32 16 1 0 0.019 0.283976 1 
0 16 2 0 0.002 0.36731 1 
1 16 2 0.212927 0.01 0.283976 2 
2 16 2 0 0.016 0.24231 1 
3 16 2 0 0.003 0.24231 1 
4 16 2 0 0.001 0.24231 1 
5 16 2 0 0.014 0.24231 1 
6 16 2 0 0.033 0.24231 1 
7 16 2 0 0.028 0.24231 1 
8 16 2 0 0.039 0.24231 1 
9 16 2 0 0.046 0.24231 1 
10 16 2 0 0.001 0.36731 1 
11 16 2 0 0.012 0.231893 1 
12 16 2 0 0.023 0.294393 1 
13 16 2 0 0.036 0.24231 1 
14 16 2 0 0.041 0.24231 1 
15 16 2 0 0.013 0.24231 1 
16 16 2 0 0.003 0.36731 1 
17 16 2 0 0.013 0.24231 1 
18 16 2 0 0.016 0.24231 1 
19 16 2 0 0.042 0.24231 1 
20 16 2 0 0.008 0.231893 1 
21 16 2 0 0.001 0.36731 1 
22 16 2 0 0.022 0.24231 1 
23 16 2 0 0.009 0.24231 1 
24 16 2 0 0.039 0.283976 1 
25 16 2 0 0.01 0.36731 1 
26 16 2 0 0.034 0.24231 1 
27 16 2 0 0.037 0.283827 1 
28 16 2 0 0.014 0.24231 1 
29 16 2 0 0.002 0.36731 1 
30 16 2 0 0.046 0.24231 1 
31 16 2 0 0.033 0.24231 1 
32 16 2 0.18462 0.001 0.36731 2 
0 16 3 0 0.004 0.36731 1 
1 16 3 0 0.008 0.24231 1 
2 16 3 0 0.01 0.36731 1 
3 16 3 0 0.029 0.24231 1 
4 16 3 0 0.045 0.24231 1 
5 16 3 0 0.006 0.24231 1 
6 16 3 0 0.015 0.24231 1 
7 16 3 0 0.044 0.24231 1 
8 16 3 0 0.013 0.24231 1 
9 16 3 0 0.001 0.24231 1 
10 16 3 0 0.041 0.24231 1 
11 16 3 0 0.033 0.24231 1 
12 16 3 0 0.004 0.36731 1 
13 16 3 0 0.041 0.24231 1 
14 16 3 0 0.022 0.24231 1 
15 16 3 0 0.024 0.24231 1 
16 16 3 0 0.001 0.24231 1 
17 16 3 0 0.03 0.283976 1 
18 16 3 0 0.04 0.24231 1 
19 16 3 0 0.017 0.24231 1 
20 16 3 0 0.003 0.24231 1 
21 16 3 0 0.044 0.325643 1 
22 16 3 0.165562 0.008 0.36731 2 
23 16 3 0 0.006 0.24231 1 
24 16 3 0 0.008 0.24231 1 
25 16 3 0 0.01 0.24231 1 
26 16 3 0 0.013 0.24231 1 
27 16 3 0 0.037 0.24231 1 
28 16 3 0 0.047 0.24231 1 
29 16 3 0 0.039 0.24231 1 
30 16 3 0 0.007 0.36731 1 
31 16 3 0 0.038 0.24231 1 
32 16 3 0 0.026 0.24231 1 
0 16 4 0 0.001 0.36731 1 
1 16 4 0 0.039 0.283976 1 
2 16 4 0 0.043 0.283976 1 
3 16 4 0 0.022 0.24231 1 
4 16 4 0 0.021 0.24231 1 
5 16 4 0 0.018 0.283976 1 
6 16 4 0 0.001 0.24231 1 
7 16 4 0 0.008 0.24231 1 
8 16 4 0 0.002 0.36731 1 
9 16 4 0 0.01 0.30481 1 
10 16 4 0 0.022 0.24231 1 
11 16 4 0 0.006 0.24231 1 
12 16 4 0 0.002 0.36731 1 
13 16 4 0 0.006 0.36731 1 
14 16 4 0 0.032 0.24231 1 
15 16 4 0 0.038 0.24231 1 
16 16 4 0 0.001 0.24231 1 
17 16 4 0 0.001 0.24231 1 
18 16 4 0 0.007 0.36731 1 
19 16 4 0 0.011 0.24231 1 
20 16 4 0 0.042 0.24231 1 
21 16 4 0 0.003 0.356893 1 
22 16 4 0 0.012 0.24231 1 
23 16 4 0 0.012 0.24231 1 
24 16 4 0 0.025 0.24231 1 
25 16 4 0 0.001 0.24231 1 
26 16 4 0 0.011 0.24231 1 
27 16 4 0 0.004 0.24231 1 
28 16 4 0 0.025 0.283976 1 
29 16 4 0 0.001 0.36731 1 
30 16 4 0 0.041 0.24231 1 
31 16 4 0 0.025 0.24231 1 
32 16 4 0 0.002 0.36731 1 
0 16 5 0 0.003 0.36731 1 
1 16 5 0 0.003 0.36731 1 
2 16 5 0 0.001 0.24231 1 
3 16 5 0 0.042 0.24231 1 
4 16 5 0.333268 0.017 0.283976 2 
5 16 5 0 0.01 0.231893 1 
6 16 5 0 0.002 0.36731 1 
7 16 5 0.250561 0.008 0.30481 2 
8 16 5 0 0.027 0.24231 1 
9 16 5 0.177661 0.008 0.24231 2 
10 16 5 0 0.007 0.36731 1 
11 16 5 0 0.005 0.36731 1 
12 16 5 0 0.003 0.24231 1 
13 16 5 0 0.009 0.36731 1 
14 16 5 0.145964 0.002 0.24231 2 
15 16 5 0 0.003 0.36731 1 
16 16 5 0 0.024 0.24231 1 
17 16 5 0 0.027 0.24231 1 
18 16 5 0 0.013 0.30481 1 
19 16 5 0 0.022 0.24231 1 
20 16 5 0 0.005 0.24231 1 
21 16 5 0 0.02 0.24231 1 
22 16 5 0 0.007 0.36731 1 
23 16 5 0 0.006 0.24231 1 
24 16 5 0 0.044 0.24231 1 
25 16 5 0 0.041 0.24231 1 
26 16 5 0 0.013 0.24231 1 
27 16 5 0 0.005 0.24231 1 
28 16 5 0 0.047 0.24231 1 
29 16 5 0 0.045 0.24231 1 
30 16 5 0.166482 0.001 0.36731 2 
31 16 5 0 0.021 0.283976 1 
32 16 5 0 0.024 0.24231 1 
0 16 6 0 0.015 0.24231 1 
1 16 6 0 0.006 0.24231 1 
2 16 6 0 0.009 0.24231 1 
3 16 6 0 0.027 0.24231 1 
4 16 6 0 0.024 0.24231 1 
5 16 6 0.326016 0.017 0.24231 2 
6 16 6 0 0.014 0.356893 1 
7 16 6 0 0.049 0.231893 1 
8 16 6 0 0.018 0.36731 1 
9 16 6 0 0.009 0.283976 1 
10 16 6 0 0.031 0.24231 1 
11 16 6 0 0.019 0.24231 1 
12 16 6 0 0.01 0.283976 1 
13 16 6 0 0.032 0.24231 1 
14 16 6 0 0.007 0.36731 1 
15 16 6 0 0.007 0.24231 1 
16 16 6 0 0.036 0.24231 1 
17 16 6 0 0.022 0.24231 1 
18 16 6 0 0.036 0.24231 1 
19 16 6 0 0.02 0.24231 1 
20 16 6 0 0.01 0.231893 1 
21 16 6 0 0.032 0.24231 1 
22 16 6 0 0.005 0.24231 1 
23 16 6 0.249443 0.007 0.24231 2 
24 16 6 0 0.005 0.283976 1 
25 16 6 0 0.007 0.24231 1 
26 16 6 0 0.008 0.283976 1 
27 16 6 0 0.01 0.24231 1 
28 16 6 0 0.02 0.24231 1 
29 16 6 0 0.002 0.24231 1 
30 16 6 0 0.04 0.283976 1 
31 16 6 0 0.01 0.24231 1 
32 16 6 0 0.011 0.24231 1 
0 16 7 0 0.03 0.24231 1 
1 16 7 0 0.032 0.24231 1 
2 16 7 0 0.007 0.24231 1 
3 16 7 0 0.011 0.283976 1 
4 16 7 0 0.024 0.283976 1 
5 16 7 0 0.007 0.36731 1 
6 16 7 0 0.037 0.24231 1 
7 16 7 0 0.046 0.24231 1 
8 16 7 0 0.013 0.24231 1 
9 16 7 0 0.009 0.24231 1 
10 16 7 0 0.004 0.36731 1 
11 16 7 0 0.027 0.24231 1 
12 16 7 0 0.011 0.24231 1 
13 16 7 0 0.008 0.30481 1 
14 16 7 0.147332 0.004 0.24231 2 
15 16 7 0 0.025 0.24231 1 
16 16 7 0 0.001 0.24231 1 
17 16 7 0.145149 0.001 0.24231 2 
18 16 7 0 0.038 0.24231 1 
19 16 7 0 0.03 0.24231 1 
20 16 7 0 0.034 0.24231 1 
21 16 7 0 0.034 0.24231 1 
22 16 7 0 0.002 0.24231 1 
23 16 7 0 0.015 0.24231 1 
24 16 7 0 0.022 0.346476 1 
25 16 7 0 0.024 0.24231 1 
26 16 7 0 0.009 0.24231 1 
27 16 7 0 0.045 0.24231 1 
28 16 7 0 0.049 0.231893 1 
29 16 7 0 0.018 0.24231 1 
30 16 7 0 0.007 0.24231 1 
31 16 7 0 0.008 0.24231 1 
32 16 7 0 0.003 0.36731 1 
0 16 8 0 0.01 0.24231 1 
1 16 8 0 0.003 0.24231 1 
2 16 8 0 0.018 0.24231 1 
3 16 8 0 0.023 0.283976 1 
4 16 8 0 0.021 0.24231 1 
5 16 8 0 0.028 0.24231 1 
6 16 8 0 0.036 0.283976 1 
7 16 8 0 0.037 0.24231 1 
8 16 8 0 0.013 0.24231 1 
9 16 8 0 0.029 0.24231 1 
10 16 8 0 0.009 0.24231 1 
11 16 8 0 0.043 0.283976 1 
12 16 8 0 0.007 0.24231 1 
13 16 8 0.220267 0.002 0.283976 2 
14 16 8 0 0.001 0.24231 1 
15 16 8 0 0.039 0.24231 1 
16 16 8 0 0.042 0.24231 1 
17 16 8 0.137717 0.001 0.24231 2 
18 16 8 0 0.041 0.24231 1 
19 16 8 0 0.019 0.24231 1 
20 16 8 0 0.003 0.325643 1 
21 16 8 0 0.015 0.283976 1 
22 16 8 0 0.044 0.24231 1 
23 16 8 0 0.003 0.24231 1 
24 16 8 0 0.021 0.24231 1 
25 16 8 0 0.01 0.283976 1 
26 16 8 0 0.036 0.24231 1 
27 16 8 0 0.027 0.24231 1 
28 16 8 0 0.01 0.283976 1 
29 16 8 0 0.007 0.24231 1 
30 16 8 0 0.012 0.36731 1 
31 16 8 0 0.023 0.24231 1 
32 16 8 0 0.009 0.24231 1 
0 16 9 0 0.003 0.36731 1 
1 16 9 0 0.024 0.24231 1 
2 16 9 0 0.036 0.24231 1 
3 16 9 0 0.047 0.283976 1 
4 16 9 0.335402 0.011 0.24231 2 
5 16 9 0 0.039 0.231893 1 
6 16 9 0 0.033 0.24231 1 
7 16 9 0 0.027 0.231893 1 
8 16 9 0.364126 0.001 0.36731 2 
9 16 9 0 0.005 0.36731 1 
10 16 9 0 0.034 0.24231 1 
11 16 9 0 0.036 0.356893 1 
12 16 9 0 0.003 0.36731 1 
13 16 9 0 0.005 0.36731 1 
14 16 9 0 0.03 0.283976 1 
15 16 9 0 0.022 0.24231 1 
16 16 9 0 0.004 0.36731 1 
17 16 9 0 0.018 0.258976 1 
18 16 9 0 0.006 0.36731 1 
19 16 9 0 0.022 0.24231 1 
20 16 9 0 0.039 0.346476 1 
21 16 9 0 0.018 0.24231 1 
22 16 9 0 0.013 0.24231 1 
23 16 9 0 0.006 0.36731 1 
24 16 9 0 0.02 0.30481 1 
25 16 9 0 0.01 0.24231 1 
26 16 9 0 0.014 0.24231 1 
27 16 9 0 0.004 0.283976 1 
28 16 9 0 0.005 0.283976 1 
29 16 9 0 0.002 0.36731 1 
30 16 9 0 0.045 0.24231 1 
31 16 9 0 0.009 0.24231 1 
32 16 9 0 0.04 0.24231 1 
0 16 10 0 0.016 0.24231 1 
1 16 10 0 0.008 0.24231 1 
2 16 10 0 0.034 0.283976 1 
3 16 10 0 0.005 0.36731 1 
4 16 10 0 0.008 0.24231 1 
5 16 10 0 0.04 0.231893 1 
6 16 10 0 0.009 0.24231 1 
7 16 10 0 0.037 0.24231 1 
8 16 10 0 0.039 0.24231 1 
9 16 10 0 0.044 0.24231 1 
10 16 10 0 0.019 0.24231 1 
11 16 10 0 0.01 0.24231 1 
12 16 10 0 0.018 0.24231 1 
13 16 10 0 0.019 0.24231 1 
14 16 10 0 0.022 0.24231 1 
15 16 10 0 0.029 0.24231 1 
16 16 10 0 0.018 0.325643 1 
17 16 10 0.145032 0.006 0.283976 2 
18 16 10 0 0.006 0.36731 1 
19 16 10 0 0.005 0.24231 1 
20 16 10 0 0.034 0.283976 1 
21 16 10 0 0.022 0.24231 1 
22 16 10 0 0.034 0.36731 1 
23 16 10 0.247591 0.009 0.24231 2 
24 16 10 0 0.007 0.24231 1 
25 16 10 0 0.032 0.24231 1 
26 16 10 0 0.023 0.24231 1 
27 16 10 0 0.033 0.24231 1 
28 16 10 0 0.002 0.283976 1 
29 16 10 0 0.015 0.283976 1 
30 16 10 0 0.031 0.24231 1 
31 16 10 0 0.008 0.24231 1 
32 16 10 0 0.004 0.36731 1 
0 16 11 0 0.004 0.24231 1 
1 16 11 0.208643 0.002 0.36731 2 
2 16 11 0 0.023 0.24231 1 
3 16 11 0 0.002 0.24231 1 
4 16 11 0 0.014 0.24231 1 
5 16 11 0 0.017 0.24231 1 
6 16 11 0 0.018 0.283976 1 
7 16 11 0 0.008 0.36731 1 
8 16 11 0 0.009 0.24231 1 
9 16 11 0 0.005 0.283976 1 
10 16 11 0.328308 0.004 0.283976 2 
11 16 11 0 0.042 0.346476 1 
12 16 11 0 0.001 0.24231 1 
13 16 11 0 0.038 0.24231 1 
14 16 11 0 0.013 0.24231 1 
15 16 11 0 0.041 0.283976 1 
16 16 11 0 0.025 0.24231 1 
17 16 11 0 0.037 0.283976 1 
18 16 11 0 0.029 0.24231 1 
19 16 11 0 0.022 0.346476 1 
20 16 11 0 0.004 0.24231 1 
21 16 11 0 0.005 0.36731 1 
22 16 11 0 0.014 0.24231 1 
23 16 11 0 0.015 0.36731 1 
24 16 11 0 0.026 0.24231 1 
25 16 11 0 0.033 0.24231 1 
26 16 11 0 0.015 0.283976 1 
27 16 11 0 0.019 0.24231 1 
28 16 11 0 0.019 0.24231 1 
29 16 11 0 0.047 0.24231 1 
30 16 11 0.168092 0.007 0.283976 2 
31 16 11 0 0.01 0.283976 1 
32 16 11 0 0.004 0.36731 1 
0 16 12 0 0.011 0.24231 1 
1 16 12 0 0.043 0.24231 1 
2 16 12 0 0.004 0.24231 1 
3 16 12 0 0.012 0.24231 1 
4 16 12 0 0.025 0.24231 1 
5 16 12 0 0.043 0.24231 1 
6 16 12 0 0.001 0.231893 1 
7 16 12 0 0.014 0.24231 1 
8 16 12 0 0.009 0.283976 1 
9 16 12 0.179638 0.003 0.283976 2 
10 16 12 0 0.027 0.24231 1 
11 16 12 0 0.003 0.36731 1 
12 16 12 0 0.015 0.24231 1 
13 16 12 0 0.042 0.24231 1 
14 16 12 0 0.014 0.24231 1 
15 16 12 0 0.007 0.36731 1 
16 16 12 0 0.002 0.24231 1 
17 16 12 0 0.004 0.24231 1 
18 16 12 0 0.039 0.283976 1 
19 16 12 0 0.04 0.231893 1 
20 16 12 0 0.048 0.24231 1 
21 16 12 0 0.005 0.36731 1 
22 16 12 0 0.002 0.24231 1 
23 16 12 0 0.018 0.24231 1 
24 16 12 0 0.016 0.24231 1 
25 16 12 0 0.046 0.24231 1 
26 16 12 0 0.003 0.283976 1 
27 16 12 0 0.007 0.24231 1 
28 16 12 0 0.046 0.258976 1 
29 16 12 0 0.039 0.24231 1 
30 16 12 0 0.002 0.36731 1 
31 16 12 0 0.036 0.24231 1 
32 16 12 0 0.013 0.24231 1 
0 16 13 0 0.009 0.24231 1 
1 16 13 0 0.007 0.24231 1 
2 16 13 0 0.024 0.24231 1 
3 16 13 0.150332 0.007 0.30481 2 
4 16 13 0 0.009 0.283976 1 
5 16 13 0 0.022 0.283976 1 
6 16 13 0 0.029 0.283976 1 
7 16 13 0 0.003 0.36731 1 
8 16 13 0 0.034 0.24231 1 
9 16 13 0 0.001 0.36731 1 
10 16 13 0 0.007 0.24231 1 
11 16 13 0 0.015 0.24231 1 
12 16 13 0 0.028 0.283976 1 
13 16 13 0 0.006 0.24231 1 
14 16 13 0 0.037 0.24231 1 
15 16 13 0 0.011 0.24231 1 
16 16 13 0 0.025 0.24231 1 
17 16 13 0 0.041 0.24231 1 
18 16 13 0 0.036 0.24231 1 
19 16 13 0 0.014 0.24231 1 
20 16 13 0 0.03 0.24231 1 
21 16 13 0 0.029 0.24231 1 
22 16 13 0.169848 0.003 0.24231 2 
23 16 13 0 0.016 0.24231 1 
24 16 13 0 0.015 0.24231 1 
25 16 13 0 0.016 0.24231 1 
26 16 13 0 0.038 0.24231 1 
27 16 13 0 0.001 0.24231 1 
28 16 13 0 0.036 0.24231 1 
29 16 13 0 0.029 0.24231 1 
30 16 13 0 0.002 0.36731 1 
31 16 13 0 0.045 0.24231 1 
32 16 13 0 0.006 0.24231 1 
0 16 14 0.125523 0.001 0.36731 2 
1 16 14 0.207189 0.003 0.36731 2 
2 16 14 0 0.01 0.24231 1 
3 16 14 0 0.006 0.24231 1 
4 16 14 0 0.028 0.24231 1 
5 16 14 0 0.01 0.36731 1 
6 16 14 0 0.002 0.24231 1 
7 16 14 0 0.019 0.24231 1 
8 16 14 0 0.022 0.24231 1 
9 16 14 0 0.015 0.24231 1 
10 16 14 0 0.044 0.283976 1 
11 16 14 0 0.038 0.325643 1 
12 16 14 0 0.015 0.24231 1 
13 16 14 0.220562 0.01 0.30481 2 
14 16 14 0 0.006 0.24231 1 
15 16 14 0 0.006 0.36731 1 
16 16 14 0 0.011 0.24231 1 
17 16 14 0 0.019 0.283976 1 
18 16 14 0 0.03 0.24231 1 
19 16 14 0 0.04 0.24231 1 
20 16 14 0 0.017 0.24231 1 
21 16 14 0 0.004 0.24231 1 
22 16 14 0 0.015 0.283976 1 
23 16 14 0 0.015 0.24231 1 
24 16 14 0 0.023 0.24231 1 
25 16 14 0 0.027 0.24231 1 
26 16 14 0 0.034 0.24231 1 
27 16 14 0 0.032 0.283976 1 
28 16 14 0 0.001 0.24231 1 
29 16 14 0 0.011 0.283976 1 
30 16 14 0 0.001 0.36731 1 
31 16 14 0 0.001 0.36731 1 
32 16 14 0 0.014 0.24231 1 
0 16 15 0 0.031 0.283976 1 
1 16 15 0 0.016 0.24231 1 
2 16 15 0 0.021 0.24231 1 
3 16 15 0.133815 0.001 0.36731 2 
4 16 15 0 0.017 0.24231 1 
5 16 15 0 0.003 0.283976 1 
6 16 15 0 0.049 0.24231 1 
7 16 15 0 0.01 0.24231 1 
8 16 15 0 0.011 0.24231 1 
9 16 15 0 0.026 0.24231 1 
10 16 15 0 0.005 0.24231 1 
11 16 15 0 0.03 0.356893 1 
12 16 15 0 0.024 0.24231 1 
13 16 15 0 0.029 0.24231 1 
14 16 15 0 0.049 0.24231 1 
15 16 15 0 0.013 0.24231 1 
16 16 15 0 0.022 0.24231 1 
17 16 15 0 0.001 0.36731 1 
18 16 15 0 0.018 0.24231 1 
19 16 15 0 0.019 0.24231 1 
20 16 15 0 0.029 0.24231 1 
21 16 15 0 0.011 0.24231 1 
22 16 15 0 0.001 0.36731 1 
23 16 15 0 0.017 0.24231 1 
24 16 15 0 0.013 0.30481 1 
25 16 15 0 0.037 0.231893 1 
26 16 15 0 0.001 0.36731 1 
27 16 15 0 0.021 0.24231 1 
28 16 15 0 0.042 0.24231 1 
29 16 15 0 0.001 0.36731 1 
30 16 15 0 0.038 0.231893 1 
31 16 15 0 0.006 0.24231 1 
32 16 15 0 0.022 0.283976 1 
0 16 16 0 0.004 0.24231 1 
1 16 16 0 0.048 0.24231 1 
2 16 16 0 0.032 0.283976 1 
3 16 16 0 0.022 0.24231 1 
4 16 16 0 0.006 0.24231 1 
5 16 16 0 0.01 0.24231 1 
6 16 16 0.598464 0.007 0.24231 2 
7 16 16 0 0.007 0.36731 1 
8 16 16 0 0.043 0.24231 1 
9 16 16 0 0.014 0.283976 1 
10 16 16 0 0.041 0.24231 1 
11 16 16 0 0.042 0.24231 1 
12 16 16 0 0.029 0.24231 1 
13 16 16 0 0.001 0.36731 1 
14 16 16 0 0.006 0.24231 1 
15 16 16 0 0.029 0.24231 1 
16 16 16 0 0.018 0.283976 1 
17 16 16 0 0.031 0.24231 1 
18 16 16 0 0.024 0.24231 1 
19 16 16 0 0.034 0.24231 1 
20 16 16 0 0.012 0.24231 1 
21 16 16 0 0.008 0.24231 1 
22 16 16 0 0.024 0.283976 1 
23 16 16 0 0.026 0.30481 1 
24 16 16 0 0.007 0.24231 1 
25 16 16 0 0.039 0.24231 1 
26 16 16 0 0.024 0.283976 1 
27 16 16 0 0.049 0.24231 1 
28 16 16 0 0.011 0.24231 1 
29 16 16 0 0.002 0.24231 1 
30 16 16 0 0.037 0.283976 1 
31 16 16 0 0.012 0.24231 1 
32 16 16 0 0.023 0.24231 1 
0 16 17 0 0.016 0.24231 1 
1 16 17 0 0.01 0.24231 1 
2 16 17 0 0.006 0.283976 1 
3 16 17 0 0.026 0.24231 1 
4 16 17 0 0.032 0.283976 1 
5 16 17 0 0.018 0.24231 1 
6 16 17 0 0.031 0.24231 1 
7 16 17 0 0.025 0.24231 1 
8 16 17 0 0.003 0.283976 1 
9 16 17 0 0.032 0.231893 1 
10 16 17 0 0.035 0.283976 1 
11 16 17 0 0.002 0.36731 1 
12 16 17 0.213051 0.006 0.36731 2 
13 16 17 0 0.009 0.36731 1 
14 16 17 0.14985 0.007 0.231893 2 
15 16 17 0 0.001 0.36731 1 
16 16 17 0 0.019 0.24231 1 
17 16 17 0 0.042 0.283976 1 
18 16 17 0 0.022 0.24231 1 
19 16 17 0 0.001 0.36731 1 
20 16 17 0 0.017 0.24231 1 
21 16 17 0 0.006 0.36731 1 
22 16 17 0 0.019 0.24231 1 
23 16 17 0 0.013 0.24231 1 
24 16 17 0 0.041 0.231893 1 
25 16 17 0 0.022 0.24231 1 
26 16 17 0 0.004 0.36731 1 
27 16 17 0 0.011 0.24231 1 
28 16 17 0 0.014 0.24231 1 
29 16 17 0 0.001 0.24231 1 
30 16 17 0 0.037 0.24231 1 
31 16 17 0 0.007 0.24231 1 
32 16 17 0 0.039 0.24231 1 
0 16 18 0 0.04 0.24231 1 
1 16 18 0.209754 0.005 0.283976 2 
2 16 18 0 0.038 0.24231 1 
3 16 18 0 0.005 0.36731 1 
4 16 18 0 0.011 0.36731 1 
5 16 18 0 0.021 0.24231 1 
6 16 18 0 0.046 0.24231 1 
7 16 18 0 0.011 0.24231 1 
8 16 18 0 0.024 0.24231 1 
9 16 18 0 0.019 0.24231 1 
10 16 18 0 0.014 0.24231 1 
11 16 18 0 0.032 0.283976 1 
12 16 18 0 0.006 0.24231 1 
13 16 18 0 0.03 0.283976 1 
14 16 18 0 0.001 0.24231 1 
15 16 18 0 0.045 0.24231 1 
16 16 18 0 0.005 0.24231 1 
17 16 18 0 0.035 0.24231 1 
18 16 18 0 0.001 0.36731 1 
19 16 18 0.228393 0.008 0.36731 2 
20 16 18 0 0.023 0.24231 1 
21 16 18 0 0.043 0.24231 1 
22 16 18 0 0.012 0.24231 1 
23 16 18 0 0.006 0.24231 1 
24 16 18 0 0.034 0.24231 1 
25 16 18 0 0.018 0.30481 1 
26 16 18 0 0.036 0.24231 1 
27 16 18 0 0.008 0.24231 1 
28 16 18 0 0.006 0.24231 1 
29 16 18 0 0.003 0.283976 1 
30 16 18 0 0.036 0.24231 1 
31 16 18 0 0.007 0.24231 1 
32 16 18 0 0.007 0.24231 1 
0 16 19 0.148869 0.006 0.36731 2 
1 16 19 0 0.003 0.24231 1 
2 16 19 0 0.002 0.356893 1 
3 16 19 0 0.044 0.24231 1 
4 16 19 0 0.032 0.283976 1 
5 16 19 0 0.013 0.24231 1 
6 16 19 0 0.032 0.24231 1 
7 16 19 0.250693 0.004 0.24231 2 
8 16 19 0 0.022 0.24231 1 
9 16 19 0 0.04 0.24231 1 
10 16 19 0 0.018 0.24231 1 
11 16 19 0 0.027 0.24231 1 
12 16 19 0 0.015 0.24231 1 
13 16 19 0 0.031 0.24231 1 
14 16 19 0 0.004 0.24231 1 
15 16 19 0 0.005 0.24231 1 
16 16 19 0 0.008 0.24231 1 
17 16 19 0 0.002 0.24231 1 
18 16 19 0 0.004 0.24231 1 
19 16 19 0 0.029 0.283976 1 
20 16 19 0 0.039 0.24231 1 
21 16 19 0 0.042 0.24231 1 
22 16 19 0 0.001 0.283976 1 
23 16 19 0 0.017 0.24231 1 
24 16 19 0 0.018 0.24231 1 
25 16 19 0 0.028 0.24231 1 
26 16 19 0 0.022 0.24231 1 
27 16 19 0 0.002 0.36731 1 
28 16 19 0 0.003 0.231893 1 
29 16 19 0 0.038 0.24231 1 
30 16 19 0 0.011 0.283976 1 
31 16 19 0 0.001 0.283976 1 
32 16 19 0 0.016 0.283976 1 
0 16 20 0 0.008 0.283976 1 
1 16 20 0 0.04 0.24231 1 
2 16 20 0 0.044 0.24231 1 
3 16 20 0 0.001 0.24231 1 
4 16 20 0 0.013 0.231893 1 
5 16 20 0 0.003 0.24231 1 
6 16 20 0 0.039 0.24231 1 
7 16 20 0 0.007 0.283976 1 
8 16 20 0 0.041 0.24231 1 
9 16 20 0 0.032 0.24231 1 
10 16 20 0 0.017 0.283976 1 
11 16 20 0 0.042 0.283976 1 
12 16 20 0 0.044 0.24231 1 
13 16 20 0.224345 0.008 0.24231 2 
14 16 20 0 0.002 0.24231 1 
15 16 20 0 0.004 0.24231 1 
16 16 20 0 0.022 0.356893 1 
17 16 20 0 0.002 0.36731 1 
18 16 20 0 0.022 0.24231 1 
19 16 20 0 0.034 0.24231 1 
20 16 20 0 0.02 0.30481 1 
21 16 20 0 0.008 0.24231 1 
22 16 20 0 0.012 0.24231 1 
23 16 20 0 0.02 0.24231 1 
24 16 20 0 0.012 0.24231 1 
25 16 20 0 0.007 0.24231 1 
26 16 20 0 0.035 0.24231 1 
27 16 20 0 0.015 0.24231 1 
28 16 20 0 0.006 0.36731 1 
29 16 20 0 0.018 0.356893 1 
30 16 20 0 0.033 0.24231 1 
31 16 20 0 0.015 0.283976 1 
32 16 20 0 0.003 0.283976 1 
0 16 21 0 0.003 0.36731 1 
1 16 21 0 0.006 0.24231 1 
2 16 21 0 0.026 0.24231 1 
3 16 21 0 0.038 0.283976 1 
4 16 21 0 0.009 0.24231 1 
5 16 21 0 0.002 0.36731 1 
6 16 21 0 0.011 0.24231 1 
7 16 21 0 0.011 0.283976 1 
8 16 21 0 0.029 0.30481 1 
9 16 21 0 0.002 0.36731 1 
10 16 21 0 0.028 0.24231 1 
11 16 21 0 0.025 0.24231 1 
12 16 21 0 0.014 0.283976 1 
13 16 21 0 0.018 0.24231 1 
14 16 21 0 0.048 0.24231 1 
15 16 21 0 0.017 0.24231 1 
16 16 21 0 0.025 0.24231 1 
17 16 21 0 0.007 0.36731 1 
18 16 21 0 0.032 0.356893 1 
19 16 21 0 0.004 0.36731 1 
20 16 21 0 0.029 0.24231 1 
21 16 21 0 0.003 0.24231 1 
22 16 21 0 0.006 0.24231 1 
23 16 21 0.245644 0.003 0.24231 2 
24 16 21 0 0.001 0.36731 1 
25 16 21 0 0.001 0.24231 1 
26 16 21 0 0.04 0.283976 1 
27 16 21 0 0.02 0.30481 1 
28 16 21 0 0.021 0.24231 1 
29 16 21 0 0.005 0.24231 1 
30 16 21 0 0.017 0.24231 1 
31 16 21 0 0.009 0.325643 1 
32 16 21 0 0.045 0.30481 1 
0 16 22 0.146454 0.001 0.36731 2 
1 16 22 0.20893 0.006 0.36731 2 
2 16 22 0 0.001 0.36731 1 
3 16 22 0 0.016 0.24231 1 
4 16 22 0.335427 0.005 0.24231 2 
5 16 22 0 0.002 0.36731 1 
6 16 22 0 0.038 0.24231 1 
7 16 22 0 0.048 0.283976 1 
8 16 22 0 0.011 0.283976 1 
9 16 22 0 0.032 0.24231 1 
10 16 22 0 0.02 0.283976 1 
11 16 22 0 0.017 0.24231 1 
12 16 22 0 0.012 0.24231 1 
13 16 22 0 0.025 0.24231 1 
14 16 22 0.148925 0.004 0.36731 2 
15 16 22 0 0.039 0.24231 1 
16 16 22 0 0.021 0.24231 1 
17 16 22 0 0.042 0.24231 1 
18 16 22 0 0.007 0.24231 1 
19 16 22 0.101352 0.001 0.283976 2 
20 16 22 0.254459 0.004 0.24231 2 
21 16 22 0 0.001 0.36731 1 
22 16 22 0 0.002 0.36731 1 
23 16 22 0 0.001 0.36731 1 
24 16 22 0 0.037 0.24231 1 
25 16 22 0 0.034 0.283976 1 
26 16 22 0 0.004 0.36731 1 
27 16 22 0 0.001 0.24231 1 
28 16 22 0 0.005 0.36731 1 
29 16 22 0 0.02 0.283976 1 
30 16 22 0 0.01 0.30481 1 
31 16 22 0 0.023 0.24231 1 
32 16 22 0 0.006 0.36731 1 
0 16 23 0 0.001 0.24231 1 
1 16 23 0 0.012 0.24231 1 
2 16 23 0 0.029 0.30481 1 
3 16 23 0 0.037 0.24231 1 
4 16 23 0 0.028 0.283976 1 
5 16 23 0 0.007 0.36731 1 
6 16 23 0 0.02 0.24231 1 
7 16 23 0 0.016 0.24231 1 
8 16 23 0.363029 0.003 0.24231 2 
9 16 23 0 0.024 0.24231 1 
10 16 23 0 0.038 0.24231 1 
11 16 23 0 0.011 0.283976 1 
12 16 23 0 0.008 0.24231 1 
13 16 23 0 0.012 0.283976 1 
14 16 23 0 0.01 0.24231 1 
15 16 23 0 0.005 0.283976 1 
16 16 23 0 0.008 0.36731 1 
17 16 23 0 0.005 0.24231 1 
18 16 23 0 0.03 0.283976 1 
19 16 23 0 0.017 0.24231 1 
20 16 23 0 0.042 0.24231 1 
21 16 23 0 0.005 0.24231 1 
22 16 23 0 0.036 0.24231 1 
23 16 23 0 0.034 0.24231 1 
24 16 23 0 0.045 0.31731 1 
25 16 23 0 0.036 0.24231 1 
26 16 23 0 0.003 0.283976 1 
27 16 23 0 0.033 0.24231 1 
28 16 23 0 0.008 0.24231 1 
29 16 23 0 0.003 0.24231 1 
30 16 23 0 0.021 0.24231 1 
31 16 23 0 0.031 0.30481 1 
32 16 23 0 0.035 0.24231 1 
0 16 24 0 0.003 0.24231 1 
1 16 24 0 0.008 0.24231 1 
2 16 24 0 0.003 0.24231 1 
3 16 24 0 0.003 0.24231 1 
4 16 24 0 0.006 0.24231 1 
5 16 24 0 0.026 0.283976 1 
6 16 24 0 0.015 0.24231 1 
7 16 24 0 0.01 0.24231 1 
8 16 24 0 0.003 0.36731 1 
9 16 24 0 0.027 0.24231 1 
10 16 24 0 0.011 0.24231 1 
11 16 24 0 0.028 0.24231 1 
12 16 24 0 0.005 0.24231 1 
13 16 24 0 0.009 0.283976 1 
14 16 24 0 0.002 0.24231 1 
15 16 24 0 0.017 0.24231 1 
16 16 24 0 0.02 0.24231 1 
17 16 24 0 0.003 0.24231 1 
18 16 24 0 0.017 0.24231 1 
19 16 24 0.220821 0.006 0.283976 2 
20 16 24 0 0.024 0.24231 1 
21 16 24 0 0.027 0.24231 1 
22 16 24 0 0.01 0.24231 1 
23 16 24 0 0.048 0.24231 1 
24 16 24 0 0.002 0.36731 1 
25 16 24 0 0.049 0.283976 1 
26 16 24 0 0.004 0.24231 1 
27 16 24 0 0.037 0.24231 1 
28 16 24 0 0.002 0.36731 1 
29 16 24 0 0.046 0.283976 1 
30 16 24 0 0.047 0.283976 1 
31 16 24 0 0.028 0.24231 1 
32 16 24 0 0.018 0.24231 1 
0 16 25 0.1463 0.001 0.36731 2 
1 16 25 0 0.016 0.356893 1 
2 16 25 0 0.005 0.24231 1 
3 16 25 0 0.003 0.24231 1 
4 16 25 0 0.018 0.283976 1 
5 16 25 0 0.015 0.24231 1 
6 16 25 0 0.026 0.325643 1 
7 16 25 0.250155 0.01 0.325643 2 
8 16 25 0 0.041 0.24231 1 
9 16 25 0 0.048 0.24231 1 
10 16 25 0 0.038 0.24231 1 
11 16 25 0 0.008 0.24231 1 
12 16 25 0 0.032 0.24231 1 
13 16 25 0.227497 0.005 0.24231 2 
14 16 25 0 0.045 0.24231 1 
15 16 25 0 0.007 0.36731 1 
16 16 25 0 0.045 0.24231 1 
17 16 25 0.148815 0.004 0.24231 2 
18 16 25 0 0.018 0.24231 1 
19 16 25 0 0.004 0.24231 1 
20 16 25 0 0.03 0.283976 1 
21 16 25 0 0.028 0.24231 1 
22 16 25 0 0.017 0.283976 1 
23 16 25 0.239304 0.003 0.24231 2 
24 16 25 0 0.015 0.24231 1 
25 16 25 0.170174 0.002 0.283976 2 
26 16 25 0 0.003 0.24231 1 
27 16 25 0 0.004 0.36731 1 
28 16 25 0 0.018 0.24231 1 
29 16 25 0 0.004 0.24231 1 
30 16 25 0 0.015 0.283976 1 
31 16 25 0 0.028 0.24231 1 
32 16 25 0 0.014 0.24231 1 
0 16 26 0 0.014 0.24231 1 
1 16 26 0.211516 0.001 0.36731 2 
2 16 26 0 0.01 0.283976 1 
3 16 26 0 0.002 0.36731 1 
4 16 26 0 0.007 0.36731 1 
5 16 26 0 0.03 0.24231 1 
6 16 26 0 0.035 0.283976 1 
7 16 26 0 0.016 0.24231 1 
8 16 26 0 0.003 0.36731 1 
9 16 26 0 0.002 0.283976 1 
10 16 26 0 0.014 0.24231 1 
11 16 26 0 0.03 0.24231 1 
12 16 26 0 0.006 0.24231 1 
13 16 26 0 0.041 0.24231 1 
14 16 26 0 0.026 0.24231 1 
15 16 26 0 0.043 0.24231 1 
16 16 26 0 0.046 0.283976 1 
17 16 26 0 0.047 0.24231 1 
18 16 26 0 0.027 0.24231 1 
19 16 26 0.218248 0.006 0.30481 2 
20 16 26 0 0.001 0.36731 1 
21 16 26 0 0.023 0.24231 1 
22 16 26 0 0.029 0.283976 1 
23 16 26 0 0.022 0.24231 1 
24 16 26 0 0.017 0.24231 1 
25 16 26 0 0.032 0.24231 1 
26 16 26 0 0.025 0.24231 1 
27 16 26 0 0.003 0.36731 1 
28 16 26 0 0.013 0.24231 1 
29 16 26 0 0.012 0.36731 1 
30 16 26 0 0.027 0.24231 1 
31 16 26 0 0.013 0.283976 1 
32 16 26 0 0.017 0.24231 1 
0 16 27 0 0.043 0.24231 1 
1 16 27 0 0.004 0.24231 1 
2 16 27 0 0.035 0.24231 1 
3 16 27 0 0.017 0.24231 1 
4 16 27 0 0.022 0.24231 1 
5 16 27 0 0.02 0.24231 1 
6 16 27 0 0.008 0.283976 1 
7 16 27 0 0.018 0.24231 1 
8 16 27 0 0.041 0.24231 1 
9 16 27 0.176274 0.005 0.24231 2 
10 16 27 0.3217 0.012 0.24231 2 
11 16 27 0 0.028 0.24231 1 
12 16 27 0 0.018 0.24231 1 
13 16 27 0 0.018 0.283976 1 
14 16 27 0 0.027 0.24231 1 
15 16 27 0 0.006 0.24231 1 
16 16 27 0 0.01 0.24231 1 
17 16 27 0 0.008 0.36731 1 
18 16 27 0 0.001 0.36731 1 
19 16 27 0.103406 0.001 0.24231 2 
20 16 27 0 0.029 0.24231 1 
21 16 27 0 0.005 0.36731 1 
22 16 27 0 0.003 0.36731 1 
23 16 27 0 0.032 0.24231 1 
24 16 27 0 0.007 0.24231 1 
25 16 27 0.113529 0.001 0.24231 2 
26 16 27 0 0.024 0.24231 1 
27 16 27 0 0.003 0.24231 1 
28 16 27 0 0.018 0.24231 1 
29 16 27 0 0.004 0.36731 1 
30 16 27 0 0.001 0.36731 1 
31 16 27 0 0.036 0.24231 1 
32 16 27 0 0.044 0.24231 1 
0 16 28 0 0.036 0.24231 1 
1 16 28 0 0.03 0.24231 1 
2 16 28 0 0.001 0.36731 1 
3 16 28 0 0.035 0.24231 1 
4 16 28 0 0.03 0.283976 1 
5 16 28 0 0.002 0.283976 1 
6 16 28 0 0.003 0.24231 1 
7 16 28 0 0.007 0.24231 1 
8 16 28 0 0.021 0.24231 1 
9 16 28 0 0.008 0.24231 1 
10 16 28 0 0.002 0.24231 1 
11 16 28 0 0.001 0.36731 1 
12 16 28 0 0.005 0.36731 1 
13 16 28 0 0.002 0.27356 1 
14 16 28 0 0.037 0.24231 1 
15 16 28 0 0.033 0.24231 1 
16 16 28 0 0.014 0.24231 1 
17 16 28 0 0.023 0.24231 1 
18 16 28 0 0.02 0.24231 1 
19 16 28 0 0.006 0.36731 1 
20 16 28 0 0.016 0.24231 1 
21 16 28 0 0.031 0.24231 1 
22 16 28 0 0.001 0.36731 1 
23 16 28 0 0.025 0.24231 1 
24 16 28 0 0.002 0.24231 1 
25 16 28 0 0.002 0.24231 1 
26 16 28 0 0.017 0.24231 1 
27 16 28 0 0.049 0.24231 1 
28 16 28 0 0.026 0.24231 1 
29 16 28 0 0.003 0.283976 1 
30 16 28 0.165042 0.006 0.36731 2 
31 16 28 0 0.008 0.283976 1 
32 16 28 0 0.013 0.24231 1 
0 16 29 0 0.017 0.24231 1 
1 16 29 0 0.001 0.36731 1 
2 16 29 0 0.007 0.283976 1 
3 16 29 0 0.034 0.24231 1 
4 16 29 0 0.032 0.24231 1 
5 16 29 0 0.027 0.24231 1 
6 16 29 0 0.026 0.24231 1 
7 16 29 0 0.003 0.24231 1 
8 16 29 0.0918046 0.001 0.24231 2 
9 16 29 0 0.012 0.24231 1 
10 16 29 0 0.027 0.24231 1 
11 16 29 0 0.02 0.24231 1 
12 16 29 0 0.003 0.24231 1 
13 16 29 0 0.037 0.24231 1 
14 16 29 0 0.003 0.36731 1 
15 16 29 0 0.003 0.24231 1 
16 16 29 0 0.012 0.24231 1 
17 16 29 0 0.018 0.24231 1 
18 16 29 0 0.023 0.231893 1 
19 16 29 0.216283 0.003 0.283976 2 
20 16 29 0 0.042 0.283976 1 
21 16 29 0 0.017 0.24231 1 
22 16 29 0 0.007 0.24231 1 
23 16 29 0 0.014 0.36731 1 
24 16 29 0 0.02 0.283976 1 
25 16 29 0.170272 0.001 0.36731 2 
26 16 29 0 0.039 0.283976 1 
27 16 29 0 0.024 0.24231 1 
28 16 29 0 0.01 0.24231 1 
29 16 29 0 0.006 0.30481 1 
30 16 29 0 0.005 0.24231 1 
31 16 29 0 0.008 0.24231 1 
32 16 29 0 0.014 0.283976 1 
0 16 30 0 0.023 0.24231 1 
1 16 30 0 0.003 0.36731 1 
2 16 30 0 0.011 0.283976 1 
3 16 30 0 0.002 0.24231 1 
4 16 30 0 0.043 0.283976 1 
5 16 30 0 0.011 0.24231 1 
6 16 30 0 0.017 0.24231 1 
7 16 30 0 0.006 0.325643 1 
8 16 30 0.358207 0.022 0.24231 2 
9 16 30 0 0.002 0.36731 1 
10 16 30 0.315455 0.001 0.36731 2 
11 16 30 0 0.003 0.36731 1 
12 16 30 0.207792 0.008 0.24231 2 
13 16 30 0.227185 0.009 0.24231 2 
14 16 30 0.152279 0.007 0.283976 2 
15 16 30 0 0.006 0.36731 1 
16 16 30 0 0.028 0.283976 1 
17 16 30 0 0.003 0.36731 1 
18 16 30 0 0.004 0.24231 1 
19 16 30 0 0.01 0.24231 1 
20 16 30 0 0.019 0.24231 1 
21 16 30 0 0.032 0.24231 1 
22 16 30 0 0.008 0.24231 1 
23 16 30 0 0.002 0.36731 1 
24 16 30 0 0.01 0.24231 1 
25 16 30 0 0.036 0.283976 1 
26 16 30 0.104133 0.001 0.24231 2 
27 16 30 0 0.01 0.24231 1 
28 16 30 0 0.026 0.24231 1 
29 16 30 0 0.001 0.36731 1 
30 16 30 0 0.012 0.24231 1 
31 16 30 0 0.009 0.283976 1 
32 16 30 0 0.014 0.24231 1 
0 16 31 0.14595 0.002 0.283976 2 
1 16 31 0 0.031 0.24231 1 
2 16 31 0 0.004 0.24231 1 
3 16 31 0 0.047 0.24231 1 
4 16 31 0 0.014 0.283976 1 
5 16 31 0 0.002 0.36731 1 
6 16 31 0 0.004 0.24231 1 
7 16 31 0 0.003 0.36731 1 
8 16 31 0 0.001 0.36731 1 
9 16 31 0 0.042 0.24231 1 
10 16 31 0 0.018 0.24231 1 
11 16 31 0 0.009 0.24231 1 
12 16 31 0 0.018 0.24231 1 
13 16 31 0 0.02 0.24231 1 
14 16 31 0 0.011 0.24231 1 
15 16 31 0 0.001 0.36731 1 
16 16 31 0 0.044 0.24231 1 
17 16 31 0 0.017 0.283976 1 
18 16 31 0 0.02 0.24231 1 
19 16 31 0.217564 0.001 0.36731 2 
20 16 31 0 0.006 0.283976 1 
21 16 31 0 0.008 0.283976 1 
22 16 31 0 0.003 0.36731 1 
23 16 31 0 0.041 0.24231 1 
24 16 31 0 0.036 0.24231 1 
25 16 31 0 0.043 0.24231 1 
26 16 31 0.222355 0.002 0.283976 2 
27 16 31 0 0.029 0.283976 1 
28 16 31 0 0.006 0.24231 1 
29 16 31 0 0.042 0.24231 1 
30 16 31 0 0.014 0.24231 1 
31 16 31 0 0.049 0.24231 1 
32 16 31 0 0.002 0.24231 1 
0 16 32 0 0.036 0.24231 1 
1 16 32 0 0.008 0.36731 1 
2 16 32 0 0.026 0.325643 1 
3 16 32 0 0.009 0.24231 1 
4 16 32 0 0.031 0.24231 1 
5 16 32 0 0.028 0.24231 1 
6 16 32 0 0.023 0.24231 1 
7 16 32 0 0.018 0.24231 1 
8 16 32 0 0.001 0.36731 1 
9 16 32 0 0.04 0.283976 1 
10 16 32 0 0.034 0.24231 1 
11 16 32 0 0.002 0.36731 1 
12 16 32 0 0.002 0.36731 1 
13 16 32 0 0.041 0.346476 1 
14 16 32 0 0.001 0.36731 1 
15 16 32 0 0.008 0.283976 1 
16 16 32 0 0.002 0.36731 1 
17 16 32 0 0.01 0.283976 1 
18 16 32 0 0.024 0.24231 1 
19 16 32 0 0.003 0.36731 1 
20 16 32 0 0.022 0.24231 1 
21 16 32 0 0.038 0.24231 1 
22 16 32 0 0.016 0.283976 1 
23 16 32 0 0.006 0.36731 1 
24 16 32 0 0.015 0.24231 1 
25 16 32 0 0.001 0.30481 1 
26 16 32 0 0.006 0.36731 1 
27 16 32 0 0.02 0.24231 1 
28 16 32 0 0.027 0.24231 1 
29 16 32 0 0.039 0.24231 1 
30 16 32 0 0.006 0.24231 1 
31 16 32 0 0.036 0.24231 1 
32 16 32 0 0.012 0.283976 1 
0 16 33 0 0.022 0.24231 1 
1 16 33 0 0.024 0.24231 1 
2 16 33 0 0.002 0.24231 1 
3 16 33 0 0.032 0.24231 1 
4 16 33 0 0.011 0.283976 1 
5 16 33 0 0.035 0.24231 1 
6 16 33 0 0.037 0.24231 1 
7 16 33 0 0.028 0.24231 1 
8 16 33 0 0.021 0.24231 1 
9 16 33 0 0.024 0.24231 1 
10 16 33 0 0.002 0.36731 1 
11 16 33 0 0.014 0.24231 1 
12 16 33 0 0.03 0.24231 1 
13 16 33 0 0.003 0.36731 1 
14 16 33 0 0.008 0.24231 1 
15 16 33 0 0.006 0.24231 1 
16 16 33 0 0.043 0.283976 1 
17 16 33 0 0.002 0.24231 1 
18 16 33 0 0.011 0.24231 1 
19 16 33 0 0.046 0.30481 1 
20 16 33 0 0.008 0.24231 1 
21 16 33 0 0.044 0.24231 1 
22 16 33 0 0.011 0.30481 1 
23 16 33 0 0.044 0.283976 1 
24 16 33 0 0.033 0.24231 1 
25 16 33 0 0.01 0.325643 1 
26 16 33 0 0.042 0.24231 1 
27 16 33 0 0.005 0.24231 1 
28 16 33 0 0.019 0.24231 1 
29 16 33 0 0.039 0.24231 1 
30 16 33 0 0.029 0.24231 1 
31 16 33 0 0.018 0.24231 1 
32 16 33 0 0.02 0.24231 1 
0 16 34 0 0.036 0.24231 1 
1 16 34 0 0.006 0.24231 1 
2 16 34 0 0.015 0.24231 1 
3 16 34 0 0.012 0.24231 1 
4 16 34 0 0.003 0.36731 1 
5 16 34 0 0.006 0.24231 1 
6 16 34 0 0.009 0.24231 1 
7 16 34 0 0.002 0.36731 1 
8 16 34 0 0.025 0.24231 1 
9 16 34 0 0.032 0.24231 1 
10 16 34 0 0.039 0.24231 1 
11 16 34 0 0.033 0.283976 1 
12 16 34 0 0.032 0.24231 1 
13 16 34 0 0.003 0.24231 1 
14 16 34 0 0.008 0.36731 1 
15 16 34 0 0.039 0.24231 1 
16 16 34 0 0.016 0.24231 1 
17 16 34 0 0.045 0.24231 1 
18 16 34 0 0.023 0.24231 1 
19 16 34 0 0.044 0.24231 1 
20 16 34 0 0.019 0.24231 1 
21 16 34 0 0.002 0.36731 1 
22 16 34 0 0.013 0.24231 1 
23 16 34 0 0.033 0.30481 1 
24 16 34 0 0.032 0.24231 1 
25 16 34 0 0.002 0.36731 1 
26 16 34 0 0.029 0.24231 1 
27 16 34 0 0.028 0.283976 1 
28 16 34 0 0.042 0.24231 1 
29 16 34 0 0.011 0.24231 1 
30 16 34 0 0.012 0.24231 1 
31 16 34 0 0.023 0.24231 1 
32 16 34 0 0.001 0.24231 1 
0 16 35 0 0.001 0 1 
1 16 35 0 0.001 0 1 
2 16 35 0 0.001 0 1 
3 16 35 0 0.001 0 1 
4 16 35 0 0.001 0 1 
5 16 35 0 0.001 0 1 
6 16 35 0 0.001 0 1 
7 16 35 0 0.001 0 1 
8 16 35 0 0.001 0 1 
9 16 35 0 0.001 0 1 
10 16 35 0 0.001 0 1 
11 16 35 0 0.001 0 1 
12 16 35 0 0.001 0 1 
13 16 35 0 0.001 0 1 
14 16 35 0 0.001 0 1 
15 16 35 0 0.001 0 1 
16 16 35 0 0.001 0 1 
17 16 35 0 0.001 0 1 
18 16 35 0 0.001 0 1 
19 16 35 0 0.001 0 1 
20 16 35 0 0.001 0 1 
21 16 35 0 0.001 0 1 
22 16 35 0 0.001 0 1 
23 16 35 0 0.001 0 1 
24 16 35 0 0.001 0 1 
25 16 35 0 0.001 0 1 
26 16 35 0 0.001 0 1 
27 16 35 0 0.001 0 1 
28 16 35 0 0.001 0 1 
29 16 35 0 0.001 0 1 
30 16 35 0 0.001 0 1 
31 16 35 0 0.001 0 1 
32 16 35 0 0.001 0 1 
0 16 36 0 0.001 0 1 
1 16 36 0 0.001 0 1 
2 16 36 0 0.001 0 1 
3 16 36 0 0.001 0 1 
4 16 36 0 0.001 0 1 
5 16 36 0 0.001 0 1 
6 16 36 0 0.001 0 1 
7 16 36 0 0.001 0 1 
8 16 36 0 0.001 0 1 
9 16 36 0 0.001 0 1 
10 16 36 0 0.001 0 1 
11 16 36 0 0.001 0 1 
12 16 36 0 0.001 0 1 
13 16 36 0 0.001 0 1 
14 16 36 0 0.001 0 1 
15 16 36 0 0.001 0 1 
16 16 36 0 0.001 0 1 
17 16 36 0 0.001 0 1 
18 16 36 0 0.001 0 1 
19 16 36 0 0.001 0 1 
20 16 36 0 0.001 0 1 
21 16 36 0 0.001 0 1 
22 16 36 0 0.001 0 1 
23 16 36 0 0.001 0 1 
24 16 36 0 0.001 0 1 
25 16 36 0 0.001 0 1 
26 16 36 0 0.001 0 1 
27 16 36 0 0.001 0 1 
28 16 36 0 0.001 0 1 
29 16 36 0 0.001 0 1 
30 16 36 0 0.001 0 1 
31 16 36 0 0.001 0 1 
32 16 36 0 0.001 0 1 
0 16 37 0 0.001 0 1 
1 16 37 0 0.001 0 1 
2 16 37 0 0.001 0 1 
3 16 37 0 0.001 0 1 
4 16 37 0 0.001 0 1 
5 16 37 0 0.001 0 1 
6 16 37 0 0.001 0 1 
7 16 37 0 0.001 0 1 
8 16 37 0 0.001 0 1 
9 16 37 0 0.001 0 1 
10 16 37 0 0.001 0 1 
11 16 37 0 0.001 0 1 
12 16 37 0 0.001 0 1 
13 16 37 0 0.001 0 1 
14 16 37 0 0.001 0 1 
15 16 37 0 0.001 0 1 
16 16 37 0 0.001 0 1 
17 16 37 0 0.001 0 1 
18 16 37 0 0.001 0 1 
19 16 37 0 0.001 0 1 
20 16 37 0 0.001 0 1 
21 16 37 0 0.001 0 1 
22 16 37 0 0.001 0 1 
23 16 37 0 0.001 0 1 
24 16 37 0 0.001 0 1 
25 16 37 0 0.001 0 1 
26 16 37 0 0.001 0 1 
27 16 37 0 0.001 0 1 
28 16 37 0 0.001 0 1 
29 16 37 0 0.001 0 1 
30 16 37 0 0.001 0 1 
31 16 37 0 0.001 0 1 
32 16 37 0 0.001 0 1 
0 16 38 0 0.001 0 1 
1 16 38 0 0.001 0 1 
2 16 38 0 0.001 0 1 
3 16 38 0 0.001 0 1 
4 16 38 0 0.001 0 1 
5 16 38 0 0.001 0 1 
6 16 38 0 0.001 0 1 
7 16 38 0 0.001 0 1 
8 16 38 0 0.001 0 1 
9 16 38 0 0.001 0 1 
10 16 38 0 0.001 0 1 
11 16 38 0 0.001 0 1 
12 16 38 0 0.001 0 1 
13 16 38 0 0.001 0 1 
14 16 38 0 0.001 0 1 
15 16 38 0 0.001 0 1 
16 16 38 0 0.001 0 1 
17 16 38 0 0.001 0 1 
18 16 38 0 0.001 0 1 
19 16 38 0 0.001 0 1 
20 16 38 0 0.001 0 1 
21 16 38 0 0.001 0 1 
22 16 38 0 0.001 0 1 
23 16 38 0 0.001 0 1 
24 16 38 0 0.001 0 1 
25 16 38 0 0.001 0 1 
26 16 38 0 0.001 0 1 
27 16 38 0 0.001 0 1 
28 16 38 0 0.001 0 1 
29 16 38 0 0.001 0 1 
30 16 38 0 0.001 0 1 
31 16 38 0 0.001 0 1 
32 16 38 0 0.001 0 1 
0 16 39 0 0.001 0 1 
1 16 39 0 0.001 0 1 
2 16 39 0 0.001 0 1 
3 16 39 0 0.001 0 1 
4 16 39 0 0.001 0 1 
5 16 39 0 0.001 0 1 
6 16 39 0 0.001 0 1 
7 16 39 0 0.001 0 1 
8 16 39 0 0.001 0 1 
9 16 39 0 0.001 0 1 
10 16 39 0 0.001 0 1 
11 16 39 0 0.001 0 1 
12 16 39 0 0.001 0 1 
13 16 39 0 0.001 0 1 
14 16 39 0 0.001 0 1 
15 16 39 0 0.001 0 1 
16 16 39 0 0.001 0 1 
17 16 39 0 0.001 0 1 
18 16 39 0 0.001 0 1 
19 16 39 0 0.001 0 1 
20 16 39 0 0.001 0 1 
21 16 39 0 0.001 0 1 
22 16 39 0 0.001 0 1 
23 16 39 0 0.001 0 1 
24 16 39 0 0.001 0 1 
25 16 39 0 0.001 0 1 
26 16 39 0 0.001 0 1 
27 16 39 0 0.001 0 1 
28 16 39 0 0.001 0 1 
29 16 39 0 0.001 0 1 
30 16 39 0 0.001 0 1 
31 16 39 0 0.001 0 1 
32 16 39 0 0.001 0 1 
0 16 40 0 0.001 0 1 
1 16 40 0 0.001 0 1 
2 16 40 0 0.001 0 1 
3 16 40 0 0.001 0 1 
4 16 40 0 0.001 0 1 
5 16 40 0 0.001 0 1 
6 16 40 0 0.001 0 1 
7 16 40 0 0.001 0 1 
8 16 40 0 0.001 0 1 
9 16 40 0 0.001 0 1 
10 16 40 0 0.001 0 1 
11 16 40 0 0.001 0 1 
12 16 40 0 0.001 0 1 
13 16 40 0 0.001 0 1 
14 16 40 0 0.001 0 1 
15 16 40 0 0.001 0 1 
16 16 40 0 0.001 0 1 
17 16 40 0 0.001 0 1 
18 16 40 0 0.001 0 1 
19 16 40 0 0.001 0 1 
20 16 40 0 0.001 0 1 
21 16 40 0 0.001 0 1 
22 16 40 0 0.001 0 1 
23 16 40 0 0.001 0 1 
24 16 40 0 0.001 0 1 
25 16 40 0 0.001 0 1 
26 16 40 0 0.001 0 1 
27 16 40 0 0.001 0 1 
28 16 40 0 0.001 0 1 
29 16 40 0 0.001 0 1 
30 16 40 0 0.001 0 1 
31 16 40 0 0.001 0 1 
32 16 40 0 0.001 0 1 
0 16 41 0 0.001 0 1 
1 16 41 0 0.001 0 1 
2 16 41 0 0.001 0 1 
3 16 41 0 0.001 0 1 
4 16 41 0 0.001 0 1 
5 16 41 0 0.001 0 1 
6 16 41 0 0.001 0 1 
7 16 41 0 0.001 0 1 
8 16 41 0 0.001 0 1 
9 16 41 0 0.001 0 1 
10 16 41 0 0.001 0 1 
11 16 41 0 0.001 0 1 
12 16 41 0 0.001 0 1 
13 16 41 0 0.001 0 1 
14 16 41 0 0.001 0 1 
15 16 41 0 0.001 0 1 
16 16 41 0 0.001 0 1 
17 16 41 0 0.001 0 1 
18 16 41 0 0.001 0 1 
19 16 41 0 0.001 0 1 
20 16 41 0 0.001 0 1 
21 16 41 0 0.001 0 1 
22 16 41 0 0.001 0 1 
23 16 41 0 0.001 0 1 
24 16 41 0 0.001 0 1 
25 16 41 0 0.001 0 1 
26 16 41 0 0.001 0 1 
27 16 41 0 0.001 0 1 
28 16 41 0 0.001 0 1 
29 16 41 0 0.001 0 1 
30 16 41 0 0.001 0 1 
31 16 41 0 0.001 0 1 
32 16 41 0 0.001 0 1 
0 16 42 0 0.001 0 1 
1 16 42 0 0.001 0 1 
2 16 42 0 0.001 0 1 
3 16 42 0 0.001 0 1 
4 16 42 0 0.001 0 1 
5 16 42 0 0.001 0 1 
6 16 42 0 0.001 0 1 
7 16 42 0 0.001 0 1 
8 16 42 0 0.001 0 1 
9 16 42 0 0.001 0 1 
10 16 42 0 0.001 0 1 
11 16 42 0 0.001 0 1 
12 16 42 0 0.001 0 1 
13 16 42 0 0.001 0 1 
14 16 42 0 0.001 0 1 
15 16 42 0 0.001 0 1 
16 16 42 0 0.001 0 1 
17 16 42 0 0.001 0 1 
18 16 42 0 0.001 0 1 
19 16 42 0 0.001 0 1 
20 16 42 0 0.001 0 1 
21 16 42 0 0.001 0 1 
22 16 42 0 0.001 0 1 
23 16 42 0 0.001 0 1 
24 16 42 0 0.001 0 1 
25 16 42 0 0.001 0 1 
26 16 42 0 0.001 0 1 
27 16 42 0 0.001 0 1 
28 16 42 0 0.001 0 1 
29 16 42 0 0.001 0 1 
30 16 42 0 0.001 0 1 
31 16 42 0 0.001 0 1 
32 16 42 0 0.001 0 1 
0 16 43 0 0.001 0 1 
1 16 43 0 0.001 0 1 
2 16 43 0 0.001 0 1 
3 16 43 0 0.001 0 1 
4 16 43 0 0.001 0 1 
5 16 43 0 0.001 0 1 
6 16 43 0 0.001 0 1 
7 16 43 0 0.001 0 1 
8 16 43 0 0.001 0 1 
9 16 43 0 0.001 0 1 
10 16 43 0 0.001 0 1 
11 16 43 0 0.001 0 1 
12 16 43 0 0.001 0 1 
13 16 43 0 0.001 0 1 
14 16 43 0 0.001 0 1 
15 16 43 0 0.001 0 1 
16 16 43 0 0.001 0 1 
17 16 43 0 0.001 0 1 
18 16 43 0 0.001 0 1 
19 16 43 0 0.001 0 1 
20 16 43 0 0.001 0 1 
21 16 43 0 0.001 0 1 
22 16 43 0 0.001 0 1 
23 16 43 0 0.001 0 1 
24 16 43 0 0.001 0 1 
25 16 43 0 0.001 0 1 
26 16 43 0 0.001 0 1 
27 16 43 0 0.001 0 1 
28 16 43 0 0.001 0 1 
29 16 43 0 0.001 0 1 
30 16 43 0 0.001 0 1 
31 16 43 0 0.001 0 1 
32 16 43 0 0.001 0 1 
0 16 44 0 0.001 0 1 
1 16 44 0 0.001 0 1 
2 16 44 0 0.001 0 1 
3 16 44 0 0.001 0 1 
4 16 44 0 0.001 0 1 
5 16 44 0 0.001 0 1 
6 16 44 0 0.001 0 1 
7 16 44 0 0.001 0 1 
8 16 44 0 0.001 0 1 
9 16 44 0 0.001 0 1 
10 16 44 0 0.001 0 1 
11 16 44 0 0.001 0 1 
12 16 44 0 0.001 0 1 
13 16 44 0 0.001 0 1 
14 16 44 0 0.001 0 1 
15 16 44 0 0.001 0 1 
16 16 44 0 0.001 0 1 
17 16 44 0 0.001 0 1 
18 16 44 0 0.001 0 1 
19 16 44 0 0.001 0 1 
20 16 44 0 0.001 0 1 
21 16 44 0 0.001 0 1 
22 16 44 0 0.001 0 1 
23 16 44 0 0.001 0 1 
24 16 44 0 0.001 0 1 
25 16 44 0 0.001 0 1 
26 16 44 0 0.001 0 1 
27 16 44 0 0.001 0 1 
28 16 44 0 0.001 0 1 
29 16 44 0 0.001 0 1 
30 16 44 0 0.001 0 1 
31 16 44 0 0.001 0 1 
32 16 44 0 0.001 0 1 
0 16 45 0 0.001 0 1 
1 16 45 0 0.001 0 1 
2 16 45 0 0.001 0 1 
3 16 45 0 0.001 0 1 
4 16 45 0 0.001 0 1 
5 16 45 0 0.001 0 1 
6 16 45 0 0.001 0 1 
7 16 45 0 0.001 0 1 
8 16 45 0 0.001 0 1 
9 16 45 0 0.001 0 1 
10 16 45 0 0.001 0 1 
11 16 45 0 0.001 0 1 
12 16 45 0 0.001 0 1 
13 16 45 0 0.001 0 1 
14 16 45 0 0.001 0 1 
15 16 45 0 0.001 0 1 
16 16 45 0 0.001 0 1 
17 16 45 0 0.001 0 1 
18 16 45 0 0.001 0 1 
19 16 45 0 0.001 0 1 
20 16 45 0 0.001 0 1 
21 16 45 0 0.001 0 1 
22 16 45 0 0.001 0 1 
23 16 45 0 0.001 0 1 
24 16 45 0 0.001 0 1 
25 16 45 0 0.001 0 1 
26 16 45 0 0.001 0 1 
27 16 45 0 0.001 0 1 
28 16 45 0 0.001 0 1 
29 16 45 0 0.001 0 1 
30 16 45 0 0.001 0 1 
31 16 45 0 0.001 0 1 
32 16 45 0 0.001 0 1 
0 16 46 0 0.001 0 1 
1 16 46 0 0.001 0 1 
2 16 46 0 0.001 0 1 
3 16 46 0 0.001 0 1 
4 16 46 0 0.001 0 1 
5 16 46 0 0.001 0 1 
6 16 46 0 0.001 0 1 
7 16 46 0 0.001 0 1 
8 16 46 0 0.001 0 1 
9 16 46 0 0.001 0 1 
10 16 46 0 0.001 0 1 
11 16 46 0 0.001 0 1 
12 16 46 0 0.001 0 1 
13 16 46 0 0.001 0 1 
14 16 46 0 0.001 0 1 
15 16 46 0 0.001 0 1 
16 16 46 0 0.001 0 1 
17 16 46 0 0.001 0 1 
18 16 46 0 0.001 0 1 
19 16 46 0 0.001 0 1 
20 16 46 0 0.001 0 1 
21 16 46 0 0.001 0 1 
22 16 46 0 0.001 0 1 
23 16 46 0 0.001 0 1 
24 16 46 0 0.001 0 1 
25 16 46 0 0.001 0 1 
26 16 46 0 0.001 0 1 
27 16 46 0 0.001 0 1 
28 16 46 0 0.001 0 1 
29 16 46 0 0.001 0 1 
30 16 46 0 0.001 0 1 
31 16 46 0 0.001 0 1 
32 16 46 0 0.001 0 1 
0 16 47 0 0.001 0 1 
1 16 47 0 0.001 0 1 
2 16 47 0 0.001 0 1 
3 16 47 0 0.001 0 1 
4 16 47 0 0.001 0 1 
5 16 47 0 0.001 0 1 
6 16 47 0 0.001 0 1 
7 16 47 0 0.001 0 1 
8 16 47 0 0.001 0 1 
9 16 47 0 0.001 0 1 
10 16 47 0 0.001 0 1 
11 16 47 0 0.001 0 1 
12 16 47 0 0.001 0 1 
13 16 47 0 0.001 0 1 
14 16 47 0 0.001 0 1 
15 16 47 0 0.001 0 1 
16 16 47 0 0.001 0 1 
17 16 47 0 0.001 0 1 
18 16 47 0 0.001 0 1 
19 16 47 0 0.001 0 1 
20 16 47 0 0.001 0 1 
21 16 47 0 0.001 0 1 
22 16 47 0 0.001 0 1 
23 16 47 0 0.001 0 1 
24 16 47 0 0.001 0 1 
25 16 47 0 0.001 0 1 
26 16 47 0 0.001 0 1 
27 16 47 0 0.001 0 1 
28 16 47 0 0.001 0 1 
29 16 47 0 0.001 0 1 
30 16 47 0 0.001 0 1 
31 16 47 0 0.001 0 1 
32 16 47 0 0.001 0 1 
0 16 48 0 0.001 0 1 
1 16 48 0 0.001 0 1 
2 16 48 0 0.001 0 1 
3 16 48 0 0.001 0 1 
4 16 48 0 0.001 0 1 
5 16 48 0 0.001 0 1 
6 16 48 0 0.001 0 1 
7 16 48 0 0.001 0 1 
8 16 48 0 0.001 0 1 
9 16 48 0 0.001 0 1 
10 16 48 0 0.001 0 1 
11 16 48 0 0.001 0 1 
12 16 48 0 0.001 0 1 
13 16 48 0 0.001 0 1 
14 16 48 0 0.001 0 1 
15 16 48 0 0.001 0 1 
16 16 48 0 0.001 0 1 
17 16 48 0 0.001 0 1 
18 16 48 0 0.001 0 1 
19 16 48 0 0.001 0 1 
20 16 48 0 0.001 0 1 
21 16 48 0 0.001 0 1 
22 16 48 0 0.001 0 1 
23 16 48 0 0.001 0 1 
24 16 48 0 0.001 0 1 
25 16 48 0 0.001 0 1 
26 16 48 0 0.001 0 1 
27 16 48 0 0.001 0 1 
28 16 48 0 0.001 0 1 
29 16 48 0 0.001 0 1 
30 16 48 0 0.001 0 1 
31 16 48 0 0.001 0 1 
32 16 48 0 0.001 0 1 
0 16 49 0 0.001 0 1 
1 16 49 0 0.001 0 1 
2 16 49 0 0.001 0 1 
3 16 49 0 0.001 0 1 
4 16 49 0 0.001 0 1 
5 16 49 0 0.001 0 1 
6 16 49 0 0.001 0 1 
7 16 49 0 0.001 0 1 
8 16 49 0 0.001 0 1 
9 16 49 0 0.001 0 1 
10 16 49 0 0.001 0 1 
11 16 49 0 0.001 0 1 
12 16 49 0 0.001 0 1 
13 16 49 0 0.001 0 1 
14 16 49 0 0.001 0 1 
15 16 49 0 0.001 0 1 
16 16 49 0 0.001 0 1 
17 16 49 0 0.001 0 1 
18 16 49 0 0.001 0 1 
19 16 49 0 0.001 0 1 
20 16 49 0 0.001 0 1 
21 16 49 0 0.001 0 1 
22 16 49 0 0.001 0 1 
23 16 49 0 0.001 0 1 
24 16 49 0 0.001 0 1 
25 16 49 0 0.001 0 1 
26 16 49 0 0.001 0 1 
27 16 49 0 0.001 0 1 
28 16 49 0 0.001 0 1 
29 16 49 0 0.001 0 1 
30 16 49 0 0.001 0 1 
31 16 49 0 0.001 0 1 
32 16 49 0 0.001 0 1 
0 16 50 0 0.001 0 1 
1 16 50 0 0.001 0 1 
2 16 50 0 0.001 0 1 
3 16 50 0 0.001 0 1 
4 16 50 0 0.001 0 1 
5 16 50 0 0.001 0 1 
6 16 50 0 0.001 0 1 
7 16 50 0 0.001 0 1 
8 16 50 0 0.001 0 1 
9 16 50 0 0.001 0 1 
10 16 50 0 0.001 0 1 
11 16 50 0 0.001 0 1 
12 16 50 0 0.001 0 1 
13 16 50 0 0.001 0 1 
14 16 50 0 0.001 0 1 
15 16 50 0 0.001 0 1 
16 16 50 0 0.001 0 1 
17 16 50 0 0.001 0 1 
18 16 50 0 0.001 0 1 
19 16 50 0 0.001 0 1 
20 16 50 0 0.001 0 1 
21 16 50 0 0.001 0 1 
22 16 50 0 0.001 0 1 
23 16 50 0 0.001 0 1 
24 16 50 0 0.001 0 1 
25 16 50 0 0.001 0 1 
26 16 50 0 0.001 0 1 
27 16 50 0 0.001 0 1 
28 16 50 0 0.001 0 1 
29 16 50 0 0.001 0 1 
30 16 50 0 0.001 0 1 
31 16 50 0 0.001 0 1 
32 16 50 0 0.001 0 1 
0 16 51 0 0.001 0 1 
1 16 51 0 0.001 0 1 
2 16 51 0 0.001 0 1 
3 16 51 0 0.001 0 1 
4 16 51 0 0.001 0 1 
5 16 51 0 0.001 0 1 
6 16 51 0 0.001 0 1 
7 16 51 0 0.001 0 1 
8 16 51 0 0.001 0 1 
9 16 51 0 0.001 0 1 
10 16 51 0 0.001 0 1 
11 16 51 0 0.001 0 1 
12 16 51 0 0.001 0 1 
13 16 51 0 0.001 0 1 
14 16 51 0 0.001 0 1 
15 16 51 0 0.001 0 1 
16 16 51 0 0.001 0 1 
17 16 51 0 0.001 0 1 
18 16 51 0 0.001 0 1 
19 16 51 0 0.001 0 1 
20 16 51 0 0.001 0 1 
21 16 51 0 0.001 0 1 
22 16 51 0 0.001 0 1 
23 16 51 0 0.001 0 1 
24 16 51 0 0.001 0 1 
25 16 51 0 0.001 0 1 
26 16 51 0 0.001 0 1 
27 16 51 0 0.001 0 1 
28 16 51 0 0.001 0 1 
29 16 51 0 0.001 0 1 
30 16 51 0 0.001 0 1 
31 16 51 0 0.001 0 1 
32 16 51 0 0.001 0 1 
0 16 52 0 0.001 0 1 
1 16 52 0 0.001 0 1 
2 16 52 0 0.001 0 1 
3 16 52 0 0.001 0 1 
4 16 52 0 0.001 0 1 
5 16 52 0 0.001 0 1 
6 16 52 0 0.001 0 1 
7 16 52 0 0.001 0 1 
8 16 52 0 0.001 0 1 
9 16 52 0 0.001 0 1 
10 16 52 0 0.001 0 1 
11 16 52 0 0.001 0 1 
12 16 52 0 0.001 0 1 
13 16 52 0 0.001 0 1 
14 16 52 0 0.001 0 1 
15 16 52 0 0.001 0 1 
16 16 52 0 0.001 0 1 
17 16 52 0 0.001 0 1 
18 16 52 0 0.001 0 1 
19 16 52 0 0.001 0 1 
20 16 52 0 0.001 0 1 
21 16 52 0 0.001 0 1 
22 16 52 0 0.001 0 1 
23 16 52 0 0.001 0 1 
24 16 52 0 0.001 0 1 
25 16 52 0 0.001 0 1 
26 16 52 0 0.001 0 1 
27 16 52 0 0.001 0 1 
28 16 52 0 0.001 0 1 
29 16 52 0 0.001 0 1 
30 16 52 0 0.001 0 1 
31 16 52 0 0.001 0 1 
32 16 52 0 0.001 0 1 
0 16 53 0 0.001 0 1 
1 16 53 0 0.001 0 1 
2 16 53 0 0.001 0 1 
3 16 53 0 0.001 0 1 
4 16 53 0 0.001 0 1 
5 16 53 0 0.001 0 1 
6 16 53 0 0.001 0 1 
7 16 53 0 0.001 0 1 
8 16 53 0 0.001 0 1 
9 16 53 0 0.001 0 1 
10 16 53 0 0.001 0 1 
11 16 53 0 0.001 0 1 
12 16 53 0 0.001 0 1 
13 16 53 0 0.001 0 1 
14 16 53 0 0.001 0 1 
15 16 53 0 0.001 0 1 
16 16 53 0 0.001 0 1 
17 16 53 0 0.001 0 1 
18 16 53 0 0.001 0 1 
19 16 53 0 0.001 0 1 
20 16 53 0 0.001 0 1 
21 16 53 0 0.001 0 1 
22 16 53 0 0.001 0 1 
23 16 53 0 0.001 0 1 
24 16 53 0 0.001 0 1 
25 16 53 0 0.001 0 1 
26 16 53 0 0.001 0 1 
27 16 53 0 0.001 0 1 
28 16 53 0 0.001 0 1 
29 16 53 0 0.001 0 1 
30 16 53 0 0.001 0 1 
31 16 53 0 0.001 0 1 
32 16 53 0 0.001 0 1 
0 16 54 0 0.001 0 1 
1 16 54 0 0.001 0 1 
2 16 54 0 0.001 0 1 
3 16 54 0 0.001 0 1 
4 16 54 0 0.001 0 1 
5 16 54 0 0.001 0 1 
6 16 54 0 0.001 0 1 
7 16 54 0 0.001 0 1 
8 16 54 0 0.001 0 1 
9 16 54 0 0.001 0 1 
10 16 54 0 0.001 0 1 
11 16 54 0 0.001 0 1 
12 16 54 0 0.001 0 1 
13 16 54 0 0.001 0 1 
14 16 54 0 0.001 0 1 
15 16 54 0 0.001 0 1 
16 16 54 0 0.001 0 1 
17 16 54 0 0.001 0 1 
18 16 54 0 0.001 0 1 
19 16 54 0 0.001 0 1 
20 16 54 0 0.001 0 1 
21 16 54 0 0.001 0 1 
22 16 54 0 0.001 0 1 
23 16 54 0 0.001 0 1 
24 16 54 0 0.001 0 1 
25 16 54 0 0.001 0 1 
26 16 54 0 0.001 0 1 
27 16 54 0 0.001 0 1 
28 16 54 0 0.001 0 1 
29 16 54 0 0.001 0 1 
30 16 54 0 0.001 0 1 
31 16 54 0 0.001 0 1 
32 16 54 0 0.001 0 1 
0 16 55 0 0.001 0 1 
1 16 55 0 0.001 0 1 
2 16 55 0 0.001 0 1 
3 16 55 0 0.001 0 1 
4 16 55 0 0.001 0 1 
5 16 55 0 0.001 0 1 
6 16 55 0 0.001 0 1 
7 16 55 0 0.001 0 1 
8 16 55 0 0.001 0 1 
9 16 55 0 0.001 0 1 
10 16 55 0 0.001 0 1 
11 16 55 0 0.001 0 1 
12 16 55 0 0.001 0 1 
13 16 55 0 0.001 0 1 
14 16 55 0 0.001 0 1 
15 16 55 0 0.001 0 1 
16 16 55 0 0.001 0 1 
17 16 55 0 0.001 0 1 
18 16 55 0 0.001 0 1 
19 16 55 0 0.001 0 1 
20 16 55 0 0.001 0 1 
21 16 55 0 0.001 0 1 
22 16 55 0 0.001 0 1 
23 16 55 0 0.001 0 1 
24 16 55 0 0.001 0 1 
25 16 55 0 0.001 0 1 
26 16 55 0 0.001 0 1 
27 16 55 0 0.001 0 1 
28 16 55 0 0.001 0 1 
29 16 55 0 0.001 0 1 
30 16 55 0 0.001 0 1 
31 16 55 0 0.001 0 1 
32 16 55 0 0.001 0 1 
0 16 56 0 0.001 0 1 
1 16 56 0 0.001 0 1 
2 16 56 0 0.001 0 1 
3 16 56 0 0.001 0 1 
4 16 56 0 0.001 0 1 
5 16 56 0 0.001 0 1 
6 16 56 0 0.001 0 1 
7 16 56 0 0.001 0 1 
8 16 56 0 0.001 0 1 
9 16 56 0 0.001 0 1 
10 16 56 0 0.001 0 1 
11 16 56 0 0.001 0 1 
12 16 56 0 0.001 0 1 
13 16 56 0 0.001 0 1 
14 16 56 0 0.001 0 1 
15 16 56 0 0.001 0 1 
16 16 56 0 0.001 0 1 
17 16 56 0 0.001 0 1 
18 16 56 0 0.001 0 1 
19 16 56 0 0.001 0 1 
20 16 56 0 0.001 0 1 
21 16 56 0 0.001 0 1 
22 16 56 0 0.001 0 1 
23 16 56 0 0.001 0 1 
24 16 56 0 0.001 0 1 
25 16 56 0 0.001 0 1 
26 16 56 0 0.001 0 1 
27 16 56 0 0.001 0 1 
28 16 56 0 0.001 0 1 
29 16 56 0 0.001 0 1 
30 16 56 0 0.001 0 1 
31 16 56 0 0.001 0 1 
32 16 56 0 0.001 0 1 
0 16 57 0 0.001 0 1 
1 16 57 0 0.001 0 1 
2 16 57 0 0.001 0 1 
3 16 57 0 0.001 0 1 
4 16 57 0 0.001 0 1 
5 16 57 0 0.001 0 1 
6 16 57 0 0.001 0 1 
7 16 57 0 0.001 0 1 
8 16 57 0 0.001 0 1 
9 16 57 0 0.001 0 1 
10 16 57 0 0.001 0 1 
11 16 57 0 0.001 0 1 
12 16 57 0 0.001 0 1 
13 16 57 0 0.001 0 1 
14 16 57 0 0.001 0 1 
15 16 57 0 0.001 0 1 
16 16 57 0 0.001 0 1 
17 16 57 0 0.001 0 1 
18 16 57 0 0.001 0 1 
19 16 57 0 0.001 0 1 
20 16 57 0 0.001 0 1 
21 16 57 0 0.001 0 1 
22 16 57 0 0.001 0 1 
23 16 57 0 0.001 0 1 
24 16 57 0 0.001 0 1 
25 16 57 0 0.001 0 1 
26 16 57 0 0.001 0 1 
27 16 57 0 0.001 0 1 
28 16 57 0 0.001 0 1 
29 16 57 0 0.001 0 1 
30 16 57 0 0.001 0 1 
31 16 57 0 0.001 0 1 
32 16 57 0 0.001 0 1 
0 16 58 0 0.001 0 1 
1 16 58 0 0.001 0 1 
2 16 58 0 0.001 0 1 
3 16 58 0 0.001 0 1 
4 16 58 0 0.001 0 1 
5 16 58 0 0.001 0 1 
6 16 58 0 0.001 0 1 
7 16 58 0 0.001 0 1 
8 16 58 0 0.001 0 1 
9 16 58 0 0.001 0 1 
10 16 58 0 0.001 0 1 
11 16 58 0 0.001 0 1 
12 16 58 0 0.001 0 1 
13 16 58 0 0.001 0 1 
14 16 58 0 0.001 0 1 
15 16 58 0 0.001 0 1 
16 16 58 0 0.001 0 1 
17 16 58 0 0.001 0 1 
18 16 58 0 0.001 0 1 
19 16 58 0 0.001 0 1 
20 16 58 0 0.001 0 1 
21 16 58 0 0.001 0 1 
22 16 58 0 0.001 0 1 
23 16 58 0 0.001 0 1 
24 16 58 0 0.001 0 1 
25 16 58 0 0.001 0 1 
26 16 58 0 0.001 0 1 
27 16 58 0 0.001 0 1 
28 16 58 0 0.001 0 1 
29 16 58 0 0.001 0 1 
30 16 58 0 0.001 0 1 
31 16 58 0 0.001 0 1 
32 16 58 0 0.001 0 1 
0 16 59 0 0.001 0 1 
1 16 59 0 0.001 0 1 
2 16 59 0 0.001 0 1 
3 16 59 0 0.001 0 1 
4 16 59 0 0.001 0 1 
5 16 59 0 0.001 0 1 
6 16 59 0 0.001 0 1 
7 16 59 0 0.001 0 1 
8 16 59 0 0.001 0 1 
9 16 59 0 0.001 0 1 
10 16 59 0 0.001 0 1 
11 16 59 0 0.001 0 1 
12 16 59 0 0.001 0 1 
13 16 59 0 0.001 0 1 
14 16 59 0 0.001 0 1 
15 16 59 0 0.001 0 1 
16 16 59 0 0.001 0 1 
17 16 59 0 0.001 0 1 
18 16 59 0 0.001 0 1 
19 16 59 0 0.001 0 1 
20 16 59 0 0.001 0 1 
21 16 59 0 0.001 0 1 
22 16 59 0 0.001 0 1 
23 16 59 0 0.001 0 1 
24 16 59 0 0.001 0 1 
25 16 59 0 0.001 0 1 
26 16 59 0 0.001 0 1 
27 16 59 0 0.001 0 1 
28 16 59 0 0.001 0 1 
29 16 59 0 0.001 0 1 
30 16 59 0 0.001 0 1 
31 16 59 0 0.001 0 1 
32 16 59 0 0.001 0 1 
0 16 60 0 0.001 0 1 
1 16 60 0 0.001 0 1 
2 16 60 0 0.001 0 1 
3 16 60 0 0.001 0 1 
4 16 60 0 0.001 0 1 
5 16 60 0 0.001 0 1 
6 16 60 0 0.001 0 1 
7 16 60 0 0.001 0 1 
8 16 60 0 0.001 0 1 
9 16 60 0 0.001 0 1 
10 16 60 0 0.001 0 1 
11 16 60 0 0.001 0 1 
12 16 60 0 0.001 0 1 
13 16 60 0 0.001 0 1 
14 16 60 0 0.001 0 1 
15 16 60 0 0.001 0 1 
16 16 60 0 0.001 0 1 
17 16 60 0 0.001 0 1 
18 16 60 0 0.001 0 1 
19 16 60 0 0.001 0 1 
20 16 60 0 0.001 0 1 
21 16 60 0 0.001 0 1 
22 16 60 0 0.001 0 1 
23 16 60 0 0.001 0 1 
24 16 60 0 0.001 0 1 
25 16 60 0 0.001 0 1 
26 16 60 0 0.001 0 1 
27 16 60 0 0.001 0 1 
28 16 60 0 0.001 0 1 
29 16 60 0 0.001 0 1 
30 16 60 0 0.001 0 1 
31 16 60 0 0.001 0 1 
32 16 60 0 0.001 0 1 
