0 17 0 0.000125586 0.029 0.0129166 1 
1 17 0 0.000125586 0.01 0.00841081 1 
2 17 0 0.000125586 0.018 0.00942925 1 
3 17 0 0.00146616 0.035 0.0123863 3 
4 17 0 0.000125586 0.043 0.0120928 1 
5 17 0 0.109852 0.001 0.012696 18 
6 17 0 0.000847789 0.009 0.0132784 1 
7 17 0 0.00817206 0.043 0.013596 7 
8 17 0 0.000971912 0.038 0.0101933 2 
9 17 0 0.0179267 0.006 0.0124178 21 
10 17 0 0 0.029 0.00990641 1 
11 17 0 0.000578393 0.039 0.0109256 1 
12 17 0 0.00468643 0.043 0.00882097 10 
13 17 0 0.0121335 0.025 0.0114078 15 
14 17 0 0.000125586 0.01 0.0106749 1 
15 17 0 0.000125586 0.028 0.00952876 1 
16 17 0 0.000252795 0.02 0.0137206 1 
17 17 0 1 0.001 0.0306 2 
18 17 0 0.000125586 0.032 0.0130122 1 
19 17 0 0.000125586 0.031 0.00839167 1 
20 17 0 0.000125586 0.034 0.0110287 1 
21 17 0 0.000125586 0.046 0.00957995 1 
22 17 0 0.000125586 0.011 0.0140782 1 
23 17 0 0.000125586 0.011 0.0070605 1 
24 17 0 0.000145998 0.042 0.014145 1 
25 17 0 0.00798918 0.004 0.012284 10 
26 17 0 0.00172517 0.043 0.00927465 3 
27 17 0 0.020715 0.028 0.0144663 19 
28 17 0 0.000653125 0.015 0.0100818 2 
29 17 0 0.000125586 0.002 0.0100044 1 
30 17 0 0.0126262 0.019 0.0106257 19 
31 17 0 0.000551099 0.01 0.0111953 3 
32 17 0 0.00750799 0.016 0.0110323 4 
0 17 1 0.032928 0.001 0.00952384 50 
1 17 1 0 0.028 0.00966893 1 
2 17 1 0.00121344 0.029 0.0113163 2 
3 17 1 0 0.021 0.011973 1 
4 17 1 0 0.012 0.0120876 1 
5 17 1 0 0.005 0.0176876 1 
6 17 1 0.000722294 0.002 0.0100972 1 
7 17 1 0.0014355 0.026 0.00949899 4 
8 17 1 0 0.035 0.0115335 1 
9 17 1 0.0108829 0.008 0.0103862 32 
10 17 1 0.00103959 0.034 0.0118743 4 
11 17 1 0 0.01 0.0121873 1 
12 17 1 0.0018268 0.017 0.0105816 6 
13 17 1 7.88681e-05 0.003 0.0107826 2 
14 17 1 0.0330741 0.008 0.0105767 31 
15 17 1 0.000127226 0.015 0.013544 1 
16 17 1 0.000127226 0.039 0.0137626 1 
17 17 1 0 0.006 0.0106913 1 
18 17 1 0.000148144 0.028 0.0125587 1 
19 17 1 0.00507263 0.041 0.0117662 7 
20 17 1 0.00819427 0.018 0.0129451 8 
21 17 1 0 0.013 0.0101233 1 
22 17 1 0 0.049 0.0123292 1 
23 17 1 0.00948429 0.013 0.00686761 12 
24 17 1 0 0.027 0.01325 1 
25 17 1 0.00486385 0.008 0.00668225 13 
26 17 1 2.69666e-05 0.02 0.0104199 2 
27 17 1 0.000673469 0.035 0.0109148 4 
28 17 1 0.000102469 0.004 0.0120182 3 
29 17 1 0.000430725 0.022 0.0106335 1 
30 17 1 0 0.006 0.00799274 1 
31 17 1 0.00610412 0.046 0.00941395 8 
32 17 1 0 0.032 0.00955179 1 
0 17 2 0.0187361 0.007 0.0111007 24 
1 17 2 0.00177929 0.005 0.0123876 5 
2 17 2 0 0.038 0.0129104 1 
3 17 2 0 0.016 0.0104738 1 
4 17 2 0 0.009 0.0132991 1 
5 17 2 0 0.007 0.00979006 1 
6 17 2 0.000595144 0.002 0.0119249 1 
7 17 2 7.28679e-06 0.041 0.00993074 2 
8 17 2 0 0.04 0.0101182 1 
9 17 2 0.0129926 0.002 0.0107917 27 
10 17 2 0.00027274 0.049 0.011313 3 
11 17 2 0.000642152 0.024 0.0140211 3 
12 17 2 0 0.029 0.0100207 1 
13 17 2 0 0.023 0.00921778 1 
14 17 2 0.0211068 0.009 0.0118302 22 
15 17 2 0 0.049 0.0114723 1 
16 17 2 0.000438818 0.038 0.0106444 2 
17 17 2 0.00204883 0.002 0.0108423 6 
18 17 2 0.000705976 0.017 0.0136293 2 
19 17 2 0 0.046 0.0117976 1 
20 17 2 0 0.016 0.0132447 1 
21 17 2 0 0.025 0.0105784 1 
22 17 2 0 0.016 0.0110687 1 
23 17 2 0.000441065 0.038 0.0119147 2 
24 17 2 0.000128985 0.004 0.0128986 1 
25 17 2 0 0.007 0.010743 1 
26 17 2 0 0.015 0.0109248 1 
27 17 2 0 0.047 0.00959317 1 
28 17 2 0.000944707 0.011 0.00995166 2 
29 17 2 0.000357378 0.022 0.00955797 3 
30 17 2 0.0220012 0.019 0.0125523 23 
31 17 2 0 0.034 0.00908531 1 
32 17 2 0.00402674 0.009 0.0116115 7 
0 17 3 0 0.027 0.0104586 1 
1 17 3 0.00128333 0.015 0.0096832 5 
2 17 3 0 0.029 0.0109736 1 
3 17 3 0 0.003 0.00934991 1 
4 17 3 0 0.008 0.00975239 1 
5 17 3 0.000116032 0.007 0.00937805 2 
6 17 3 0.000718426 0.017 0.00870825 1 
7 17 3 0.000714708 0.041 0.0145755 3 
8 17 3 0 0.019 0.010575 1 
9 17 3 0 0.014 0.0119841 1 
10 17 3 0.000444383 0.037 0.00841912 3 
11 17 3 0 0.035 0.0122619 1 
12 17 3 0 0.017 0.011263 1 
13 17 3 0.0205156 0.003 0.00987468 33 
14 17 3 0 0.021 0.00957023 1 
15 17 3 0 0.045 0.0128789 1 
16 17 3 0.000479168 0.029 0.00962249 2 
17 17 3 0 0.023 0.0101751 1 
18 17 3 0 0.005 0.0107212 1 
19 17 3 0.00419319 0.019 0.00925921 6 
20 17 3 0.000900534 0.048 0.00809268 3 
21 17 3 0 0.025 0.010464 1 
22 17 3 0 0.049 0.0136529 1 
23 17 3 0 0.021 0.0129242 1 
24 17 3 0.000473079 0.024 0.0092557 2 
25 17 3 0 0.036 0.0117166 1 
26 17 3 0.00528155 0.002 0.00755127 9 
27 17 3 0.00110108 0.006 0.0132278 4 
28 17 3 0.000737872 0.031 0.0122966 2 
29 17 3 0 0.009 0.0120625 1 
30 17 3 0.0160176 0.001 0.011389 16 
31 17 3 0 0.025 0.00898312 1 
32 17 3 0.00112445 0.006 0.0097989 2 
0 17 4 0.00571537 0.009 0.010845 9 
1 17 4 0 0.04 0.0123634 1 
2 17 4 0.000312422 0.009 0.0143084 1 
3 17 4 0 0.013 0.0120426 1 
4 17 4 0.000129534 0.046 0.00901584 4 
5 17 4 0.000144777 0.036 0.0108276 2 
6 17 4 0 0.021 0.0150255 1 
7 17 4 5.54825e-05 0.028 0.010208 2 
8 17 4 0 0.032 0.0159153 1 
9 17 4 0.000146761 0.021 0.00813498 2 
10 17 4 0.000230414 0.043 0.0114609 3 
11 17 4 0 0.024 0.0120623 1 
12 17 4 0.00271004 0.016 0.0107643 3 
13 17 4 0 0.003 0.0091341 1 
14 17 4 0.00360258 0.032 0.0120718 5 
15 17 4 0 0.009 0.0100723 1 
16 17 4 0.000440559 0.044 0.0113884 2 
17 17 4 0 0.043 0.0130767 1 
18 17 4 0 0.022 0.0114662 1 
19 17 4 0 0.045 0.00867754 1 
20 17 4 0.000952133 0.045 0.0109175 2 
21 17 4 0.00033864 0.019 0.0117599 1 
22 17 4 0.00147043 0.015 0.0108042 2 
23 17 4 0 0.048 0.0103696 1 
24 17 4 0 0.036 0.0135432 1 
25 17 4 0.00151403 0.043 0.00901782 2 
26 17 4 0 0.009 0.0109646 1 
27 17 4 0 0.036 0.00913823 1 
28 17 4 0.000619783 0.01 0.0132097 2 
29 17 4 0 0.033 0.00840007 1 
30 17 4 0 0.04 0.0111488 1 
31 17 4 0.000895632 0.049 0.0110448 1 
32 17 4 0.0106482 0.007 0.0126809 20 
0 17 5 0 0.047 0.00963769 1 
1 17 5 0.00287832 0.031 0.00992545 2 
2 17 5 0.000180059 0.017 0.0113134 1 
3 17 5 0.0526238 0.002 0.00986056 67 
4 17 5 0.000481222 0.004 0.0112208 2 
5 17 5 2.11329e-06 0.005 0.00947519 2 
6 17 5 0 0.032 0.00869013 1 
7 17 5 0 0.004 0.0115198 1 
8 17 5 0 0.044 0.0113113 1 
9 17 5 7.12525e-05 0.031 0.0133689 2 
10 17 5 0 0.03 0.0103192 1 
11 17 5 0.000180059 0.007 0.013508 1 
12 17 5 0.0018236 0.014 0.0128822 9 
13 17 5 0 0.01 0.0101613 1 
14 17 5 0.00440195 0.042 0.00899295 2 
15 17 5 0 0.01 0.00963571 1 
16 17 5 0 0.002 0.0124866 1 
17 17 5 0 0.032 0.00940629 1 
18 17 5 5.78946e-05 0.042 0.0112605 3 
19 17 5 0 0.026 0.00957241 1 
20 17 5 4.75902e-05 0.022 0.00972332 2 
21 17 5 0.000181549 0.039 0.0126272 3 
22 17 5 0 0.043 0.0113186 1 
23 17 5 0 0.048 0.00954902 1 
24 17 5 0 0.034 0.0126225 1 
25 17 5 0.00182696 0.021 0.0117818 3 
26 17 5 0 0.021 0.0130016 1 
27 17 5 0.00647815 0.003 0.0109318 8 
28 17 5 0 0.035 0.011203 1 
29 17 5 0.000157016 0.036 0.0132098 1 
30 17 5 9.65477e-06 0.02 0.00918718 2 
31 17 5 0 0.014 0.00937128 1 
32 17 5 0 0.035 0.0101019 1 
0 17 6 0 0.017 0.0108681 1 
1 17 6 0.000221197 0.006 0.00993582 3 
2 17 6 4.60033e-05 0.023 0.0096642 1 
3 17 6 0 0.038 0.00994479 1 
4 17 6 0 0.037 0.0103754 1 
5 17 6 0 0.038 0.0104496 1 
6 17 6 0.000800054 0.01 0.0130261 2 
7 17 6 0.00720589 0.021 0.0106918 9 
8 17 6 0 0.039 0.0120298 1 
9 17 6 0.00806918 0.025 0.00804374 12 
10 17 6 0.000147336 0.002 0.0110804 2 
11 17 6 0 0.044 0.0102367 1 
12 17 6 0.00434721 0.001 0.0107393 7 
13 17 6 0 0.043 0.0123314 1 
14 17 6 0.00759076 0.008 0.00860623 21 
15 17 6 0 0.047 0.0113678 1 
16 17 6 0 0.025 0.0127342 1 
17 17 6 0.0224551 0.019 0.00999463 24 
18 17 6 0 0.02 0.0115915 1 
19 17 6 0 0.002 0.0111467 1 
20 17 6 0.000223504 0.003 0.0096039 2 
21 17 6 0 0.031 0.009572 1 
22 17 6 0 0.02 0.00871357 1 
23 17 6 0.00611398 0.01 0.0102046 12 
24 17 6 0.000448406 0.043 0.010899 2 
25 17 6 0.000100401 0.025 0.0141645 2 
26 17 6 0 0.029 0.010088 1 
27 17 6 0.00764717 0.024 0.0104265 6 
28 17 6 0 0.038 0.0138351 1 
29 17 6 0.000273406 0.016 0.0105333 1 
30 17 6 0.000281226 0.006 0.0136362 2 
31 17 6 0.000629369 0.001 0.0152286 1 
32 17 6 0 0.023 0.0109402 1 
0 17 7 0 0.048 0.00854518 1 
1 17 7 0 0.04 0.00968943 1 
2 17 7 0.000607345 0.03 0.0108147 2 
3 17 7 0 0.024 0.0119061 1 
4 17 7 0.000534161 0.036 0.00950981 2 
5 17 7 0 0.01 0.0105303 1 
6 17 7 0 0.003 0.0123134 1 
7 17 7 0 0.04 0.01104 1 
8 17 7 0 0.001 0.0110709 1 
9 17 7 0 0.018 0.010683 1 
10 17 7 0 0.029 0.011394 1 
11 17 7 0 0.046 0.0108819 1 
12 17 7 0 0.026 0.0126037 1 
13 17 7 0 0.039 0.0102869 1 
14 17 7 3.3391e-07 0.028 0.0116183 2 
15 17 7 0 0.03 0.00961956 1 
16 17 7 0 0.005 0.0122939 1 
17 17 7 0.0095776 0.046 0.0108935 9 
18 17 7 0 0.037 0.0135433 1 
19 17 7 0 0.01 0.0109156 1 
20 17 7 0.000115679 0.027 0.00931102 2 
21 17 7 0 0.045 0.0118748 1 
22 17 7 0.0557912 0.003 0.00880962 54 
23 17 7 0.00241709 0.042 0.00825391 2 
24 17 7 0 0.034 0.0106701 1 
25 17 7 0 0.014 0.0100006 1 
26 17 7 0 0.038 0.00909183 1 
27 17 7 0.0160589 0.02 0.0103051 15 
28 17 7 0 0.009 0.0144166 1 
29 17 7 0.00064372 0.003 0.0125356 2 
30 17 7 0 0.014 0.0121009 1 
31 17 7 0 0.023 0.0142917 1 
32 17 7 0 0.022 0.00994339 1 
0 17 8 0.0369189 0.001 0.0128817 57 
1 17 8 0 0.021 0.0132441 1 
2 17 8 0.000310843 0.033 0.0140729 2 
3 17 8 0 0.048 0.0108234 1 
4 17 8 0 0.013 0.0105628 1 
5 17 8 0 0.005 0.016251 1 
6 17 8 4.81216e-05 0.036 0.0139067 1 
7 17 8 0 0.006 0.0113528 1 
8 17 8 0 0.044 0.00755238 1 
9 17 8 0 0.006 0.00958306 1 
10 17 8 0 0.034 0.00834148 1 
11 17 8 0 0.004 0.00811213 1 
12 17 8 0.0205174 0.012 0.0125169 20 
13 17 8 0 0.013 0.00644799 1 
14 17 8 0.00128016 0.001 0.011651 4 
15 17 8 0.000444102 0.04 0.0119543 2 
16 17 8 0 0.016 0.0140615 1 
17 17 8 0.00195801 0.002 0.00980672 2 
18 17 8 0 0.042 0.0136529 1 
19 17 8 0.0210629 0.001 0.00967058 24 
20 17 8 0 0.027 0.0100306 1 
21 17 8 0 0.033 0.0116212 1 
22 17 8 0 0.006 0.0112952 1 
23 17 8 0 0.047 0.0114356 1 
24 17 8 0 0.029 0.00971379 1 
25 17 8 0.00136524 0.016 0.00979414 4 
26 17 8 0 0.033 0.0112824 1 
27 17 8 0 0.012 0.010708 1 
28 17 8 0 0.042 0.0110739 1 
29 17 8 0 0.009 0.0101677 1 
30 17 8 0.00452192 0.003 0.00970075 3 
31 17 8 0 0.03 0.0136868 1 
32 17 8 2.43e-06 0.001 0.0108987 2 
0 17 9 0 0.006 0.0121596 1 
1 17 9 0 0.032 0.0107135 1 
2 17 9 0.000583897 0.048 0.0125556 2 
3 17 9 0 0.01 0.0111454 1 
4 17 9 0 0.02 0.00897285 1 
5 17 9 0 0.037 0.0128189 1 
6 17 9 0 0.02 0.0110596 1 
7 17 9 0 0.012 0.00905821 1 
8 17 9 0 0.036 0.0122071 1 
9 17 9 0.000911678 0.023 0.00942828 2 
10 17 9 0 0.016 0.00999049 1 
11 17 9 0 0.003 0.0129669 1 
12 17 9 5.4851e-05 0.004 0.00874475 2 
13 17 9 0.00399327 0.012 0.0107802 9 
14 17 9 0.000714154 0.029 0.0102268 2 
15 17 9 0 0.024 0.0121454 1 
16 17 9 0 0.038 0.00955297 1 
17 17 9 0 0.016 0.00961 1 
18 17 9 0 0.003 0.0116052 1 
19 17 9 0.00364957 0.045 0.012033 8 
20 17 9 0 0.006 0.00968642 1 
21 17 9 0.000963467 0.043 0.0114879 1 
22 17 9 0 0.014 0.0128862 1 
23 17 9 1.37222e-05 0.004 0.00808631 2 
24 17 9 0 0.007 0.0112583 1 
25 17 9 0 0.037 0.0121863 1 
26 17 9 0 0.017 0.00978583 1 
27 17 9 0.0154627 0.003 0.00984586 26 
28 17 9 0 0.049 0.0109779 1 
29 17 9 0 0.046 0.0131626 1 
30 17 9 0.000361403 0.018 0.0116398 2 
31 17 9 0 0.045 0.0107903 1 
32 17 9 0 0.04 0.0113062 1 
0 17 10 0 0.033 0.0101206 1 
1 17 10 0.000158655 0.034 0.00988079 2 
2 17 10 0 0.047 0.00950224 1 
3 17 10 0 0.006 0.0106377 1 
4 17 10 0 0.034 0.022982 1 
5 17 10 0.000229298 0.005 0.0109026 4 
6 17 10 0.00028153 0.017 0.0141479 1 
7 17 10 0.00148966 0.041 0.0103767 3 
8 17 10 0 0.019 0.0101276 1 
9 17 10 0 0.005 0.0104871 1 
10 17 10 0 0.007 0.00917276 1 
11 17 10 0 0.022 0.0103806 1 
12 17 10 0.00695772 0.009 0.00963235 10 
13 17 10 0.000287967 0.005 0.01032 2 
14 17 10 0.0117851 0.019 0.0110022 10 
15 17 10 0 0.014 0.0111946 1 
16 17 10 0 0.036 0.0118936 1 
17 17 10 0.0014042 0.035 0.011368 3 
18 17 10 0.000387532 0.042 0.0132159 2 
19 17 10 0.00505037 0.003 0.0118946 12 
20 17 10 0.00810945 0.02 0.00884114 12 
21 17 10 0 0.033 0.0124538 1 
22 17 10 0.00143243 0.005 0.00970077 6 
23 17 10 0 0.009 0.0106837 1 
24 17 10 0.000387532 0.047 0.0128569 2 
25 17 10 0 0.017 0.00914617 1 
26 17 10 0.0126822 0.002 0.012442 14 
27 17 10 0.0354285 0.003 0.00979909 52 
28 17 10 0 0.037 0.00929762 1 
29 17 10 7.45319e-05 0.005 0.0116502 3 
30 17 10 0 0.009 0.00779304 1 
31 17 10 0 0.037 0.0133095 1 
32 17 10 0 0.009 0.0122465 1 
0 17 11 0 0.003 0.00944712 1 
1 17 11 0 0.042 0.0115075 1 
2 17 11 0.000346721 0.031 0.0125814 2 
3 17 11 0.00936558 0.002 0.0102019 20 
4 17 11 0 0.036 0.0141333 1 
5 17 11 0 0.006 0.00884747 1 
6 17 11 0.00013865 0.026 0.0104895 1 
7 17 11 0.000316913 0.014 0.00950826 3 
8 17 11 0 0.029 0.0116041 3 
9 17 11 0.00178395 0.017 0.0090931 6 
10 17 11 0 0.009 0.0124884 1 
11 17 11 5.21262e-05 0.024 0.01144 3 
12 17 11 0.00460208 0.013 0.0114772 11 
13 17 11 0.000550111 0.02 0.0104003 2 
14 17 11 0 0.04 0.0114122 1 
15 17 11 0 0.021 0.0110824 1 
16 17 11 0 0.02 0.0140149 1 
17 17 11 0.0323769 0.003 0.0120223 50 
18 17 11 5.40723e-05 0.009 0.0106635 3 
19 17 11 0 0.017 0.0093428 1 
20 17 11 0 0.017 0.00789759 1 
21 17 11 0 0.033 0.0146998 1 
22 17 11 0 0.001 0.0116812 1 
23 17 11 6.57282e-05 0.001 0.00885362 2 
24 17 11 5.95882e-05 0.046 0.0121551 3 
25 17 11 0 0.015 0.0102 1 
26 17 11 0.010475 0.041 0.010062 11 
27 17 11 0 0.006 0.0108297 1 
28 17 11 0 0.015 0.0126996 1 
29 17 11 0.00021415 0.041 0.0111492 2 
30 17 11 0.000261209 0.002 0.0107802 2 
31 17 11 0 0.015 0.0149039 1 
32 17 11 0 0.035 0.0140734 1 
0 17 12 0.00390276 0.024 0.00826399 9 
1 17 12 0.00647078 0.006 0.0130608 7 
2 17 12 0.000371502 0.013 0.0102209 2 
3 17 12 0.00839086 0.001 0.00771471 8 
4 17 12 0 0.033 0.0117476 1 
5 17 12 0 0.036 0.0113187 1 
6 17 12 0 0.043 0.0100298 1 
7 17 12 0.00510005 0.049 0.00902286 6 
8 17 12 0.00404359 0.006 0.0915603 5 
9 17 12 0.00270693 0.024 0.0099899 4 
10 17 12 0 0.001 0.0211651 1 
11 17 12 0 0.035 0.0107742 1 
12 17 12 0.00171951 0.044 0.00937591 3 
13 17 12 0.00856545 0.029 0.00900419 6 
14 17 12 0.027153 0.009 0.00916216 28 
15 17 12 0 0.025 0.0109665 1 
16 17 12 0 0.038 0.00987288 1 
17 17 12 0 0.01 0.0105963 1 
18 17 12 0 0.049 0.0112741 1 
19 17 12 0.0110317 0.022 0.0107699 10 
20 17 12 0 0.001 0.0106162 1 
21 17 12 0 0.017 0.0136113 1 
22 17 12 0 0.025 0.0102227 1 
23 17 12 0 0.036 0.0098506 1 
24 17 12 7.58364e-05 0.041 0.0116145 3 
25 17 12 0 0.042 0.0125175 1 
26 17 12 0 0.039 0.00758198 1 
27 17 12 0.01632 0.019 0.0132034 15 
28 17 12 0 0.007 0.0114219 1 
29 17 12 0.000400061 0.009 0.01229 2 
30 17 12 0 0.027 0.011077 1 
31 17 12 0 0.048 0.0118119 1 
32 17 12 0.0369118 0.001 0.0117034 36 
0 17 13 0 0.025 0.0102428 1 
1 17 13 0.0133825 0.014 0.0116852 16 
2 17 13 0.000348011 0.044 0.0129782 2 
3 17 13 0.031332 0.006 0.0116663 33 
4 17 13 0 0.017 0.00987666 1 
5 17 13 0.000620986 0.033 0.00924374 2 
6 17 13 0 0.044 0.0101901 1 
7 17 13 0 0.046 0.0116428 1 
8 17 13 0 0.044 0.00978235 1 
9 17 13 0.00760416 0.004 0.0124428 14 
10 17 13 0.000991828 0.033 0.00975555 3 
11 17 13 0 0.047 0.0124754 1 
12 17 13 0 0.018 0.0111066 1 
13 17 13 0 0.009 0.0113654 1 
14 17 13 0.00680361 0.018 0.0101416 14 
15 17 13 0 0.018 0.0107586 1 
16 17 13 0 0.026 0.0122165 1 
17 17 13 0.0201083 0.001 0.010387 35 
18 17 13 0 0.019 0.0121466 1 
19 17 13 0.00256195 0.018 0.0104797 9 
20 17 13 0.002935 0.007 0.0122987 5 
21 17 13 0 0.007 0.0115138 1 
22 17 13 0.0235044 0.004 0.0121864 42 
23 17 13 0.0135976 0.004 0.0101256 15 
24 17 13 0.000728214 0.032 0.00901739 2 
25 17 13 0.00627059 0.027 0.00873991 4 
26 17 13 0.0129906 0.001 0.010441 22 
27 17 13 0 0.048 0.00798114 1 
28 17 13 0 0.023 0.0110858 1 
29 17 13 0 0.016 0.0146422 1 
30 17 13 0.00574091 0.029 0.0122645 9 
31 17 13 0.00253534 0.033 0.00958352 5 
32 17 13 0.0210253 0.006 0.0101405 27 
0 17 14 0 0.005 0.00887252 1 
1 17 14 0.00506706 0.032 0.0130889 4 
2 17 14 0 0.002 0.0110258 1 
3 17 14 0.000896152 0.007 0.00948718 5 
4 17 14 0 0.026 0.0163668 1 
5 17 14 0 0.017 0.0101205 1 
6 17 14 0 0.035 0.0109273 1 
7 17 14 0.00540499 0.011 0.0105252 8 
8 17 14 0 0.049 0.015037 1 
9 17 14 0.0346046 0.005 0.0119214 52 
10 17 14 0.000253537 0.004 0.0102146 2 
11 17 14 0.000395512 0.045 0.00992807 2 
12 17 14 0.00821936 0.02 0.00981382 12 
13 17 14 0 0.015 0.0127764 1 
14 17 14 0.00386877 0.008 0.0100426 3 
15 17 14 0 0.005 0.0113224 1 
16 17 14 0.000384344 0.028 0.0112443 2 
17 17 14 0.00252439 0.008 0.0100205 11 
18 17 14 0 0.017 0.0121003 1 
19 17 14 0 0.021 0.00830093 1 
20 17 14 0.00312607 0.018 0.0112289 3 
21 17 14 0 0.024 0.0142169 1 
22 17 14 0 0.04 0.0090294 1 
23 17 14 0 0.048 0.0128639 1 
24 17 14 0.000389928 0.016 0.00962682 2 
25 17 14 0 0.002 0.0103833 1 
26 17 14 0 0.027 0.0105066 1 
27 17 14 0 0.025 0.011061 1 
28 17 14 0 0.003 0.0133765 1 
29 17 14 0 0.005 0.0123559 1 
30 17 14 0 0.04 0.00865718 1 
31 17 14 0.000271657 0.018 0.00792013 1 
32 17 14 0 0.018 0.0101322 1 
0 17 15 0.000994869 0.006 0.0131107 2 
1 17 15 0.0133811 0.004 0.0124389 13 
2 17 15 0 0.038 0.0104543 1 
3 17 15 0 0.026 0.00915532 1 
4 17 15 5.13895e-05 0.007 0.0113503 2 
5 17 15 0 0.009 0.0104469 1 
6 17 15 0 0.041 0.0086069 1 
7 17 15 0.000166455 0.01 0.0104983 2 
8 17 15 0 0.026 0.0101712 1 
9 17 15 0.0265526 0.004 0.0115092 32 
10 17 15 0.00127902 0.011 0.00824248 3 
11 17 15 0.000349333 0.033 0.0100725 2 
12 17 15 4.36855e-05 0.048 0.00866384 2 
13 17 15 0.000973704 0.004 0.008583 2 
14 17 15 0.0371906 0.004 0.0112581 39 
15 17 15 0 0.004 0.0111565 1 
16 17 15 0.000360005 0.044 0.0175606 2 
17 17 15 0 0.027 0.0100874 1 
18 17 15 0 0.02 0.0144639 1 
19 17 15 0 0.048 0.0106982 1 
20 17 15 0.00329216 0.019 0.0112132 4 
21 17 15 0.000925841 0.043 0.0106829 2 
22 17 15 0.0194248 0.022 0.0106921 17 
23 17 15 0 0.021 0.00962773 1 
24 17 15 0 0.005 0.0125228 1 
25 17 15 0 0.012 0.0105969 1 
26 17 15 0 0.005 0.0109714 1 
27 17 15 0 0.048 0.0136293 1 
28 17 15 0 0.016 0.0105255 1 
29 17 15 0 0.008 0.0101564 1 
30 17 15 0 0.032 0.0114928 1 
31 17 15 0 0.043 0.00842347 1 
32 17 15 0 0.018 0.00920681 1 
0 17 16 0.00704748 0.018 0.0129837 9 
1 17 16 0.0001817 0.017 0.0114851 2 
2 17 16 0 0.029 0.00920708 1 
3 17 16 0.00212076 0.017 0.0120095 5 
4 17 16 0 0.009 0.0126185 1 
5 17 16 0 0.006 0.0136258 1 
6 17 16 0 0.048 0.00978881 1 
7 17 16 0 0.048 0.0104269 1 
8 17 16 0.00150283 0.01 0.0111843 3 
9 17 16 0.00122686 0.005 0.010317 5 
10 17 16 0 0.023 0.00996821 1 
11 17 16 0 0.038 0.0115845 1 
12 17 16 0 0.011 0.00761327 1 
13 17 16 0.00386064 0.005 0.0125878 5 
14 17 16 0.00182081 0.046 0.0119966 2 
15 17 16 0 0.048 0.0155994 1 
16 17 16 0 0.042 0.0133954 1 
17 17 16 0.0156088 0.004 0.00972327 27 
18 17 16 0 0.035 0.0109041 1 
19 17 16 0 0.025 0.00935148 1 
20 17 16 0.00496472 0.022 0.0123571 6 
21 17 16 0 0.041 0.0109999 1 
22 17 16 0 0.004 0.0107443 1 
23 17 16 0 0.03 0.0135722 1 
24 17 16 0 0.028 0.0107269 1 
25 17 16 0.000771108 0.017 0.0128368 5 
26 17 16 0 0.047 0.0114432 1 
27 17 16 0 0.005 0.0129121 1 
28 17 16 0 0.043 0.00836123 1 
29 17 16 0.000666708 0.043 0.0133983 2 
30 17 16 0 0.049 0.011017 1 
31 17 16 0 0.037 0.0134719 1 
32 17 16 0.0186735 0.008 0.0101704 23 
0 17 17 0 0.031 0.0110135 1 
1 17 17 0.00131187 0.04 0.0126626 2 
2 17 17 0 0.004 0.0114877 1 
3 17 17 0.00126971 0.002 0.0104115 2 
4 17 17 0 0.038 0.0115011 1 
5 17 17 0.000149534 0.026 0.0119297 2 
6 17 17 0.000334909 0.015 0.0116394 2 
7 17 17 8.90683e-05 0.003 0.00969163 2 
8 17 17 0 0.029 0.0099032 1 
9 17 17 0.00016318 0.036 0.0116235 2 
10 17 17 0.0019793 0.033 0.0119729 3 
11 17 17 0 0.032 0.012505 1 
12 17 17 0.000670683 0.041 0.0113722 4 
13 17 17 0.00164047 0.024 0.00848338 3 
14 17 17 0 0.002 0.0118496 1 
15 17 17 0.000361133 0.04 0.0131494 2 
16 17 17 0 0.033 0.00767541 1 
17 17 17 0.00308174 0.024 0.0104574 3 
18 17 17 0.000355888 0.036 0.00981107 2 
19 17 17 0 0.024 0.0109468 1 
20 17 17 0 0.032 0.0131066 1 
21 17 17 0.000309101 0.005 0.0118749 1 
22 17 17 0.00837773 0.006 0.00933896 10 
23 17 17 0.000526141 0.011 0.0110666 3 
24 17 17 0 0.009 0.0112541 1 
25 17 17 0 0.046 0.0110911 1 
26 17 17 0 0.026 0.0117105 1 
27 17 17 0.00182125 0.041 0.0101535 3 
28 17 17 0.000355888 0.034 0.0122827 2 
29 17 17 0.000345398 0.004 0.0118865 2 
30 17 17 0.00279744 0.031 0.0111584 2 
31 17 17 0.000339775 0.017 0.0110218 2 
32 17 17 0 0.029 0.0101735 1 
0 17 18 0 0.032 0.00933213 1 
1 17 18 2.97727e-06 0.014 0.00659251 2 
2 17 18 0 0.038 0.00873645 1 
3 17 18 0 0.047 0.0117009 1 
4 17 18 0 0.031 0.0187316 1 
5 17 18 1.84618e-05 0.004 0.0116942 2 
6 17 18 0.000413959 0.023 0.013277 2 
7 17 18 0.00119231 0.015 0.00858122 2 
8 17 18 0 0.009 0.0125242 1 
9 17 18 0 0.01 0.0118363 1 
10 17 18 0.000161788 0.047 0.0095709 2 
11 17 18 2.91709e-05 0.023 0.0113049 2 
12 17 18 0.00788521 0.015 0.00990861 14 
13 17 18 0.000610392 0.03 0.011609 2 
14 17 18 0.0136461 0.006 0.0101835 32 
15 17 18 0.000386982 0.038 0.0143342 2 
16 17 18 0 0.014 0.00933153 1 
17 17 18 0.0115452 0.001 0.0107136 18 
18 17 18 0 0.02 0.0106831 1 
19 17 18 0 0.005 0.0130396 1 
20 17 18 0 0.048 0.0093049 1 
21 17 18 0 0.013 0.00816881 1 
22 17 18 0.00574402 0.025 0.0135709 5 
23 17 18 0 0.001 0.0108094 1 
24 17 18 0 0.037 0.0104342 1 
25 17 18 0 0.017 0.00884516 1 
26 17 18 0 0.032 0.0079042 1 
27 17 18 0 0.011 0.0108696 1 
28 17 18 0 0.036 0.0131409 1 
29 17 18 0 0.04 0.00912045 1 
30 17 18 0.00153963 0.012 0.00943596 3 
31 17 18 0 0.045 0.009608 1 
32 17 18 0 0.002 0.0139759 1 
0 17 19 0.00846798 0.003 0.00948599 13 
1 17 19 0.000585493 0.006 0.00959351 3 
2 17 19 0 0.026 0.0111054 1 
3 17 19 0.00969175 0.008 0.0109328 12 
4 17 19 0 0.015 0.0127788 1 
5 17 19 0 0.018 0.00874117 1 
6 17 19 0.000396923 0.011 0.00983934 2 
7 17 19 0 0.012 0.0117485 1 
8 17 19 0 0.025 0.012719 1 
9 17 19 0.00157246 0.029 0.00858562 4 
10 17 19 0 0.034 0.00910054 1 
11 17 19 0 0.021 0.0110957 1 
12 17 19 0.00462264 0.001 0.00776647 15 
13 17 19 0 0.037 0.0130997 1 
14 17 19 0.0104494 0.039 0.01249 12 
15 17 19 0 0.034 0.0107398 1 
16 17 19 0 0.022 0.0114323 1 
17 17 19 0.0690658 0.001 0.0106413 77 
18 17 19 0 0.026 0.0114998 1 
19 17 19 0 0.035 0.011283 1 
20 17 19 0 0.043 0.0107974 1 
21 17 19 0 0.017 0.0104923 1 
22 17 19 0.000985338 0.031 0.00859728 4 
23 17 19 0 0.012 0.0127779 1 
24 17 19 0 0.032 0.0114552 1 
25 17 19 0 0.023 0.0100345 1 
26 17 19 0 0.015 0.00882631 1 
27 17 19 0 0.049 0.0116494 1 
28 17 19 0 0.012 0.0124947 1 
29 17 19 0.000408329 0.039 0.0110998 2 
30 17 19 0.00265534 0.009 0.00888356 5 
31 17 19 0 0.016 0.0127763 1 
32 17 19 0.00293344 0.008 0.0109376 2 
0 17 20 0 0.003 0.0118509 1 
1 17 20 0 0.047 0.011325 1 
2 17 20 0 0.049 0.0123283 1 
3 17 20 0 0.037 0.0111532 1 
4 17 20 0 0.016 0.0216801 1 
5 17 20 0 0.044 0.00988175 1 
6 17 20 0 0.033 0.0127871 1 
7 17 20 0.00326652 0.002 0.0124316 8 
8 17 20 0 0.048 0.0128291 1 
9 17 20 0 0.014 0.00916416 1 
10 17 20 0 0.013 0.0123835 1 
11 17 20 0.000465281 0.027 0.0121577 2 
12 17 20 0 0.032 0.0120685 1 
13 17 20 0 0.025 0.0112686 1 
14 17 20 0.000432437 0.021 0.0127309 3 
15 17 20 0 0.012 0.0116895 1 
16 17 20 0 0.009 0.0119059 1 
17 17 20 0 0.029 0.0128262 1 
18 17 20 0 0.03 0.0123089 1 
19 17 20 0.00015959 0.033 0.00871522 3 
20 17 20 0.000856671 0.012 0.0076208 3 
21 17 20 0 0.019 0.0136873 1 
22 17 20 0.023153 0.012 0.0115897 20 
23 17 20 0 0.004 0.00834369 1 
24 17 20 0 0.001 0.014723 1 
25 17 20 0.00362442 0.002 0.00948559 3 
26 17 20 0 0.048 0.00656204 1 
27 17 20 0 0.027 0.0112176 1 
28 17 20 6.1526e-05 0.009 0.0103956 3 
29 17 20 0 0.037 0.00994632 1 
30 17 20 0.0134724 0.038 0.010912 12 
31 17 20 0 0.022 0.011422 1 
32 17 20 0.00514528 0.035 0.00923775 8 
0 17 21 0 0.014 0.0105051 1 
1 17 21 0.00153428 0.007 0.0111858 2 
2 17 21 0.000581836 0.006 0.00941788 2 
3 17 21 0.000424309 0.017 0.011259 3 
4 17 21 0 0.018 0.0239723 1 
5 17 21 0 0.035 0.0107062 1 
6 17 21 0 0.021 0.0117165 1 
7 17 21 0.000808746 0.018 0.0102244 2 
8 17 21 0 0.039 0.0103259 1 
9 17 21 0.000672795 0.007 0.0108372 5 
10 17 21 0 0.025 0.0117403 1 
11 17 21 0 0.006 0.0100361 1 
12 17 21 0 0.031 0.0130502 1 
13 17 21 0 0.023 0.0132038 1 
14 17 21 0.00172176 0.011 0.0116187 12 
15 17 21 0 0.038 0.00982327 1 
16 17 21 0 0.025 0.0104183 1 
17 17 21 0 0.036 0.0101276 1 
18 17 21 0 0.016 0.00863533 1 
19 17 21 2.74057e-05 0.037 0.0100637 2 
20 17 21 0 0.008 0.00774653 1 
21 17 21 0 0.032 0.0136059 1 
22 17 21 0.0009953 0.047 0.00982428 2 
23 17 21 0 0.049 0.00857772 1 
24 17 21 0 0.047 0.0123969 1 
25 17 21 0 0.003 0.00944405 1 
26 17 21 0.00257203 0.04 0.0125322 3 
27 17 21 0 0.004 0.0101505 1 
28 17 21 0 0.026 0.0129087 1 
29 17 21 0.000409991 0.028 0.011193 2 
30 17 21 0 0.027 0.0152465 1 
31 17 21 0 0.023 0.0102099 1 
32 17 21 0.00153853 0.004 0.011979 2 
0 17 22 0 0.025 0.0136135 1 
1 17 22 0 0.005 0.0121062 1 
2 17 22 0.000751671 0.044 0.00946592 2 
3 17 22 0.0101177 0.003 0.0105073 17 
4 17 22 0.000253044 0.009 0.00944218 2 
5 17 22 0 0.01 0.00959893 1 
6 17 22 0 0.025 0.0091765 1 
7 17 22 0 0.033 0.0125701 1 
8 17 22 0 0.003 0.017339 1 
9 17 22 3.31974e-05 0.029 0.0141714 3 
10 17 22 0 0.014 0.0114974 1 
11 17 22 0 0.045 0.0102224 1 
12 17 22 0.000455132 0.003 0.00986926 2 
13 17 22 0 0.011 0.0133911 1 
14 17 22 0.00263295 0.011 0.00997035 2 
15 17 22 0 0.02 0.00831126 1 
16 17 22 0 0.034 0.0118002 1 
17 17 22 0 0.041 0.014778 1 
18 17 22 0 0.043 0.0127516 1 
19 17 22 0 0.02 0.0117688 1 
20 17 22 0 0.042 0.0131647 1 
21 17 22 0.000128036 0.024 0.011724 1 
22 17 22 0 0.014 0.0116864 1 
23 17 22 0.000378839 0.005 0.0112112 2 
24 17 22 0 0.005 0.0132663 1 
25 17 22 0 0.01 0.0114962 1 
26 17 22 0 0.044 0.00975022 1 
27 17 22 0 0.03 0.00957011 1 
28 17 22 0 0.009 0.0102753 1 
29 17 22 0.000472373 0.047 0.00756995 2 
30 17 22 0 0.004 0.0115471 1 
31 17 22 0 0.034 0.0105571 1 
32 17 22 0.019403 0.002 0.0114276 19 
0 17 23 0 0.027 0.00911051 1 
1 17 23 0 0.026 0.0123258 1 
2 17 23 0.00113624 0.017 0.0097662 2 
3 17 23 0.000193597 0.008 0.0105714 2 
4 17 23 0 0.014 0.0121891 1 
5 17 23 1.80042e-05 0.041 0.0103479 2 
6 17 23 0 0.042 0.0103799 1 
7 17 23 0 0.048 0.0116325 1 
8 17 23 0 0.022 0.0113577 1 
9 17 23 0.000945079 0.028 0.0121634 2 
10 17 23 0 0.008 0.0207814 1 
11 17 23 0.00164527 0.04 0.00927024 4 
12 17 23 0.00176995 0.001 0.0110031 3 
13 17 23 0.000457186 0.015 0.0114818 2 
14 17 23 0.00668097 0.014 0.0108584 9 
15 17 23 0.000428199 0.002 0.0127616 2 
16 17 23 0 0.01 0.0119573 1 
17 17 23 0 0.037 0.014981 1 
18 17 23 0 0.028 0.0114666 1 
19 17 23 0.000191042 0.001 0.0108184 2 
20 17 23 0 0.024 0.0127011 1 
21 17 23 0 0.045 0.0112018 1 
22 17 23 0 0.021 0.0119994 1 
23 17 23 0 0.02 0.00899768 1 
24 17 23 0 0.016 0.0143814 1 
25 17 23 0.0012607 0.039 0.00974172 2 
26 17 23 0 0.031 0.0115533 1 
27 17 23 0 0.042 0.00796017 1 
28 17 23 0 0.038 0.0143048 1 
29 17 23 0 0.044 0.0144471 1 
30 17 23 0 0.048 0.00995769 1 
31 17 23 0.000405497 0.03 0.00961925 2 
32 17 23 0 0.025 0.0111683 1 
0 17 24 0.0059268 0.014 0.00961852 6 
1 17 24 0 0.047 0.00989044 1 
2 17 24 0.00046801 0.013 0.00965585 2 
3 17 24 0 0.017 0.0104579 1 
4 17 24 0.000495806 0.025 0.0116068 2 
5 17 24 0 0.025 0.0117485 1 
6 17 24 0 0.025 0.00916646 1 
7 17 24 0.036076 0.002 0.011508 47 
8 17 24 0 0.033 0.0104988 1 
9 17 24 0 0.035 0.0120187 1 
10 17 24 0.00157742 0.047 0.0112139 4 
11 17 24 0.000280582 0.014 0.0112712 3 
12 17 24 0 0.042 0.0112394 1 
13 17 24 0.0151914 0.002 0.00841692 22 
14 17 24 0 0.034 0.0108696 1 
15 17 24 0 0.032 0.0115215 1 
16 17 24 0 0.017 0.0105916 1 
17 17 24 0.00138452 0.006 0.0102823 4 
18 17 24 0 0.004 0.0114979 1 
19 17 24 0 0.048 0.0143762 1 
20 17 24 0.00263432 0.039 0.00868375 4 
21 17 24 0 0.006 0.00743702 1 
22 17 24 0 0.033 0.0115249 1 
23 17 24 0 0.046 0.011734 1 
24 17 24 0 0.014 0.011568 1 
25 17 24 0 0.03 0.00967896 1 
26 17 24 0.00274662 0.028 0.0110935 3 
27 17 24 0 0.04 0.0109027 1 
28 17 24 0.000462367 0.02 0.0105354 2 
29 17 24 0 0.046 0.0112768 1 
30 17 24 0.00325262 0.021 0.0111806 5 
31 17 24 0.00285649 0.033 0.0115655 5 
32 17 24 0 0.01 0.0101541 1 
0 17 25 0 0.015 0.00990851 1 
1 17 25 0 0.001 0.0103533 1 
2 17 25 0.000486567 0.007 0.0105423 2 
3 17 25 0 0.044 0.0109396 1 
4 17 25 0 0.01 0.0220074 1 
5 17 25 0 0.044 0.00820064 1 
6 17 25 0 0.024 0.0104803 1 
7 17 25 0.00321697 0.004 0.0106435 8 
8 17 25 0 0.033 0.0118832 1 
9 17 25 0.0131336 0.023 0.00914136 18 
10 17 25 0 0.004 0.00961183 1 
11 17 25 0 0.043 0.00776232 1 
12 17 25 0.00229716 0.006 0.0119935 8 
13 17 25 0 0.039 0.00885673 1 
14 17 25 0.00357095 0.022 0.0110763 10 
15 17 25 0 0.012 0.0115396 1 
16 17 25 0 0.029 0.0148552 1 
17 17 25 0 0.003 0.00890132 1 
18 17 25 0.000492516 0.022 0.012446 2 
19 17 25 0.00629965 0.003 0.0119484 10 
20 17 25 0.00153752 0.042 0.0113714 3 
21 17 25 0.000462772 0.034 0.0130131 2 
22 17 25 0.00114757 0.011 0.00905097 6 
23 17 25 0 0.012 0.00957461 1 
24 17 25 0 0.021 0.0124973 1 
25 17 25 0.00542991 0.017 0.0152509 8 
26 17 25 0.000681318 0.035 0.00986158 2 
27 17 25 0 0.024 0.01006 1 
28 17 25 0 0.034 0.0129363 1 
29 17 25 0 0.037 0.0121442 1 
30 17 25 0.0344204 0.004 0.0108755 50 
31 17 25 0 0.048 0.0123005 1 
32 17 25 6.32107e-05 0.011 0.00900132 3 
0 17 26 0.00101157 0.035 0.0120149 2 
1 17 26 0 0.02 0.0102991 1 
2 17 26 0 0.014 0.012885 1 
3 17 26 0.000622984 0.015 0.0139215 3 
4 17 26 0 0.027 0.0108352 1 
5 17 26 0 0.044 0.0223228 1 
6 17 26 0 0.006 0.00856969 1 
7 17 26 0 0.009 0.01162 1 
8 17 26 0 0.017 0.0220022 1 
9 17 26 0.0170206 0.014 0.0114715 28 
10 17 26 0.000797222 0.041 0.0107788 5 
11 17 26 0.000222619 0.028 0.0123738 3 
12 17 26 0.00156458 0.004 0.0143524 4 
13 17 26 0.00964016 0.004 0.0101448 14 
14 17 26 0.0135138 0.01 0.0121273 22 
15 17 26 0.000458544 0.035 0.0116261 2 
16 17 26 0 0.006 0.0118394 1 
17 17 26 0 0.042 0.0121315 1 
18 17 26 0 0.049 0.0126134 1 
19 17 26 0.0119078 0.003 0.0132118 22 
20 17 26 0.0136862 0.008 0.0104798 12 
21 17 26 0.000493286 0.008 0.0092769 2 
22 17 26 0 0.008 0.0121451 1 
23 17 26 0 0.042 0.0102168 1 
24 17 26 0 0.018 0.00989404 1 
25 17 26 0 0.045 0.00994877 1 
26 17 26 0 0.041 0.00977817 1 
27 17 26 0 0.041 0.00994084 1 
28 17 26 0 0.028 0.0127055 1 
29 17 26 0 0.008 0.0110283 1 
30 17 26 0.000169022 0.024 0.0129975 2 
31 17 26 0.0071144 0.005 0.00948149 8 
32 17 26 0 0.027 0.0122777 1 
0 17 27 0 0.012 0.0104466 1 
1 17 27 0.000249944 0.04 0.010365 2 
2 17 27 0 0.026 0.0117306 1 
3 17 27 0.00392881 0.042 0.0116661 5 
4 17 27 0 0.041 0.0105195 1 
5 17 27 0.00849335 0.017 0.0106156 5 
6 17 27 0 0.032 0.00876845 1 
7 17 27 0 0.004 0.0114867 1 
8 17 27 4.77504e-05 0.009 0.0108554 2 
9 17 27 0.00387482 0.001 0.0122253 2 
10 17 27 0 0.028 0.0149145 1 
11 17 27 0.000132872 0.006 0.00944932 3 
12 17 27 0.00173087 0.019 0.0122436 5 
13 17 27 0 0.021 0.0106046 1 
14 17 27 0.013833 0.014 0.00907402 23 
15 17 27 0 0.008 0.0124101 1 
16 17 27 0 0.005 0.0109972 1 
17 17 27 0.0162676 0.016 0.00940432 23 
18 17 27 0 0.006 0.0105287 1 
19 17 27 0 0.038 0.00951323 1 
20 17 27 0 0.029 0.0128841 1 
21 17 27 0 0.024 0.0102372 1 
22 17 27 0 0.009 0.00851913 1 
23 17 27 0 0.02 0.0103527 1 
24 17 27 0 0.043 0.0132769 1 
25 17 27 0 0.045 0.0109726 1 
26 17 27 0 0.009 0.0094285 1 
27 17 27 0 0.011 0.0123488 1 
28 17 27 0 0.015 0.0127036 1 
29 17 27 0 0.044 0.0120945 1 
30 17 27 0 0.049 0.0131965 1 
31 17 27 0.000256006 0.024 0.00985764 3 
32 17 27 0 0.005 0.0122997 1 
0 17 28 0 0.019 0.0102282 1 
1 17 28 0.0109049 0.014 0.0118926 13 
2 17 28 0.000404996 0.017 0.012727 2 
3 17 28 0 0.04 0.0148254 1 
4 17 28 0 0.019 0.00977507 1 
5 17 28 2.76758e-05 0.035 0.0107091 2 
6 17 28 0 0.014 0.0129395 1 
7 17 28 0.000256576 0.024 0.00980526 2 
8 17 28 0 0.032 0.00981287 1 
9 17 28 0 0.008 0.00865502 1 
10 17 28 0.00144232 0.036 0.0080128 4 
11 17 28 0 0.019 0.0127421 1 
12 17 28 0 0.014 0.010307 1 
13 17 28 0.00831046 0.046 0.00978093 5 
14 17 28 0 0.025 0.0100387 1 
15 17 28 0 0.04 0.012507 1 
16 17 28 0.000394235 0.02 0.0109762 2 
17 17 28 0.0286687 0.002 0.0076584 37 
18 17 28 0.000136226 0.024 0.0133894 3 
19 17 28 0.0233083 0.008 0.00990874 20 
20 17 28 0 0.007 0.0102828 1 
21 17 28 0 0.023 0.00997221 1 
22 17 28 0 0.001 0.0102328 1 
23 17 28 0 0.002 0.0111746 1 
24 17 28 0 0.009 0.011127 1 
25 17 28 0 0.003 0.0132925 1 
26 17 28 0 0.027 0.0119884 1 
27 17 28 0 0.015 0.0128154 1 
28 17 28 0 0.013 0.0118152 1 
29 17 28 0 0.005 0.0119514 1 
30 17 28 0 0.043 0.0130593 1 
31 17 28 0 0.025 0.00910682 1 
32 17 28 0.00454952 0.001 0.011449 2 
0 17 29 0.00261322 0.042 0.0113533 3 
1 17 29 0.0153535 0.012 0.00944922 20 
2 17 29 0.000421942 0.032 0.0117322 2 
3 17 29 0 0.022 0.0127457 1 
4 17 29 0 0.014 0.00934474 1 
5 17 29 0 0.041 0.01134 1 
6 17 29 0.000404876 0.04 0.00972598 2 
7 17 29 0 0.026 0.00875646 1 
8 17 29 1.88264e-05 0.025 0.00957897 2 
9 17 29 0.00308498 0.036 0.00906802 4 
10 17 29 0 0.024 0.0117978 1 
11 17 29 0 0.048 0.0116222 1 
12 17 29 0 0.003 0.00922452 1 
13 17 29 0.00231939 0.004 0.00963116 4 
14 17 29 0 0.003 0.0129245 1 
15 17 29 0 0.045 0.010595 1 
16 17 29 0.000433319 0.028 0.0112545 2 
17 17 29 0 0.012 0.00999428 1 
18 17 29 0 0.027 0.0118503 1 
19 17 29 0 0.002 0.011809 1 
20 17 29 0 0.02 0.0114642 1 
21 17 29 0 0.034 0.0110522 1 
22 17 29 0 0.001 0.00998388 1 
23 17 29 0 0.042 0.0108873 1 
24 17 29 0 0.025 0.00879665 1 
25 17 29 0 0.001 0.0109833 1 
26 17 29 0.00156209 0.037 0.0111474 5 
27 17 29 0.00815644 0.004 0.0102484 19 
28 17 29 0.00042763 0.001 0.0131895 2 
29 17 29 0 0.019 0.0138424 1 
30 17 29 0.010707 0.038 0.0129302 6 
31 17 29 0.00154245 0.017 0.00987059 6 
32 17 29 0.00078351 0.028 0.0111454 4 
0 17 30 0.00708999 0.037 0.0110156 4 
1 17 30 0 0.043 0.00947002 1 
2 17 30 0.000191017 0.011 0.00989114 3 
3 17 30 0.00355912 0.012 0.0100218 4 
4 17 30 0 0.017 0.0169543 1 
5 17 30 0.000705265 0.028 0.0114526 4 
6 17 30 0.000491215 0.01 0.00651031 2 
7 17 30 0 0.048 0.00952795 1 
8 17 30 0 0.011 0.0179288 1 
9 17 30 0 0.029 0.0114474 1 
10 17 30 0 0.005 0.0100196 1 
11 17 30 0 0.032 0.0110012 1 
12 17 30 0.00810146 0.01 0.00974751 18 
13 17 30 0.00176048 0.047 0.0112331 3 
14 17 30 0.0078609 0.022 0.0115131 12 
15 17 30 0 0.048 0.0107455 1 
16 17 30 0 0.013 0.0144518 1 
17 17 30 0.000611524 0.009 0.0115161 2 
18 17 30 0 0.005 0.0106946 1 
19 17 30 0.0176086 0.006 0.0113865 24 
20 17 30 0 0.007 0.00891595 1 
21 17 30 0.000317821 0.043 0.00975876 2 
22 17 30 9.80396e-05 0.025 0.0109774 2 
23 17 30 0 0.017 0.0115058 1 
24 17 30 0 0.045 0.0115854 1 
25 17 30 0 0.033 0.0107033 1 
26 17 30 0.00351118 0.003 0.00907811 8 
27 17 30 0 0.018 0.0108042 1 
28 17 30 0.000467879 0.003 0.0121659 2 
29 17 30 0 0.032 0.0107673 1 
30 17 30 0.00157343 0.035 0.011814 3 
31 17 30 0 0.03 0.00783933 1 
32 17 30 0.000413782 0.025 0.0101795 2 
0 17 31 0.0035142 0.035 0.0121686 2 
1 17 31 0.00165571 0.018 0.00905649 5 
2 17 31 0 0.016 0.00703667 1 
3 17 31 0 0.032 0.00960459 1 
4 17 31 0 0.007 0.0123816 1 
5 17 31 0.00606787 0.009 0.0120523 5 
6 17 31 0 0.045 0.0098545 1 
7 17 31 0.00920666 0.039 0.0126676 7 
8 17 31 0 0.02 0.0106688 1 
9 17 31 0 0.024 0.0141207 1 
10 17 31 0 0.032 0.0127279 1 
11 17 31 0.00173103 0.02 0.0123753 4 
12 17 31 0.00776998 0.001 0.0117808 17 
13 17 31 0.00451144 0.027 0.0120184 5 
14 17 31 0.0227164 0.005 0.0126121 60 
15 17 31 0 0.011 0.0119084 1 
16 17 31 0 0.014 0.00991427 1 
17 17 31 0 0.043 0.0109199 1 
18 17 31 0 0.023 0.00831976 1 
19 17 31 0 0.045 0.0101336 1 
20 17 31 0.0092811 0.034 0.0113916 7 
21 17 31 0.000446538 0.013 0.0101207 3 
22 17 31 0.00194891 0.017 0.0108757 6 
23 17 31 0 0.04 0.00982073 1 
24 17 31 0 0.037 0.011186 1 
25 17 31 0.0140397 0.023 0.0102496 9 
26 17 31 0.0309409 0.019 0.0130774 22 
27 17 31 0.00472412 0.008 0.0102958 13 
28 17 31 0 0.032 0.00960619 1 
29 17 31 0.000174975 0.015 0.0093508 3 
30 17 31 0 0.009 0.0131329 1 
31 17 31 0 0.03 0.0093122 1 
32 17 31 0.00319488 0.024 0.0112314 4 
0 17 32 0 0.043 0.00822068 1 
1 17 32 0.00367844 0.011 0.0107792 10 
2 17 32 0 0.029 0.011829 1 
3 17 32 0.00515641 0.004 0.0135172 9 
4 17 32 0 0.024 0.0119445 1 
5 17 32 0 0.014 0.00787334 1 
6 17 32 0 0.031 0.0148643 1 
7 17 32 0 0.011 0.0121542 1 
8 17 32 0 0.008 0.0170498 1 
9 17 32 0 0.025 0.0101154 1 
10 17 32 0 0.011 0.0171205 1 
11 17 32 0 0.026 0.0120774 1 
12 17 32 0.00028803 0.013 0.0109499 4 
13 17 32 0.00282072 0.018 0.0124248 9 
14 17 32 0 0.045 0.0129577 1 
15 17 32 0 0.049 0.0126515 1 
16 17 32 0.000463659 0.031 0.0115707 2 
17 17 32 0 0.012 0.0105159 1 
18 17 32 0.000469387 0.014 0.0100795 2 
19 17 32 0 0.028 0.0103229 1 
20 17 32 0 0.041 0.0148534 1 
21 17 32 0 0.028 0.00970016 1 
22 17 32 0 0.028 0.00973181 1 
23 17 32 0 0.039 0.0103004 1 
24 17 32 0 0.008 0.012619 1 
25 17 32 0.0263232 0.012 0.00924612 28 
26 17 32 0.00835218 0.022 0.0120367 13 
27 17 32 2.85272e-06 0.013 0.00949864 2 
28 17 32 0 0.008 0.0103024 1 
29 17 32 0.000153062 0.046 0.00844 3 
30 17 32 0.000938821 0.016 0.00992623 2 
31 17 32 0 0.04 0.00924428 1 
32 17 32 0 0.04 0.0141956 1 
0 17 33 0.0536552 0.001 0.0124629 86 
1 17 33 0 0.001 0.0101307 1 
2 17 33 0 0.017 0.0103197 1 
3 17 33 0 0.027 0.0139308 1 
4 17 33 0 0.038 0.00902259 1 
5 17 33 0 0.028 0.0116634 1 
6 17 33 0 0.027 0.0120374 1 
7 17 33 0 0.027 0.0150736 1 
8 17 33 0 0.023 0.00965171 1 
9 17 33 0.0393925 0.002 0.00845904 43 
10 17 33 0 0.007 0.0120541 1 
11 17 33 0 0.004 0.012301 1 
12 17 33 0 0.005 0.0131439 1 
13 17 33 0.000593759 0.002 0.0109758 8 
14 17 33 0 0.003 0.00964468 1 
15 17 33 0 0.013 0.011717 1 
16 17 33 0.000506105 0.001 0.0103938 2 
17 17 33 0.00427475 0.032 0.00927864 6 
18 17 33 0 0.021 0.0101101 1 
19 17 33 0 0.021 0.00991271 1 
20 17 33 0.00013687 0.007 0.0110396 2 
21 17 33 0 0.005 0.0145815 1 
22 17 33 0.00140646 0.011 0.0100267 2 
23 17 33 0.00651052 0.021 0.010437 13 
24 17 33 0 0.007 0.0084624 1 
25 17 33 0.000273789 0.002 0.010696 2 
26 17 33 0 0.013 0.0105858 1 
27 17 33 0.00392432 0.012 0.0106659 5 
28 17 33 0 0.008 0.0135675 1 
29 17 33 0 0.005 0.00848359 1 
30 17 33 0.0113084 0.007 0.0103848 25 
31 17 33 0 0.003 0.0103382 1 
32 17 33 0.00306918 0.025 0.012969 7 
0 17 34 8.14418e-05 0.038 0.0117118 2 
1 17 34 0 0.004 0.00801682 1 
2 17 34 0 0.035 0.0109084 1 
3 17 34 0.00171251 0.025 0.0127413 2 
4 17 34 9.23623e-05 0.008 0.0110701 2 
5 17 34 0 0.004 0.0118059 1 
6 17 34 0 0.032 0.0104972 1 
7 17 34 0 0.01 0.0114023 1 
8 17 34 0 0.005 0.0107215 1 
9 17 34 0.000561711 0.013 0.00885473 4 
10 17 34 0.000364337 0.03 0.0115357 2 
11 17 34 0 0.041 0.0117921 1 
12 17 34 0 0.011 0.00976655 1 
13 17 34 0.0173708 0.025 0.0100024 16 
14 17 34 0.0322416 0.002 0.0138727 58 
15 17 34 0 0.034 0.0110404 1 
16 17 34 0 0.008 0.0137806 1 
17 17 34 0.0128285 0.004 0.0114814 19 
18 17 34 0 0.024 0.0111915 1 
19 17 34 0.00905728 0.037 0.0106854 4 
20 17 34 0 0.031 0.0125782 1 
21 17 34 0 0.025 0.0118725 1 
22 17 34 0 0.026 0.0114962 1 
23 17 34 0 0.035 0.0120951 1 
24 17 34 0 0.035 0.0114996 1 
25 17 34 0 0.006 0.00932025 1 
26 17 34 0 0.044 0.0104781 1 
27 17 34 0.00282535 0.006 0.00960293 6 
28 17 34 0 0.012 0.00764619 1 
29 17 34 0 0.006 0.0113712 1 
30 17 34 0 0.007 0.0127375 1 
31 17 34 0.000198942 0.041 0.0106868 3 
32 17 34 0.00238472 0.013 0.011041 9 
0 17 35 0 0.043 0.0116046 1 
1 17 35 0 0.034 0.00948442 1 
2 17 35 0.000495952 0.038 0.0147266 2 
3 17 35 0.00366529 0.036 0.00921741 3 
4 17 35 0 0.033 0.0122493 1 
5 17 35 0 0.024 0.010202 1 
6 17 35 0 0.021 0.0120849 1 
7 17 35 0.000437117 0.038 0.0128587 2 
8 17 35 8.87604e-05 0.028 0.0108413 2 
9 17 35 0.00730016 0.016 0.00865625 9 
10 17 35 0.000425566 0.006 0.00732107 3 
11 17 35 0 0.048 0.015 1 
12 17 35 0.00544807 0.024 0.0106736 12 
13 17 35 0.00348334 0.001 0.0111402 8 
14 17 35 0.0327077 0.003 0.0114666 74 
15 17 35 0 0.003 0.0124379 1 
16 17 35 0 0.022 0.0116085 1 
17 17 35 0 0.013 0.012142 1 
18 17 35 0.000502149 0.049 0.0144901 2 
19 17 35 0 0.047 0.009113 1 
20 17 35 0 0.023 0.011277 1 
21 17 35 0 0.03 0.0130499 1 
22 17 35 0 0.04 0.0113575 1 
23 17 35 0.00072305 0.044 0.00874428 2 
24 17 35 0 0.04 0.00940791 1 
25 17 35 0 0.049 0.0123448 1 
26 17 35 0 0.006 0.0093638 1 
27 17 35 0.0207589 0.012 0.0150893 29 
28 17 35 0 0.045 0.0117632 1 
29 17 35 0.000153872 0.003 0.0106117 3 
30 17 35 0.0192995 0.001 0.00995098 35 
31 17 35 0.000210296 0.017 0.00944331 3 
32 17 35 0 0.011 0.0109394 1 
0 17 36 0.034793 0.005 0.0119075 46 
1 17 36 4.44148e-05 0.03 0.0114856 2 
2 17 36 0.000655178 0.044 0.0123999 3 
3 17 36 0.00809638 0.042 0.0119625 7 
4 17 36 0 0.018 0.0120624 1 
5 17 36 0 0.045 0.00998189 1 
6 17 36 0 0.015 0.0102834 1 
7 17 36 0.000810755 0.014 0.0108158 2 
8 17 36 0 0.039 0.0105391 1 
9 17 36 0 0.028 0.00789816 1 
10 17 36 0 0.016 0.0131872 1 
11 17 36 0 0.045 0.0126263 1 
12 17 36 0.00874216 0.024 0.00914035 9 
13 17 36 0.0253582 0.002 0.0108077 28 
14 17 36 0.0441918 0.003 0.0144492 63 
15 17 36 0 0.025 0.012517 1 
16 17 36 0 0.027 0.0133048 1 
17 17 36 0.0451438 0.002 0.0158866 70 
18 17 36 0 0.02 0.0115588 1 
19 17 36 0 0.005 0.00941375 1 
20 17 36 0.00325508 0.034 0.0104462 7 
21 17 36 0 0.036 0.0119603 1 
22 17 36 3.52267e-05 0.003 0.0136119 2 
23 17 36 0.00069625 0.005 0.0113685 3 
24 17 36 0 0.019 0.0116514 1 
25 17 36 0.00179477 0.034 0.00873483 2 
26 17 36 0.00872506 0.04 0.00872221 11 
27 17 36 0.000399199 0.04 0.0128356 3 
28 17 36 0 0.001 0.0128338 1 
29 17 36 0 0.012 0.0107439 1 
30 17 36 0.0131516 0.013 0.0123763 18 
31 17 36 0 0.018 0.00787912 1 
32 17 36 0 0.018 0.0134208 1 
0 17 37 0 0.036 0.00879395 1 
1 17 37 0 0.038 0.0120209 1 
2 17 37 0.000145532 0.035 0.0134708 3 
3 17 37 0.00670171 0.009 0.0103844 10 
4 17 37 0 0.041 0.0106062 1 
5 17 37 0 0.03 0.0135208 1 
6 17 37 0 0.049 0.0117462 1 
7 17 37 0.000892285 0.005 0.0120207 5 
8 17 37 0 0.027 0.00975783 1 
9 17 37 0 0.004 0.0100803 1 
10 17 37 0 0.042 0.00988365 1 
11 17 37 0 0.031 0.0103935 1 
12 17 37 0.000133174 0.007 0.0103376 2 
13 17 37 0 0.014 0.0113513 1 
14 17 37 0.0300774 0.004 0.00910841 52 
15 17 37 0 0.029 0.0148685 1 
16 17 37 0 0.023 0.00969792 1 
17 17 37 0 0.022 0.0129161 1 
18 17 37 0 0.004 0.0122154 1 
19 17 37 0.000929358 0.012 0.0100741 2 
20 17 37 0 0.043 0.00942444 1 
21 17 37 0 0.038 0.0111055 1 
22 17 37 0.00910068 0.005 0.0121464 14 
23 17 37 0 0.025 0.0112291 1 
24 17 37 0 0.019 0.0111159 1 
25 17 37 0 0.023 0.00930336 1 
26 17 37 0 0.034 0.0110315 1 
27 17 37 0 0.033 0.00982989 1 
28 17 37 0 0.048 0.0128401 1 
29 17 37 0.000491511 0.04 0.00930146 2 
30 17 37 0 0.02 0.0145508 1 
31 17 37 0 0.023 0.013568 1 
32 17 37 0.0254725 0.002 0.0114131 38 
0 17 38 0.0405777 0.006 0.00983919 52 
1 17 38 0 0.021 0.0107718 1 
2 17 38 0.000120262 0.019 0.0123573 3 
3 17 38 0.0341513 0.001 0.0116697 60 
4 17 38 0 0.03 0.00929735 1 
5 17 38 0 0.005 0.0109812 1 
6 17 38 0 0.004 0.0144313 1 
7 17 38 0.0013402 0.006 0.012576 2 
8 17 38 0.00115068 0.021 0.0108692 2 
9 17 38 0 0.005 0.00918194 1 
10 17 38 0 0.013 0.00764215 1 
11 17 38 0.00184282 0.018 0.00905543 4 
12 17 38 0.00521826 0.026 0.0119237 8 
13 17 38 0.000586803 0.019 0.00950409 3 
14 17 38 0 0.043 0.0110434 1 
15 17 38 0 0.038 0.00962152 1 
16 17 38 0.000541842 0.016 0.0117522 2 
17 17 38 0.0426065 0.006 0.0064359 43 
18 17 38 0 0.043 0.0138234 1 
19 17 38 0.00233981 0.042 0.00924793 7 
20 17 38 0.00540241 0.006 0.0113074 13 
21 17 38 0 0.026 0.0102999 1 
22 17 38 0 0.038 0.0113405 1 
23 17 38 0.00667963 0.02 0.0112493 7 
24 17 38 0 0.015 0.0100807 1 
25 17 38 0 0.024 0.0100339 1 
26 17 38 0.00181541 0.001 0.00970299 6 
27 17 38 0 0.034 0.0104572 1 
28 17 38 0 0.027 0.0137904 1 
29 17 38 0 0.024 0.00965899 1 
30 17 38 0.0125186 0.03 0.00868158 9 
31 17 38 0 0.02 0.0133014 1 
32 17 38 0 0.008 0.00877142 1 
0 17 39 0 0.001 0.010317 1 
1 17 39 0.0199676 0.009 0.0119147 27 
2 17 39 0 0.014 0.0117272 1 
3 17 39 0.00112051 0.031 0.0114928 2 
4 17 39 0.000588402 0.046 0.0116237 2 
5 17 39 0 0.009 0.00982683 1 
6 17 39 0 0.039 0.0113736 1 
7 17 39 0 0.005 0.0130131 1 
8 17 39 0 0.029 0.0091523 1 
9 17 39 0.0629248 0.001 0.0110855 87 
10 17 39 0 0.047 0.0223786 1 
11 17 39 0.0018987 0.041 0.00860146 4 
12 17 39 0 0.027 0.010197 1 
13 17 39 0.0375239 0.002 0.0108621 38 
14 17 39 0 0.035 0.00930925 1 
15 17 39 0 0.013 0.00799049 1 
16 17 39 0 0.039 0.0117882 1 
17 17 39 0.0113404 0.006 0.0117222 32 
18 17 39 0.000581567 0.034 0.0130845 2 
19 17 39 0 0.049 0.0118992 1 
20 17 39 0.00813066 0.039 0.00946976 5 
21 17 39 0.000227226 0.001 0.0124051 3 
22 17 39 0 0.041 0.0109172 1 
23 17 39 0.00219327 0.03 0.0098864 2 
24 17 39 0 0.032 0.00945757 1 
25 17 39 0.000926624 0.023 0.0115703 2 
26 17 39 0 0.008 0.00969721 1 
27 17 39 0 0.001 0.0143762 1 
28 17 39 0 0.017 0.0120957 1 
29 17 39 0 0.042 0.0112433 1 
30 17 39 0.0181211 0.029 0.009491 14 
31 17 39 0.0044126 0.013 0.0104165 9 
32 17 39 0 0.008 0.00997383 1 
0 17 40 0 0.044 0.00954903 1 
1 17 40 0 0.016 0.00926231 1 
2 17 40 0 0.024 0.0139876 1 
3 17 40 0.00329337 0.013 0.0101767 7 
4 17 40 9.19098e-05 0.01 0.0109112 2 
5 17 40 0 0.007 0.0253792 1 
6 17 40 0 0.048 0.0113784 1 
7 17 40 0.000280397 0.018 0.00675504 2 
8 17 40 0 0.001 0.00991252 1 
9 17 40 0.00753582 0.026 0.00892931 6 
10 17 40 0 0.025 0.0126329 1 
11 17 40 0 0.029 0.0131753 1 
12 17 40 0.000622048 0.036 0.0107628 2 
13 17 40 0 0.041 0.0102636 1 
14 17 40 0.00278667 0.017 0.0124141 4 
15 17 40 0 0.042 0.0119899 1 
16 17 40 0 0.015 0.0126107 1 
17 17 40 0.0146896 0.018 0.0121152 17 
18 17 40 0 0.019 0.0098856 1 
19 17 40 0.0166862 0.014 0.00939559 21 
20 17 40 0 0.039 0.0124695 1 
21 17 40 0.00066392 0.007 0.0102035 2 
22 17 40 0.000199099 0.016 0.0124604 3 
23 17 40 0 0.015 0.0130307 1 
24 17 40 0.000629027 0.014 0.0107541 2 
25 17 40 0 0.029 0.0124734 1 
26 17 40 0 0.03 0.00860475 1 
27 17 40 0 0.002 0.0119155 1 
28 17 40 0 0.002 0.0105253 1 
29 17 40 0 0.038 0.0122797 1 
30 17 40 0.00110656 0.002 0.0112826 2 
31 17 40 1.2866e-05 0.008 0.012111 2 
32 17 40 0 0.013 0.011627 1 
0 17 41 0.00201587 0.028 0.0122836 2 
1 17 41 0.00876295 0.049 0.0108942 8 
2 17 41 0 0.043 0.0135598 1 
3 17 41 0 0.012 0.0116957 1 
4 17 41 0.000118411 0.01 0.0104957 2 
5 17 41 0 0.036 0.0130259 1 
6 17 41 0 0.023 0.0128984 1 
7 17 41 0.00557386 0.02 0.0113933 8 
8 17 41 0 0.017 0.0144078 1 
9 17 41 0.00997585 0.002 0.00944711 13 
10 17 41 0 0.016 0.0129482 1 
11 17 41 0 0.044 0.0128972 1 
12 17 41 0.00122126 0.005 0.0123737 4 
13 17 41 0 0.043 0.00982663 1 
14 17 41 0 0.003 0.0149331 1 
15 17 41 0 0.012 0.0121201 1 
16 17 41 0 0.016 0.0102039 1 
17 17 41 0.00866794 0.006 0.0117434 8 
18 17 41 0.000664714 0.028 0.0117186 2 
19 17 41 0.00179116 0.026 0.0119273 3 
20 17 41 0.000656391 0.006 0.00988775 3 
21 17 41 0 0.041 0.0124298 1 
22 17 41 0.017091 0.01 0.0083567 26 
23 17 41 0 0.027 0.0119532 1 
24 17 41 0.000664714 0.041 0.0117523 2 
25 17 41 0 0.032 0.0100711 1 
26 17 41 0.000355605 0.003 0.0119916 4 
27 17 41 0 0.028 0.0103554 1 
28 17 41 0 0.002 0.0152292 1 
29 17 41 0 0.024 0.00906313 1 
30 17 41 0 0.004 0.0113978 1 
31 17 41 0.000303798 0.009 0.00951801 3 
32 17 41 2.19662e-05 0.001 0.0108852 2 
0 17 42 0 0.034 0.00928199 1 
1 17 42 0.0157428 0.017 0.0110516 17 
2 17 42 0 0.038 0.0095782 1 
3 17 42 0 0.024 0.0129498 1 
4 17 42 1.17715e-05 0.047 0.00901866 2 
5 17 42 0 0.018 0.0124494 1 
6 17 42 0 0.014 0.0101339 1 
7 17 42 0.00368557 0.01 0.0108707 3 
8 17 42 0.000152936 0.049 0.0115387 2 
9 17 42 0.0265748 0.004 0.0110437 38 
10 17 42 0 0.017 0.0116149 1 
11 17 42 0 0.046 0.0119259 1 
12 17 42 0 0.026 0.00880562 1 
13 17 42 0 0.029 0.0126239 1 
14 17 42 0 0.029 0.00802064 1 
15 17 42 0 0.041 0.0133855 1 
16 17 42 0 0.008 0.0152027 1 
17 17 42 0 0.015 0.0124003 1 
18 17 42 5.8883e-06 0.011 0.00845691 2 
19 17 42 0 0.003 0.00908318 1 
20 17 42 0 0.003 0.0105748 1 
21 17 42 0 0.002 0.0110857 1 
22 17 42 0.0157147 0.007 0.00938519 27 
23 17 42 0.0028572 0.018 0.010014 8 
24 17 42 0.000631776 0.042 0.00953661 2 
25 17 42 0 0.046 0.0116056 1 
26 17 42 0 0.028 0.0107673 1 
27 17 42 0 0.001 0.00930147 1 
28 17 42 0 0.019 0.0104746 1 
29 17 42 0 0.005 0.0164986 1 
30 17 42 0.0369115 0.003 0.0112503 66 
31 17 42 1.28455e-05 0.015 0.0107992 2 
32 17 42 0 0.029 0.00992071 1 
0 17 43 0.0046122 0.029 0.0102597 5 
1 17 43 0.000562983 0.012 0.0105726 2 
2 17 43 0 0.041 0.0149959 1 
3 17 43 0.000262204 0.011 0.0109193 2 
4 17 43 0 0.004 0.0106223 1 
5 17 43 0 0.006 0.0108744 1 
6 17 43 0.000637537 0.024 0.0111863 2 
7 17 43 0 0.012 0.00932004 1 
8 17 43 0 0.032 0.0107797 1 
9 17 43 0.0203981 0.009 0.0119674 37 
10 17 43 0 0.017 0.0113438 1 
11 17 43 0 0.009 0.011209 1 
12 17 43 0 0.044 0.0115047 1 
13 17 43 0.00152401 0.048 0.0116494 2 
14 17 43 0 0.01 0.00959226 1 
15 17 43 0 0.023 0.0104359 1 
16 17 43 0 0.007 0.00952512 1 
17 17 43 0.0483426 0.002 0.0131813 66 
18 17 43 0.000667546 0.015 0.0147309 2 
19 17 43 0 0.025 0.00979478 1 
20 17 43 0.000728237 0.009 0.0109334 5 
21 17 43 0.000466859 0.032 0.0093129 3 
22 17 43 0.00283469 0.044 0.0119001 3 
23 17 43 0 0.013 0.0110873 1 
24 17 43 0 0.015 0.00950567 1 
25 17 43 0.00333714 0.002 0.010269 5 
26 17 43 0.000212134 0.004 0.0127067 2 
27 17 43 0.00119219 0.024 0.00830768 4 
28 17 43 0 0.018 0.0127508 1 
29 17 43 0.000465714 0.033 0.00877589 2 
30 17 43 0.000742411 0.027 0.0102335 2 
31 17 43 0.000467753 0.027 0.0124369 3 
32 17 43 0 0.002 0.0109969 1 
0 17 44 0 0.047 0.00832118 1 
1 17 44 0 0.006 0.0118369 1 
2 17 44 0.000100659 0.015 0.0112734 3 
3 17 44 0.0421292 0.002 0.00957319 65 
4 17 44 0 0.019 0.0137827 1 
5 17 44 0 0.021 0.0161952 1 
6 17 44 0.000663925 0.032 0.0135507 2 
7 17 44 0 0.025 0.0105293 1 
8 17 44 0 0.045 0.0171154 1 
9 17 44 0 0.039 0.0125756 1 
10 17 44 0.000516803 0.029 0.00927939 2 
11 17 44 0 0.047 0.0130523 1 
12 17 44 0.00259462 0.032 0.0101043 2 
13 17 44 0.00989343 0.001 0.0113087 15 
14 17 44 0 0.013 0.0114819 1 
15 17 44 0 0.006 0.01189 1 
16 17 44 0 0.049 0.0138941 1 
17 17 44 0 0.026 0.0117025 1 
18 17 44 0 0.015 0.0116457 1 
19 17 44 0 0.045 0.00902946 1 
20 17 44 0 0.004 0.012923 1 
21 17 44 0 0.017 0.00948664 1 
22 17 44 0.00169932 0.024 0.0112323 3 
23 17 44 0.00323848 0.039 0.011484 2 
24 17 44 0 0.048 0.0124905 1 
25 17 44 0 0.048 0.0111062 1 
26 17 44 0.00507653 0.025 0.0120326 10 
27 17 44 0.00277125 0.035 0.0129843 3 
28 17 44 0.000634593 0.035 0.0130328 2 
29 17 44 0 0.026 0.0113886 1 
30 17 44 0 0.031 0.0100849 1 
31 17 44 0 0.047 0.00912246 1 
32 17 44 0.000908068 0.027 0.013286 2 
0 17 45 0.0263115 0.01 0.00967465 21 
1 17 45 0.000361442 0.001 0.0103332 5 
2 17 45 8.93229e-05 0.03 0.0112961 3 
3 17 45 0 0.009 0.00739586 1 
4 17 45 0 0.02 0.00973119 1 
5 17 45 0 0.036 0.0279495 1 
6 17 45 0 0.038 0.0116867 1 
7 17 45 0.0139356 0.01 0.0111944 19 
8 17 45 0 0.007 0.0114961 1 
9 17 45 0.00133872 0.022 0.0087828 9 
10 17 45 0.000420755 0.021 0.011237 2 
11 17 45 0.000135942 0.017 0.011772 3 
12 17 45 0.00114649 0.01 0.00991245 5 
13 17 45 0.00699516 0.013 0.0121469 8 
14 17 45 0.0103334 0.031 0.0123458 10 
15 17 45 0 0.004 0.0110639 1 
16 17 45 0.000678067 0.017 0.0131064 2 
17 17 45 0 0.037 0.0124868 1 
18 17 45 0.000670379 0.001 0.00847327 2 
19 17 45 0.00099421 0.01 0.0127564 4 
20 17 45 5.87079e-05 0.036 0.0134624 2 
21 17 45 0.00193384 0.016 0.00837981 6 
22 17 45 0.0312711 0.005 0.00928881 35 
23 17 45 0.00184154 0.045 0.0119264 2 
24 17 45 0 0.037 0.00798739 1 
25 17 45 0 0.013 0.0121278 1 
26 17 45 0.0163188 0.001 0.0114526 22 
27 17 45 0 0.004 0.0113381 1 
28 17 45 0 0.015 0.00906566 1 
29 17 45 0 0.016 0.00954963 1 
30 17 45 0 0.035 0.0118679 1 
31 17 45 1.52102e-05 0.012 0.0117986 2 
32 17 45 7.12741e-06 0.002 0.0113805 2 
0 17 46 0 0.012 0.0108079 1 
1 17 46 0.000714087 0.01 0.0117677 2 
2 17 46 0 0.04 0.0112088 1 
3 17 46 0.00611743 0.022 0.0119201 11 
4 17 46 0 0.046 0.0179507 1 
5 17 46 0 0.028 0.00944846 1 
6 17 46 0 0.031 0.0102846 1 
7 17 46 0.00780658 0.02 0.00877587 14 
8 17 46 0 0.024 0.0136144 1 
9 17 46 0 0.046 0.00935698 1 
10 17 46 6.59287e-05 0.031 0.00818247 2 
11 17 46 8.42154e-05 0.004 0.0097765 3 
12 17 46 0 0.016 0.00865695 1 
13 17 46 0 0.014 0.00852065 1 
14 17 46 0 0.045 0.0113863 1 
15 17 46 0 0.018 0.0108561 1 
16 17 46 0.000714087 0.036 0.0129303 2 
17 17 46 0 0.01 0.0096052 1 
18 17 46 0.000721925 0.048 0.0135486 2 
19 17 46 0.000372058 0.008 0.0111013 4 
20 17 46 0 0.017 0.0102712 1 
21 17 46 0 0.034 0.01102 1 
22 17 46 0.0200113 0.009 0.00882068 25 
23 17 46 0 0.026 0.0113428 1 
24 17 46 0 0.029 0.0136929 1 
25 17 46 0.0345797 0.006 0.0108925 44 
26 17 46 0.0145812 0.028 0.00951834 14 
27 17 46 0 0.015 0.0118616 1 
28 17 46 0 0.02 0.0113625 1 
29 17 46 0.0007376 0.042 0.0136474 2 
30 17 46 0 0.013 0.0127805 1 
31 17 46 0 0.017 0.0107112 1 
32 17 46 0.000606476 0.025 0.00928902 2 
0 17 47 0 0.031 0.00959436 1 
1 17 47 0.000240886 0.035 0.00840119 2 
2 17 47 0 0.004 0.0118932 1 
3 17 47 0 0.013 0.0105489 1 
4 17 47 0 0.01 0.0190428 1 
5 17 47 0 0.042 0.0108993 1 
6 17 47 0.000642449 0.042 0.0109505 2 
7 17 47 0 0.002 0.0114442 1 
8 17 47 0 0.024 0.00806503 1 
9 17 47 0 0.012 0.00865469 1 
10 17 47 0 0.035 0.0194259 1 
11 17 47 0.000276142 0.033 0.00758639 2 
12 17 47 0.000727747 0.031 0.0102186 2 
13 17 47 0 0.042 0.0105159 1 
14 17 47 6.47623e-05 0.006 0.0083727 3 
15 17 47 0 0.036 0.0126602 1 
16 17 47 0 0.021 0.0109017 1 
17 17 47 0 0.04 0.013065 1 
18 17 47 2.54676e-05 0.048 0.0107492 2 
19 17 47 0 0.014 0.0123117 1 
20 17 47 0.000445708 0.004 0.00918068 2 
21 17 47 0 0.015 0.0117832 1 
22 17 47 0.00309285 0.031 0.00930043 11 
23 17 47 0 0.001 0.0107728 1 
24 17 47 0 0.029 0.0113733 1 
25 17 47 0.00841476 0.001 0.0119158 13 
26 17 47 0.0153441 0.029 0.0125965 11 
27 17 47 0.000552851 0.029 0.0115774 4 
28 17 47 0 0.035 0.0114032 1 
29 17 47 0.00065757 0.015 0.0125637 2 
30 17 47 0 0.041 0.00826615 1 
31 17 47 0.000186984 0.043 0.0110656 2 
32 17 47 0.000858249 0.001 0.0121819 3 
0 17 48 0 0.019 0.0136386 1 
1 17 48 0 0.049 0.00707755 1 
2 17 48 0.00197114 0.018 0.0109678 4 
3 17 48 0 0.023 0.00989263 1 
4 17 48 0 0.005 0.0182439 1 
5 17 48 0 0.031 0.0101985 1 
6 17 48 0.000669015 0.019 0.00851251 2 
7 17 48 0 0.035 0.008939 1 
8 17 48 0 0.022 0.0106211 1 
9 17 48 0 0.02 0.00935701 1 
10 17 48 0 0.008 0.0187488 1 
11 17 48 0.000646847 0.002 0.0123359 2 
12 17 48 0.000798755 0.009 0.00980507 2 
13 17 48 1.73104e-05 0.014 0.0114088 3 
14 17 48 0.0206315 0.022 0.00912814 19 
15 17 48 0 0.014 0.00909233 1 
16 17 48 0 0.019 0.0108596 1 
17 17 48 0 0.002 0.0116517 1 
18 17 48 0.000639457 0.049 0.0132211 2 
19 17 48 0.000889673 0.028 0.00976492 3 
20 17 48 0 0.015 0.011052 1 
21 17 48 0.000614158 0.002 0.00758549 2 
22 17 48 0.000632068 0.021 0.0116682 2 
23 17 48 0.000357649 0.003 0.0102264 3 
24 17 48 0.000639457 0.012 0.0137919 2 
25 17 48 0.00491674 0.021 0.00925487 9 
26 17 48 0.0129767 0.021 0.00901067 11 
27 17 48 0 0.001 0.0100125 1 
28 17 48 0.000639457 0.003 0.013478 2 
29 17 48 0.000654236 0.026 0.0106636 2 
30 17 48 0 0.046 0.0113098 1 
31 17 48 0.000396397 0.008 0.00999326 2 
32 17 48 0 0.003 0.0133364 1 
0 17 49 0.00400556 0.037 0.0109109 2 
1 17 49 0 0.034 0.00813918 1 
2 17 49 0.00156348 0.021 0.00976425 2 
3 17 49 0 0.012 0.0115513 1 
4 17 49 0 0.019 0.0119026 1 
5 17 49 4.06627e-05 0.033 0.0122702 2 
6 17 49 0 0.042 0.0110998 1 
7 17 49 0.00925725 0.022 0.0107357 12 
8 17 49 0 0.039 0.00803314 1 
9 17 49 0 0.031 0.0103688 1 
10 17 49 0 0.003 0.0110069 1 
11 17 49 0 0.049 0.00960565 1 
12 17 49 0 0.007 0.0108619 1 
13 17 49 0.0275859 0.002 0.0089044 43 
14 17 49 0 0.005 0.0109047 1 
15 17 49 0 0.013 0.011614 1 
16 17 49 0 0.043 0.0140011 1 
17 17 49 0 0.023 0.0113939 1 
18 17 49 0 0.005 0.0100936 1 
19 17 49 0.00619635 0.003 0.0103127 9 
20 17 49 0 0.023 0.0111561 1 
21 17 49 0.00174028 0.029 0.00842803 3 
22 17 49 0 0.017 0.0120496 1 
23 17 49 0 0.027 0.0116521 1 
24 17 49 0.000675562 0.031 0.01175 2 
25 17 49 0.0318983 0.014 0.0110559 24 
26 17 49 0.00288274 0.03 0.00894748 4 
27 17 49 0.00895696 0.005 0.0116226 18 
28 17 49 0 0.018 0.0128881 1 
29 17 49 5.4574e-05 0.022 0.0163494 3 
30 17 49 0.00225999 0.027 0.00989348 4 
31 17 49 0 0.004 0.00765334 1 
32 17 49 0.00146534 0.025 0.0120429 5 
0 17 50 0.00267545 0.049 0.0107211 3 
1 17 50 0 0.005 0.0103027 1 
2 17 50 0 0.017 0.0138578 1 
3 17 50 0.0282666 0.006 0.0122189 45 
4 17 50 0 0.028 0.0297645 1 
5 17 50 0.00101285 0.012 0.00981756 4 
6 17 50 0 0.009 0.0101298 1 
7 17 50 0 0.031 0.0138317 1 
8 17 50 0 0.016 0.0123595 1 
9 17 50 0 0.013 0.00883888 1 
10 17 50 0 0.023 0.00745468 1 
11 17 50 0 0.035 0.00934081 1 
12 17 50 0 0.022 0.00802933 1 
13 17 50 0.000599394 0.003 0.0123166 3 
14 17 50 0.00588225 0.037 0.0128204 6 
15 17 50 0 0.011 0.0105893 1 
16 17 50 0 0.032 0.010083 1 
17 17 50 0.0118118 0.002 0.0107953 18 
18 17 50 0.000727479 0.025 0.0111504 2 
19 17 50 0.0304946 0.001 0.00953245 39 
20 17 50 0.000191587 0.012 0.00967678 2 
21 17 50 0.0136878 0.009 0.0102094 11 
22 17 50 0.0105375 0.006 0.0105479 10 
23 17 50 0.00445107 0.002 0.0117143 2 
24 17 50 0.000727479 0.016 0.0129775 2 
25 17 50 0 0.017 0.0114896 1 
26 17 50 0 0.003 0.0148123 1 
27 17 50 0 0.031 0.0132675 1 
28 17 50 0 0.035 0.011701 1 
29 17 50 4.46355e-05 0.03 0.00956224 3 
30 17 50 0.00579899 0.004 0.00842597 11 
31 17 50 0 0.009 0.0110135 1 
32 17 50 0.000877034 0.034 0.00894143 3 
0 17 51 0 0.011 0.0126646 1 
1 17 51 0.00989134 0.018 0.0103454 8 
2 17 51 0.00144259 0.037 0.011474 2 
3 17 51 0 0.009 0.00849923 1 
4 17 51 0 0.002 0.0116584 1 
5 17 51 0 0.001 0.0113568 1 
6 17 51 0 0.024 0.0086295 1 
7 17 51 0 0.012 0.0116851 1 
8 17 51 0 0.017 0.0126373 1 
9 17 51 0.00255203 0.001 0.0114671 6 
10 17 51 0.00119827 0.035 0.0109095 6 
11 17 51 0 0.019 0.0101927 1 
12 17 51 0 0.049 0.0124726 1 
13 17 51 0 0.003 0.0106639 1 
14 17 51 0 0.014 0.00983814 1 
15 17 51 0 0.02 0.00921425 1 
16 17 51 0 0.013 0.0132464 1 
17 17 51 0.0164122 0.004 0.0118815 29 
18 17 51 0 0.031 0.0130037 1 
19 17 51 0 0.028 0.0130011 1 
20 17 51 0.0081496 0.012 0.00872697 9 
21 17 51 0 0.049 0.0125676 1 
22 17 51 0 0.044 0.01418 1 
23 17 51 0.00312561 0.013 0.00919905 2 
24 17 51 0 0.011 0.0116246 1 
25 17 51 0.000917749 0.027 0.0136669 2 
26 17 51 0 0.047 0.0105731 1 
27 17 51 0.000819316 0.002 0.0102502 3 
28 17 51 0 0.042 0.00815698 1 
29 17 51 0 0.007 0.0116715 1 
30 17 51 0.0247837 0.011 0.00883316 27 
31 17 51 0 0.035 0.0118847 1 
32 17 51 0 0.004 0.00891831 1 
0 17 52 0.00025174 0.015 0.0120554 2 
1 17 52 0.0208304 0.042 0.007799 8 
2 17 52 0.000829973 0.001 0.0104201 2 
3 17 52 0 0.035 0.0125339 1 
4 17 52 4.69399e-05 0.009 0.0110248 2 
5 17 52 0 0.033 0.019791 1 
6 17 52 0 0.025 0.0118481 1 
7 17 52 0 0.018 0.00988845 1 
8 17 52 0.00063361 0.033 0.0137585 1 
9 17 52 0.0278591 0.01 0.0107107 31 
10 17 52 0.00320896 0.042 0.0111783 4 
11 17 52 0.000829973 0.01 0.0100149 2 
12 17 52 0.000230632 0.048 0.00904243 3 
13 17 52 0.00598925 0.03 0.0120159 9 
14 17 52 0.00378282 0.01 0.0130852 7 
15 17 52 0 0.008 0.011005 1 
16 17 52 0 0.035 0.0127826 1 
17 17 52 0.000104377 0.01 0.00970895 2 
18 17 52 0 0.045 0.0124178 1 
19 17 52 0.016632 0.005 0.0093082 33 
20 17 52 0.00246661 0.043 0.0104097 3 
21 17 52 0.000863616 0.006 0.0108929 2 
22 17 52 0 0.019 0.0115063 1 
23 17 52 0 0.04 0.0119539 1 
24 17 52 0 0.039 0.010861 1 
25 17 52 0.00205059 0.008 0.00837454 5 
26 17 52 0.00227212 0.018 0.0120929 4 
27 17 52 0.033836 0.006 0.011062 32 
28 17 52 2.77591e-05 0.036 0.0148107 3 
29 17 52 0 0.036 0.0120304 1 
30 17 52 0.00421609 0.01 0.0104583 6 
31 17 52 0 0.008 0.0102054 1 
32 17 52 0 0.04 0.0112805 1 
0 17 53 0 0.003 0.0140647 1 
1 17 53 0 0.012 0.00745731 1 
2 17 53 0 0.044 0.0152417 1 
3 17 53 0 0.023 0.0101739 1 
4 17 53 0 0.049 0.0100204 1 
5 17 53 0 0.041 0.0104243 1 
6 17 53 0.000736322 0.019 0.0104091 2 
7 17 53 0 0.029 0.0107672 1 
8 17 53 0.000485783 0.042 0.0116998 2 
9 17 53 0.0117141 0.015 0.00827013 10 
10 17 53 0 0.041 0.0108798 1 
11 17 53 0 0.015 0.0101922 1 
12 17 53 0.0269549 0.002 0.00953065 28 
13 17 53 0 0.003 0.0117775 1 
14 17 53 0 0.027 0.0121557 1 
15 17 53 0 0.031 0.0120856 1 
16 17 53 0 0.032 0.0102276 1 
17 17 53 0 0.032 0.0133954 1 
18 17 53 1.98862e-05 0.013 0.012248 3 
19 17 53 0.000814104 0.001 0.01418 5 
20 17 53 0.00139206 0.013 0.00922014 8 
21 17 53 0 0.049 0.0111806 1 
22 17 53 0.0317403 0.003 0.0111482 62 
23 17 53 0.00737169 0.003 0.0110356 15 
24 17 53 0.000768829 0.03 0.0092992 2 
25 17 53 0.00702241 0.02 0.0114228 11 
26 17 53 0 0.045 0.00930186 1 
27 17 53 0 0.047 0.00892364 1 
28 17 53 0.00086159 0.042 0.0121007 2 
29 17 53 0 0.019 0.0138121 1 
30 17 53 0 0.049 0.0131887 1 
31 17 53 0 0.004 0.0121207 1 
32 17 53 0.0153031 0.01 0.0115459 21 
0 17 54 0.00307042 0.016 0.0141377 5 
1 17 54 0 0.043 0.0111146 1 
2 17 54 0 0.011 0.0118743 1 
3 17 54 0 0.004 0.00947576 1 
4 17 54 0 0.021 0.0115418 1 
5 17 54 0 0.018 0.0111633 1 
6 17 54 0 0.036 0.0121635 1 
7 17 54 0.00025289 0.013 0.0102122 3 
8 17 54 0.000892533 0.018 0.0143125 1 
9 17 54 0.00681604 0.006 0.010259 19 
10 17 54 0 0.035 0.0120947 1 
11 17 54 1.30773e-05 0.002 0.0113021 3 
12 17 54 0.000748051 0.021 0.0100981 2 
13 17 54 0 0.044 0.0108179 1 
14 17 54 0.00161568 0.042 0.0106245 3 
15 17 54 0 0.045 0.00853822 1 
16 17 54 0 0.035 0.00888194 1 
17 17 54 0.00396581 0.043 0.0089001 9 
18 17 54 1.30773e-05 0.007 0.0121748 3 
19 17 54 0.00065498 0.01 0.0104468 2 
20 17 54 0 0.049 0.0082574 1 
21 17 54 4.73427e-05 0.022 0.013006 2 
22 17 54 0.0127398 0.034 0.0108518 16 
23 17 54 0.00533853 0.035 0.0110143 4 
24 17 54 0.00073312 0.016 0.0123001 2 
25 17 54 0.00847189 0.025 0.0140774 15 
26 17 54 0 0.041 0.0149468 1 
27 17 54 0 0.004 0.0118724 1 
28 17 54 0.00073312 0.043 0.0107152 2 
29 17 54 1.30773e-05 0.001 0.0131098 3 
30 17 54 0.00388061 0.023 0.0115262 7 
31 17 54 0 0.005 0.0102482 1 
32 17 54 0 0.035 0.0104971 1 
0 17 55 0.0227249 0.018 0.0114684 21 
1 17 55 0 0.021 0.00817349 1 
2 17 55 0 0.032 0.0114704 1 
3 17 55 0.00365214 0.041 0.0133266 3 
4 17 55 0 0.043 0.0118135 1 
5 17 55 0 0.038 0.0131235 1 
6 17 55 0 0.047 0.0115781 1 
7 17 55 0.00218582 0.038 0.0106899 2 
8 17 55 0 0.018 0.00986505 1 
9 17 55 0 0.031 0.011473 1 
10 17 55 0 0.046 0.014917 1 
11 17 55 0 0.03 0.0119796 1 
12 17 55 0.011523 0.014 0.0103509 19 
13 17 55 0 0.045 0.00917837 1 
14 17 55 0 0.012 0.0124803 1 
15 17 55 0 0.046 0.0107527 1 
16 17 55 0 0.022 0.0116568 1 
17 17 55 0.00188675 0.001 0.0108812 6 
18 17 55 0 0.003 0.00869705 1 
19 17 55 0.000892711 0.012 0.011245 3 
20 17 55 0.00553403 0.005 0.0121308 11 
21 17 55 0 0.038 0.00849452 1 
22 17 55 0.00508958 0.004 0.0119999 6 
23 17 55 0.00169997 0.037 0.0120085 5 
24 17 55 0.000772141 0.042 0.0107363 2 
25 17 55 0 0.004 0.0146464 1 
26 17 55 0.00132552 0.044 0.0123475 3 
27 17 55 0 0.046 0.013442 1 
28 17 55 0 0.035 0.0103734 1 
29 17 55 1.54186e-05 0.031 0.0115678 3 
30 17 55 0.00987414 0.015 0.011474 16 
31 17 55 0.000147977 0.048 0.0107438 2 
32 17 55 0.00181808 0.048 0.00997404 8 
0 17 56 0 0.042 0.0126533 1 
1 17 56 0 0.023 0.0108457 1 
2 17 56 0 0.001 0.0101415 1 
3 17 56 0.00213113 0.033 0.0105816 5 
4 17 56 0 0.015 0.0139306 1 
5 17 56 0 0.011 0.0241397 1 
6 17 56 0 0.044 0.0134555 1 
7 17 56 0 0.004 0.011817 1 
8 17 56 0 0.007 0.0114116 1 
9 17 56 0.00387176 0.027 0.00897798 8 
10 17 56 2.36998e-05 0.04 0.0122653 2 
11 17 56 0 0.007 0.0100283 1 
12 17 56 0 0.003 0.00999309 1 
13 17 56 0.000446985 0.012 0.00928817 2 
14 17 56 0.0088066 0.001 0.0103809 17 
15 17 56 0 0.036 0.0132168 1 
16 17 56 0.000728302 0.005 0.00988416 2 
17 17 56 0 0.048 0.010744 1 
18 17 56 0 0.03 0.0126274 1 
19 17 56 0.00746829 0.007 0.0093763 6 
20 17 56 0.00244424 0.025 0.0109959 2 
21 17 56 0.00225937 0.017 0.012975 3 
22 17 56 0 0.044 0.0124891 1 
23 17 56 0.000316062 0.012 0.00874355 3 
24 17 56 0.000736456 0.02 0.0121939 2 
25 17 56 0.000802707 0.003 0.0135925 2 
26 17 56 0.00268941 0.029 0.00678469 5 
27 17 56 0.0018539 0.001 0.00828213 3 
28 17 56 0 0.023 0.0122427 1 
29 17 56 0.000286656 0.039 0.0120863 2 
30 17 56 0 0.04 0.0125768 1 
31 17 56 0 0.016 0.0116099 1 
32 17 56 0.0276788 0.009 0.00933451 32 
0 17 57 0 0.043 0.0126449 1 
1 17 57 0 0.037 0.0110979 1 
2 17 57 0.00100081 0.007 0.0108697 2 
3 17 57 0 0.041 0.013214 1 
4 17 57 0 0.019 0.0131651 1 
5 17 57 0 0.021 0.0110862 1 
6 17 57 0 0.03 0.0122573 1 
7 17 57 0 0.048 0.00999611 1 
8 17 57 0 0.043 0.0105257 1 
9 17 57 0.00226079 0.011 0.00971704 5 
10 17 57 0.000636692 0.03 0.0116151 3 
11 17 57 0 0.004 0.0109996 1 
12 17 57 0.0019017 0.021 0.00936403 7 
13 17 57 0.000466668 0.005 0.00881531 2 
14 17 57 0.000706869 0.034 0.00857759 2 
15 17 57 0 0.026 0.0128664 1 
16 17 57 0 0.01 0.0126293 1 
17 17 57 0 0.025 0.0123361 1 
18 17 57 0 0.041 0.0123435 1 
19 17 57 0.00145783 0.026 0.011453 9 
20 17 57 0 0.024 0.0123422 1 
21 17 57 0.0018742 0.004 0.00927964 3 
22 17 57 0.00249013 0.02 0.0108076 2 
23 17 57 7.31745e-05 0.001 0.0106027 3 
24 17 57 0 0.033 0.0102302 1 
25 17 57 0 0.03 0.0103628 1 
26 17 57 0 0.047 0.0128791 1 
27 17 57 0.010064 0.022 0.0102677 13 
28 17 57 0 0.042 0.0107051 1 
29 17 57 0.000758457 0.003 0.0101073 2 
30 17 57 0 0.032 0.0112974 1 
31 17 57 0.000353323 0.008 0.0098934 2 
32 17 57 0 0.008 0.0114263 1 
0 17 58 0 0.049 0.00846291 1 
1 17 58 0.00103614 0.016 0.0112988 5 
2 17 58 0 0.049 0.0102023 1 
3 17 58 0 0.04 0.0109401 1 
4 17 58 0.00147422 0.027 0.0108644 2 
5 17 58 0 0.032 0.012304 1 
6 17 58 0 0.029 0.0134455 1 
7 17 58 0 0.046 0.00960369 1 
8 17 58 0.000881969 0.029 0.0144141 1 
9 17 58 0.0331539 0.003 0.0133302 60 
10 17 58 0 0.036 0.0146549 1 
11 17 58 0 0.011 0.0117548 1 
12 17 58 0.0142958 0.007 0.0106361 12 
13 17 58 0.00282111 0.025 0.0110736 5 
14 17 58 0 0.012 0.0119174 1 
15 17 58 0 0.021 0.0128476 1 
16 17 58 0 0.031 0.0116695 1 
17 17 58 0.00183091 0.029 0.0125695 4 
18 17 58 0.000739818 0.007 0.012706 2 
19 17 58 0 0.035 0.0115237 1 
20 17 58 0.000262497 0.019 0.013302 2 
21 17 58 0.000183953 0.029 0.0121403 2 
22 17 58 0 0.002 0.0119294 1 
23 17 58 0.000192097 0.006 0.00945311 2 
24 17 58 0 0.03 0.0135931 1 
25 17 58 0.001695 0.022 0.010872 2 
26 17 58 0.000915578 0.044 0.00922409 2 
27 17 58 0 0.016 0.0112109 1 
28 17 58 0 0.039 0.00908205 1 
29 17 58 0 0.035 0.0121132 1 
30 17 58 0 0.027 0.0134331 1 
31 17 58 0.00204337 0.02 0.00967664 8 
32 17 58 0.0207425 0.006 0.00749449 23 
0 17 59 0.00446081 0.002 0.0103847 14 
1 17 59 0 0.042 0.0114791 1 
2 17 59 0.000681129 0.018 0.0109103 2 
3 17 59 0 0.017 0.0100062 1 
4 17 59 0 0.01 0.0193874 1 
5 17 59 0 0.026 0.0229949 1 
6 17 59 0 0.013 0.0111219 1 
7 17 59 0 0.004 0.0103993 1 
8 17 59 0 0.029 0.00824929 1 
9 17 59 0.00213183 0.019 0.012679 9 
10 17 59 0 0.021 0.00766599 1 
11 17 59 0 0.005 0.0133981 1 
12 17 59 0.000801378 0.046 0.0113872 2 
13 17 59 0 0.031 0.0107271 1 
14 17 59 0 0.034 0.00909038 1 
15 17 59 0 0.004 0.0131209 1 
16 17 59 0 0.044 0.00941135 1 
17 17 59 0.00456733 0.019 0.0121729 5 
18 17 59 0 0.005 0.0127196 1 
19 17 59 0 0.046 0.0104497 1 
20 17 59 0.00680482 0.046 0.0109998 5 
21 17 59 0 0.026 0.0098193 1 
22 17 59 0 0.01 0.0115966 1 
23 17 59 0.00481706 0.02 0.0114292 6 
24 17 59 0 0.038 0.0130122 1 
25 17 59 4.02375e-06 0.024 0.0106838 2 
26 17 59 0.000197685 0.023 0.00975804 3 
27 17 59 0 0.023 0.0113403 1 
28 17 59 0.000689189 0.004 0.0139229 2 
29 17 59 0 0.001 0.00991042 1 
30 17 59 0 0.019 0.0132462 1 
31 17 59 0.000295346 0.01 0.00743303 2 
32 17 59 0.000948034 0.013 0.00844298 2 
0 17 60 0.010185 0.005 0.0108353 17 
1 17 60 0 0.002 0.0114098 1 
2 17 60 0 0.004 0.0134922 1 
3 17 60 0.00237212 0.038 0.011208 4 
4 17 60 0 0.04 0.0119643 1 
5 17 60 0 0.006 0.0147595 1 
6 17 60 0.000775056 0.03 0.0113984 2 
7 17 60 0 0.028 0.0143939 1 
8 17 60 0.000835313 0.029 0.0135168 1 
9 17 60 0 0.016 0.010676 1 
10 17 60 0 0.03 0.0136469 1 
11 17 60 0 0.015 0.0100123 1 
12 17 60 0 0.029 0.0142987 1 
13 17 60 0.00837256 0.025 0.0112709 6 
14 17 60 0.00167219 0.032 0.0109575 5 
15 17 60 0.000733966 0.021 0.011889 2 
16 17 60 0 0.009 0.0120548 1 
17 17 60 0.00343789 0.001 0.010821 5 
18 17 60 0 0.041 0.0100568 1 
19 17 60 0 0.03 0.00989574 1 
20 17 60 0.00273112 0.023 0.0108684 5 
21 17 60 0 0.026 0.00931358 1 
22 17 60 0.00651673 0.017 0.013009 10 
23 17 60 0.00245516 0.046 0.0102799 3 
24 17 60 0.000742184 0.038 0.0127277 2 
25 17 60 0 0.012 0.0115148 1 
26 17 60 0.00583427 0.015 0.00962644 4 
27 17 60 0 0.042 0.0116362 1 
28 17 60 0 0.018 0.0138555 1 
29 17 60 0 0.03 0.0157332 1 
30 17 60 0.00943198 0.022 0.0119036 17 
31 17 60 0 0.037 0.0123828 1 
32 17 60 0 0.047 0.0108904 1 
