0 18 0 0 0.012 0.131215 1 
1 18 0 0 0.01 0.112938 1 
2 18 0 0 0.04 0.166608 1 
3 18 0 0 0.016 0.138143 1 
4 18 0 0 0.022 0.119034 1 
5 18 0 0.0962973 0.005 0.147518 2 
6 18 0 0 0.011 0.140747 1 
7 18 0 0 0.007 0.147732 1 
8 18 0 0.0168117 0.017 0.109255 2 
9 18 0 0 0.002 0.103563 1 
10 18 0 0 0.006 0.147481 1 
11 18 0 0 0.02 0.140818 1 
12 18 0 0 0.03 0.151164 1 
13 18 0 0.0285364 0.017 0.126685 2 
14 18 0 0 0.007 0.100029 1 
15 18 0 0 0.049 0.100327 1 
16 18 0 0 0.014 0.116305 1 
17 18 0 0 0.042 0.110706 1 
18 18 0 0 0.033 0.140747 1 
19 18 0 0 0.022 0.124234 1 
20 18 0 0 0.003 0.134125 1 
21 18 0 0 0.048 0.253042 1 
22 18 0 0 0.013 0.156372 1 
23 18 0 0 0.027 0.124769 1 
24 18 0 0 0.003 0.116305 1 
25 18 0 0 0.009 0.128135 1 
26 18 0 0 0.032 0.112399 1 
27 18 0 0 0.034 0.140747 1 
28 18 0 0 0.012 0.100029 1 
29 18 0 0 0.012 0.108511 1 
30 18 0 0 0.029 0.140612 1 
31 18 0 0 0.039 0.281166 1 
32 18 0 0 0.049 0.132935 1 
0 18 1 0 0.013 0.156372 1 
1 18 1 0 0.037 0.160018 1 
2 18 1 0 0.042 0.161189 1 
3 18 1 0 0.003 0.16158 1 
4 18 1 0 0.03 0.112101 1 
5 18 1 0 0.023 0.130851 1 
6 18 1 0 0.038 0.130851 1 
7 18 1 0 0.048 0.175643 1 
8 18 1 0 0.034 0.419222 1 
9 18 1 0 0.031 0.137473 1 
10 18 1 0 0.009 0.122913 1 
11 18 1 0 0.013 0.133839 1 
12 18 1 0 0.003 0.150643 1 
13 18 1 0.0866079 0.005 0.165226 2 
14 18 1 0 0.049 0.0841437 1 
15 18 1 0 0.018 0.130888 1 
16 18 1 0 0.029 0.140747 1 
17 18 1 0.000224033 0.007 0.116305 2 
18 18 1 0 0.035 0.126685 1 
19 18 1 0 0.043 0.159497 1 
20 18 1 0 0.024 0.112101 1 
21 18 1 0 0.012 0.283596 1 
22 18 1 0 0.042 0.170955 1 
23 18 1 0 0.017 0.12041 1 
24 18 1 0 0.045 0.126685 1 
25 18 1 0 0.049 0.156372 1 
26 18 1 0.194476 0.001 0.144914 3 
27 18 1 0 0.03 0.119393 1 
28 18 1 0 0.013 0.110706 1 
29 18 1 0 0.028 0.171388 1 
30 18 1 0 0.033 0.0961228 1 
31 18 1 0 0.037 0.275782 1 
32 18 1 0 0.047 0.114705 1 
0 18 2 0.126463 0.001 0.156372 3 
1 18 2 0 0.029 0.130851 1 
2 18 2 0 0.04 0.171388 1 
3 18 2 0 0.045 0.140654 1 
4 18 2 0 0.001 0.128545 1 
5 18 2 0 0.002 0.170955 1 
6 18 2 0 0.021 0.173188 1 
7 18 2 0 0.031 0.152601 1 
8 18 2 0 0.04 0.142161 1 
9 18 2 0 0.047 0.164933 1 
10 18 2 0 0.031 0.175643 1 
11 18 2 0 0.008 0.169784 1 
12 18 2 0 0.025 0.169393 1 
13 18 2 0 0.044 0.156372 1 
14 18 2 0 0.046 0.131372 1 
15 18 2 0 0.005 0.158976 1 
16 18 2 0 0.047 0.15533 1 
17 18 2 0 0.039 0.160018 1 
18 18 2 0 0.008 0.145732 1 
19 18 2 0 0.008 0.112101 1 
20 18 2 0 0.009 0.156372 1 
21 18 2 0 0.011 0.3108 1 
22 18 2 0 0.037 0.0961228 1 
23 18 2 0 0.034 0.145955 1 
24 18 2 0 0.025 0.13033 1 
25 18 2 0 0.032 0.182804 1 
26 18 2 0.107808 0.007 0.185018 3 
27 18 2 0 0.038 0.112101 1 
28 18 2 0 0.005 0.145955 1 
29 18 2 0 0.003 0.15427 1 
30 18 2 0.0659363 0.005 0.13033 2 
31 18 2 0 0.017 0.205144 1 
32 18 2 0 0.017 0.160018 1 
0 18 3 0 0.025 0.144505 1 
1 18 3 0 0.03 0.0967739 1 
2 18 3 0 0.038 0.14455 1 
3 18 3 0 0.021 0.14908 1 
4 18 3 0 0.003 0.140394 1 
5 18 3 0 0.044 0.145955 1 
6 18 3 0 0.03 0.165747 1 
7 18 3 0 0.028 0.14417 1 
8 18 3 0 0.022 0.177726 1 
9 18 3 0 0.039 0.181409 1 
10 18 3 0 0.029 0.140398 1 
11 18 3 0 0.045 0.172351 1 
12 18 3 0 0.028 0.135539 1 
13 18 3 0 0.021 0.156372 1 
14 18 3 0 0.035 0.126685 1 
15 18 3 0 0.037 0.169393 1 
16 18 3 0 0.027 0.161227 1 
17 18 3 0 0.033 0.15533 1 
18 18 3 0 0.03 0.12984 1 
19 18 3 0 0.047 0.151461 1 
20 18 3 0 0.044 0.131372 1 
21 18 3 0 0.029 0.282586 1 
22 18 3 0 0.03 0.131372 1 
23 18 3 0 0.015 0.156372 1 
24 18 3 0 0.009 0.12003 1 
25 18 3 0 0.02 0.145955 1 
26 18 3 0.0845472 0.001 0.141045 2 
27 18 3 0 0.044 0.112101 1 
28 18 3 0 0.015 0.128768 1 
29 18 3 0 0.028 0.142998 1 
30 18 3 0 0.044 0.16783 1 
31 18 3 0 0.029 0.225011 1 
32 18 3 0 0.015 0.145955 1 
0 18 4 0 0.049 0.118351 1 
1 18 4 0 0.049 0.158976 1 
2 18 4 0 0.039 0.155175 1 
3 18 4 0 0.027 0.126685 1 
4 18 4 0.00709603 0.006 0.131372 2 
5 18 4 0 0.001 0.167179 1 
6 18 4 0 0.014 0.134534 1 
7 18 4 0 0.027 0.114705 1 
8 18 4 0 0.034 0.156372 1 
9 18 4 0 0.031 0.140747 1 
10 18 4 0 0.022 0.138534 1 
11 18 4 0 0.012 0.189561 1 
12 18 4 0 0.035 0.170304 1 
13 18 4 0 0.043 0.135576 1 
14 18 4 0 0.038 0.15081 1 
15 18 4 0 0.041 0.112101 1 
16 18 4 0 0.014 0.131893 1 
17 18 4 0 0.041 0.12003 1 
18 18 4 0 0.038 0.111841 1 
19 18 4 0 0.031 0.170955 1 
20 18 4 0.00467622 0.002 0.150643 2 
21 18 4 0 0.04 0.291602 2 
22 18 4 0 0.029 0.17356 1 
23 18 4 0 0.023 0.151269 1 
24 18 4 0 0.02 0.146644 1 
25 18 4 0 0.009 0.140747 1 
26 18 4 0.014636 0.01 0.157563 2 
27 18 4 0.17681 0.008 0.15081 2 
28 18 4 0 0.04 0.115394 1 
29 18 4 0 0.035 0.156106 1 
30 18 4 0 0.035 0.100122 1 
31 18 4 0 0.003 0.280242 1 
32 18 4 0 0.019 0.130888 1 
0 18 5 0 0.034 0.150643 1 
1 18 5 0 0.02 0.156372 1 
2 18 5 0 0.049 0.13922 1 
3 18 5 0 0.032 0.0961228 1 
4 18 5 0 0.012 0.156372 1 
5 18 5 0 0.019 0.130888 1 
6 18 5 0 0.002 0.160409 1 
7 18 5 0 0.017 0.140394 1 
8 18 5 0.105213 0.009 0.160955 2 
9 18 5 0.061927 0.006 0.140394 2 
10 18 5 0 0.029 0.126685 1 
11 18 5 0 0.02 0.174718 1 
12 18 5 0 0.033 0.140747 1 
13 18 5 0 0.001 0.172518 1 
14 18 5 0 0.004 0.169393 1 
15 18 5 0 0.018 0.156372 1 
16 18 5 0 0.036 0.142737 1 
17 18 5 0 0.045 0.147518 1 
18 18 5 0 0.035 0.112399 1 
19 18 5 0 0.024 0.138097 1 
20 18 5 0 0.024 0.166789 1 
21 18 5 0 0.027 0.156372 1 
22 18 5 0.0675788 0.006 0.153117 2 
23 18 5 0 0.006 0.157563 1 
24 18 5 0 0.009 0.124234 1 
25 18 5 0 0.032 0.140747 1 
26 18 5 0 0.024 0.145435 1 
27 18 5 0 0.049 0.170955 1 
28 18 5 0 0.012 0.134613 1 
29 18 5 0 0.011 0.175907 1 
30 18 5 0 0.013 0.140394 1 
31 18 5 0 0.028 0.310735 1 
32 18 5 0 0.034 0.174601 1 
0 18 6 0 0.019 0.122884 1 
1 18 6 0 0.029 0.126685 1 
2 18 6 0 0.041 0.164947 1 
3 18 6 0 0.007 0.124769 1 
4 18 6 0 0.008 0.419214 1 
5 18 6 0 0.047 0.131372 1 
6 18 6 0 0.01 0.115394 1 
7 18 6 0 0.018 0.14975 1 
8 18 6 0 0.021 0.420681 1 
9 18 6 0 0.032 0.161878 1 
10 18 6 0 0.012 0.416612 1 
11 18 6 0 0.013 0.189601 1 
12 18 6 0 0.005 0.135055 1 
13 18 6 0 0.018 0.140394 1 
14 18 6 0 0.009 0.141268 1 
15 18 6 0 0.027 0.15533 1 
16 18 6 0 0.037 0.170955 1 
17 18 6 0 0.044 0.140394 1 
18 18 6 0 0.039 0.148485 1 
19 18 6 0.11707 0.001 0.147667 2 
20 18 6 0.0182914 0.007 0.156372 2 
21 18 6 0 0.031 0.272257 1 
22 18 6 0 0.022 0.140747 1 
23 18 6 0 0.028 0.156372 1 
24 18 6 0 0.046 0.124769 1 
25 18 6 0 0.038 0.166905 1 
26 18 6 0 0.018 0.156632 1 
27 18 6 0 0.005 0.165747 1 
28 18 6 0 0.015 0.141119 1 
29 18 6 0 0.021 0.191045 1 
30 18 6 0.0642942 0.006 0.108051 2 
31 18 6 0 0.001 0.218199 1 
32 18 6 0 0.01 0.156372 1 
0 18 7 0.144762 0.014 0.160539 2 
1 18 7 0 0.039 0.161227 1 
2 18 7 0 0.014 0.170174 1 
3 18 7 0 0.029 0.131372 1 
4 18 7 0 0.043 0.12041 1 
5 18 7 0.0121721 0.019 0.133846 2 
6 18 7 0 0.026 0.156372 1 
7 18 7 0 0.006 0.140747 1 
8 18 7 0.105197 0.003 0.160576 2 
9 18 7 0 0.01 0.145435 1 
10 18 7 0 0.012 0.420937 1 
11 18 7 0 0.004 0.192235 1 
12 18 7 0.0805372 0.016 0.175903 2 
13 18 7 0 0.04 0.124769 1 
14 18 7 0 0.019 0.156372 1 
15 18 7 0 0.003 0.12003 1 
16 18 7 0 0.013 0.150122 1 
17 18 7 0 0.03 0.128545 1 
18 18 7 0 0.014 0.13033 1 
19 18 7 0.258128 0.005 0.156372 3 
20 18 7 0 0.03 0.169393 1 
21 18 7 0 0.043 0.315617 1 
22 18 7 0 0.03 0.156372 1 
23 18 7 0 0.032 0.144914 1 
24 18 7 0 0.049 0.141138 1 
25 18 7 0 0.001 0.153117 1 
26 18 7 0 0.002 0.171372 1 
27 18 7 0 0.036 0.15081 1 
28 18 7 0 0.048 0.130888 1 
29 18 7 0 0.046 0.176214 1 
30 18 7 0 0.024 0.166789 1 
31 18 7 0 0.013 0.268041 1 
32 18 7 0 0.004 0.111841 1 
0 18 8 0 0.035 0.131372 1 
1 18 8 0 0.043 0.154264 1 
2 18 8 0 0.035 0.113868 1 
3 18 8 0.113451 0.014 0.156372 2 
4 18 8 0 0.033 0.182804 1 
5 18 8 0 0.008 0.440508 1 
6 18 8 0 0.017 0.157804 1 
7 18 8 0 0.047 0.161227 1 
8 18 8 0 0.037 0.415666 1 
9 18 8 0 0.018 0.112101 1 
10 18 8 0 0.003 0.166789 1 
11 18 8 0 0.019 0.176465 1 
12 18 8 0 0.035 0.177205 1 
13 18 8 0 0.045 0.126685 1 
14 18 8 0 0.033 0.143388 1 
15 18 8 0 0.037 0.177205 1 
16 18 8 0 0.008 0.145955 1 
17 18 8 0 0.01 0.135576 1 
18 18 8 0 0.006 0.136686 1 
19 18 8 0 0.025 0.130851 1 
20 18 8 0 0.036 0.112101 1 
21 18 8 0 0.043 0.331942 1 
22 18 8 0.0242364 0.004 0.10833 2 
23 18 8 0 0.006 0.166789 1 
24 18 8 0 0.038 0.158976 1 
25 18 8 0 0.025 0.160539 1 
26 18 8 0 0.047 0.174601 1 
27 18 8 0 0.042 0.11731 1 
28 18 8 0 0.018 0.115394 1 
29 18 8 0 0.047 0.182866 1 
30 18 8 0 0.024 0.166789 1 
31 18 8 0 0.034 0.261745 1 
32 18 8 0 0.013 0.151461 1 
0 18 9 0 0.046 0.131372 1 
1 18 9 0 0.048 0.170955 1 
2 18 9 0 0.009 0.167057 1 
3 18 9 0 0.028 0.129977 1 
4 18 9 0 0.027 0.145955 1 
5 18 9 0 0.009 0.438832 1 
6 18 9 0 0.035 0.157191 1 
7 18 9 0 0.041 0.15533 1 
8 18 9 0 0.046 0.140747 1 
9 18 9 0 0.011 0.158976 1 
10 18 9 0 0.024 0.126685 1 
11 18 9 0 0.003 0.206759 1 
12 18 9 0 0.047 0.152601 1 
13 18 9 0 0.012 0.138534 1 
14 18 9 0 0.021 0.159497 1 
15 18 9 0 0.009 0.15533 1 
16 18 9 0 0.042 0.126685 1 
17 18 9 0 0.042 0.174601 1 
18 18 9 0 0.021 0.144589 1 
19 18 9 0 0.048 0.156372 1 
20 18 9 0 0.034 0.162988 1 
21 18 9 0 0.024 0.284929 2 
22 18 9 0 0.009 0.10833 1 
23 18 9 0 0.03 0.177205 1 
24 18 9 0 0.026 0.177205 1 
25 18 9 0 0.04 0.126685 1 
26 18 9 0.0894289 0.003 0.158976 3 
27 18 9 0 0.021 0.140747 1 
28 18 9 0 0.044 0.124769 1 
29 18 9 0 0.023 0.192693 1 
30 18 9 0 0.029 0.131372 1 
31 18 9 0 0.042 0.293094 1 
32 18 9 0 0.031 0.170955 1 
0 18 10 0 0.03 0.131372 1 
1 18 10 0 0.01 0.149601 1 
2 18 10 0 0.007 0.126554 1 
3 18 10 0 0.042 0.140747 1 
4 18 10 0 0.024 0.156372 1 
5 18 10 0.0128125 0.016 0.126685 2 
6 18 10 0 0.03 0.156372 1 
7 18 10 0 0.025 0.144951 1 
8 18 10 0 0.022 0.418404 1 
9 18 10 0 0.023 0.112101 1 
10 18 10 0 0.004 0.17666 1 
11 18 10 0 0.015 0.184711 1 
12 18 10 0 0.023 0.112101 1 
13 18 10 0 0.015 0.114873 1 
14 18 10 0.171117 0.002 0.150643 2 
15 18 10 0 0.021 0.12289 1 
16 18 10 0 0.016 0.12041 1 
17 18 10 0 0.041 0.112101 1 
18 18 10 0 0.035 0.112101 1 
19 18 10 0 0.014 0.131372 1 
20 18 10 0 0.032 0.140747 1 
21 18 10 0 0.012 0.131149 1 
22 18 10 0.0240551 0.007 0.0961228 2 
23 18 10 0 0.045 0.15533 1 
24 18 10 0 0.02 0.142979 1 
25 18 10 0 0.006 0.172406 1 
26 18 10 0 0.048 0.112101 1 
27 18 10 0.180676 0.019 0.127601 2 
28 18 10 0 0.043 0.126424 1 
29 18 10 0 0.034 0.183604 1 
30 18 10 0 0.046 0.160576 1 
31 18 10 0 0.021 0.219653 1 
32 18 10 0 0.016 0.156632 1 
0 18 11 0 0.005 0.16158 1 
1 18 11 0 0.043 0.152571 1 
2 18 11 0 0.037 0.166764 1 
3 18 11 0 0.011 0.126685 1 
4 18 11 0.104904 0.021 0.169393 2 
5 18 11 0 0.048 0.434509 1 
6 18 11 0 0.036 0.156372 1 
7 18 11 0 0.039 0.158753 1 
8 18 11 0 0.026 0.152601 1 
9 18 11 0 0.037 0.140747 1 
10 18 11 0 0.007 0.13033 1 
11 18 11 0 0.01 0.124177 1 
12 18 11 0 0.034 0.165226 1 
13 18 11 0 0.026 0.163017 1 
14 18 11 0.147445 0.009 0.138534 2 
15 18 11 0 0.034 0.149308 1 
16 18 11 0 0.028 0.115524 1 
17 18 11 0 0.012 0.145955 1 
18 18 11 0 0.042 0.166528 1 
19 18 11 0.117514 0.003 0.156372 2 
20 18 11 0 0.044 0.141268 1 
21 18 11 0 0.037 0.28525 1 
22 18 11 0 0.016 0.15533 1 
23 18 11 0 0.001 0.160018 1 
24 18 11 0 0.012 0.126685 1 
25 18 11 0 0.029 0.122913 1 
26 18 11 0 0.043 0.14908 1 
27 18 11 0 0.049 0.114873 1 
28 18 11 0 0.02 0.116305 1 
29 18 11 0 0.012 0.193988 1 
30 18 11 0 0.022 0.13033 1 
31 18 11 0 0.031 0.21225 1 
32 18 11 0 0.042 0.100327 1 
0 18 12 0 0.025 0.183604 1 
1 18 12 0 0.004 0.154127 1 
2 18 12 0 0.02 0.217274 1 
3 18 12 0 0.04 0.142161 1 
4 18 12 0.221862 0.017 0.177205 3 
5 18 12 0 0.047 0.419641 1 
6 18 12 0 0.015 0.135576 1 
7 18 12 0.0129646 0.012 0.156372 2 
8 18 12 0 0.017 0.164966 1 
9 18 12 0.0595 0.023 0.115394 2 
10 18 12 0.106128 0.007 0.144393 2 
11 18 12 0 0.024 0.17658 1 
12 18 12 0 0.019 0.156372 1 
13 18 12 0 0.038 0.13805 1 
14 18 12 0.172415 0.008 0.162988 2 
15 18 12 0 0.039 0.145955 1 
16 18 12 0 0.034 0.143984 1 
17 18 12 0 0.041 0.141138 1 
18 18 12 0 0.035 0.131372 1 
19 18 12 0 0.026 0.167179 1 
20 18 12 0 0.043 0.165053 1 
21 18 12 0 0.025 0.279041 1 
22 18 12 0 0.015 0.157191 1 
23 18 12 0 0.001 0.116305 1 
24 18 12 0 0.017 0.160539 1 
25 18 12 0 0.004 0.129163 1 
26 18 12 0 0.014 0.143671 1 
27 18 12 0 0.031 0.156372 1 
28 18 12 0 0.002 0.12091 1 
29 18 12 0 0.021 0.175116 1 
30 18 12 0 0.048 0.145955 1 
31 18 12 0 0.038 0.249394 1 
32 18 12 0 0.041 0.165226 1 
0 18 13 0 0.018 0.135353 1 
1 18 13 0 0.028 0.148676 1 
2 18 13 0 0.024 0.165617 1 
3 18 13 0 0.015 0.126685 1 
4 18 13 0 0.022 0.427622 1 
5 18 13 0 0.002 0.124707 1 
6 18 13 0 0.018 0.156372 1 
7 18 13 0 0.045 0.15533 1 
8 18 13 0 0.004 0.173188 1 
9 18 13 0 0.016 0.126685 1 
10 18 13 0 0.029 0.417682 1 
11 18 13 0 0.044 0.144914 1 
12 18 13 0 0.026 0.140394 1 
13 18 13 0 0.004 0.112101 1 
14 18 13 0 0.015 0.130851 1 
15 18 13 0 0.016 0.153247 1 
16 18 13 0 0.021 0.157414 1 
17 18 13 0 0.031 0.126685 1 
18 18 13 0 0.042 0.133846 1 
19 18 13 0.117386 0.01 0.170955 2 
20 18 13 0 0.014 0.112101 1 
21 18 13 0 0.03 0.308698 1 
22 18 13 0 0.045 0.166789 1 
23 18 13 0 0.007 0.140394 1 
24 18 13 0 0.043 0.126685 1 
25 18 13 0 0.01 0.157414 1 
26 18 13 0 0.044 0.160576 1 
27 18 13 0.145359 0.007 0.144951 3 
28 18 13 0 0.038 0.159144 1 
29 18 13 0 0.001 0.162182 1 
30 18 13 0 0.003 0.156372 1 
31 18 13 0 0.023 0.212347 1 
32 18 13 0 0.039 0.160576 1 
0 18 14 0 0.013 0.12003 1 
1 18 14 0 0.048 0.112101 1 
2 18 14 0 0.009 0.173734 1 
3 18 14 0 0.047 0.156372 1 
4 18 14 0 0.019 0.165332 1 
5 18 14 0 0.004 0.111357 1 
6 18 14 0 0.006 0.170955 1 
7 18 14 0.0247877 0.009 0.194021 2 
8 18 14 0 0.038 0.140747 1 
9 18 14 0 0.036 0.161227 1 
10 18 14 0 0.014 0.156372 1 
11 18 14 0 0.039 0.171388 1 
12 18 14 0 0.041 0.177205 1 
13 18 14 0 0.008 0.156632 1 
14 18 14 0 0.049 0.149601 1 
15 18 14 0 0.019 0.136156 1 
16 18 14 0 0.031 0.14417 1 
17 18 14 0 0.044 0.156372 1 
18 18 14 0 0.041 0.160018 1 
19 18 14 0 0.023 0.145955 1 
20 18 14 0.149499 0.003 0.185134 3 
21 18 14 0 0.034 0.310854 1 
22 18 14 0 0.039 0.151536 1 
23 18 14 0 0.02 0.156372 1 
24 18 14 0 0.011 0.126685 1 
25 18 14 0 0.039 0.15081 1 
26 18 14 0.110222 0.005 0.147295 3 
27 18 14 0 0.047 0.163017 1 
28 18 14 0 0.001 0.142047 1 
29 18 14 0 0.048 0.137776 1 
30 18 14 0 0.047 0.0961228 1 
31 18 14 0 0.017 0.263714 1 
32 18 14 0 0.038 0.156372 1 
0 18 15 0 0.004 0.119393 1 
1 18 15 0 0.045 0.18033 1 
2 18 15 0 0.027 0.143742 1 
3 18 15 0 0.021 0.130888 1 
4 18 15 0 0.012 0.147295 1 
5 18 15 0 0.045 0.131372 1 
6 18 15 0 0.046 0.170955 1 
7 18 15 0 0.042 0.15081 1 
8 18 15 0 0.03 0.166789 1 
9 18 15 0 0.013 0.158455 1 
10 18 15 0 0.022 0.131372 1 
11 18 15 0 0.002 0.171388 1 
12 18 15 0.120636 0.001 0.15481 2 
13 18 15 0 0.027 0.140747 1 
14 18 15 0 0.043 0.170955 1 
15 18 15 0 0.023 0.13033 1 
16 18 15 0 0.013 0.149601 1 
17 18 15 0 0.042 0.144653 1 
18 18 15 0 0.023 0.135055 1 
19 18 15 0 0.03 0.156372 1 
20 18 15 0 0.028 0.170955 1 
21 18 15 0 0.006 0.283451 1 
22 18 15 0 0.019 0.156372 1 
23 18 15 0 0.03 0.160018 1 
24 18 15 0 0.04 0.127571 1 
25 18 15 0 0.031 0.124769 1 
26 18 15 0 0.023 0.116305 1 
27 18 15 0 0.015 0.130851 1 
28 18 15 0 0.03 0.135576 1 
29 18 15 0 0.045 0.109683 1 
30 18 15 0.192404 0.007 0.133846 2 
31 18 15 0 0.044 0.251052 1 
32 18 15 0 0.002 0.160539 1 
0 18 16 0 0.017 0.156372 1 
1 18 16 0 0.044 0.156372 1 
2 18 16 0 0.04 0.173411 1 
3 18 16 0 0.015 0.131372 1 
4 18 16 0 0.002 0.135576 1 
5 18 16 0 0.03 0.166789 1 
6 18 16 0 0.036 0.156372 1 
7 18 16 0 0.045 0.160576 1 
8 18 16 0 0.006 0.144393 1 
9 18 16 0 0.034 0.131372 1 
10 18 16 0 0.036 0.140747 1 
11 18 16 0 0.049 0.185192 1 
12 18 16 0 0.007 0.110706 1 
13 18 16 0.117544 0.002 0.185018 2 
14 18 16 0 0.023 0.152571 1 
15 18 16 0 0.038 0.140747 1 
16 18 16 0 0.024 0.145955 1 
17 18 16 0 0.005 0.175122 1 
18 18 16 0 0.038 0.116305 1 
19 18 16 0 0.004 0.181893 1 
20 18 16 0 0.007 0.148676 1 
21 18 16 0 0.002 0.334335 1 
22 18 16 0 0.007 0.110706 1 
23 18 16 0 0.032 0.149308 1 
24 18 16 0 0.031 0.139941 1 
25 18 16 0.0607551 0.008 0.15481 2 
26 18 16 0 0.022 0.165654 1 
27 18 16 0 0.047 0.181372 1 
28 18 16 0 0.007 0.152098 1 
29 18 16 0 0.015 0.141138 1 
30 18 16 0.0659004 0.007 0.153117 2 
31 18 16 0 0.044 0.264024 1 
32 18 16 0 0.036 0.151034 1 
0 18 17 0 0.032 0.125234 1 
1 18 17 0 0.033 0.169393 1 
2 18 17 0 0.035 0.167682 1 
3 18 17 0.154545 0.013 0.140747 2 
4 18 17 0 0.021 0.156372 1 
5 18 17 0 0.003 0.126685 1 
6 18 17 0 0.002 0.185018 1 
7 18 17 0 0.028 0.131372 1 
8 18 17 0 0.023 0.131372 1 
9 18 17 0 0.003 0.110706 1 
10 18 17 0 0.022 0.426702 1 
11 18 17 0 0.048 0.245621 1 
12 18 17 0 0.034 0.191789 1 
13 18 17 0 0.041 0.116045 1 
14 18 17 0 0.022 0.13033 1 
15 18 17 0 0.028 0.124769 1 
16 18 17 0 0.005 0.142184 1 
17 18 17 0 0.007 0.161227 1 
18 18 17 0 0.042 0.136976 1 
19 18 17 0 0.046 0.120662 1 
20 18 17 0 0.045 0.124769 1 
21 18 17 0 0.03 0.276854 1 
22 18 17 0 0.036 0.156632 1 
23 18 17 0 0.047 0.18606 1 
24 18 17 0 0.007 0.131372 1 
25 18 17 0 0.048 0.12289 1 
26 18 17 0 0.019 0.156372 1 
27 18 17 0 0.003 0.126424 1 
28 18 17 0 0.004 0.175122 1 
29 18 17 0 0.041 0.18712 1 
30 18 17 0 0.026 0.112101 1 
31 18 17 0 0.037 0.2162 1 
32 18 17 0 0.033 0.151461 1 
0 18 18 0 0.002 0.147472 1 
1 18 18 0 0.049 0.126685 1 
2 18 18 0 0.032 0.101678 1 
3 18 18 0 0.049 0.169393 1 
4 18 18 0 0.005 0.126685 1 
5 18 18 0 0.027 0.156632 1 
6 18 18 0 0.023 0.140747 1 
7 18 18 0 0.043 0.150643 1 
8 18 18 0 0.004 0.170955 1 
9 18 18 0.214274 0.001 0.195435 3 
10 18 18 0 0.038 0.177205 1 
11 18 18 0 0.003 0.213813 1 
12 18 18 0 0.038 0.112101 1 
13 18 18 0 0.033 0.126424 1 
14 18 18 0.134269 0.006 0.15533 3 
15 18 18 0 0.027 0.185018 1 
16 18 18 0 0.049 0.137473 1 
17 18 18 0 0.036 0.164301 1 
18 18 18 0 0.013 0.162883 1 
19 18 18 0 0.037 0.152601 1 
20 18 18 0 0.032 0.131372 1 
21 18 18 0 0.029 0.298647 1 
22 18 18 0 0.042 0.131372 1 
23 18 18 0 0.006 0.145955 1 
24 18 18 0 0.024 0.154264 1 
25 18 18 0 0.048 0.145435 1 
26 18 18 0 0.031 0.129159 1 
27 18 18 0 0.017 0.150643 1 
28 18 18 0 0.041 0.144393 1 
29 18 18 0 0.002 0.147481 1 
30 18 18 0 0.008 0.138534 1 
31 18 18 0 0.02 0.30048 1 
32 18 18 0.170302 0.013 0.156372 3 
0 18 19 0.145689 0.007 0.181372 2 
1 18 19 0 0.034 0.156632 1 
2 18 19 0 0.017 0.159658 1 
3 18 19 0 0.021 0.156198 1 
4 18 19 0 0.026 0.136976 1 
5 18 19 0 0.004 0.112101 1 
6 18 19 0 0.002 0.131372 1 
7 18 19 0.0130906 0.007 0.160018 2 
8 18 19 0 0.039 0.124769 1 
9 18 19 0.0577239 0.008 0.145955 2 
10 18 19 0 0.023 0.160018 1 
11 18 19 0 0.027 0.187644 1 
12 18 19 0.0154823 0.008 0.167161 2 
13 18 19 0 0.023 0.131372 1 
14 18 19 0 0.03 0.131372 1 
15 18 19 0 0.026 0.14856 1 
16 18 19 0 0.006 0.10533 1 
17 18 19 0 0.022 0.174601 1 
18 18 19 0 0.047 0.151936 1 
19 18 19 0 0.041 0.166789 1 
20 18 19 0 0.029 0.137473 1 
21 18 19 0 0.027 0.252259 1 
22 18 19 0 0.034 0.145955 1 
23 18 19 0 0.035 0.185018 1 
24 18 19 0 0.022 0.158976 1 
25 18 19 0 0.042 0.131372 1 
26 18 19 0 0.006 0.150122 1 
27 18 19 0 0.019 0.174601 1 
28 18 19 0 0.005 0.181781 1 
29 18 19 0 0.04 0.153768 1 
30 18 19 0 0.005 0.141652 1 
31 18 19 0 0.043 0.239251 1 
32 18 19 0 0.002 0.131372 1 
0 18 20 0 0.027 0.140747 1 
1 18 20 0 0.029 0.126685 1 
2 18 20 0 0.008 0.170969 1 
3 18 20 0 0.035 0.140747 1 
4 18 20 0 0.023 0.157804 1 
5 18 20 0 0.014 0.140747 1 
6 18 20 0 0.003 0.126685 1 
7 18 20 0 0.019 0.139817 1 
8 18 20 0 0.049 0.432749 1 
9 18 20 0 0.009 0.165332 1 
10 18 20 0 0.025 0.100327 1 
11 18 20 0 0.025 0.203768 1 
12 18 20 0 0.006 0.165226 1 
13 18 20 0.0798651 0.005 0.156372 3 
14 18 20 0.1715 0.005 0.205851 2 
15 18 20 0 0.002 0.15533 1 
16 18 20 0 0.049 0.150643 1 
17 18 20 0 0.039 0.150643 1 
18 18 20 0 0.035 0.112101 1 
19 18 20 0 0.046 0.137269 1 
20 18 20 0 0.014 0.129977 1 
21 18 20 0 0.047 0.274632 1 
22 18 20 0 0.031 0.112101 1 
23 18 20 0 0.028 0.169393 1 
24 18 20 0 0.041 0.139681 1 
25 18 20 0 0.032 0.125234 1 
26 18 20 0.0324847 0.004 0.166789 2 
27 18 20 0 0.046 0.149601 1 
28 18 20 0 0.043 0.112101 1 
29 18 20 0 0.035 0.172518 1 
30 18 20 0.211743 0.003 0.185278 3 
31 18 20 0 0.002 0.225739 1 
32 18 20 0 0.044 0.140394 1 
0 18 21 0 0.032 0.156781 1 
1 18 21 0 0.027 0.166528 1 
2 18 21 0 0.006 0.187561 1 
3 18 21 0 0.008 0.129977 1 
4 18 21 0.104837 0.009 0.165747 2 
5 18 21 0 0.026 0.140747 1 
6 18 21 0 0.042 0.126685 1 
7 18 21 0 0.045 0.156372 1 
8 18 21 0 0.005 0.130888 1 
9 18 21 0 0.044 0.174601 1 
10 18 21 0 0.048 0.128545 1 
11 18 21 0 0.042 0.191659 1 
12 18 21 0 0.022 0.125234 1 
13 18 21 0.0897286 0.014 0.126685 2 
14 18 21 0 0.019 0.145955 1 
15 18 21 0 0.037 0.114352 1 
16 18 21 0 0.04 0.169393 1 
17 18 21 0 0.027 0.148676 1 
18 18 21 0 0.045 0.140821 1 
19 18 21 0 0.001 0.157414 1 
20 18 21 0 0.017 0.112101 1 
21 18 21 0 0.046 0.301195 1 
22 18 21 0 0.033 0.110706 1 
23 18 21 0 0.037 0.170955 1 
24 18 21 0 0.01 0.134993 1 
25 18 21 0 0.025 0.170955 1 
26 18 21 0 0.005 0.135576 1 
27 18 21 0 0.046 0.126685 1 
28 18 21 0 0.006 0.130851 1 
29 18 21 0 0.031 0.158753 1 
30 18 21 0.140451 0.008 0.177205 3 
31 18 21 0 0.04 0.201935 1 
32 18 21 0.17748 0.015 0.178545 2 
0 18 22 0 0.035 0.165226 1 
1 18 22 0 0.027 0.112101 1 
2 18 22 0 0.002 0.159888 1 
3 18 22 0 0.046 0.178117 1 
4 18 22 0 0.034 0.419085 1 
5 18 22 0 0.038 0.440649 1 
6 18 22 0 0.039 0.140747 1 
7 18 22 0 0.024 0.15533 1 
8 18 22 0 0.045 0.145211 1 
9 18 22 0 0.048 0.141268 1 
10 18 22 0 0.041 0.140394 1 
11 18 22 0 0.018 0.185018 1 
12 18 22 0 0.027 0.140747 1 
13 18 22 0 0.037 0.140654 1 
14 18 22 0 0.025 0.10833 1 
15 18 22 0 0.01 0.114873 1 
16 18 22 0 0.014 0.131372 1 
17 18 22 0 0.011 0.152571 1 
18 18 22 0 0.038 0.131372 1 
19 18 22 0 0.034 0.162988 1 
20 18 22 0 0.041 0.160576 1 
21 18 22 0 0.029 0.327116 1 
22 18 22 0 0.033 0.166789 1 
23 18 22 0 0.001 0.126685 1 
24 18 22 0 0.025 0.14417 1 
25 18 22 0 0.009 0.150122 1 
26 18 22 0 0.021 0.145435 1 
27 18 22 0 0.045 0.140747 1 
28 18 22 0 0.016 0.126685 1 
29 18 22 0 0.013 0.127601 1 
30 18 22 0 0.018 0.131372 1 
31 18 22 0 0.048 0.291989 1 
32 18 22 0 0.024 0.131372 1 
0 18 23 0 0.009 0.136946 1 
1 18 23 0.017944 0.011 0.156372 2 
2 18 23 0 0.001 0.110329 1 
3 18 23 0 0.025 0.116045 1 
4 18 23 0 0.014 0.138534 1 
5 18 23 0 0.016 0.149601 1 
6 18 23 0 0.027 0.128303 1 
7 18 23 0 0.01 0.17356 1 
8 18 23 0 0.037 0.145955 1 
9 18 23 0 0.028 0.175122 1 
10 18 23 0 0.005 0.410748 1 
11 18 23 0 0.012 0.196258 1 
12 18 23 0 0.025 0.166789 1 
13 18 23 0.116279 0.004 0.195435 2 
14 18 23 0 0.046 0.152601 1 
15 18 23 0 0.006 0.0967739 1 
16 18 23 0 0.022 0.150643 1 
17 18 23 5.97295e-06 0.001 0.0961228 2 
18 18 23 0 0.039 0.194914 1 
19 18 23 0 0.038 0.15533 1 
20 18 23 0 0.041 0.136946 1 
21 18 23 0 0.042 0.307297 1 
22 18 23 0 0.037 0.140394 1 
23 18 23 0 0.044 0.156372 1 
24 18 23 0 0.046 0.15533 1 
25 18 23 0 0.019 0.15533 1 
26 18 23 0.0903595 0.002 0.166789 2 
27 18 23 0.146228 0.003 0.13658 2 
28 18 23 0 0.017 0.156632 1 
29 18 23 0 0.049 0.176722 1 
30 18 23 0 0.016 0.16158 1 
31 18 23 0 0.021 0.268056 1 
32 18 23 0 0.011 0.131372 1 
0 18 24 0 0.034 0.174601 1 
1 18 24 0 0.007 0.149056 1 
2 18 24 0 0.047 0.182135 1 
3 18 24 0 0.014 0.14908 1 
4 18 24 0 0.035 0.153117 1 
5 18 24 0 0.006 0.150643 1 
6 18 24 0 0.023 0.175643 1 
7 18 24 0 0.018 0.134534 1 
8 18 24 0 0.034 0.126685 1 
9 18 24 0 0.026 0.149769 1 
10 18 24 0 0.02 0.156372 1 
11 18 24 0 0.006 0.173554 1 
12 18 24 0 0.038 0.15533 1 
13 18 24 0 0.037 0.140747 1 
14 18 24 0 0.029 0.140394 1 
15 18 24 0 0.005 0.156372 1 
16 18 24 0 0.035 0.126685 1 
17 18 24 0 0.037 0.126685 1 
18 18 24 0 0.007 0.132628 1 
19 18 24 0 0.006 0.140747 1 
20 18 24 0 0.041 0.141138 1 
21 18 24 0 0.039 0.28471 1 
22 18 24 0 0.03 0.156372 1 
23 18 24 0 0.02 0.170955 1 
24 18 24 0 0.042 0.15533 1 
25 18 24 0.133379 0.018 0.156632 2 
26 18 24 0 0.021 0.160018 1 
27 18 24 0 0.046 0.126685 1 
28 18 24 0 0.047 0.115394 1 
29 18 24 0 0.002 0.174855 1 
30 18 24 0 0.012 0.175643 1 
31 18 24 0 0.012 0.250812 1 
32 18 24 0 0.044 0.141045 1 
0 18 25 0.142815 0.005 0.153117 3 
1 18 25 0 0.014 0.140747 1 
2 18 25 0 0.002 0.182489 1 
3 18 25 0 0.004 0.115394 1 
4 18 25 0 0.038 0.156372 1 
5 18 25 0 0.019 0.135055 1 
6 18 25 0 0.038 0.145342 1 
7 18 25 0 0.035 0.165598 1 
8 18 25 0 0.049 0.15081 1 
9 18 25 0 0.039 0.151666 1 
10 18 25 0 0.029 0.128098 1 
11 18 25 0 0.033 0.179536 1 
12 18 25 0 0.01 0.136946 1 
13 18 25 0.116135 0.005 0.131372 2 
14 18 25 0 0.044 0.141268 1 
15 18 25 0 0.045 0.170955 1 
16 18 25 0 0.045 0.112101 1 
17 18 25 0 0.014 0.18198 1 
18 18 25 0 0.033 0.16876 1 
19 18 25 0 0.047 0.140394 1 
20 18 25 0 0.036 0.156112 1 
21 18 25 0 0.037 0.315196 1 
22 18 25 0 0.024 0.122913 1 
23 18 25 0 0.013 0.182414 1 
24 18 25 0 0.032 0.15081 1 
25 18 25 0 0.048 0.126685 1 
26 18 25 0 0.037 0.126685 1 
27 18 25 0.145732 0.001 0.112101 2 
28 18 25 0 0.011 0.145955 1 
29 18 25 0 0.041 0.145955 1 
30 18 25 0 0.008 0.15667 1 
31 18 25 0 0.028 0.250507 1 
32 18 25 0 0.009 0.175643 1 
0 18 26 0 0.019 0.0961228 1 
1 18 26 0.0391178 0.005 0.130888 2 
2 18 26 0 0.027 0.143847 1 
3 18 26 0 0.028 0.177205 1 
4 18 26 0 0.048 0.167563 1 
5 18 26 0 0.033 0.126685 1 
6 18 26 0 0.006 0.137138 1 
7 18 26 0.116238 0.006 0.133846 2 
8 18 26 0 0.047 0.145955 1 
9 18 26 0 0.04 0.158976 1 
10 18 26 0.0104619 0.012 0.127601 2 
11 18 26 0 0.038 0.155721 1 
12 18 26 0 0.017 0.156372 1 
13 18 26 0 0.029 0.150122 1 
14 18 26 0 0.047 0.150122 1 
15 18 26 0 0.03 0.144914 1 
16 18 26 0 0.035 0.140747 1 
17 18 26 0.174977 0.001 0.15533 3 
18 18 26 0 0.022 0.144951 1 
19 18 26 0 0.044 0.162492 1 
20 18 26 0.112454 0.031 0.153098 2 
21 18 26 0 0.025 0.301367 1 
22 18 26 0 0.014 0.153117 1 
23 18 26 0 0.035 0.15533 1 
24 18 26 0 0.046 0.1083 1 
25 18 26 0.133089 0.001 0.136946 2 
26 18 26 0 0.047 0.153117 1 
27 18 26 0 0.026 0.112101 1 
28 18 26 0 0.041 0.131372 1 
29 18 26 0 0.012 0.210629 1 
30 18 26 0 0.011 0.130851 1 
31 18 26 0 0.014 0.238953 1 
32 18 26 0 0.016 0.144951 1 
0 18 27 0.0387028 0.009 0.12003 2 
1 18 27 0 0.039 0.15216 1 
2 18 27 0 0.015 0.182954 1 
3 18 27 0 0.002 0.156372 1 
4 18 27 0 0.046 0.16158 1 
5 18 27 0 0.026 0.128098 1 
6 18 27 0 0.003 0.156372 1 
7 18 27 0 0.037 0.135576 1 
8 18 27 0.0101234 0.02 0.166789 2 
9 18 27 0 0.028 0.177205 1 
10 18 27 0 0.016 0.423121 1 
11 18 27 0 0.021 0.17019 1 
12 18 27 0 0.042 0.149056 1 
13 18 27 0 0.032 0.140747 1 
14 18 27 0 0.013 0.111556 1 
15 18 27 0 0.022 0.160018 1 
16 18 27 0 0.006 0.140747 1 
17 18 27 0 0.019 0.156372 1 
18 18 27 0 0.023 0.151034 1 
19 18 27 0 0.038 0.156372 1 
20 18 27 0 0.043 0.145955 1 
21 18 27 0 0.03 0.269852 1 
22 18 27 0 0.023 0.169393 1 
23 18 27 0.0136141 0.004 0.170955 2 
24 18 27 0 0.029 0.110706 1 
25 18 27 0 0.006 0.130888 1 
26 18 27 0 0.03 0.177205 1 
27 18 27 0 0.013 0.145955 1 
28 18 27 0 0.005 0.144615 1 
29 18 27 0 0.032 0.116938 1 
30 18 27 0 0.026 0.10833 1 
31 18 27 0 0.01 0.246492 1 
32 18 27 0 0.047 0.150159 1 
0 18 28 0 0.025 0.137448 1 
1 18 28 0 0.014 0.161535 1 
2 18 28 0 0.005 0.161692 1 
3 18 28 0 0.019 0.169393 1 
4 18 28 0 0.038 0.164301 1 
5 18 28 0 0.009 0.442291 1 
6 18 28 0 0.004 0.134613 1 
7 18 28 0.013725 0.007 0.106912 2 
8 18 28 0 0.044 0.12705 1 
9 18 28 0 0.007 0.161227 1 
10 18 28 0.0104484 0.026 0.112101 2 
11 18 28 0 0.013 0.207668 1 
12 18 28 0 0.016 0.156372 1 
13 18 28 0 0.021 0.0961228 1 
14 18 28 0 0.035 0.128303 1 
15 18 28 0 0.004 0.126685 1 
16 18 28 0 0.038 0.161878 1 
17 18 28 0 0.022 0.15081 1 
18 18 28 0 0.01 0.114873 1 
19 18 28 0.0147697 0.002 0.130888 2 
20 18 28 0 0.001 0.160018 1 
21 18 28 0 0.045 0.31903 1 
22 18 28 0 0.03 0.128917 1 
23 18 28 0 0.024 0.150289 1 
24 18 28 0 0.034 0.112101 1 
25 18 28 0 0.037 0.108511 1 
26 18 28 0 0.014 0.130888 1 
27 18 28 0 0.005 0.172518 1 
28 18 28 0 0.031 0.131149 1 
29 18 28 0 0.012 0.143128 1 
30 18 28 0 0.042 0.124769 1 
31 18 28 0.0101304 0.043 0.161027 2 
32 18 28 0 0.002 0.156372 1 
0 18 29 0 0.003 0.158976 1 
1 18 29 0 0.032 0.15533 1 
2 18 29 0 0.024 0.122555 1 
3 18 29 0 0.019 0.156372 1 
4 18 29 0 0.003 0.175643 1 
5 18 29 0 0.04 0.434062 1 
6 18 29 0 0.049 0.160576 1 
7 18 29 0 0.03 0.104529 1 
8 18 29 0 0.037 0.416096 1 
9 18 29 0 0.01 0.169784 1 
10 18 29 0.163744 0.043 0.145955 2 
11 18 29 0 0.01 0.12984 1 
12 18 29 0 0.034 0.157191 1 
13 18 29 0 0.003 0.15081 1 
14 18 29 0 0.007 0.156372 1 
15 18 29 0 0.013 0.112101 1 
16 18 29 0 0.005 0.140747 1 
17 18 29 0 0.039 0.143128 1 
18 18 29 0 0.04 0.10833 1 
19 18 29 0 0.027 0.169393 1 
20 18 29 0.0899456 0.002 0.112101 2 
21 18 29 0 0.028 0.287406 1 
22 18 29 0 0.042 0.156372 1 
23 18 29 0 0.044 0.156632 1 
24 18 29 0 0.012 0.122913 1 
25 18 29 0 0.016 0.126685 1 
26 18 29 0 0.018 0.126685 1 
27 18 29 0.000836306 0.002 0.142155 2 
28 18 29 0 0.04 0.104326 1 
29 18 29 0 0.033 0.141268 1 
30 18 29 0.0664646 0.004 0.14536 2 
31 18 29 0 0.042 0.174601 1 
32 18 29 0 0.046 0.140394 1 
0 18 30 0 0.012 0.145955 1 
1 18 30 0.0807644 0.005 0.115394 2 
2 18 30 0 0.035 0.162938 1 
3 18 30 0 0.011 0.175903 1 
4 18 30 0 0.013 0.156632 1 
5 18 30 0.0102072 0.023 0.145955 2 
6 18 30 0 0.046 0.160018 1 
7 18 30 0 0.045 0.160539 1 
8 18 30 0 0.034 0.16158 1 
9 18 30 0 0.026 0.112101 1 
10 18 30 0 0.045 0.116305 1 
11 18 30 0 0.003 0.183497 1 
12 18 30 0 0.001 0.156372 1 
13 18 30 0 0.007 0.150643 1 
14 18 30 0 0.027 0.173076 1 
15 18 30 0 0.002 0.13033 1 
16 18 30 0 0.031 0.135055 1 
17 18 30 0 0.043 0.0961228 1 
18 18 30 0 0.005 0.100978 1 
19 18 30 0 0.035 0.140747 1 
20 18 30 0 0.046 0.10833 1 
21 18 30 0 0.026 0.319301 1 
22 18 30 0 0.038 0.134613 1 
23 18 30 0.115836 0.012 0.144988 3 
24 18 30 0 0.003 0.165226 1 
25 18 30 0 0.01 0.100122 1 
26 18 30 0 0.006 0.116305 1 
27 18 30 0 0.001 0.157581 1 
28 18 30 0 0.022 0.132935 1 
29 18 30 0.00960805 0.03 0.164383 2 
30 18 30 0 0.027 0.140747 1 
31 18 30 0 0.017 0.284085 1 
32 18 30 0 0.015 0.12003 1 
0 18 31 0 0.043 0.156372 1 
1 18 31 0 0.047 0.131372 1 
2 18 31 0 0.007 0.197624 1 
3 18 31 0 0.012 0.156372 1 
4 18 31 0 0.043 0.166789 1 
5 18 31 0 0.027 0.431841 1 
6 18 31 0 0.036 0.12289 1 
7 18 31 0 0.038 0.156372 1 
8 18 31 0 0.019 0.40684 1 
9 18 31 0 0.012 0.166789 1 
10 18 31 0 0.023 0.161227 1 
11 18 31 0 0.034 0.162839 1 
12 18 31 0 0.044 0.140747 1 
13 18 31 0 0.015 0.129977 1 
14 18 31 0.0204447 0.003 0.140394 3 
15 18 31 0 0.017 0.13033 1 
16 18 31 0 0.034 0.14417 1 
17 18 31 0 0.004 0.144393 1 
18 18 31 0 0.036 0.144951 1 
19 18 31 0 0.038 0.140747 1 
20 18 31 0 0.012 0.124769 1 
21 18 31 0 0.015 0.318537 1 
22 18 31 0 0.047 0.15533 1 
23 18 31 0 0.001 0.131372 1 
24 18 31 0 0.036 0.120662 1 
25 18 31 0 0.023 0.122913 1 
26 18 31 0 0.033 0.160018 1 
27 18 31 0 0.038 0.147816 1 
28 18 31 0 0.007 0.0923514 1 
29 18 31 0 0.037 0.130888 1 
30 18 31 0 0.017 0.156372 1 
31 18 31 0 0.037 0.25538 1 
32 18 31 0 0.038 0.160539 1 
0 18 32 0 0.037 0.177205 1 
1 18 32 0 0.026 0.156372 1 
2 18 32 0 0.001 0.144927 1 
3 18 32 0 0.029 0.170955 1 
4 18 32 0 0.047 0.140747 1 
5 18 32 0.0121354 0.022 0.131372 2 
6 18 32 0.0106541 0.025 0.155877 2 
7 18 32 0 0.039 0.161878 1 
8 18 32 0.00985191 0.03 0.145955 2 
9 18 32 0.0305482 0.002 0.140747 3 
10 18 32 0 0.019 0.110911 1 
11 18 32 0 0.006 0.128303 1 
12 18 32 0 0.015 0.156372 1 
13 18 32 0 0.026 0.130851 1 
14 18 32 0 0.04 0.131372 1 
15 18 32 0 0.018 0.156372 1 
16 18 32 0 0.03 0.129977 1 
17 18 32 0 0.009 0.156372 1 
18 18 32 0 0.047 0.135576 1 
19 18 32 0.0146529 0.007 0.129977 2 
20 18 32 0 0.003 0.138534 1 
21 18 32 0 0.043 0.316693 1 
22 18 32 0 0.044 0.185018 1 
23 18 32 0 0.024 0.15533 1 
24 18 32 0 0.008 0.140394 1 
25 18 32 0.197954 0.014 0.205851 2 
26 18 32 0 0.034 0.157804 1 
27 18 32 0.186712 0.006 0.177205 2 
28 18 32 0 0.025 0.0961228 1 
29 18 32 0 0.009 0.142737 1 
30 18 32 0 0.005 0.14363 1 
31 18 32 0 0.037 0.277702 1 
32 18 32 0 0.013 0.158962 1 
0 18 33 0 0.047 0.132749 1 
1 18 33 0 0.002 0.110706 1 
2 18 33 0.00722404 0.028 0.155869 2 
3 18 33 0 0.033 0.152205 1 
4 18 33 0 0.044 0.145955 1 
5 18 33 0 0.017 0.431771 1 
6 18 33 0.141532 0.017 0.150643 2 
7 18 33 0 0.037 0.156372 1 
8 18 33 0 0.03 0.428053 1 
9 18 33 0 0.036 0.111357 1 
10 18 33 0 0.042 0.156372 1 
11 18 33 0 0.045 0.172367 1 
12 18 33 0 0.037 0.170955 1 
13 18 33 0 0.025 0.156372 1 
14 18 33 0 0.026 0.124769 1 
15 18 33 0 0.007 0.140747 1 
16 18 33 0 0.005 0.14164 1 
17 18 33 0 0.016 0.138534 1 
18 18 33 0 0.022 0.124769 1 
19 18 33 0 0.012 0.140747 1 
20 18 33 0 0.022 0.135576 1 
21 18 33 0 0.042 0.27861 1 
22 18 33 0 0.016 0.140747 1 
23 18 33 0 0.02 0.112101 1 
24 18 33 0 0.01 0.141268 1 
25 18 33 0 0.033 0.116305 1 
26 18 33 0 0.009 0.149601 1 
27 18 33 0 0.019 0.169784 1 
28 18 33 0 0.049 0.126685 1 
29 18 33 0 0.022 0.104052 1 
30 18 33 0 0.014 0.135246 1 
31 18 33 0 0.008 0.233657 1 
32 18 33 0.066409 0.007 0.112101 2 
0 18 34 0 0.015 0.158976 1 
1 18 34 0 0.017 0.112101 1 
2 18 34 0 0.027 0.165747 1 
3 18 34 0 0.029 0.135576 1 
4 18 34 0 0.007 0.160018 1 
5 18 34 0 0.018 0.435546 1 
6 18 34 0 0.001 0.140394 1 
7 18 34 0 0.027 0.161227 1 
8 18 34 0 0.04 0.126685 1 
9 18 34 0 0.012 0.145435 1 
10 18 34 0.010414 0.04 0.137636 2 
11 18 34 0 0.047 0.160271 1 
12 18 34 0 0.045 0.175122 1 
13 18 34 0 0.044 0.157284 1 
14 18 34 0 0.014 0.144951 1 
15 18 34 0 0.013 0.140747 1 
16 18 34 0 0.014 0.126685 1 
17 18 34 0.175525 0.008 0.193221 3 
18 18 34 0 0.003 0.116305 1 
19 18 34 0 0.047 0.156632 1 
20 18 34 0 0.01 0.181632 1 
21 18 34 0 0.037 0.288004 1 
22 18 34 0 0.011 0.140747 1 
23 18 34 0.102675 0.012 0.122913 2 
24 18 34 0 0.011 0.140747 1 
25 18 34 0 0.046 0.169393 1 
26 18 34 0 0.026 0.166789 1 
27 18 34 0 0.04 0.131372 1 
28 18 34 0 0.026 0.136686 1 
29 18 34 0 0.047 0.149647 1 
30 18 34 0 0.026 0.170435 1 
31 18 34 0 0.024 0.236397 1 
32 18 34 0 0.012 0.126685 1 
0 18 35 0 0.04 0.124769 1 
1 18 35 0 0.029 0.175643 1 
2 18 35 0 0.003 0.158896 1 
3 18 35 0.0850141 0.001 0.18606 3 
4 18 35 0 0.039 0.159497 1 
5 18 35 0 0.003 0.441119 1 
6 18 35 0 0.021 0.126685 1 
7 18 35 0 0.043 0.112101 1 
8 18 35 0 0.049 0.133846 1 
9 18 35 0 0.036 0.131372 1 
10 18 35 0.161015 0.046 0.156372 2 
11 18 35 0 0.018 0.187257 1 
12 18 35 0 0.043 0.156372 1 
13 18 35 0 0.035 0.135576 1 
14 18 35 0 0.019 0.144393 1 
15 18 35 0 0.015 0.156372 1 
16 18 35 0 0.005 0.13606 1 
17 18 35 0 0.04 0.124769 1 
18 18 35 0 0.004 0.132935 1 
19 18 35 0 0.026 0.140394 1 
20 18 35 0 0.03 0.181409 1 
21 18 35 0 0.015 0.310909 1 
22 18 35 0 0.008 0.131372 1 
23 18 35 0 0.025 0.167179 1 
24 18 35 0 0.047 0.156372 1 
25 18 35 0.0532318 0.005 0.12003 2 
26 18 35 0 0.014 0.149769 1 
27 18 35 0 0.048 0.166789 1 
28 18 35 0 0.032 0.112101 1 
29 18 35 0 0.009 0.184093 1 
30 18 35 0 0.031 0.112101 1 
31 18 35 0 0.022 0.254947 1 
32 18 35 0.0482577 0.011 0.126685 2 
0 18 36 0 0.021 0.156372 1 
1 18 36 0 0.028 0.156112 1 
2 18 36 0 0.033 0.197104 1 
3 18 36 0 0.019 0.126685 1 
4 18 36 0 0.032 0.424539 1 
5 18 36 0 0.045 0.112101 1 
6 18 36 0 0.046 0.131372 1 
7 18 36 0 0.001 0.153247 1 
8 18 36 0 0.011 0.430736 1 
9 18 36 0.140434 0.019 0.135576 2 
10 18 36 0 0.025 0.170993 1 
11 18 36 0 0.044 0.197131 1 
12 18 36 0 0.044 0.131112 1 
13 18 36 0.00387495 0.002 0.0961228 2 
14 18 36 0 0.038 0.166789 1 
15 18 36 0 0.003 0.112101 1 
16 18 36 0 0.049 0.12289 1 
17 18 36 0 0.049 0.166789 1 
18 18 36 0 0.046 0.0961228 1 
19 18 36 0 0.013 0.156372 1 
20 18 36 0 0.015 0.145435 1 
21 18 36 0 0.033 0.30232 1 
22 18 36 0 0.037 0.140747 1 
23 18 36 0 0.041 0.130851 1 
24 18 36 0 0.041 0.141119 1 
25 18 36 0 0.02 0.177205 1 
26 18 36 0 0.029 0.133976 1 
27 18 36 0 0.023 0.144951 1 
28 18 36 0 0.016 0.11977 1 
29 18 36 0 0.045 0.143128 1 
30 18 36 0 0.036 0.140394 1 
31 18 36 0 0.037 0.286982 1 
32 18 36 0 0.03 0.140747 1 
0 18 37 0 0.027 0.13033 1 
1 18 37 0 0.045 0.156372 1 
2 18 37 0 0.022 0.20099 1 
3 18 37 0 0.011 0.177205 1 
4 18 37 0 0.013 0.156372 1 
5 18 37 0 0.037 0.112101 1 
6 18 37 0 0.027 0.170955 1 
7 18 37 0 0.022 0.165226 1 
8 18 37 0 0.042 0.156372 1 
9 18 37 0.204139 0.006 0.156372 2 
10 18 37 0 0.011 0.112101 1 
11 18 37 0 0.028 0.183902 1 
12 18 37 0 0.012 0.140394 1 
13 18 37 0 0.044 0.14417 1 
14 18 37 0 0.026 0.170955 1 
15 18 37 0 0.022 0.140747 1 
16 18 37 0 0.013 0.126685 1 
17 18 37 0 0.034 0.144914 1 
18 18 37 0 0.013 0.165747 1 
19 18 37 0.0350871 0.01 0.112101 2 
20 18 37 0 0.035 0.16158 1 
21 18 37 0 0.027 0.266583 1 
22 18 37 0.137269 0.004 0.140747 2 
23 18 37 0 0.026 0.131372 1 
24 18 37 0 0.046 0.126685 1 
25 18 37 0 0.012 0.175122 1 
26 18 37 0 0.012 0.145955 1 
27 18 37 0 0.022 0.172369 1 
28 18 37 0 0.013 0.118872 1 
29 18 37 0 0.036 0.160402 1 
30 18 37 0 0.044 0.10833 1 
31 18 37 0 0.029 0.235456 1 
32 18 37 0 0.019 0.153117 1 
0 18 38 0 0.021 0.132935 1 
1 18 38 0 0.043 0.161227 1 
2 18 38 0 0.047 0.207296 1 
3 18 38 0 0.046 0.15533 1 
4 18 38 0 0.023 0.12542 1 
5 18 38 0 0.022 0.148237 1 
6 18 38 0 0.002 0.145955 1 
7 18 38 0 0.003 0.131372 1 
8 18 38 0 0.028 0.151536 1 
9 18 38 0 0.023 0.116956 1 
10 18 38 0.0136121 0.015 0.12003 2 
11 18 38 0 0.035 0.185669 1 
12 18 38 0 0.046 0.170955 1 
13 18 38 0 0.013 0.177205 1 
14 18 38 0 0.041 0.156372 1 
15 18 38 0 0.019 0.185018 1 
16 18 38 0 0.023 0.141045 1 
17 18 38 0 0.021 0.195955 1 
18 18 38 0 0.045 0.129977 1 
19 18 38 0 0.047 0.15533 1 
20 18 38 0 0.039 0.141268 1 
21 18 38 0 0.041 0.337137 1 
22 18 38 0.0941429 0.001 0.150643 3 
23 18 38 0 0.046 0.13033 1 
24 18 38 0 0.018 0.18033 1 
25 18 38 0 0.011 0.162399 1 
26 18 38 0 0.043 0.153098 1 
27 18 38 0 0.015 0.140747 1 
28 18 38 0 0.048 0.126685 1 
29 18 38 0 0.011 0.144951 1 
30 18 38 0 0.025 0.179531 1 
31 18 38 0 0.003 0.274158 1 
32 18 38 0.0666877 0.005 0.12289 2 
0 18 39 0 0.02 0.175643 1 
1 18 39 0 0.027 0.156372 1 
2 18 39 0 0.013 0.157953 1 
3 18 39 0 0.024 0.170955 1 
4 18 39 0 0.042 0.145955 1 
5 18 39 0 0.015 0.135576 1 
6 18 39 0 0.01 0.156372 1 
7 18 39 0 0.049 0.156372 1 
8 18 39 0 0.016 0.131372 1 
9 18 39 0 0.009 0.126685 1 
10 18 39 0 0.016 0.43108 1 
11 18 39 0 0.038 0.218568 1 
12 18 39 0 0.037 0.140747 1 
13 18 39 0 0.015 0.150662 1 
14 18 39 0 0.043 0.126685 1 
15 18 39 0 0.028 0.0961228 1 
16 18 39 0 0.043 0.157489 1 
17 18 39 0 0.043 0.130888 1 
18 18 39 0 0.001 0.126685 1 
19 18 39 0 0.024 0.140394 1 
20 18 39 0 0.023 0.140747 1 
21 18 39 0 0.044 0.280989 1 
22 18 39 0 0.043 0.165654 1 
23 18 39 0 0.044 0.145955 1 
24 18 39 0 0.028 0.156632 1 
25 18 39 0 0.02 0.150122 1 
26 18 39 0 0.003 0.140747 1 
27 18 39 0 0.037 0.116305 1 
28 18 39 0 0.018 0.147262 1 
29 18 39 0 0.048 0.112938 1 
30 18 39 0 0.001 0.170955 1 
31 18 39 0 0.029 0.241923 1 
32 18 39 0 0.033 0.15533 1 
0 18 40 0 0.006 0.159497 1 
1 18 40 0 0.033 0.147146 1 
2 18 40 0 0.046 0.180777 1 
3 18 40 0 0.022 0.140747 1 
4 18 40 0 0.013 0.160018 1 
5 18 40 0 0.026 0.124769 1 
6 18 40 0 0.019 0.160539 1 
7 18 40 0 0.021 0.131372 1 
8 18 40 0 0.045 0.126685 1 
9 18 40 0 0.026 0.116305 1 
10 18 40 0 0.03 0.431695 1 
11 18 40 0 0.024 0.185031 1 
12 18 40 0 0.025 0.156372 1 
13 18 40 0 0.041 0.135576 1 
14 18 40 0 0.036 0.154915 1 
15 18 40 0 0.011 0.133846 1 
16 18 40 0 0.029 0.15533 1 
17 18 40 0 0.032 0.145435 1 
18 18 40 0 0.006 0.126685 1 
19 18 40 0 0.007 0.140747 1 
20 18 40 0.113332 0.007 0.116305 2 
21 18 40 0 0.02 0.24199 1 
22 18 40 0 0.044 0.10833 1 
23 18 40 0 0.012 0.141268 1 
24 18 40 0 0.013 0.126685 1 
25 18 40 0.132704 0.01 0.15533 2 
26 18 40 0 0.046 0.0961228 1 
27 18 40 0 0.048 0.121867 1 
28 18 40 0 0.008 0.10833 1 
29 18 40 0 0.022 0.144393 1 
30 18 40 0 0.033 0.140394 1 
31 18 40 0 0.032 0.259028 1 
32 18 40 0 0.025 0.15081 1 
0 18 41 0 0.027 0.160018 1 
1 18 41 0 0.019 0.140747 1 
2 18 41 0 0.006 0.185586 1 
3 18 41 0 0.041 0.10833 1 
4 18 41 0 0.001 0.149378 1 
5 18 41 0 0.025 0.144505 1 
6 18 41 0 0.043 0.138384 1 
7 18 41 0 0.03 0.144505 1 
8 18 41 0 0.042 0.170955 1 
9 18 41 0 0.031 0.160576 1 
10 18 41 0 0.039 0.173188 1 
11 18 41 0 0.017 0.160539 1 
12 18 41 0 0.044 0.145955 1 
13 18 41 0 0.01 0.130851 1 
14 18 41 0 0.032 0.166789 1 
15 18 41 0 0.03 0.145435 1 
16 18 41 0 0.037 0.135706 1 
17 18 41 0 0.025 0.17716 1 
18 18 41 0 0.048 0.140394 1 
19 18 41 0 0.002 0.160018 1 
20 18 41 0 0.004 0.140747 1 
21 18 41 0 0.031 0.306825 1 
22 18 41 0 0.043 0.159497 1 
23 18 41 0 0.002 0.126685 1 
24 18 41 0 0.006 0.156372 1 
25 18 41 0.196395 0.006 0.166789 2 
26 18 41 0 0.041 0.15481 1 
27 18 41 0 0.048 0.16199 1 
28 18 41 0.00775323 0.039 0.133839 2 
29 18 41 0 0.017 0.159144 1 
30 18 41 0 0.048 0.15533 1 
31 18 41 0 0.035 0.189504 1 
32 18 41 0 0.047 0.145955 1 
0 18 42 0 0.022 0.166789 1 
1 18 42 0 0.034 0.128917 1 
2 18 42 0 0.037 0.217334 1 
3 18 42 0 0.037 0.133976 1 
4 18 42 0 0.036 0.155957 1 
5 18 42 0 0.019 0.158455 1 
6 18 42 0 0.041 0.166789 1 
7 18 42 0.0254474 0.003 0.126685 2 
8 18 42 0 0.021 0.156372 1 
9 18 42 0 0.019 0.140747 1 
10 18 42 0 0.037 0.148676 1 
11 18 42 0 0.01 0.161027 1 
12 18 42 0 0.009 0.173114 1 
13 18 42 0 0.049 0.10833 1 
14 18 42 0 0.036 0.15388 1 
15 18 42 0 0.009 0.132889 1 
16 18 42 0 0.025 0.156372 1 
17 18 42 0 0.009 0.15533 1 
18 18 42 0 0.043 0.116045 1 
19 18 42 0.119412 0.001 0.169505 2 
20 18 42 0 0.024 0.140747 1 
21 18 42 0 0.023 0.327865 1 
22 18 42 0 0.006 0.169393 1 
23 18 42 0.0135024 0.006 0.120509 2 
24 18 42 0 0.001 0.18606 1 
25 18 42 0 0.041 0.156372 1 
26 18 42 0 0.019 0.156632 1 
27 18 42 0 0.046 0.167161 1 
28 18 42 0 0.017 0.166789 1 
29 18 42 0 0.017 0.186703 1 
30 18 42 0.0225985 0.016 0.166789 2 
31 18 42 0 0.02 0.264755 1 
32 18 42 0 0.044 0.112101 1 
0 18 43 0 0.039 0.145955 1 
1 18 43 0 0.011 0.158976 1 
2 18 43 0 0.025 0.192254 1 
3 18 43 0 0.026 0.165226 1 
4 18 43 0 0.027 0.165226 1 
5 18 43 0 0.026 0.115003 1 
6 18 43 0 0.01 0.140394 1 
7 18 43 0.00837263 0.006 0.140747 2 
8 18 43 0 0.025 0.122555 1 
9 18 43 0 0.048 0.166789 1 
10 18 43 0 0.047 0.140747 1 
11 18 43 0 0.003 0.13033 1 
12 18 43 0 0.043 0.126685 1 
13 18 43 0 0.023 0.126685 1 
14 18 43 0 0.016 0.177205 1 
15 18 43 0 0.008 0.126685 1 
16 18 43 0 0.013 0.142161 1 
17 18 43 0.154191 0.014 0.140747 2 
18 18 43 0 0.01 0.140747 1 
19 18 43 0 0.002 0.174601 1 
20 18 43 0 0.049 0.156719 1 
21 18 43 0 0.028 0.303407 1 
22 18 43 0.098522 0.001 0.160018 3 
23 18 43 0 0.014 0.126685 1 
24 18 43 0 0.004 0.110706 1 
25 18 43 0.133108 0.004 0.174718 2 
26 18 43 0 0.002 0.149769 1 
27 18 43 0 0.042 0.15533 1 
28 18 43 0 0.032 0.112566 1 
29 18 43 0 0.027 0.172369 1 
30 18 43 0 0.043 0.150159 1 
31 18 43 0 0.007 0.249364 1 
32 18 43 0 0.038 0.140747 1 
0 18 44 0.0389217 0.017 0.171997 2 
1 18 44 0 0.031 0.158976 1 
2 18 44 0 0.001 0.104052 1 
3 18 44 0 0.004 0.100122 1 
4 18 44 0 0.021 0.13033 1 
5 18 44 0 0.034 0.0961228 1 
6 18 44 0 0.028 0.15081 1 
7 18 44 0 0.03 0.158976 1 
8 18 44 0.0097839 0.029 0.156372 2 
9 18 44 0 0.025 0.145955 1 
10 18 44 0 0.009 0.20533 1 
11 18 44 0 0.036 0.208636 1 
12 18 44 0 0.041 0.177205 1 
13 18 44 0 0.013 0.15481 1 
14 18 44 0 0.043 0.131372 1 
15 18 44 0 0.013 0.131372 1 
16 18 44 0 0.042 0.15533 1 
17 18 44 0 0.033 0.114705 1 
18 18 44 0 0.027 0.139301 1 
19 18 44 0 0.007 0.165226 1 
20 18 44 0.012549 0.014 0.156372 2 
21 18 44 0 0.002 0.308201 1 
22 18 44 0 0.02 0.110706 1 
23 18 44 0 0.02 0.119393 1 
24 18 44 0 0.011 0.135055 1 
25 18 44 0 0.025 0.135576 1 
26 18 44 0 0.035 0.104052 1 
27 18 44 0 0.024 0.140747 1 
28 18 44 0 0.021 0.136845 1 
29 18 44 0 0.033 0.16292 1 
30 18 44 0 0.005 0.174601 1 
31 18 44 0 0.023 0.26148 1 
32 18 44 0 0.037 0.156372 1 
0 18 45 0 0.021 0.165226 1 
1 18 45 0 0.028 0.166789 1 
2 18 45 0 0.043 0.161774 1 
3 18 45 0 0.016 0.175122 1 
4 18 45 0 0.014 0.140747 1 
5 18 45 0 0.049 0.43479 1 
6 18 45 0.00567487 0.045 0.201275 2 
7 18 45 0 0.026 0.160018 1 
8 18 45 0 0.004 0.421329 1 
9 18 45 0.141334 0.019 0.15533 2 
10 18 45 0 0.036 0.145955 1 
11 18 45 0 0.034 0.1435 1 
12 18 45 0 0.021 0.112101 1 
13 18 45 0 0.025 0.147816 1 
14 18 45 0 0.02 0.177205 1 
15 18 45 0 0.047 0.125234 1 
16 18 45 0 0.043 0.181372 1 
17 18 45 0 0.001 0.145818 1 
18 18 45 0 0.025 0.148114 1 
19 18 45 0 0.049 0.151164 1 
20 18 45 0 0.008 0.150643 1 
21 18 45 0 0.043 0.317186 1 
22 18 45 0.146377 0.005 0.160576 2 
23 18 45 0 0.004 0.181409 1 
24 18 45 0 0.033 0.149601 1 
25 18 45 0.132809 0.002 0.174601 2 
26 18 45 0 0.033 0.165226 1 
27 18 45 0 0.019 0.150643 1 
28 18 45 0 0.044 0.131372 1 
29 18 45 0 0.044 0.187362 1 
30 18 45 0 0.028 0.153098 1 
31 18 45 0 0.011 0.253873 1 
32 18 45 0 0.027 0.0961228 1 
0 18 46 0 0.007 0.159497 1 
1 18 46 0.0982088 0.001 0.156372 3 
2 18 46 0 0.043 0.19409 1 
3 18 46 0 0.006 0.156372 1 
4 18 46 0 0.012 0.0841437 1 
5 18 46 0 0.013 0.440125 1 
6 18 46 0.132505 0.004 0.140747 2 
7 18 46 0 0.012 0.156372 1 
8 18 46 0 0.004 0.0961228 1 
9 18 46 0 0.036 0.151536 1 
10 18 46 0 0.016 0.144951 1 
11 18 46 0 0.038 0.18712 1 
12 18 46 0 0.017 0.175643 1 
13 18 46 0 0.036 0.159795 1 
14 18 46 0 0.036 0.1435 1 
15 18 46 0 0.017 0.116305 1 
16 18 46 0 0.028 0.140394 1 
17 18 46 0 0.027 0.15481 1 
18 18 46 0 0.014 0.140747 1 
19 18 46 0 0.047 0.133846 1 
20 18 46 0 0.037 0.140747 1 
21 18 46 0 0.005 0.339414 1 
22 18 46 0 0.014 0.130851 1 
23 18 46 0 0.017 0.170955 1 
24 18 46 0 0.026 0.158976 1 
25 18 46 0 0.028 0.144951 1 
26 18 46 0 0.001 0.131372 1 
27 18 46 0 0.017 0.157519 1 
28 18 46 0 0.041 0.14222 1 
29 18 46 0 0.016 0.167003 1 
30 18 46 0 0.007 0.166789 1 
31 18 46 0 0.041 0.210669 1 
32 18 46 0 0.044 0.166789 1 
0 18 47 0 0.029 0.13033 1 
1 18 47 0 0.008 0.145955 1 
2 18 47 0 0.042 0.204456 1 
3 18 47 0 0.047 0.150643 1 
4 18 47 0 0.036 0.153098 1 
5 18 47 0 0.04 0.440061 1 
6 18 47 0 0.016 0.144951 1 
7 18 47 0 0.038 0.112101 1 
8 18 47 0 0.007 0.156372 1 
9 18 47 0 0.015 0.124769 1 
10 18 47 0 0.028 0.13033 1 
11 18 47 0 0.014 0.173318 1 
12 18 47 0.0156881 0.006 0.160185 2 
13 18 47 0 0.046 0.13033 1 
14 18 47 0 0.017 0.177205 1 
15 18 47 0 0.039 0.144914 1 
16 18 47 0 0.008 0.130851 1 
17 18 47 0.121054 0.013 0.170955 2 
18 18 47 0 0.031 0.135353 1 
19 18 47 0 0.017 0.15533 1 
20 18 47 0 0.002 0.115394 1 
21 18 47 0 0.037 0.290768 1 
22 18 47 0 0.028 0.131372 1 
23 18 47 0 0.034 0.140747 1 
24 18 47 0 0.039 0.12003 1 
25 18 47 0.134217 0.009 0.151461 2 
26 18 47 0 0.034 0.141138 1 
27 18 47 0.200889 0.001 0.191789 3 
28 18 47 0 0.003 0.148429 1 
29 18 47 0 0.035 0.112938 1 
30 18 47 0 0.013 0.112101 1 
31 18 47 0 0.006 0.206819 1 
32 18 47 0 0.011 0.175643 1 
0 18 48 0 0.02 0.140747 1 
1 18 48 0 0.045 0.112101 1 
2 18 48 0 0.045 0.134613 1 
3 18 48 0 0.033 0.132749 1 
4 18 48 0 0.008 0.420427 1 
5 18 48 0 0.027 0.112101 1 
6 18 48 0 0.036 0.13712 1 
7 18 48 0 0.031 0.156372 1 
8 18 48 0 0.019 0.137473 1 
9 18 48 0 0.027 0.131372 1 
10 18 48 0 0.035 0.170955 1 
11 18 48 0 0.001 0.174464 1 
12 18 48 0 0.04 0.15081 1 
13 18 48 0 0.045 0.174601 1 
14 18 48 0 0.029 0.145955 1 
15 18 48 0 0.011 0.138534 1 
16 18 48 0 0.031 0.115524 1 
17 18 48 0 0.04 0.157191 1 
18 18 48 0 0.005 0.151118 1 
19 18 48 0 0.035 0.0961228 1 
20 18 48 0 0.031 0.144951 1 
21 18 48 0 0.049 0.301024 1 
22 18 48 0 0.014 0.175122 1 
23 18 48 0 0.031 0.145955 1 
24 18 48 0 0.028 0.156632 1 
25 18 48 0 0.04 0.163017 1 
26 18 48 0 0.042 0.112101 1 
27 18 48 0 0.014 0.132935 1 
28 18 48 0 0.043 0.160539 1 
29 18 48 0 0.03 0.110706 1 
30 18 48 0 0.017 0.0961228 1 
31 18 48 0 0.026 0.256156 1 
32 18 48 0.0494464 0.011 0.165747 2 
0 18 49 0 0.02 0.156372 1 
1 18 49 0 0.013 0.164705 1 
2 18 49 0 0.023 0.199527 1 
3 18 49 0 0.027 0.150059 1 
4 18 49 0.00942526 0.023 0.145955 2 
5 18 49 0 0.031 0.171327 1 
6 18 49 0 0.004 0.160539 1 
7 18 49 0 0.019 0.140487 1 
8 18 49 0.00999389 0.019 0.156372 2 
9 18 49 0 0.037 0.131149 1 
10 18 49 0 0.036 0.150643 1 
11 18 49 0 0.03 0.156184 1 
12 18 49 0 0.043 0.112101 1 
13 18 49 0 0.003 0.150122 1 
14 18 49 0 0.022 0.131372 1 
15 18 49 0 0.017 0.140487 1 
16 18 49 0 0.043 0.152478 1 
17 18 49 0 0.023 0.10833 1 
18 18 49 0 0.028 0.100327 1 
19 18 49 0 0.036 0.144393 1 
20 18 49 0 0.047 0.116305 1 
21 18 49 0 0.046 0.297934 1 
22 18 49 0 0.034 0.140747 1 
23 18 49 0.114376 0.004 0.140747 2 
24 18 49 0 0.042 0.129977 1 
25 18 49 0.0211221 0.006 0.134993 2 
26 18 49 0 0.031 0.161227 1 
27 18 49 0 0.001 0.131372 1 
28 18 49 0 0.044 0.156719 1 
29 18 49 0 0.049 0.163017 1 
30 18 49 0 0.03 0.15481 1 
31 18 49 0 0.02 0.291739 1 
32 18 49 0 0.028 0.166789 1 
0 18 50 0 0.029 0.156372 1 
1 18 50 0.0404764 0.006 0.169393 2 
2 18 50 0 0.025 0.147481 1 
3 18 50 0 0.033 0.15533 1 
4 18 50 0 0.015 0.428046 1 
5 18 50 0 0.023 0.152838 1 
6 18 50 0 0.031 0.15533 1 
7 18 50 0 0.003 0.119393 1 
8 18 50 0.230835 0.006 0.172816 3 
9 18 50 0 0.029 0.177205 1 
10 18 50 0 0.001 0.17981 1 
11 18 50 0 0.047 0.213917 1 
12 18 50 0 0.001 0.124769 1 
13 18 50 0 0.042 0.138534 1 
14 18 50 0 0.023 0.148188 1 
15 18 50 0 0.003 0.160018 1 
16 18 50 0 0.039 0.181372 1 
17 18 50 0 0.041 0.161227 1 
18 18 50 0 0.039 0.160539 1 
19 18 50 0 0.034 0.156372 1 
20 18 50 0.116192 0.009 0.112101 2 
21 18 50 0 0.039 0.249849 1 
22 18 50 0 0.029 0.112101 1 
23 18 50 0 0.016 0.156372 1 
24 18 50 0 0.049 0.140747 1 
25 18 50 0 0.013 0.13805 1 
26 18 50 0 0.002 0.156372 1 
27 18 50 0 0.013 0.124769 1 
28 18 50 0 0.045 0.128917 1 
29 18 50 0 0.035 0.148188 1 
30 18 50 0 0.01 0.129977 1 
31 18 50 0 0.005 0.258792 1 
32 18 50 0 0.018 0.125234 1 
0 18 51 0 0.043 0.131372 1 
1 18 51 0 0.012 0.155175 1 
2 18 51 0 0.047 0.196471 1 
3 18 51 0.15502 0.019 0.132935 2 
4 18 51 0 0.03 0.120509 1 
5 18 51 0 0.034 0.0961228 1 
6 18 51 0 0.009 0.131372 1 
7 18 51 0 0.022 0.140747 1 
8 18 51 0 0.04 0.420948 1 
9 18 51 0 0.04 0.170993 1 
10 18 51 0.00627741 0.012 0.15533 2 
11 18 51 0 0.031 0.202912 1 
12 18 51 0 0.045 0.10833 1 
13 18 51 0.262167 0.006 0.129438 2 
14 18 51 0.0762768 0.006 0.160539 2 
15 18 51 0 0.006 0.152571 1 
16 18 51 0 0.031 0.126685 1 
17 18 51 0 0.007 0.15481 1 
18 18 51 0 0.021 0.116305 1 
19 18 51 0 0.023 0.177205 1 
20 18 51 0 0.024 0.160018 1 
21 18 51 0 0.019 0.329447 1 
22 18 51 0 0.016 0.161227 1 
23 18 51 0 0.021 0.112101 1 
24 18 51 0 0.003 0.104326 1 
25 18 51 0 0.025 0.160018 1 
26 18 51 0 0.013 0.133846 1 
27 18 51 0 0.024 0.116305 1 
28 18 51 0 0.03 0.174687 1 
29 18 51 0 0.019 0.177559 1 
30 18 51 0 0.041 0.145732 1 
31 18 51 0 0.043 0.203184 1 
32 18 51 0 0.025 0.140747 1 
0 18 52 0 0.013 0.173448 1 
1 18 52 0.0771372 0.016 0.166789 2 
2 18 52 0 0.028 0.187225 1 
3 18 52 0.1172 0.005 0.166789 2 
4 18 52 0 0.036 0.179921 1 
5 18 52 0 0.044 0.156372 1 
6 18 52 0 0.008 0.131372 1 
7 18 52 0 0.047 0.0961228 1 
8 18 52 0.0097308 0.03 0.156372 2 
9 18 52 0 0.012 0.145955 1 
10 18 52 0 0.012 0.124769 1 
11 18 52 0 0.004 0.155721 1 
12 18 52 0 0.029 0.169393 1 
13 18 52 0 0.029 0.156372 1 
14 18 52 0.00045951 0.012 0.15533 2 
15 18 52 0 0.049 0.126685 1 
16 18 52 0 0.009 0.124769 1 
17 18 52 0 0.018 0.116305 1 
18 18 52 0 0.021 0.130888 1 
19 18 52 0 0.021 0.144914 1 
20 18 52 0 0.044 0.143128 1 
21 18 52 0 0.04 0.335107 1 
22 18 52 0 0.029 0.131372 1 
23 18 52 0 0.031 0.145955 1 
24 18 52 0 0.014 0.131372 1 
25 18 52 0 0.021 0.150643 1 
26 18 52 0.11902 0.011 0.164705 2 
27 18 52 0 0.039 0.156372 1 
28 18 52 0 0.005 0.148255 1 
29 18 52 0 0.038 0.140654 1 
30 18 52 0 0.009 0.174601 1 
31 18 52 0 0.041 0.23409 1 
32 18 52 0.13136 0.02 0.128545 2 
0 18 53 0 0.024 0.166789 1 
1 18 53 0 0.012 0.131372 1 
2 18 53 0.00724793 0.028 0.196339 2 
3 18 53 0 0.015 0.164705 1 
4 18 53 0 0.034 0.170955 1 
5 18 53 0.0102733 0.018 0.140747 2 
6 18 53 0 0.026 0.15533 1 
7 18 53 0.0134651 0.026 0.15081 2 
8 18 53 0 0.016 0.174601 1 
9 18 53 0 0.006 0.160018 1 
10 18 53 0 0.025 0.42571 1 
11 18 53 0 0.043 0.165598 1 
12 18 53 0 0.023 0.139817 1 
13 18 53 0 0.034 0.122555 1 
14 18 53 0 0.044 0.171216 1 
15 18 53 0 0.033 0.169393 1 
16 18 53 0.00829004 0.032 0.134125 2 
17 18 53 0 0.005 0.170993 1 
18 18 53 0 0.045 0.116305 1 
19 18 53 0 0.014 0.177205 1 
20 18 53 0 0.049 0.164301 1 
21 18 53 0 0.042 0.305785 1 
22 18 53 0 0.046 0.112101 1 
23 18 53 0 0.022 0.171216 1 
24 18 53 0 0.037 0.125234 1 
25 18 53 0 0.045 0.135576 1 
26 18 53 0.0884758 0.005 0.112101 2 
27 18 53 0 0.046 0.110706 1 
28 18 53 0 0.023 0.1435 1 
29 18 53 0 0.038 0.189705 1 
30 18 53 0 0.009 0.177894 1 
31 18 53 0 0.044 0.255637 1 
32 18 53 0 0.021 0.156372 1 
0 18 54 0 0.046 0.15081 1 
1 18 54 0.0688143 0.003 0.164185 4 
2 18 54 0 0.007 0.12289 1 
3 18 54 0 0.024 0.140394 1 
4 18 54 0 0.001 0.144281 1 
5 18 54 0 0.017 0.441513 1 
6 18 54 0 0.02 0.136686 1 
7 18 54 0 0.049 0.160018 1 
8 18 54 0 0.009 0.430446 1 
9 18 54 0 0.028 0.190226 1 
10 18 54 0 0.005 0.135055 1 
11 18 54 0 0.048 0.20388 1 
12 18 54 0 0.016 0.185018 1 
13 18 54 0 0.045 0.144951 1 
14 18 54 0 0.023 0.156632 1 
15 18 54 0 0.016 0.144951 1 
16 18 54 0 0.008 0.142184 1 
17 18 54 0 0.029 0.124769 1 
18 18 54 0 0.029 0.125234 1 
19 18 54 0 0.039 0.166652 1 
20 18 54 0 0.041 0.140747 1 
21 18 54 0 0.022 0.271196 1 
22 18 54 0.180001 0.008 0.167179 4 
23 18 54 0 0.048 0.119393 1 
24 18 54 0 0.037 0.140394 1 
25 18 54 0 0.03 0.153098 1 
26 18 54 0.118862 0.002 0.166789 2 
27 18 54 0 0.011 0.140747 1 
28 18 54 0 0.02 0.122913 1 
29 18 54 0 0.02 0.15148 1 
30 18 54 0 0.029 0.110706 1 
31 18 54 0 0.045 0.267148 1 
32 18 54 0 0.024 0.165226 1 
0 18 55 0 0.035 0.140747 1 
1 18 55 0 0.031 0.131372 1 
2 18 55 0 0.023 0.154127 1 
3 18 55 0 0.014 0.175643 1 
4 18 55 0 0.028 0.112101 1 
5 18 55 0 0.042 0.166789 1 
6 18 55 0 0.01 0.150643 1 
7 18 55 0 0.004 0.112101 1 
8 18 55 0 0.02 0.156372 1 
9 18 55 0 0.041 0.169393 1 
10 18 55 0 0.001 0.185018 1 
11 18 55 0 0.039 0.12984 1 
12 18 55 0 0.003 0.124769 1 
13 18 55 0 0.01 0.156632 1 
14 18 55 0 0.023 0.134534 1 
15 18 55 0 0.004 0.117868 1 
16 18 55 0 0.048 0.140747 1 
17 18 55 0 0.024 0.114705 1 
18 18 55 0 0.038 0.11517 1 
19 18 55 0 0.042 0.163017 1 
20 18 55 0.0120294 0.008 0.166435 2 
21 18 55 0.00516618 0.022 0.314623 2 
22 18 55 0 0.015 0.144281 1 
23 18 55 0 0.023 0.141138 1 
24 18 55 0 0.048 0.140747 1 
25 18 55 0 0.003 0.152571 1 
26 18 55 0 0.036 0.156372 1 
27 18 55 0 0.032 0.126424 1 
28 18 55 0 0.043 0.135576 1 
29 18 55 0 0.005 0.112566 1 
30 18 55 0 0.042 0.175643 1 
31 18 55 0 0.01 0.285932 1 
32 18 55 0 0.018 0.0961228 1 
0 18 56 0 0.044 0.163459 1 
1 18 56 0 0.007 0.166789 1 
2 18 56 0 0.012 0.175877 1 
3 18 56 0 0.04 0.131372 1 
4 18 56 0 0.013 0.182414 1 
5 18 56 0 0.014 0.439958 1 
6 18 56 0 0.036 0.177205 1 
7 18 56 0 0.047 0.156521 1 
8 18 56 0 0.043 0.177205 1 
9 18 56 0 0.042 0.126685 1 
10 18 56 0 0.031 0.100122 1 
11 18 56 0 0.001 0.17816 1 
12 18 56 0 0.019 0.15081 1 
13 18 56 0.00268556 0.003 0.156372 3 
14 18 56 0 0.021 0.146978 1 
15 18 56 0 0.049 0.112101 1 
16 18 56 0 0.011 0.12542 1 
17 18 56 0.17674 0.001 0.126685 2 
18 18 56 0 0.006 0.108051 1 
19 18 56 0 0.009 0.112101 1 
20 18 56 0 0.027 0.149601 1 
21 18 56 0 0.016 0.156372 1 
22 18 56 0.155921 0.008 0.156372 3 
23 18 56 0 0.015 0.129977 1 
24 18 56 0 0.025 0.124769 1 
25 18 56 0 0.036 0.135576 1 
26 18 56 0 0.029 0.112101 1 
27 18 56 0 0.006 0.170955 1 
28 18 56 0 0.037 0.124769 1 
29 18 56 0 0.014 0.1435 1 
30 18 56 0 0.006 0.193872 1 
31 18 56 0 0.023 0.21628 1 
32 18 56 0 0.04 0.160018 1 
0 18 57 0 0.017 0.177205 1 
1 18 57 0 0.019 0.14856 1 
2 18 57 0 0.035 0.130344 1 
3 18 57 0 0.037 0.141119 1 
4 18 57 0 0.04 0.140394 1 
5 18 57 0 0.045 0.156372 1 
6 18 57 0 0.024 0.175643 1 
7 18 57 0 0.022 0.140394 1 
8 18 57 0 0.027 0.142737 1 
9 18 57 0 0.048 0.15081 1 
10 18 57 0 0.018 0.156372 1 
11 18 57 0 0.006 0.169393 1 
12 18 57 0 0.003 0.185018 1 
13 18 57 0 0.048 0.139412 1 
14 18 57 0 0.029 0.131372 1 
15 18 57 0 0.001 0.145955 1 
16 18 57 0 0.049 0.134534 1 
17 18 57 0 0.017 0.141138 1 
18 18 57 0 0.018 0.112101 1 
19 18 57 0 0.024 0.116305 1 
20 18 57 0 0.005 0.100122 1 
21 18 57 0 0.047 0.291769 1 
22 18 57 0 0.011 0.148676 1 
23 18 57 0 0.034 0.140747 1 
24 18 57 0 0.041 0.125159 1 
25 18 57 0 0.018 0.160018 1 
26 18 57 0 0.021 0.166789 1 
27 18 57 0 0.041 0.15081 1 
28 18 57 0 0.023 0.15081 1 
29 18 57 0 0.045 0.159144 1 
30 18 57 0 0.025 0.13033 1 
31 18 57 0.00621076 0.031 0.151034 2 
32 18 57 0 0.021 0.166789 1 
0 18 58 0 0.038 0.126685 1 
1 18 58 0 0.046 0.160185 1 
2 18 58 0 0.01 0.192336 1 
3 18 58 0 0.049 0.135576 1 
4 18 58 0 0.038 0.12003 1 
5 18 58 0 0.016 0.124769 1 
6 18 58 0 0.007 0.131149 1 
7 18 58 0 0.048 0.139073 1 
8 18 58 0 0.011 0.136686 1 
9 18 58 0 0.034 0.182823 1 
10 18 58 0 0.029 0.172816 1 
11 18 58 0 0.018 0.159541 1 
12 18 58 0 0.008 0.136976 1 
13 18 58 0.109859 0.004 0.140394 3 
14 18 58 0 0.036 0.126685 1 
15 18 58 0 0.037 0.124973 1 
16 18 58 0 0.049 0.147816 1 
17 18 58 0 0.015 0.167421 1 
18 18 58 0 0.035 0.115394 1 
19 18 58 0 0.028 0.142737 1 
20 18 58 0 0.049 0.126685 1 
21 18 58 0 0.046 0.296658 1 
22 18 58 0 0.026 0.145955 1 
23 18 58 0 0.037 0.147472 1 
24 18 58 0 0.048 0.15481 1 
25 18 58 0 0.038 0.14975 1 
26 18 58 0 0.028 0.166789 1 
27 18 58 0 0.013 0.130851 1 
28 18 58 0 0.026 0.131112 1 
29 18 58 0 0.024 0.153768 1 
30 18 58 0.0669799 0.005 0.126685 2 
31 18 58 0 0.01 0.170955 1 
32 18 58 0 0.045 0.145955 1 
0 18 59 0 0.043 0.150643 1 
1 18 59 0 0.046 0.13033 1 
2 18 59 0 0.039 0.189876 1 
3 18 59 0 0.012 0.138534 1 
4 18 59 0 0.031 0.419969 1 
5 18 59 0.00657836 0.015 0.126685 2 
6 18 59 0 0.017 0.170955 1 
7 18 59 0 0.017 0.131112 1 
8 18 59 0 0.022 0.160018 1 
9 18 59 0 0.016 0.156632 1 
10 18 59 0 0.04 0.149769 1 
11 18 59 0 0.009 0.205616 1 
12 18 59 0 0.032 0.13033 1 
13 18 59 0 0.011 0.138534 1 
14 18 59 0 0.022 0.131372 1 
15 18 59 0 0.005 0.156372 1 
16 18 59 0 0.003 0.141268 1 
17 18 59 0 0.013 0.166789 1 
18 18 59 0 0.022 0.0961228 1 
19 18 59 0.00367887 0.004 0.15481 2 
20 18 59 0 0.048 0.177894 1 
21 18 59 0 0.042 0.315139 1 
22 18 59 0 0.024 0.0923514 1 
23 18 59 0 0.041 0.160018 1 
24 18 59 0 0.005 0.140747 1 
25 18 59 0.37519 0.006 0.126685 7 
26 18 59 0 0.015 0.132935 1 
27 18 59 0 0.024 0.135055 1 
28 18 59 0 0.003 0.100122 1 
29 18 59 0 0.014 0.0841437 1 
30 18 59 0 0.038 0.134613 1 
31 18 59 0 0.009 0.266442 1 
32 18 59 0 0.007 0.130888 1 
0 18 60 0 0.004 0.140394 1 
1 18 60 0 0.014 0.145955 1 
2 18 60 0 0.018 0.20773 1 
3 18 60 0 0.002 0.156372 1 
4 18 60 0 0.001 0.124769 1 
5 18 60 0 0.01 0.445444 1 
6 18 60 0 0.04 0.176164 1 
7 18 60 0 0.039 0.112101 1 
8 18 60 0 0.028 0.140747 1 
9 18 60 0 0.003 0.166789 1 
10 18 60 0 0.026 0.153098 1 
11 18 60 0 0.011 0.194084 1 
12 18 60 0.122481 0.014 0.122913 2 
13 18 60 0 0.017 0.156372 1 
14 18 60 0 0.028 0.144393 1 
15 18 60 0 0.029 0.140654 1 
16 18 60 0 0.035 0.112101 1 
17 18 60 0 0.049 0.112101 1 
18 18 60 0 0.044 0.129163 1 
19 18 60 0 0.025 0.116305 1 
20 18 60 0 0.001 0.169393 1 
21 18 60 0 0.018 0.305092 1 
22 18 60 0 0.037 0.160018 1 
23 18 60 0 0.023 0.141268 1 
24 18 60 0 0.027 0.126685 1 
25 18 60 0 0.039 0.140394 1 
26 18 60 0 0.006 0.158976 1 
27 18 60 0 0.017 0.125159 1 
28 18 60 0 0.036 0.170955 1 
29 18 60 0 0.016 0.193965 1 
30 18 60 0 0.048 0.156372 1 
31 18 60 0 0.047 0.231359 1 
32 18 60 0.0487604 0.005 0.145955 2 
