0 19 0 0.00214628 0.026 0.0142459 1 
1 19 0 0.00266726 0.009 0.0142005 3 
2 19 0 0.00214628 0.025 0.0124607 1 
3 19 0 0.0210449 0.002 0.0143355 20 
4 19 0 0.00215009 0.011 0.0120264 2 
5 19 0 0.00214628 0.031 0.0136904 1 
6 19 0 0.00214628 0.007 0.0111921 1 
7 19 0 0.00214628 0.027 0.0117958 1 
8 19 0 0.00214628 0.023 0.0154933 1 
9 19 0 0.00214628 0.008 0.0130264 1 
10 19 0 0.00214628 0.014 0.0150744 1 
11 19 0 0.00513064 0.008 0.011772 3 
12 19 0 0.00214628 0.021 0.0114442 1 
13 19 0 0.00888864 0.027 0.012632 10 
14 19 0 0.0168142 0.021 0.0170089 13 
15 19 0 0.00163296 0.039 0.0154482 1 
16 19 0 0.0016385 0.001 0.0137056 2 
17 19 0 0.00214628 0.036 0.0111992 1 
18 19 0 0.00433515 0.008 0.017584 3 
19 19 0 1 0.001 0.0397977 2 
20 19 0 0.00356755 0.033 0.013705 2 
21 19 0 0.00214628 0.035 0.00969955 1 
22 19 0 0.00214628 0.004 0.0121476 1 
23 19 0 0.00214628 0.009 0.0131831 1 
24 19 0 0.00214628 0.022 0.017553 1 
25 19 0 0.00214628 0.002 0.0145412 1 
26 19 0 0.0117545 0.013 0.0145075 11 
27 19 0 0.00214628 0.041 0.0137541 1 
28 19 0 0.00276146 0.001 0.0144095 1 
29 19 0 0.00214628 0.044 0.0155182 1 
30 19 0 0.00241153 0.007 0.0144054 2 
31 19 0 0.00286301 0.014 0.0120501 2 
32 19 0 0.00343559 0.016 0.0125329 3 
0 19 1 0 0.022 0.014227 1 
1 19 1 0 0.034 0.0145087 1 
2 19 1 1.71171e-05 0.02 0.0145184 2 
3 19 1 0.00073406 0.014 0.0154421 2 
4 19 1 0 0.018 0.0163065 1 
5 19 1 0 0.02 0.0115758 1 
6 19 1 0 0.023 0.0136831 1 
7 19 1 0 0.025 0.015426 1 
8 19 1 0 0.032 0.0132595 1 
9 19 1 0 0.012 0.0115219 1 
10 19 1 0.0082318 0.039 0.0468895 1 
11 19 1 0 0.046 0.0132093 1 
12 19 1 0 0.047 0.0178258 1 
13 19 1 0 0.007 0.0145808 1 
14 19 1 0 0.022 0.017222 1 
15 19 1 0.00216161 0.02 0.0157937 2 
16 19 1 0.00216161 0.036 0.00918104 2 
17 19 1 0 0.006 0.0137824 1 
18 19 1 0 0.026 0.0136898 1 
19 19 1 0 0.048 0.013737 1 
20 19 1 0 0.007 0.0133125 1 
21 19 1 0 0.039 0.0175777 1 
22 19 1 0.00143774 0.043 0.0131779 4 
23 19 1 0.00234474 0.022 0.0115403 7 
24 19 1 0.00164733 0.04 0.0117309 1 
25 19 1 0 0.01 0.0146654 1 
26 19 1 0.000387548 0.005 0.0126694 2 
27 19 1 0.00488908 0.034 0.0108564 6 
28 19 1 0.00330484 0.028 0.0185219 1 
29 19 1 0.00175566 0.006 0.0167111 1 
30 19 1 0 0.035 0.0150238 1 
31 19 1 0.00574408 0.046 0.0145146 1 
32 19 1 0 0.023 0.0130384 1 
0 19 2 0.0137486 0.017 0.0139465 10 
1 19 2 0.00405634 0.026 0.0139966 4 
2 19 2 0.00123168 0.03 0.0163633 2 
3 19 2 0 0.008 0.0152198 1 
4 19 2 0.000143708 0.013 0.0126156 2 
5 19 2 0.0012158 0.003 0.0127732 2 
6 19 2 0.00289733 0.047 0.0147383 1 
7 19 2 0 0.049 0.0128015 1 
8 19 2 0.000107001 0.022 0.0147501 2 
9 19 2 0 0.026 0.0110869 1 
10 19 2 0.00874172 0.019 0.0535693 1 
11 19 2 0.00205303 0.036 0.0158839 3 
12 19 2 0 0.004 0.0128 1 
13 19 2 0 0.048 0.0121547 1 
14 19 2 0 0.026 0.0169888 1 
15 19 2 0 0.018 0.0155437 1 
16 19 2 0 0.008 0.0159206 1 
17 19 2 0.0132836 0.009 0.0117412 13 
18 19 2 0 0.041 0.0136646 1 
19 19 2 0 0.035 0.0115103 1 
20 19 2 0.00199626 0.028 0.0125726 5 
21 19 2 4.02221e-05 0.008 0.0114915 2 
22 19 2 0.000355695 0.002 0.014025 2 
23 19 2 0 0.028 0.0119025 1 
24 19 2 0.00216064 0.002 0.0158025 1 
25 19 2 1.14519e-05 0.002 0.0131869 2 
26 19 2 0.00180061 0.009 0.0152231 4 
27 19 2 0 0.015 0.011409 1 
28 19 2 0.00113034 0.016 0.0163873 2 
29 19 2 0 0.011 0.0169171 1 
30 19 2 0 0.037 0.0126615 1 
31 19 2 0.00353096 0.041 0.0164833 1 
32 19 2 0.000190048 0.005 0.0167823 2 
0 19 3 0 0.04 0.0158158 1 
1 19 3 0 0.005 0.0140103 1 
2 19 3 0.00289553 0.021 0.0153344 3 
3 19 3 0 0.045 0.0159713 1 
4 19 3 0.000256507 0.017 0.0105606 2 
5 19 3 0.000498121 0.015 0.0158527 3 
6 19 3 0.00341021 0.008 0.0153893 1 
7 19 3 0 0.038 0.0148465 1 
8 19 3 0.00935402 0.043 0.0160715 1 
9 19 3 0 0.009 0.0114047 1 
10 19 3 0 0.028 0.0154936 1 
11 19 3 0 0.023 0.0137244 1 
12 19 3 0 0.021 0.0143139 1 
13 19 3 0.00231316 0.012 0.0125722 8 
14 19 3 0.0333266 0.009 0.0146571 21 
15 19 3 0 0.018 0.0104742 1 
16 19 3 0 0.012 0.0132275 1 
17 19 3 0 0.003 0.0140934 1 
18 19 3 0.00215928 0.029 0.0146563 1 
19 19 3 0 0.014 0.0121455 1 
20 19 3 0 0.025 0.00994893 1 
21 19 3 0 0.046 0.0127862 1 
22 19 3 0 0.004 0.0131377 1 
23 19 3 0 0.044 0.0173161 1 
24 19 3 0 0.047 0.0137214 1 
25 19 3 0.00166365 0.005 0.0174513 2 
26 19 3 0 0.01 0.0126359 1 
27 19 3 0.0168021 0.013 0.0118757 20 
28 19 3 0 0.027 0.0157136 1 
29 19 3 0 0.003 0.0135131 1 
30 19 3 0 0.011 0.0156982 1 
31 19 3 0 0.02 0.0131632 1 
32 19 3 0.000908377 0.019 0.0134764 2 
0 19 4 0.0613841 0.001 0.0147645 66 
1 19 4 0.0022778 0.017 0.012006 9 
2 19 4 8.52809e-06 0.027 0.0131008 2 
3 19 4 0 0.018 0.0135621 1 
4 19 4 0 0.013 0.0158359 1 
5 19 4 0 0.036 0.0110661 1 
6 19 4 0.00125364 0.015 0.0134925 1 
7 19 4 0 0.023 0.0138546 1 
8 19 4 0.0101034 0.013 0.030292 1 
9 19 4 0.00153103 0.046 0.0116738 2 
10 19 4 0 0.032 0.0131625 1 
11 19 4 0 0.021 0.0163395 1 
12 19 4 0 0.036 0.0132638 1 
13 19 4 0.000312425 0.002 0.013912 3 
14 19 4 0.00204417 0.022 0.0153069 4 
15 19 4 0 0.013 0.0122347 1 
16 19 4 0 0.023 0.0111033 1 
17 19 4 0.0352497 0.002 0.012612 54 
18 19 4 0 0.011 0.0149291 1 
19 19 4 0 0.03 0.0154272 2 
20 19 4 0.0158735 0.002 0.0151542 16 
21 19 4 0.00645279 0.002 0.0143357 1 
22 19 4 0 0.037 0.0129171 1 
23 19 4 0.00818729 0.018 0.0122415 5 
24 19 4 0 0.04 0.0167226 1 
25 19 4 0.0073356 0.018 0.0143327 6 
26 19 4 0.00119099 0.013 0.0131341 4 
27 19 4 0 0.023 0.0126754 1 
28 19 4 0 0.031 0.017599 1 
29 19 4 0.00332767 0.014 0.0140423 1 
30 19 4 0 0.039 0.0140828 1 
31 19 4 0 0.025 0.0122329 1 
32 19 4 0 0.014 0.0131873 1 
0 19 5 0 0.031 0.0182497 1 
1 19 5 0.000401949 0.016 0.00895107 3 
2 19 5 0.00284962 0.022 0.0178547 2 
3 19 5 0.000255947 0.011 0.0151091 2 
4 19 5 0 0.049 0.0152712 1 
5 19 5 0 0.008 0.0109452 1 
6 19 5 0.00184457 0.034 0.0200712 2 
7 19 5 0 0.031 0.0136059 1 
8 19 5 0 0.014 0.0147359 1 
9 19 5 0 0.025 0.0179916 1 
10 19 5 0 0.002 0.0126783 1 
11 19 5 0 0.03 0.0155084 1 
12 19 5 0 0.04 0.013211 1 
13 19 5 0.0016766 0.002 0.0143077 5 
14 19 5 0 0.002 0.0125978 1 
15 19 5 0 0.034 0.0140008 1 
16 19 5 0 0.019 0.0135208 1 
17 19 5 0 0.041 0.0162531 1 
18 19 5 0 0.026 0.0157028 1 
19 19 5 0 0.001 0.0147648 2 
20 19 5 0 0.012 0.0146304 1 
21 19 5 0.000218745 0.048 0.0119797 2 
22 19 5 0.00138399 0.027 0.0151036 2 
23 19 5 0 0.009 0.0121698 1 
24 19 5 0 0.029 0.0130726 1 
25 19 5 0 0.013 0.0166133 1 
26 19 5 0 0.014 0.0101078 1 
27 19 5 0 0.048 0.0181321 1 
28 19 5 0 0.011 0.0151427 1 
29 19 5 0 0.024 0.017698 1 
30 19 5 0 0.025 0.0136213 1 
31 19 5 0.00240334 0.028 0.0147351 1 
32 19 5 0.0145668 0.006 0.0141614 19 
0 19 6 0 0.001 0.0107815 1 
1 19 6 0.00905202 0.012 0.0110665 4 
2 19 6 0 0.006 0.0162015 1 
3 19 6 0 0.012 0.0166625 1 
4 19 6 4.49223e-06 0.022 0.0140904 2 
5 19 6 0 0.039 0.0175923 1 
6 19 6 0.00229644 0.003 0.0152087 2 
7 19 6 0 0.039 0.0110193 1 
8 19 6 0.00121438 0.034 0.0168579 3 
9 19 6 0 0.021 0.014816 1 
10 19 6 0 0.046 0.0168199 1 
11 19 6 0.00335389 0.033 0.0144086 1 
12 19 6 0 0.01 0.0162023 1 
13 19 6 0.0236508 0.006 0.0158001 13 
14 19 6 0 0.005 0.0141781 1 
15 19 6 0 0.012 0.0121393 1 
16 19 6 0 0.034 0.0151295 1 
17 19 6 0.000777778 0.004 0.0115751 4 
18 19 6 0 0.01 0.0162337 1 
19 19 6 0.000334691 0.004 0.015602 4 
20 19 6 0 0.016 0.0124098 1 
21 19 6 0.000124744 0.014 0.01275 2 
22 19 6 0 0.022 0.0153812 1 
23 19 6 0 0.026 0.0150078 1 
24 19 6 3.68804e-05 0.011 0.0130212 2 
25 19 6 0.00194862 0.002 0.0128956 10 
26 19 6 0.0003482 0.008 0.017622 3 
27 19 6 0.00080785 0.029 0.0136495 6 
28 19 6 0 0.023 0.0151406 1 
29 19 6 0.00167172 0.031 0.0147121 1 
30 19 6 0.0100261 0.005 0.0147078 5 
31 19 6 0 0.035 0.016052 1 
32 19 6 0.0617794 0.002 0.0118476 70 
0 19 7 2.99566e-05 0.017 0.0106544 2 
1 19 7 0 0.04 0.0140422 1 
2 19 7 0.00116668 0.029 0.0150408 1 
3 19 7 0 0.02 0.0151275 1 
4 19 7 0.00863015 0.018 0.0540889 1 
5 19 7 0 0.003 0.0156406 1 
6 19 7 0 0.024 0.0130259 1 
7 19 7 0 0.039 0.0149352 1 
8 19 7 0 0.01 0.0143314 1 
9 19 7 0 0.023 0.014437 1 
10 19 7 0.00918808 0.041 0.050883 1 
11 19 7 0.00116668 0.025 0.0119437 1 
12 19 7 0.0093783 0.017 0.010593 5 
13 19 7 0.01372 0.018 0.0121445 4 
14 19 7 0 0.002 0.0124263 1 
15 19 7 0 0.038 0.0137321 1 
16 19 7 0 0.018 0.0144476 1 
17 19 7 0.00652328 0.032 0.0123566 7 
18 19 7 0 0.028 0.0131769 1 
19 19 7 0 0.048 0.0140348 1 
20 19 7 0.00890454 0.002 0.0174013 8 
21 19 7 0.00543067 0.035 0.0145175 2 
22 19 7 0 0.008 0.0137924 1 
23 19 7 0.00349574 0.009 0.0168342 4 
24 19 7 0 0.024 0.0130682 1 
25 19 7 0 0.021 0.0164714 1 
26 19 7 0 0.001 0.0161246 1 
27 19 7 0.0153338 0.005 0.0135686 25 
28 19 7 0 0.006 0.0158532 1 
29 19 7 0 0.038 0.0143522 1 
30 19 7 0.022168 0.012 0.0127905 15 
31 19 7 0 0.023 0.0187388 1 
32 19 7 0.00269842 0.03 0.0138192 3 
0 19 8 0.00369155 0.036 0.0133297 2 
1 19 8 0 0.011 0.0143841 1 
2 19 8 0.00168274 0.024 0.0138636 2 
3 19 8 0.0021603 0.006 0.0155703 3 
4 19 8 0 0.005 0.0169011 1 
5 19 8 0 0.033 0.0183555 1 
6 19 8 0.00338068 0.032 0.0171496 1 
7 19 8 0.000163569 0.048 0.0159299 3 
8 19 8 0 0.037 0.0154709 1 
9 19 8 0.000172645 0.01 0.0114795 4 
10 19 8 0.00970222 0.003 0.0509447 1 
11 19 8 0 0.009 0.0111146 1 
12 19 8 0.0161712 0.003 0.0117937 19 
13 19 8 0 0.015 0.0144833 1 
14 19 8 0.00944938 0.005 0.0172805 10 
15 19 8 2.28673e-05 0.048 0.0116179 2 
16 19 8 0 0.041 0.0174121 1 
17 19 8 0 0.017 0.0113887 1 
18 19 8 0.000846471 0.044 0.0103064 3 
19 19 8 0.00831607 0.026 0.0155552 6 
20 19 8 0 0.036 0.0134064 1 
21 19 8 0.000185228 0.031 0.0148221 2 
22 19 8 0 0.049 0.0116336 1 
23 19 8 0.00395274 0.036 0.0145639 2 
24 19 8 0 0.022 0.0160593 1 
25 19 8 0.000551928 0.008 0.0142215 2 
26 19 8 0 0.013 0.0131152 1 
27 19 8 0.006037 0.008 0.0117233 6 
28 19 8 0 0.034 0.0153902 1 
29 19 8 0 0.035 0.013627 1 
30 19 8 0 0.047 0.0131877 1 
31 19 8 0 0.008 0.0122374 1 
32 19 8 0.00917433 0.032 0.0102502 4 
0 19 9 0 0.011 0.013108 1 
1 19 9 0 0.014 0.0139662 1 
2 19 9 0 0.021 0.0119003 1 
3 19 9 0.00240973 0.015 0.0119565 4 
4 19 9 0 0.004 0.0142261 1 
5 19 9 0 0.027 0.0126176 1 
6 19 9 0 0.001 0.0152109 1 
7 19 9 0 0.011 0.0135088 1 
8 19 9 0 0.009 0.0141334 1 
9 19 9 0 0.033 0.013174 1 
10 19 9 0 0.006 0.0154669 1 
11 19 9 0.00222099 0.013 0.0145027 1 
12 19 9 0.0018584 0.027 0.0168552 2 
13 19 9 0.0137835 0.008 0.0133836 12 
14 19 9 7.34713e-05 0.015 0.0130819 2 
15 19 9 0 0.035 0.0159695 1 
16 19 9 0 0.019 0.0165901 1 
17 19 9 0 0.017 0.00975183 1 
18 19 9 0 0.009 0.0124398 1 
19 19 9 0 0.041 0.0144773 1 
20 19 9 0 0.008 0.0156024 1 
21 19 9 0.00375038 0.047 0.013282 2 
22 19 9 0 0.012 0.0100322 1 
23 19 9 0 0.002 0.0157092 1 
24 19 9 1.06751e-05 0.008 0.0117787 2 
25 19 9 0 0.044 0.0150248 1 
26 19 9 0.00104272 0.004 0.0121002 5 
27 19 9 0.0122973 0.017 0.0139277 10 
28 19 9 0 0.011 0.0143322 1 
29 19 9 0 0.001 0.018779 1 
30 19 9 0 0.046 0.0166572 1 
31 19 9 0.00184244 0.037 0.0171174 1 
32 19 9 0.00060672 0.041 0.0149922 2 
0 19 10 0 0.031 0.0120306 1 
1 19 10 0.00320026 0.016 0.0128414 2 
2 19 10 0 0.004 0.0139238 1 
3 19 10 0.0366768 0.001 0.0121025 50 
4 19 10 0 0.043 0.0160861 1 
5 19 10 0.0106481 0.034 0.0627902 1 
6 19 10 0.00169855 0.043 0.0155287 1 
7 19 10 0.00141407 0.041 0.0113763 3 
8 19 10 0 0.016 0.0145664 1 
9 19 10 0 0.041 0.0132293 1 
10 19 10 0.0173116 0.017 0.015378 5 
11 19 10 0 0.029 0.0106878 1 
12 19 10 0 0.048 0.0152754 1 
13 19 10 0 0.047 0.0127001 1 
14 19 10 0 0.007 0.0156088 1 
15 19 10 0 0.032 0.00945777 1 
16 19 10 0 0.001 0.0149354 1 
17 19 10 0.0431776 0.006 0.0145344 34 
18 19 10 1.78929e-06 0.025 0.0178488 2 
19 19 10 0.0140651 0.002 0.0182244 22 
20 19 10 0 0.011 0.0192003 1 
21 19 10 0.00145301 0.041 0.0148061 2 
22 19 10 0.00311884 0.009 0.0120869 8 
23 19 10 0 0.004 0.0132211 1 
24 19 10 1.78929e-06 0.012 0.0150967 2 
25 19 10 0.0111966 0.006 0.0125982 19 
26 19 10 0 0.012 0.0146176 1 
27 19 10 0 0.04 0.0139682 1 
28 19 10 1.78929e-06 0.006 0.0151165 2 
29 19 10 0 0.033 0.0155515 2 
30 19 10 0 0.013 0.014034 1 
31 19 10 0 0.018 0.010194 1 
32 19 10 0 0.015 0.0167462 1 
0 19 11 0.00729759 0.032 0.0142527 3 
1 19 11 0 0.009 0.0138244 1 
2 19 11 0 0.001 0.0172889 2 
3 19 11 0 0.042 0.0168556 1 
4 19 11 0.00312157 0.021 0.0088818 3 
5 19 11 0 0.013 0.016649 1 
6 19 11 0.00223607 0.036 0.0150539 1 
7 19 11 0 0.018 0.0138329 1 
8 19 11 0.0117274 0.02 0.0285053 1 
9 19 11 0 0.049 0.0138581 1 
10 19 11 0.0118094 0.042 0.051331 1 
11 19 11 0 0.021 0.0121928 1 
12 19 11 0 0.018 0.0130469 1 
13 19 11 0 0.023 0.0149513 3 
14 19 11 0 0.006 0.0118358 1 
15 19 11 0 0.01 0.0131617 1 
16 19 11 0 0.036 0.0136612 1 
17 19 11 0.0181025 0.028 0.0129916 7 
18 19 11 0 0.024 0.0171282 2 
19 19 11 1.19217e-05 0.009 0.0115259 2 
20 19 11 6.92752e-05 0.029 0.0119543 2 
21 19 11 0 0.023 0.01317 1 
22 19 11 0 0.049 0.0132226 1 
23 19 11 0 0.045 0.0162202 1 
24 19 11 0 0.017 0.0148515 1 
25 19 11 0 0.017 0.0162559 1 
26 19 11 0 0.037 0.0122351 1 
27 19 11 0.00330309 0.011 0.0103605 5 
28 19 11 0 0.03 0.0143661 1 
29 19 11 0.00154411 0.048 0.0147866 4 
30 19 11 0.00164054 0.016 0.0101051 2 
31 19 11 0.000512613 0.009 0.0106835 2 
32 19 11 0 0.039 0.0166841 1 
0 19 12 0 0.006 0.0145853 1 
1 19 12 0.0188449 0.009 0.0125422 7 
2 19 12 0 0.044 0.0182725 1 
3 19 12 0.0222549 0.009 0.0138727 21 
4 19 12 0 0.021 0.01586 1 
5 19 12 0.00924737 0.036 0.0582485 1 
6 19 12 0 0.018 0.0124943 1 
7 19 12 0.00218365 0.009 0.0164665 2 
8 19 12 0.0124846 0.018 0.0174937 1 
9 19 12 0 0.004 0.013598 1 
10 19 12 0 0.043 0.0107529 1 
11 19 12 0.000742402 0.033 0.0155593 3 
12 19 12 0 0.004 0.0137608 1 
13 19 12 0 0.031 0.0152679 1 
14 19 12 0 0.041 0.0129888 1 
15 19 12 0 0.035 0.0142684 1 
16 19 12 0 0.041 0.0144757 1 
17 19 12 0.0305101 0.01 0.0113117 19 
18 19 12 0 0.019 0.0139773 1 
19 19 12 0.00879139 0.011 0.0148009 11 
20 19 12 0.00162731 0.029 0.0140459 4 
21 19 12 0.00258456 0.002 0.0169648 1 
22 19 12 0 0.016 0.016332 1 
23 19 12 0.00595011 0.025 0.013756 4 
24 19 12 0 0.008 0.0186948 1 
25 19 12 0 0.012 0.0143192 1 
26 19 12 0 0.019 0.0162753 1 
27 19 12 0 0.01 0.0165266 1 
28 19 12 0 0.009 0.0109532 1 
29 19 12 0 0.024 0.0134569 1 
30 19 12 0 0.032 0.0113529 1 
31 19 12 0.00346879 0.043 0.0152054 1 
32 19 12 0.00307578 0.007 0.0124774 4 
0 19 13 0 0.042 0.0120103 1 
1 19 13 0.0100593 0.017 0.00871297 4 
2 19 13 0 0.032 0.0164519 1 
3 19 13 0 0.045 0.0107893 1 
4 19 13 0 0.008 0.0125329 1 
5 19 13 0.00976595 0.046 0.0630426 1 
6 19 13 0 0.04 0.0171958 1 
7 19 13 0.00770582 0.005 0.0113835 8 
8 19 13 0 0.025 0.0166045 1 
9 19 13 0 0.01 0.0119222 1 
10 19 13 0 0.014 0.01105 1 
11 19 13 0 0.003 0.00971378 1 
12 19 13 0.0054601 0.004 0.0162098 7 
13 19 13 0 0.04 0.0124214 1 
14 19 13 0.00789499 0.026 0.0131754 8 
15 19 13 0 0.001 0.014364 1 
16 19 13 0 0.012 0.0146225 1 
17 19 13 0.000990658 0.004 0.0143743 3 
18 19 13 0 0.028 0.0153577 1 
19 19 13 0 0.023 0.0130614 1 
20 19 13 0.00102641 0.007 0.0149188 4 
21 19 13 0 0.005 0.0129085 1 
22 19 13 0 0.021 0.0137395 1 
23 19 13 0.00305565 0.001 0.0134386 3 
24 19 13 1.07653e-05 0.031 0.0163464 2 
25 19 13 0.00748433 0.045 0.0172383 5 
26 19 13 0.00416476 0.011 0.0152458 7 
27 19 13 0 0.002 0.0133581 1 
28 19 13 0 0.007 0.0131183 1 
29 19 13 0 0.022 0.0167719 1 
30 19 13 0 0.013 0.0144866 1 
31 19 13 0.000412812 0.024 0.0137125 2 
32 19 13 0.0108924 0.007 0.0134638 9 
0 19 14 0 0.025 0.0153112 1 
1 19 14 0.00520047 0.024 0.0135034 3 
2 19 14 0 0.034 0.0138993 1 
3 19 14 0 0.034 0.0148312 1 
4 19 14 0.0130887 0.034 0.0341103 1 
5 19 14 0.000842825 0.026 0.0101824 3 
6 19 14 0 0.022 0.0163423 2 
7 19 14 0.0019519 0.031 0.0126532 2 
8 19 14 0.0135184 0.003 0.035346 1 
9 19 14 0 0.032 0.0131411 1 
10 19 14 0.00676721 0.007 0.0128391 2 
11 19 14 0.000437618 0.036 0.0145725 3 
12 19 14 0 0.013 0.0118861 1 
13 19 14 0 0.01 0.0122146 1 
14 19 14 0 0.008 0.0160307 1 
15 19 14 0 0.009 0.0143239 1 
16 19 14 5.77981e-06 0.018 0.0129803 2 
17 19 14 0.0169312 0.01 0.015778 16 
18 19 14 0 0.019 0.0193373 1 
19 19 14 0.00653873 0.026 0.0128673 4 
20 19 14 0 0.038 0.0128405 1 
21 19 14 0.00362868 0.027 0.0128429 2 
22 19 14 0 0.012 0.0150731 3 
23 19 14 0 0.048 0.0161392 1 
24 19 14 1.68437e-06 0.003 0.0160284 2 
25 19 14 0 0.042 0.0115166 1 
26 19 14 0 0.029 0.0129774 1 
27 19 14 0 0.007 0.0163115 1 
28 19 14 0 0.004 0.0153492 1 
29 19 14 0 0.047 0.0150833 1 
30 19 14 0 0.042 0.0167189 1 
31 19 14 0 0.042 0.0131971 1 
32 19 14 0 0.027 0.0138272 1 
0 19 15 0 0.03 0.0146812 1 
1 19 15 1.21167e-05 0.007 0.0164002 2 
2 19 15 0 0.013 0.0126006 1 
3 19 15 0 0.038 0.0126907 1 
4 19 15 0.00583943 0.045 0.0127629 3 
5 19 15 0.00171043 0.01 0.0121867 3 
6 19 15 3.10259e-05 0.018 0.014232 2 
7 19 15 0 0.028 0.0155778 1 
8 19 15 0.0140354 0.031 0.0350672 1 
9 19 15 0 0.013 0.0155629 1 
10 19 15 0.00577382 0.031 0.0162598 2 
11 19 15 0 0.01 0.0213023 1 
12 19 15 0 0.001 0.0124299 1 
13 19 15 0.0007801 0.048 0.0151251 2 
14 19 15 0 0.003 0.0159661 1 
15 19 15 5.77746e-06 0.045 0.0152389 2 
16 19 15 0 0.017 0.0123007 1 
17 19 15 0 0.002 0.0118647 1 
18 19 15 1.08271e-05 0.039 0.0154186 2 
19 19 15 0 0.017 0.0125931 1 
20 19 15 0 0.008 0.012173 1 
21 19 15 0 0.027 0.0117276 1 
22 19 15 5.77746e-06 0.011 0.0163799 2 
23 19 15 0 0.03 0.017679 1 
24 19 15 1.08271e-05 0.039 0.0151418 2 
25 19 15 0 0.049 0.0150702 1 
26 19 15 0 0.02 0.0124991 1 
27 19 15 0 0.047 0.0132281 1 
28 19 15 1.08271e-05 0.036 0.0147713 2 
29 19 15 0 0.025 0.0132402 1 
30 19 15 0 0.019 0.0110825 1 
31 19 15 0.00224883 0.004 0.0161689 1 
32 19 15 0 0.007 0.0150913 1 
0 19 16 0.0149922 0.009 0.0133537 15 
1 19 16 0.00259634 0.025 0.0143503 3 
2 19 16 0 0.026 0.0179442 2 
3 19 16 0 0.043 0.0128832 1 
4 19 16 0.0141231 0.027 0.0409759 1 
5 19 16 0.0113218 0.032 0.0597823 1 
6 19 16 0 0.022 0.0114305 2 
7 19 16 0.00275486 0.041 0.014044 2 
8 19 16 0 0.023 0.0155987 1 
9 19 16 0.0117372 0.002 0.0151511 10 
10 19 16 0 0.048 0.0137184 1 
11 19 16 0 0.034 0.011402 1 
12 19 16 0.0073439 0.044 0.014198 3 
13 19 16 0.000793382 0.017 0.0132867 3 
14 19 16 0 0.014 0.0115678 1 
15 19 16 0 0.023 0.0114121 1 
16 19 16 0 0.023 0.0170616 1 
17 19 16 0 0.004 0.0141648 1 
18 19 16 1.7338e-06 0.013 0.0187891 2 
19 19 16 0.00963063 0.01 0.0129924 6 
20 19 16 0.000811051 0.036 0.0137001 2 
21 19 16 0 0.034 0.0139768 1 
22 19 16 0.000947238 0.001 0.0151764 3 
23 19 16 0.00220512 0.004 0.017429 3 
24 19 16 1.7338e-06 0.011 0.0140639 2 
25 19 16 0.00330248 0.01 0.0177815 8 
26 19 16 0 0.02 0.0172936 1 
27 19 16 0 0.019 0.0119315 1 
28 19 16 0 0.033 0.0099338 1 
29 19 16 0 0.003 0.014986 2 
30 19 16 0 0.047 0.012698 1 
31 19 16 0 0.042 0.0125481 1 
32 19 16 0 0.014 0.0160163 1 
0 19 17 0.00791321 0.02 0.0123507 6 
1 19 17 0 0.017 0.0135375 1 
2 19 17 0 0.016 0.0131758 1 
3 19 17 0 0.001 0.00964559 1 
4 19 17 0.00389473 0.024 0.0085884 4 
5 19 17 0 0.032 0.0166333 1 
6 19 17 0 0.018 0.0158104 1 
7 19 17 0.000416766 0.004 0.0132539 3 
8 19 17 0 0.017 0.0142171 1 
9 19 17 0 0.01 0.0139642 1 
10 19 17 0 0.013 0.0175185 1 
11 19 17 0 0.037 0.0131443 1 
12 19 17 0.00285545 0.016 0.0134832 2 
13 19 17 1.57518e-06 0.009 0.0140874 2 
14 19 17 0 0.034 0.0193113 1 
15 19 17 0 0.018 0.0143998 1 
16 19 17 0 0.017 0.0145618 1 
17 19 17 0.0014374 0.02 0.0107565 2 
18 19 17 0 0.013 0.014269 2 
19 19 17 0.00334541 0.013 0.0149979 4 
20 19 17 0 0.033 0.0185635 1 
21 19 17 0.00565505 0.044 0.0142928 3 
22 19 17 0.00637431 0.021 0.0136096 6 
23 19 17 0 0.013 0.0110346 1 
24 19 17 0 0.033 0.0158269 1 
25 19 17 0.000836672 0.014 0.0150983 2 
26 19 17 0.00132179 0.006 0.0161819 3 
27 19 17 0 0.007 0.0166382 1 
28 19 17 0 0.015 0.0130684 2 
29 19 17 0 0.018 0.015431 1 
30 19 17 0.00810185 0.008 0.010686 8 
31 19 17 0 0.021 0.0136567 1 
32 19 17 0 0.006 0.0162806 1 
0 19 18 0 0.021 0.0123132 1 
1 19 18 0.000377877 0.005 0.0110432 2 
2 19 18 0 0.027 0.0162048 1 
3 19 18 0 0.018 0.0139388 1 
4 19 18 0 0.038 0.0194519 1 
5 19 18 0.0126507 0.036 0.0484364 1 
6 19 18 0 0.026 0.0123188 1 
7 19 18 0 0.001 0.0118173 1 
8 19 18 0.00152874 0.035 0.0157946 4 
9 19 18 0 0.007 0.0166023 1 
10 19 18 0.00996327 0.036 0.0469524 1 
11 19 18 1.65895e-06 0.047 0.0105062 2 
12 19 18 0 0.007 0.012939 1 
13 19 18 0 0.047 0.0174299 1 
14 19 18 0 0.045 0.0140663 1 
15 19 18 0 0.025 0.0146287 1 
16 19 18 0 0.026 0.0110992 1 
17 19 18 0 0.026 0.0111841 1 
18 19 18 0 0.006 0.0149924 1 
19 19 18 0 0.001 0.0142973 1 
20 19 18 0.00108442 0.019 0.0137638 2 
21 19 18 0.000351941 0.011 0.00978677 2 
22 19 18 0.00324404 0.022 0.0157299 4 
23 19 18 0.00230303 0.018 0.0151101 2 
24 19 18 0 0.033 0.0127621 1 
25 19 18 0 0.02 0.0126748 1 
26 19 18 0 0.037 0.0146108 1 
27 19 18 0.00943731 0.016 0.0130086 5 
28 19 18 0 0.035 0.013525 1 
29 19 18 0 0.049 0.0130987 1 
30 19 18 0 0.006 0.0141406 1 
31 19 18 0 0.012 0.0147762 1 
32 19 18 0.0152281 0.004 0.0136631 12 
0 19 19 0 0.041 0.0113201 1 
1 19 19 0.000471075 0.019 0.0111115 3 
2 19 19 0 0.024 0.0155718 1 
3 19 19 0 0.032 0.0149122 1 
4 19 19 0 0.049 0.0160464 1 
5 19 19 0 0.022 0.0127923 1 
6 19 19 0 0.003 0.0165515 1 
7 19 19 0.00409339 0.008 0.0179409 7 
8 19 19 0.0166554 0.033 0.0208677 3 
9 19 19 0 0.014 0.0162485 1 
10 19 19 0 0.047 0.01869 1 
11 19 19 0 0.025 0.00856538 1 
12 19 19 0 0.01 0.0131656 1 
13 19 19 0 0.022 0.0153114 1 
14 19 19 0.00203857 0.011 0.0174376 3 
15 19 19 0 0.001 0.0152315 1 
16 19 19 0 0.022 0.0134597 1 
17 19 19 0 0.036 0.0139492 1 
18 19 19 0 0.038 0.0161255 1 
19 19 19 0.0145087 0.014 0.0152299 8 
20 19 19 0 0.023 0.01013 1 
21 19 19 0.00348998 0.019 0.0170959 2 
22 19 19 0 0.039 0.0138454 1 
23 19 19 0.00699397 0.001 0.013137 11 
24 19 19 0 0.018 0.0145166 1 
25 19 19 0 0.028 0.0122898 1 
26 19 19 5.87794e-06 0.047 0.0105869 2 
27 19 19 0 0.037 0.00966094 1 
28 19 19 7.65515e-07 0.049 0.0135977 2 
29 19 19 0 0.022 0.0137838 2 
30 19 19 0 0.014 0.013302 1 
31 19 19 0.000638877 0.018 0.0124233 2 
32 19 19 0 0.033 0.014644 1 
0 19 20 0 0.018 0.0174139 1 
1 19 20 0 0.033 0.0164498 1 
2 19 20 0.000649182 0.015 0.0136431 3 
3 19 20 0 0.042 0.0164415 1 
4 19 20 0.0170592 0.014 0.01678 3 
5 19 20 0.00145511 0.027 0.0121285 2 
6 19 20 0 0.006 0.0185336 1 
7 19 20 0.00472603 0.004 0.0121459 3 
8 19 20 0.0143599 0.026 0.0275568 1 
9 19 20 0 0.045 0.0111995 1 
10 19 20 0.0115277 0.031 0.0461834 1 
11 19 20 1.71223e-06 0.033 0.0118573 2 
12 19 20 0.00255243 0.006 0.0149481 2 
13 19 20 0.0125008 0.013 0.0147411 10 
14 19 20 0 0.035 0.012075 1 
15 19 20 0 0.035 0.0122621 2 
16 19 20 0 0.003 0.0143275 2 
17 19 20 0 0.037 0.0144118 1 
18 19 20 0 0.014 0.01389 1 
19 19 20 0 0.011 0.0114194 1 
20 19 20 0.004484 0.016 0.0140162 2 
21 19 20 0.00127483 0.004 0.0156969 2 
22 19 20 0.0518882 0.002 0.0142651 56 
23 19 20 0 0.022 0.0137186 1 
24 19 20 0 0.006 0.0142923 1 
25 19 20 0.0196767 0.007 0.0147289 17 
26 19 20 9.41653e-05 0.009 0.0148982 2 
27 19 20 0 0.037 0.0149286 1 
28 19 20 0 0.022 0.0146493 1 
29 19 20 2.67748e-06 0.041 0.0192395 2 
30 19 20 0.000720218 0.006 0.0141618 3 
31 19 20 0 0.036 0.0125916 1 
32 19 20 0 0.019 0.0153319 1 
0 19 21 0 0.047 0.0136724 1 
1 19 21 0.0120166 0.021 0.0129212 17 
2 19 21 0 0.03 0.0158014 1 
3 19 21 0.00209315 0.017 0.0140824 2 
4 19 21 0.0117556 0.049 0.0564527 1 
5 19 21 0 0.008 0.0112951 1 
6 19 21 0 0.026 0.0160974 1 
7 19 21 0 0.002 0.0139099 1 
8 19 21 0 0.039 0.0148922 1 
9 19 21 0 0.042 0.0171639 1 
10 19 21 0.0123177 0.047 0.0463951 1 
11 19 21 0 0.048 0.0123673 1 
12 19 21 0 0.031 0.0125865 1 
13 19 21 0 0.011 0.0141335 1 
14 19 21 0 0.017 0.0137272 1 
15 19 21 0 0.049 0.0112411 1 
16 19 21 0 0.006 0.0123549 1 
17 19 21 0 0.009 0.0157722 1 
18 19 21 0 0.005 0.0145494 1 
19 19 21 0.0105372 0.02 0.0116551 5 
20 19 21 0 0.04 0.0124035 1 
21 19 21 0 0.024 0.0143079 1 
22 19 21 0 0.043 0.0157522 1 
23 19 21 0.00478468 0.009 0.0108717 4 
24 19 21 0 0.008 0.0158813 1 
25 19 21 0.00357719 0.033 0.0140425 6 
26 19 21 0 0.022 0.013711 1 
27 19 21 0 0.025 0.0137727 1 
28 19 21 0 0.026 0.0142608 1 
29 19 21 0.00163646 0.005 0.0144483 4 
30 19 21 0 0.001 0.0144872 1 
31 19 21 0 0.014 0.0159682 1 
32 19 21 0 0.021 0.0167846 1 
0 19 22 0 0.015 0.0122572 1 
1 19 22 0.00571258 0.029 0.0123073 2 
2 19 22 1.74652e-05 0.027 0.0153728 2 
3 19 22 0 0.037 0.0135361 1 
4 19 22 0.00822678 0.006 0.012714 5 
5 19 22 0.0168198 0.04 0.0309973 5 
6 19 22 0 0.022 0.0183975 1 
7 19 22 0.00789867 0.036 0.0133685 6 
8 19 22 0 0.033 0.208316 3 
9 19 22 0.0123421 0.021 0.012483 7 
10 19 22 0.0128414 0.002 0.0369845 1 
11 19 22 0.000667955 0.048 0.0141326 3 
12 19 22 0 0.013 0.0119374 1 
13 19 22 0.00107645 0.031 0.0147454 2 
14 19 22 0 0.021 0.0147306 1 
15 19 22 0 0.016 0.00941407 1 
16 19 22 0 0.047 0.0146064 1 
17 19 22 0.00551357 0.024 0.0129601 5 
18 19 22 0 0.007 0.0118756 1 
19 19 22 0.0132667 0.048 0.0104887 3 
20 19 22 0 0.02 0.0141407 1 
21 19 22 0.000938903 0.024 0.0145713 4 
22 19 22 0 0.035 0.0105588 1 
23 19 22 0.00154053 0.002 0.0140104 3 
24 19 22 0 0.014 0.0194451 1 
25 19 22 0.00880215 0.002 0.0135769 10 
26 19 22 0 0.01 0.0144874 1 
27 19 22 0 0.028 0.013185 1 
28 19 22 0 0.028 0.0170247 1 
29 19 22 0.00146908 0.012 0.0155073 4 
30 19 22 0.0189729 0.005 0.0128548 15 
31 19 22 0 0.021 0.0186659 1 
32 19 22 0.0018416 0.014 0.0129311 2 
0 19 23 0.00112349 0.005 0.0155734 6 
1 19 23 0 0.021 0.0127397 1 
2 19 23 0 0.039 0.0128071 1 
3 19 23 0 0.022 0.0122468 1 
4 19 23 0 0.038 0.0145605 1 
5 19 23 0 0.046 0.0127176 1 
6 19 23 0 0.011 0.0172575 1 
7 19 23 0.00810961 0.026 0.00983982 4 
8 19 23 0.0161656 0.03 0.0306577 1 
9 19 23 0.0311095 0.001 0.0140174 30 
10 19 23 0.0103025 0.003 0.055907 1 
11 19 23 0.000461764 0.009 0.012365 3 
12 19 23 0 0.033 0.0113843 1 
13 19 23 0 0.014 0.0135814 1 
14 19 23 0 0.028 0.0150649 1 
15 19 23 0 0.037 0.014935 1 
16 19 23 0 0.027 0.0142412 1 
17 19 23 0.0276913 0.013 0.017603 20 
18 19 23 0 0.02 0.0148263 1 
19 19 23 0.000867031 0.016 0.0137142 2 
20 19 23 0 0.002 0.0120107 1 
21 19 23 0 0.031 0.014614 1 
22 19 23 0 0.045 0.00776357 1 
23 19 23 0 0.008 0.0159619 1 
24 19 23 0 0.019 0.0129703 1 
25 19 23 0.0019937 0.005 0.0127234 4 
26 19 23 0 0.009 0.00893535 1 
27 19 23 0 0.024 0.0126304 1 
28 19 23 0 0.015 0.0192248 1 
29 19 23 0.00114369 0.037 0.012185 2 
30 19 23 0.00705459 0.014 0.0134086 9 
31 19 23 0 0.009 0.0149787 1 
32 19 23 0 0.03 0.0149998 1 
0 19 24 0.0474949 0.002 0.0171257 55 
1 19 24 0 0.015 0.0150014 1 
2 19 24 0 0.038 0.0154215 1 
3 19 24 0.00320429 0.001 0.0153615 5 
4 19 24 0.0102661 0.032 0.0415136 1 
5 19 24 0 0.02 0.0168798 1 
6 19 24 0 0.005 0.016343 1 
7 19 24 0 0.016 0.0117984 1 
8 19 24 0 0.005 0.0121846 1 
9 19 24 0 0.007 0.0149713 1 
10 19 24 0 0.006 0.0108973 1 
11 19 24 0 0.008 0.0114576 1 
12 19 24 0.00984375 0.005 0.0158729 14 
13 19 24 0 0.036 0.0154003 1 
14 19 24 0 0.046 0.0150883 1 
15 19 24 0 0.003 0.0151376 1 
16 19 24 0 0.004 0.0132465 1 
17 19 24 0.000517258 0.009 0.0132788 2 
18 19 24 0 0.005 0.0101333 1 
19 19 24 0 0.009 0.0154507 1 
20 19 24 0.00264497 0.001 0.0141375 2 
21 19 24 0.00210386 0.008 0.015021 2 
22 19 24 0 0.006 0.0160615 1 
23 19 24 0.000272132 0.024 0.0137084 2 
24 19 24 0 0.043 0.0162056 1 
25 19 24 0 0.024 0.013611 1 
26 19 24 0.001318 0.019 0.0122929 2 
27 19 24 0 0.024 0.0127396 1 
28 19 24 0 0.026 0.0114363 1 
29 19 24 0 0.049 0.0118248 1 
30 19 24 0 0.007 0.015985 1 
31 19 24 0 0.045 0.0160193 1 
32 19 24 0 0.045 0.015675 1 
0 19 25 0 0.048 0.0168905 1 
1 19 25 0.00469465 0.002 0.0148279 9 
2 19 25 0 0.042 0.0138913 1 
3 19 25 0 0.007 0.0172762 1 
4 19 25 0 0.011 0.0160392 1 
5 19 25 0.00268772 0.035 0.0127104 2 
6 19 25 0 0.044 0.0175737 1 
7 19 25 0.00199107 0.017 0.0128141 2 
8 19 25 0.000208647 0.012 0.0139564 2 
9 19 25 0 0.012 0.0160104 1 
10 19 25 0 0.023 0.0144487 1 
11 19 25 0 0.029 0.0145581 2 
12 19 25 0.00111106 0.011 0.0180583 3 
13 19 25 0 0.008 0.00800201 1 
14 19 25 0.0108967 0.008 0.0141144 16 
15 19 25 0 0.041 0.0185006 1 
16 19 25 0 0.045 0.0152616 1 
17 19 25 0.0118775 0.003 0.0152808 14 
18 19 25 0 0.034 0.0168248 1 
19 19 25 0 0.002 0.0121953 1 
20 19 25 0.001714 0.018 0.01464 3 
21 19 25 0.00175021 0.006 0.0144929 2 
22 19 25 0 0.049 0.0170341 1 
23 19 25 0 0.038 0.012241 1 
24 19 25 0 0.004 0.0152836 1 
25 19 25 0 0.019 0.0129797 1 
26 19 25 0.0506498 0.002 0.017007 44 
27 19 25 0.01243 0.003 0.0130886 9 
28 19 25 7.07264e-07 0.029 0.0147663 2 
29 19 25 0 0.02 0.0111406 2 
30 19 25 0.0340255 0.01 0.00924124 23 
31 19 25 0 0.006 0.015416 1 
32 19 25 0 0.037 0.0138028 1 
0 19 26 0 0.025 0.0144938 1 
1 19 26 0.0010555 0.032 0.0170302 3 
2 19 26 0 0.011 0.0169368 1 
3 19 26 0 0.045 0.0134226 1 
4 19 26 0 0.003 0.0161155 1 
5 19 26 0.00238079 0.028 0.0130435 6 
6 19 26 0 0.016 0.0125977 1 
7 19 26 0.00861799 0.036 0.0162997 8 
8 19 26 0.000431176 0.037 0.0130403 3 
9 19 26 0 0.008 0.0125068 1 
10 19 26 0.0121317 0.041 0.0529864 1 
11 19 26 0 0.031 0.0156448 1 
12 19 26 0.00153303 0.035 0.0130486 2 
13 19 26 0 0.003 0.012696 1 
14 19 26 0 0.009 0.0136221 1 
15 19 26 0 0.045 0.0133215 1 
16 19 26 0 0.046 0.011822 1 
17 19 26 0 0.013 0.0165571 1 
18 19 26 0 0.03 0.0182203 1 
19 19 26 0 0.006 0.0145991 1 
20 19 26 0 0.013 0.0142558 1 
21 19 26 0 0.025 0.0177646 1 
22 19 26 0.00341039 0.036 0.0130272 3 
23 19 26 0.00307962 0.019 0.0135493 7 
24 19 26 6.65216e-07 0.046 0.0168352 2 
25 19 26 0.0026227 0.027 0.0195721 2 
26 19 26 0 0.012 0.0137894 1 
27 19 26 0 0.026 0.013957 1 
28 19 26 0 0.03 0.013258 1 
29 19 26 0.00222285 0.02 0.0138286 5 
30 19 26 0 0.039 0.0139852 1 
31 19 26 0 0.024 0.015382 1 
32 19 26 0.00622253 0.035 0.0115226 2 
0 19 27 0 0.031 0.0171149 1 
1 19 27 0.00638036 0.001 0.0148243 10 
2 19 27 0 0.033 0.0156702 1 
3 19 27 0 0.033 0.0180029 1 
4 19 27 0 0.031 0.0156856 1 
5 19 27 0.0013136 0.002 0.0114434 3 
6 19 27 0 0.031 0.0113718 1 
7 19 27 0.00226093 0.018 0.0110162 2 
8 19 27 0.00200478 0.026 0.0236496 2 
9 19 27 0.0121692 0.017 0.0162507 7 
10 19 27 0 0.008 0.0128102 1 
11 19 27 0 0.042 0.0102465 1 
12 19 27 0 0.001 0.0166527 1 
13 19 27 0.00695714 0.013 0.013795 7 
14 19 27 0 0.012 0.0123496 1 
15 19 27 0 0.029 0.0146611 2 
16 19 27 0 0.003 0.0157045 1 
17 19 27 0 0.029 0.0124736 1 
18 19 27 0 0.025 0.0116919 1 
19 19 27 0 0.009 0.0118581 1 
20 19 27 0 0.045 0.0161066 1 
21 19 27 0 0.006 0.0129708 1 
22 19 27 0 0.03 0.0129806 1 
23 19 27 0 0.004 0.0154897 1 
24 19 27 0 0.03 0.0164055 1 
25 19 27 0.000406114 0.017 0.0111455 2 
26 19 27 0 0.021 0.0163884 1 
27 19 27 0.00757807 0.045 0.0156213 4 
28 19 27 0 0.005 0.0166558 1 
29 19 27 0.00189407 0.046 0.0142433 5 
30 19 27 0.0118402 0.015 0.0144003 9 
31 19 27 0 0.02 0.0146443 1 
32 19 27 0 0.038 0.0144806 1 
0 19 28 0.00312947 0.007 0.0126394 4 
1 19 28 0 0.03 0.0142014 1 
2 19 28 0 0.036 0.012016 1 
3 19 28 0.00662899 0.005 0.014235 11 
4 19 28 0.00126697 0.024 0.0121248 2 
5 19 28 0 0.019 0.0148784 1 
6 19 28 0 0.018 0.0164607 1 
7 19 28 0 0.024 0.0139528 1 
8 19 28 0 0.016 0.0133617 1 
9 19 28 0 0.039 0.0147659 1 
10 19 28 0 0.027 0.0116964 1 
11 19 28 0 0.027 0.0142992 1 
12 19 28 0 0.008 0.0131178 1 
13 19 28 0.000841589 0.036 0.0125638 2 
14 19 28 0 0.005 0.0151503 1 
15 19 28 0 0.02 0.0115752 1 
16 19 28 6.22483e-06 0.041 0.0160008 2 
17 19 28 0.000656735 0.007 0.0161795 4 
18 19 28 0 0.012 0.0180057 1 
19 19 28 0 0.011 0.0142426 1 
20 19 28 0.000110823 0.013 0.0142635 2 
21 19 28 0.00171249 0.002 0.0157902 2 
22 19 28 0 0.022 0.0155887 1 
23 19 28 0 0.045 0.0116987 1 
24 19 28 0 0.04 0.0157146 1 
25 19 28 0 0.02 0.0136596 1 
26 19 28 0.0153455 0.008 0.0115884 8 
27 19 28 0.00900023 0.017 0.0159266 7 
28 19 28 0.000267639 0.025 0.00991338 2 
29 19 28 0.000883071 0.014 0.0145939 2 
30 19 28 0.0140008 0.009 0.0150603 13 
31 19 28 0 0.01 0.0139631 1 
32 19 28 0 0.044 0.0203044 1 
0 19 29 0 0.022 0.0102245 1 
1 19 29 0.00805433 0.006 0.0148364 11 
2 19 29 0 0.027 0.0177463 1 
3 19 29 0 0.042 0.0123063 1 
4 19 29 0 0.024 0.0125445 1 
5 19 29 0.00361859 0.028 0.0110559 2 
6 19 29 0 0.018 0.0136024 2 
7 19 29 0.000945852 0.009 0.0131675 2 
8 19 29 0.00313983 0.044 0.0136731 2 
9 19 29 0.00862401 0.035 0.0134695 5 
10 19 29 0.00209911 0.015 0.0123206 4 
11 19 29 0 0.002 0.0127548 1 
12 19 29 0 0.011 0.0125878 1 
13 19 29 0 0.037 0.0158694 1 
14 19 29 0 0.012 0.0154637 1 
15 19 29 0 0.014 0.0114419 1 
16 19 29 0 0.014 0.0125052 1 
17 19 29 0 0.032 0.0141797 1 
18 19 29 0 0.024 0.0205251 1 
19 19 29 0.00295367 0.001 0.0143643 6 
20 19 29 0.00821469 0.021 0.0107465 5 
21 19 29 0 0.043 0.0106541 1 
22 19 29 0 0.005 0.012002 1 
23 19 29 0.0182535 0.034 0.0125221 6 
24 19 29 0 0.021 0.0131993 1 
25 19 29 0 0.041 0.0146792 1 
26 19 29 0 0.02 0.0119051 1 
27 19 29 0 0.002 0.0152136 1 
28 19 29 0 0.018 0.0148963 2 
29 19 29 0 0.024 0.0136434 1 
30 19 29 0 0.047 0.013506 1 
31 19 29 0 0.016 0.0182911 1 
32 19 29 0.0522288 0.001 0.00984923 40 
0 19 30 0 0.027 0.0136604 1 
1 19 30 0.00297337 0.021 0.00926539 4 
2 19 30 0.00112938 0.022 0.0139985 3 
3 19 30 0.0140701 0.005 0.0130694 18 
4 19 30 0.0141974 0.031 0.0589945 1 
5 19 30 0.0113722 0.023 0.0603271 1 
6 19 30 0 0.008 0.0128989 1 
7 19 30 5.58254e-05 0.011 0.0137536 2 
8 19 30 0.00193772 0.021 0.0144508 2 
9 19 30 0.0123172 0.041 0.0187161 8 
10 19 30 0.00287177 0.029 0.016256 3 
11 19 30 0 0.04 0.0125912 1 
12 19 30 0 0.038 0.0125089 1 
13 19 30 0 0.033 0.0127336 1 
14 19 30 0 0.012 0.0139777 1 
15 19 30 0 0.01 0.013703 1 
16 19 30 0 0.043 0.0167535 1 
17 19 30 0.0421245 0.003 0.00847369 47 
18 19 30 0 0.034 0.014721 1 
19 19 30 0 0.002 0.0139346 1 
20 19 30 0 0.018 0.0153864 1 
21 19 30 0 0.012 0.0193553 1 
22 19 30 0 0.028 0.0109618 1 
23 19 30 0 0.038 0.0128174 1 
24 19 30 0 0.048 0.0149761 1 
25 19 30 0 0.003 0.0114877 1 
26 19 30 0 0.036 0.0139349 1 
27 19 30 0 0.026 0.0137593 1 
28 19 30 0.00105802 0.035 0.0169932 3 
29 19 30 0.00138469 0.033 0.0160143 2 
30 19 30 0 0.04 0.0135417 1 
31 19 30 0 0.013 0.0123464 1 
32 19 30 0.00752086 0.013 0.0146225 10 
0 19 31 0.0148364 0.025 0.0167038 9 
1 19 31 0 0.002 0.0136725 1 
2 19 31 0.000912917 0.017 0.0144943 4 
3 19 31 0 0.031 0.0146543 1 
4 19 31 0.014726 0.002 0.0451134 1 
5 19 31 0 0.026 0.0153748 1 
6 19 31 0 0.041 0.0166251 1 
7 19 31 0.000268553 0.022 0.0150399 2 
8 19 31 0.00121663 0.046 0.020745 2 
9 19 31 0 0.033 0.0145611 1 
10 19 31 0 0.045 0.014869 1 
11 19 31 0 0.023 0.0179832 1 
12 19 31 0 0.012 0.0118229 1 
13 19 31 0 0.028 0.0161906 1 
14 19 31 0.0308759 0.007 0.0112852 22 
15 19 31 0 0.035 0.0182851 1 
16 19 31 0 0.022 0.0151941 1 
17 19 31 0.00028031 0.012 0.0131662 2 
18 19 31 0 0.034 0.0142459 2 
19 19 31 0.000722899 0.037 0.0146155 2 
20 19 31 0.00138968 0.016 0.0127156 3 
21 19 31 0 0.022 0.0129858 1 
22 19 31 0.00323915 0.011 0.0151044 5 
23 19 31 0 0.004 0.0136384 1 
24 19 31 0 0.011 0.0158703 2 
25 19 31 0.00275831 0.003 0.0132804 3 
26 19 31 0.00270266 0.005 0.0153178 6 
27 19 31 6.66837e-06 0.019 0.0143791 2 
28 19 31 0.000992694 0.046 0.017524 3 
29 19 31 0 0.049 0.018291 2 
30 19 31 0 0.022 0.0132558 1 
31 19 31 0.00144517 0.01 0.0120865 2 
32 19 31 0.00732908 0.014 0.016492 8 
0 19 32 0 0.016 0.0181317 1 
1 19 32 0 0.043 0.0122493 1 
2 19 32 0 0.044 0.0102311 1 
3 19 32 0 0.021 0.0115861 1 
4 19 32 0 0.013 0.0147332 1 
5 19 32 0 0.018 0.0181539 1 
6 19 32 0 0.049 0.0159557 1 
7 19 32 0 0.048 0.0164403 1 
8 19 32 0 0.045 0.0155252 1 
9 19 32 0 0.022 0.0130344 1 
10 19 32 0 0.032 0.0165387 1 
11 19 32 9.10908e-06 0.015 0.0120443 2 
12 19 32 0.00532504 0.019 0.0126191 9 
13 19 32 0 0.026 0.0135041 1 
14 19 32 0.00285408 0.001 0.0111248 4 
15 19 32 0 0.01 0.0130103 1 
16 19 32 0 0.016 0.0160721 1 
17 19 32 0.0079907 0.037 0.0097807 3 
18 19 32 6.71177e-07 0.021 0.014202 2 
19 19 32 0.000866922 0.017 0.0132753 3 
20 19 32 0 0.028 0.0140125 1 
21 19 32 0.00985786 0.01 0.0134114 9 
22 19 32 0.000428387 0.009 0.016629 2 
23 19 32 0.000110525 0.019 0.0129458 2 
24 19 32 0 0.016 0.0152081 1 
25 19 32 0.00114857 0.022 0.0155277 2 
26 19 32 0.00765183 0.03 0.014284 4 
27 19 32 0 0.026 0.0157607 1 
28 19 32 0 0.028 0.0125237 1 
29 19 32 0.000855361 0.016 0.0162464 3 
30 19 32 0 0.045 0.00974403 1 
31 19 32 0 0.049 0.0116374 1 
32 19 32 0.000927402 0.011 0.0121929 3 
0 19 33 0.0126969 0.021 0.0146473 9 
1 19 33 0 0.014 0.0175757 1 
2 19 33 0.00113108 0.033 0.0127636 3 
3 19 33 0 0.009 0.013291 1 
4 19 33 0 0.005 0.0121992 1 
5 19 33 0 0.025 0.0166571 1 
6 19 33 0 0.04 0.013033 1 
7 19 33 0 0.003 0.016165 1 
8 19 33 0.0129687 0.015 0.0294057 1 
9 19 33 0.0691798 0.001 0.0161916 53 
10 19 33 0 0.029 0.0134923 1 
11 19 33 0 0.001 0.015221 2 
12 19 33 0.00107019 0.045 0.00990361 2 
13 19 33 0.00091528 0.037 0.0124906 2 
14 19 33 0 0.018 0.0126198 1 
15 19 33 0 0.034 0.0168918 1 
16 19 33 0 0.047 0.0124136 1 
17 19 33 0.0231531 0.007 0.0118414 12 
18 19 33 0 0.048 0.0147648 2 
19 19 33 4.23217e-05 0.002 0.0142931 2 
20 19 33 0 0.009 0.014481 1 
21 19 33 0.00309974 0.04 0.0164366 4 
22 19 33 0.0061317 0.017 0.0139453 8 
23 19 33 0.00237923 0.044 0.00807704 3 
24 19 33 0 0.024 0.0117399 1 
25 19 33 0.00320677 0.011 0.0104446 6 
26 19 33 0.00337898 0.005 0.0127485 2 
27 19 33 0 0.039 0.0141476 1 
28 19 33 0 0.048 0.0168658 2 
29 19 33 0 0.038 0.0166297 1 
30 19 33 0 0.006 0.0126466 1 
31 19 33 0.00109608 0.033 0.0128216 2 
32 19 33 0 0.001 0.0163183 1 
0 19 34 0 0.039 0.0129374 1 
1 19 34 0.00275715 0.007 0.0138689 2 
2 19 34 0 0.026 0.0146275 1 
3 19 34 0 0.037 0.0119502 1 
4 19 34 0 0.018 0.0178303 1 
5 19 34 0.000844434 0.045 0.016455 4 
6 19 34 0 0.037 0.0114779 1 
7 19 34 0.0033478 0.02 0.00900937 3 
8 19 34 0.0038382 0.007 0.015164 5 
9 19 34 0 0.002 0.014247 1 
10 19 34 0.0168738 0.022 0.049736 1 
11 19 34 0 0.022 0.0137773 1 
12 19 34 0.00315919 0.005 0.0126586 3 
13 19 34 0.000966013 0.003 0.0164856 5 
14 19 34 0 0.043 0.0140299 1 
15 19 34 0 0.02 0.0148517 1 
16 19 34 0 0.042 0.0171728 1 
17 19 34 0 0.016 0.0131373 1 
18 19 34 6.64057e-07 0.006 0.0173292 2 
19 19 34 0 0.016 0.0129668 1 
20 19 34 0 0.015 0.0155632 1 
21 19 34 0 0.046 0.0150649 1 
22 19 34 0 0.007 0.0121753 1 
23 19 34 0 0.036 0.016336 1 
24 19 34 0.000921894 0.039 0.014857 3 
25 19 34 0 0.044 0.0123135 1 
26 19 34 0 0.029 0.0127163 1 
27 19 34 0 0.008 0.0138955 1 
28 19 34 0 0.017 0.0125714 1 
29 19 34 0 0.028 0.0140946 1 
30 19 34 0 0.013 0.014202 1 
31 19 34 0.0125632 0.011 0.0195943 7 
32 19 34 0 0.048 0.0131068 1 
0 19 35 0 0.01 0.0158956 1 
1 19 35 0 0.017 0.0174953 1 
2 19 35 0 0.005 0.0168108 1 
3 19 35 0 0.048 0.014412 1 
4 19 35 0 0.008 0.0142333 1 
5 19 35 0 0.001 0.0148104 1 
6 19 35 0 0.011 0.0173893 2 
7 19 35 0.000101458 0.002 0.0106153 2 
8 19 35 0.0142272 0.027 0.024126 1 
9 19 35 0.00775542 0.005 0.0124502 13 
10 19 35 0.0145541 0.005 0.0457677 1 
11 19 35 0 0.049 0.016159 1 
12 19 35 0 0.033 0.0121456 1 
13 19 35 0 0.008 0.0158433 1 
14 19 35 0.00633469 0.01 0.0126445 8 
15 19 35 0 0.019 0.0140186 1 
16 19 35 6.11765e-06 0.041 0.0123768 2 
17 19 35 0 0.012 0.0184993 1 
18 19 35 0 0.006 0.0163268 1 
19 19 35 0 0.032 0.0127965 1 
20 19 35 0 0.006 0.0140049 1 
21 19 35 0 0.014 0.0139212 1 
22 19 35 0.0190741 0.004 0.0157743 17 
23 19 35 0.0011538 0.018 0.016586 2 
24 19 35 0 0.03 0.0131623 1 
25 19 35 0 0.022 0.0132829 1 
26 19 35 0 0.015 0.0126729 1 
27 19 35 0 0.031 0.0121381 1 
28 19 35 0 0.002 0.0159115 1 
29 19 35 0 0.031 0.0161327 1 
30 19 35 0 0.033 0.0170037 1 
31 19 35 0.00629957 0.048 0.0109832 3 
32 19 35 0 0.038 0.0139322 1 
0 19 36 0 0.027 0.0126531 1 
1 19 36 0.000227788 0.005 0.0111289 2 
2 19 36 0 0.005 0.0132674 1 
3 19 36 0.0183077 0.002 0.013848 13 
4 19 36 0.0096124 0.003 0.029906 3 
5 19 36 0.0148191 0.042 0.0629692 1 
6 19 36 0 0.018 0.0135785 1 
7 19 36 0 0.012 0.0161457 1 
8 19 36 0 0.044 0.0162801 1 
9 19 36 0 0.013 0.0121664 1 
10 19 36 0.015085 0.002 0.0377838 1 
11 19 36 0 0.049 0.0137502 1 
12 19 36 0 0.024 0.0135778 1 
13 19 36 0.00199576 0.023 0.0130439 5 
14 19 36 0 0.009 0.0138816 1 
15 19 36 0 0.03 0.0159782 1 
16 19 36 0 0.018 0.0163556 1 
17 19 36 0 0.032 0.0124631 1 
18 19 36 0 0.024 0.0158355 1 
19 19 36 0 0.029 0.013538 1 
20 19 36 0 0.013 0.0144772 1 
21 19 36 0.00267832 0.01 0.0144017 2 
22 19 36 0 0.048 0.0177911 1 
23 19 36 0 0.005 0.0110116 1 
24 19 36 1.16532e-05 0.026 0.0173691 2 
25 19 36 0 0.009 0.0139932 1 
26 19 36 0.00885164 0.011 0.0163159 11 
27 19 36 0 0.038 0.0111344 1 
28 19 36 0 0.047 0.0155168 1 
29 19 36 0 0.03 0.0170642 1 
30 19 36 0.0154664 0.012 0.0138187 15 
31 19 36 0.00648741 0.024 0.0125957 3 
32 19 36 0.00123083 0.005 0.0173181 5 
0 19 37 0 0.018 0.017904 1 
1 19 37 0 0.04 0.0158675 1 
2 19 37 0 0.048 0.0139199 1 
3 19 37 0.0281259 0.007 0.0180924 21 
4 19 37 0.0153059 0.023 0.0429875 1 
5 19 37 0 0.048 0.0126461 1 
6 19 37 0 0.042 0.0147066 1 
7 19 37 0.00451445 0.023 0.0130737 2 
8 19 37 0 0.014 0.016012 1 
9 19 37 0.00143394 0.035 0.0141928 2 
10 19 37 1.0569e-05 0.024 0.0117251 2 
11 19 37 0.00128375 0.023 0.0169783 3 
12 19 37 0.00266606 0.044 0.0147603 2 
13 19 37 0 0.009 0.0100363 1 
14 19 37 0.00547468 0.002 0.0146224 4 
15 19 37 0 0.003 0.0181588 1 
16 19 37 0 0.026 0.0152525 1 
17 19 37 0 0.025 0.0144563 1 
18 19 37 0 0.003 0.0159632 1 
19 19 37 0 0.004 0.0109881 1 
20 19 37 0 0.002 0.014692 1 
21 19 37 0 0.021 0.0145768 1 
22 19 37 0.00552934 0.012 0.0123336 4 
23 19 37 0.00807772 0.021 0.0127456 6 
24 19 37 1.40007e-05 0.034 0.0139286 2 
25 19 37 0 0.01 0.0175527 1 
26 19 37 0.000326934 0.021 0.0111744 2 
27 19 37 0.0225523 0.006 0.0147115 15 
28 19 37 0 0.013 0.0113229 1 
29 19 37 0 0.029 0.0122639 2 
30 19 37 0.00398071 0.024 0.0148523 5 
31 19 37 0.0066338 0.047 0.0120637 3 
32 19 37 0.0208707 0.008 0.0152078 17 
0 19 38 0 0.022 0.0120273 1 
1 19 38 0 0.046 0.0142303 1 
2 19 38 0 0.037 0.0114014 1 
3 19 38 0 0.031 0.0153734 1 
4 19 38 0.000833016 0.015 0.0133513 2 
5 19 38 0 0.034 0.0132386 1 
6 19 38 0 0.04 0.0163659 1 
7 19 38 0.000991614 0.023 0.0139793 4 
8 19 38 0.016024 0.021 0.0344803 1 
9 19 38 0 0.046 0.0143612 1 
10 19 38 0.0166081 0.019 0.0112639 9 
11 19 38 0.000971103 0.008 0.0110993 3 
12 19 38 0 0.004 0.0110546 1 
13 19 38 0.00254327 0.042 0.014143 5 
14 19 38 0 0.019 0.0136888 1 
15 19 38 0 0.025 0.0107545 1 
16 19 38 0 0.007 0.0152174 1 
17 19 38 0 0.037 0.0120249 1 
18 19 38 0 0.038 0.0180194 1 
19 19 38 0.00463205 0.004 0.0143849 11 
20 19 38 0.00808956 0.021 0.0171302 6 
21 19 38 0 0.028 0.00967828 1 
22 19 38 0 0.04 0.0128884 1 
23 19 38 0 0.011 0.0164268 1 
24 19 38 0 0.023 0.0134666 1 
25 19 38 0 0.047 0.0173653 1 
26 19 38 0 0.037 0.0145344 1 
27 19 38 0 0.002 0.0167728 1 
28 19 38 0 0.036 0.016395 1 
29 19 38 0.000851384 0.049 0.0150954 3 
30 19 38 0.00185502 0.024 0.0126874 6 
31 19 38 0 0.037 0.0143104 1 
32 19 38 0.0198918 0.008 0.0152241 10 
0 19 39 0.00116376 0.018 0.0134956 2 
1 19 39 0.00103629 0.011 0.0126776 2 
2 19 39 0 0.033 0.0160584 1 
3 19 39 0.0203149 0.004 0.0109457 23 
4 19 39 0 0.011 0.0132074 1 
5 19 39 0.0166846 0.037 0.0415154 1 
6 19 39 0 0.005 0.0148399 1 
7 19 39 0 0.014 0.0178021 1 
8 19 39 0 0.04 0.0155105 1 
9 19 39 0.00372665 0.011 0.0159753 7 
10 19 39 0 0.014 0.016255 1 
11 19 39 0 0.044 0.0130373 1 
12 19 39 0 0.002 0.0140763 1 
13 19 39 0.00836227 0.024 0.0158915 12 
14 19 39 0 0.009 0.0159507 1 
15 19 39 0 0.019 0.0118469 1 
16 19 39 0 0.036 0.0181763 1 
17 19 39 0 0.007 0.0136834 1 
18 19 39 0 0.049 0.0158235 1 
19 19 39 0 0.024 0.0115897 1 
20 19 39 0 0.035 0.0123367 1 
21 19 39 0.00250459 0.024 0.0143116 2 
22 19 39 0.0216187 0.005 0.0113989 25 
23 19 39 0 0.025 0.0129443 1 
24 19 39 0 0.024 0.0158784 1 
25 19 39 0.0033872 0.03 0.0136673 3 
26 19 39 0.000170889 0.007 0.015292 2 
27 19 39 0 0.021 0.0120281 1 
28 19 39 0 0.048 0.0176695 1 
29 19 39 0.00139753 0.028 0.014683 3 
30 19 39 0.00153585 0.032 0.0118999 2 
31 19 39 0 0.015 0.0133327 1 
32 19 39 0.00139005 0.045 0.0157949 2 
0 19 40 0 0.008 0.0166268 1 
1 19 40 0.0234429 0.02 0.0148965 15 
2 19 40 0 0.015 0.0128418 1 
3 19 40 0 0.017 0.0188769 1 
4 19 40 0 0.027 0.0147344 1 
5 19 40 0.00575437 0.035 0.0198593 4 
6 19 40 0 0.043 0.0160959 1 
7 19 40 0 0.04 0.0197995 1 
8 19 40 0.0170884 0.026 0.0446503 1 
9 19 40 0.000595475 0.002 0.0162276 2 
10 19 40 0.0174654 0.021 0.0453907 1 
11 19 40 4.67998e-05 0.034 0.0118439 2 
12 19 40 0 0.042 0.014797 1 
13 19 40 0.00118145 0.012 0.0101776 2 
14 19 40 0 0.03 0.0124209 1 
15 19 40 0 0.043 0.0156298 1 
16 19 40 0 0.029 0.0134377 1 
17 19 40 0.00205128 0.037 0.015834 2 
18 19 40 0 0.034 0.00985931 1 
19 19 40 0 0.006 0.0120627 1 
20 19 40 0 0.006 0.0128021 1 
21 19 40 0 0.045 0.0162935 1 
22 19 40 0.00274078 0.02 0.0158642 5 
23 19 40 0.00179228 0.034 0.0142766 3 
24 19 40 0 0.018 0.0115435 1 
25 19 40 0 0.045 0.0163412 1 
26 19 40 0.010194 0.02 0.0125786 10 
27 19 40 0 0.039 0.0127181 1 
28 19 40 0 0.008 0.0137877 1 
29 19 40 0 0.013 0.0140504 1 
30 19 40 0 0.003 0.0145935 1 
31 19 40 0 0.049 0.00938598 1 
32 19 40 0.00946804 0.014 0.0176766 12 
0 19 41 0.00227989 0.028 0.0138604 2 
1 19 41 0 0.038 0.0111991 1 
2 19 41 0 0.021 0.0134974 1 
3 19 41 0.0154263 0.013 0.0143829 11 
4 19 41 0.017435 0.023 0.031935 1 
5 19 41 0.0146132 0.028 0.0401032 1 
6 19 41 0 0.021 0.0150188 1 
7 19 41 0 0.027 0.0112701 1 
8 19 41 0 0.04 0.014407 1 
9 19 41 0.00916283 0.013 0.015572 4 
10 19 41 0.0148792 0.046 0.034549 1 
11 19 41 0 0.03 0.0146696 1 
12 19 41 0 0.026 0.0129304 1 
13 19 41 0 0.01 0.0139361 1 
14 19 41 0 0.034 0.0165715 1 
15 19 41 0 0.021 0.0174059 1 
16 19 41 0 0.028 0.0147115 1 
17 19 41 0.00048277 0.005 0.0139161 4 
18 19 41 0 0.013 0.0105259 1 
19 19 41 0.001775 0.045 0.0110683 3 
20 19 41 0 0.019 0.0165415 1 
21 19 41 0 0.007 0.016879 2 
22 19 41 0 0.009 0.014016 1 
23 19 41 0.000400648 0.008 0.0134582 3 
24 19 41 0 0.038 0.0137782 1 
25 19 41 0 0.025 0.0139626 1 
26 19 41 0.00489493 0.042 0.0103765 2 
27 19 41 0.0732185 0.001 0.0155841 63 
28 19 41 1.40778e-05 0.016 0.0160682 2 
29 19 41 0 0.019 0.0123804 1 
30 19 41 0 0.038 0.0151181 1 
31 19 41 0 0.017 0.0107971 1 
32 19 41 0 0.018 0.0116173 1 
0 19 42 0 0.048 0.0148228 1 
1 19 42 0.000646805 0.039 0.0147173 2 
2 19 42 0 0.048 0.0160968 1 
3 19 42 0 0.041 0.015883 1 
4 19 42 0 0.044 0.0135037 1 
5 19 42 0 0.009 0.0162139 1 
6 19 42 0 0.021 0.0103371 1 
7 19 42 0.0062059 0.035 0.013194 4 
8 19 42 0.000228104 0.035 0.0134715 2 
9 19 42 0 0.03 0.0172685 1 
10 19 42 0 0.04 0.0123642 1 
11 19 42 0 0.022 0.0138819 1 
12 19 42 0 0.049 0.0126708 1 
13 19 42 0.00897616 0.015 0.0132296 11 
14 19 42 0 0.034 0.0149628 1 
15 19 42 0 0.009 0.0145717 1 
16 19 42 0 0.004 0.0162086 1 
17 19 42 0 0.045 0.0158391 1 
18 19 42 0 0.043 0.0120798 1 
19 19 42 0 0.022 0.0150291 1 
20 19 42 0.00293075 0.037 0.0148389 2 
21 19 42 0 0.012 0.0123714 1 
22 19 42 0 0.035 0.0163554 1 
23 19 42 0 0.036 0.0163463 1 
24 19 42 0 0.018 0.0145117 1 
25 19 42 0.0240176 0.007 0.0125054 16 
26 19 42 0.00434924 0.003 0.0124698 5 
27 19 42 0 0.032 0.0148615 1 
28 19 42 0 0.04 0.0104811 1 
29 19 42 0 0.04 0.011055 1 
30 19 42 0 0.037 0.011242 1 
31 19 42 3.9911e-05 0.037 0.0133666 2 
32 19 42 0 0.03 0.0143316 1 
0 19 43 0 0.048 0.0161502 1 
1 19 43 0 0.003 0.0138344 1 
2 19 43 0 0.012 0.0150242 1 
3 19 43 0 0.048 0.0137557 1 
4 19 43 0 0.045 0.0134009 1 
5 19 43 0 0.025 0.0190538 1 
6 19 43 0 0.002 0.0161639 2 
7 19 43 0.00400408 0.005 0.0163382 4 
8 19 43 0 0.049 0.0166244 1 
9 19 43 0 0.001 0.0122369 1 
10 19 43 0 0.041 0.017756 1 
11 19 43 0 0.045 0.0168773 1 
12 19 43 0 0.007 0.0150754 1 
13 19 43 0.00218392 0.041 0.0134952 2 
14 19 43 0 0.02 0.00923368 1 
15 19 43 0 0.026 0.0145299 1 
16 19 43 0 0.011 0.0173716 1 
17 19 43 0 0.045 0.013975 1 
18 19 43 0 0.029 0.015096 1 
19 19 43 0 0.04 0.0106441 1 
20 19 43 0.00170002 0.008 0.0164077 6 
21 19 43 0 0.009 0.014385 1 
22 19 43 0.0336992 0.003 0.0104574 42 
23 19 43 0 0.011 0.0130752 1 
24 19 43 0 0.01 0.0118418 1 
25 19 43 0.0129019 0.009 0.0131735 6 
26 19 43 0.00364242 0.007 0.011449 3 
27 19 43 0.0254995 0.017 0.0163064 17 
28 19 43 0 0.014 0.0160582 1 
29 19 43 0 0.014 0.0142807 1 
30 19 43 0 0.003 0.0131402 1 
31 19 43 0 0.002 0.0176857 1 
32 19 43 0.00539897 0.035 0.0127495 8 
0 19 44 0 0.045 0.0152933 1 
1 19 44 0.000644255 0.034 0.0151666 5 
2 19 44 0 0.016 0.0145581 1 
3 19 44 0.0174823 0.032 0.0146433 4 
4 19 44 2.38364e-05 0.043 0.0149449 2 
5 19 44 0.0167322 0.037 0.0448919 1 
6 19 44 0 0.001 0.0128657 1 
7 19 44 0 0.015 0.0141306 1 
8 19 44 0 0.045 0.0174597 1 
9 19 44 0 0.01 0.0145681 1 
10 19 44 0 0.037 0.0120785 1 
11 19 44 0 0.002 0.0153358 1 
12 19 44 0 0.044 0.0175353 1 
13 19 44 0 0.012 0.0143636 1 
14 19 44 0 0.047 0.0157339 1 
15 19 44 0 0.02 0.0142541 1 
16 19 44 0 0.012 0.015748 1 
17 19 44 0 0.046 0.0136707 1 
18 19 44 0 0.035 0.0144319 1 
19 19 44 0 0.019 0.0153199 1 
20 19 44 0.00411666 0.048 0.0123891 2 
21 19 44 0 0.006 0.0142112 1 
22 19 44 0 0.034 0.0133214 1 
23 19 44 0.00677185 0.037 0.0137639 6 
24 19 44 0 0.039 0.0155101 1 
25 19 44 0.0198327 0.026 0.0142464 9 
26 19 44 0 0.012 0.0160785 1 
27 19 44 0.0161971 0.007 0.0150107 21 
28 19 44 0 0.034 0.0190533 1 
29 19 44 0.00135433 0.014 0.0149978 3 
30 19 44 0.00129459 0.027 0.0122899 2 
31 19 44 4.08895e-05 0.048 0.0124026 2 
32 19 44 0 0.046 0.017267 1 
0 19 45 0 0.049 0.0155699 1 
1 19 45 0.0155845 0.019 0.0129516 7 
2 19 45 0 0.027 0.0177768 1 
3 19 45 0 0.019 0.0146996 1 
4 19 45 0 0.011 0.018439 1 
5 19 45 0.000190266 0.013 0.0145602 3 
6 19 45 0 0.004 0.0141942 1 
7 19 45 0.000603812 0.038 0.012676 2 
8 19 45 0.00142201 0.024 0.0148208 3 
9 19 45 0.00056607 0.009 0.0144014 6 
10 19 45 0 0.036 0.0130036 1 
11 19 45 0.00143041 0.001 0.0135707 3 
12 19 45 0.0167529 0.009 0.015026 20 
13 19 45 0 0.023 0.0140007 1 
14 19 45 0 0.006 0.0157463 1 
15 19 45 5.69038e-05 0.037 0.0191075 2 
16 19 45 0 0.019 0.0184338 1 
17 19 45 0 0.019 0.0141771 1 
18 19 45 0 0.024 0.0175178 1 
19 19 45 0.0061171 0.002 0.0122058 8 
20 19 45 0.0270524 0.001 0.0150132 34 
21 19 45 0 0.041 0.0179739 1 
22 19 45 0.0282827 0.005 0.0147078 24 
23 19 45 0.00653094 0.017 0.013899 6 
24 19 45 0 0.03 0.0127726 1 
25 19 45 0 0.044 0.011601 1 
26 19 45 0.00036686 0.019 0.0114224 4 
27 19 45 0 0.041 0.0129111 1 
28 19 45 0 0.036 0.0110703 1 
29 19 45 0 0.004 0.0133936 1 
30 19 45 0 0.028 0.016417 1 
31 19 45 0 0.017 0.015997 1 
32 19 45 0 0.016 0.0165932 1 
0 19 46 0 0.013 0.0138836 1 
1 19 46 0.00164039 0.005 0.0124376 2 
2 19 46 0.00148563 0.007 0.0140427 3 
3 19 46 0 0.012 0.0168093 1 
4 19 46 0.0147801 0.007 0.0468234 1 
5 19 46 0.0183382 0.005 0.0561443 1 
6 19 46 0 0.022 0.0175846 1 
7 19 46 0 0.035 0.0142688 1 
8 19 46 0 0.011 0.0154822 1 
9 19 46 0 0.038 0.0157243 1 
10 19 46 0.00580745 0.022 0.0129298 4 
11 19 46 9.96196e-06 0.007 0.0139079 2 
12 19 46 0 0.04 0.0143421 1 
13 19 46 0 0.032 0.0163273 1 
14 19 46 0.000780264 0.013 0.0130976 2 
15 19 46 0 0.034 0.0200077 1 
16 19 46 2.4119e-05 0.005 0.0188419 2 
17 19 46 0.000428766 0.031 0.016845 3 
18 19 46 0 0.001 0.0140219 1 
19 19 46 0.000235008 0.017 0.0138178 2 
20 19 46 0.0011483 0.007 0.0125657 2 
21 19 46 0 0.02 0.0160808 1 
22 19 46 0.0188419 0.009 0.0144206 13 
23 19 46 0 0.008 0.0148642 1 
24 19 46 0 0.047 0.0126815 1 
25 19 46 2.4119e-05 0.011 0.0168236 2 
26 19 46 0 0.025 0.014415 1 
27 19 46 0.0273867 0.005 0.0191531 33 
28 19 46 0 0.016 0.015012 1 
29 19 46 5.99476e-05 0.005 0.0115087 2 
30 19 46 0.000859032 0.019 0.0160876 3 
31 19 46 0 0.049 0.0142296 1 
32 19 46 0 0.01 0.0161516 1 
0 19 47 0.0032839 0.014 0.0133265 7 
1 19 47 0.00180776 0.015 0.0135558 4 
2 19 47 0 0.008 0.0180151 1 
3 19 47 0 0.002 0.0128709 1 
4 19 47 0.00154341 0.024 0.0160767 2 
5 19 47 0 0.026 0.0168318 1 
6 19 47 0 0.046 0.0156246 1 
7 19 47 0 0.03 0.0156066 1 
8 19 47 0 0.002 0.0169883 2 
9 19 47 0.00929556 0.021 0.0140113 7 
10 19 47 0.00479345 0.022 0.0133432 9 
11 19 47 1.08461e-05 0.014 0.0112843 2 
12 19 47 0 0.004 0.0141541 1 
13 19 47 0.00278367 0.004 0.0118294 2 
14 19 47 0 0.004 0.0142942 1 
15 19 47 0 0.048 0.0173987 1 
16 19 47 0 0.039 0.0136827 1 
17 19 47 0 0.008 0.0124513 1 
18 19 47 1.45828e-05 0.043 0.0161645 2 
19 19 47 0 0.037 0.0146758 1 
20 19 47 0.0142892 0.019 0.016117 8 
21 19 47 0 0.019 0.0120058 1 
22 19 47 0 0.037 0.0130986 1 
23 19 47 0 0.046 0.0136901 1 
24 19 47 0 0.047 0.0166404 1 
25 19 47 0 0.005 0.0132769 1 
26 19 47 0.0037217 0.024 0.0156816 2 
27 19 47 0 0.031 0.0130369 1 
28 19 47 0 0.018 0.0194937 1 
29 19 47 0 0.047 0.0154734 2 
30 19 47 0 0.042 0.016601 1 
31 19 47 0 0.034 0.0116253 1 
32 19 47 0 0.022 0.0119712 1 
0 19 48 0.000715055 0.004 0.0129795 4 
1 19 48 0 0.005 0.0152205 1 
2 19 48 0 0.019 0.0194248 1 
3 19 48 0.00245049 0.002 0.0139362 5 
4 19 48 0.00134273 0.015 0.0123631 2 
5 19 48 0 0.041 0.0138669 1 
6 19 48 0 0.029 0.0138455 1 
7 19 48 0 0.022 0.0104719 1 
8 19 48 0.000225118 0.038 0.0161532 2 
9 19 48 0 0.01 0.0156661 1 
10 19 48 0.00514405 0.029 0.0138349 2 
11 19 48 4.80545e-05 0.04 0.0186846 2 
12 19 48 0.0592238 0.003 0.0175937 34 
13 19 48 0.000838935 0.026 0.0156592 2 
14 19 48 0 0.007 0.0114649 1 
15 19 48 0 0.042 0.0179614 1 
16 19 48 0 0.017 0.0121447 1 
17 19 48 0 0.004 0.01418 1 
18 19 48 0 0.02 0.0125671 1 
19 19 48 0.0125948 0.021 0.0118213 6 
20 19 48 0.000926527 0.045 0.0106937 2 
21 19 48 0 0.001 0.0160016 1 
22 19 48 0 0.026 0.0127763 1 
23 19 48 0.00163487 0.012 0.0158932 3 
24 19 48 0 0.025 0.0120415 1 
25 19 48 0.00644747 0.016 0.016654 8 
26 19 48 0.00538811 0.029 0.0133455 4 
27 19 48 0 0.011 0.0170693 1 
28 19 48 3.61186e-05 0.016 0.0185703 2 
29 19 48 0 0.036 0.0145478 1 
30 19 48 0.0225152 0.007 0.0133226 19 
31 19 48 4.20455e-05 0.048 0.0163006 2 
32 19 48 0.00716929 0.029 0.0132184 7 
0 19 49 0 0.002 0.0156884 1 
1 19 49 3.05224e-05 0.006 0.0175736 2 
2 19 49 0 0.021 0.0148077 1 
3 19 49 0 0.046 0.0137894 1 
4 19 49 0.00154478 0.016 0.0127692 2 
5 19 49 0 0.016 0.0151853 1 
6 19 49 0 0.047 0.0147341 1 
7 19 49 0 0.014 0.0128318 1 
8 19 49 0 0.004 0.217968 3 
9 19 49 0 0.039 0.0148209 1 
10 19 49 0 0.025 0.0173773 1 
11 19 49 0.00175277 0.002 0.0124262 3 
12 19 49 0.000642333 0.041 0.0148411 2 
13 19 49 0 0.003 0.0164832 1 
14 19 49 0.0111005 0.036 0.0166858 4 
15 19 49 0 0.015 0.0162345 1 
16 19 49 0 0.044 0.0142251 1 
17 19 49 0.00188579 0.012 0.0134491 4 
18 19 49 0 0.042 0.0156685 1 
19 19 49 0 0.049 0.0135276 1 
20 19 49 0.00929485 0.037 0.0134064 4 
21 19 49 0 0.007 0.0170373 2 
22 19 49 0 0.037 0.0136208 1 
23 19 49 0 0.018 0.0159447 1 
24 19 49 0 0.045 0.0177089 1 
25 19 49 0.00293394 0.001 0.0127993 3 
26 19 49 0 0.003 0.0129942 1 
27 19 49 0.00334267 0.005 0.0137999 5 
28 19 49 0 0.01 0.0110635 1 
29 19 49 0 0.014 0.0170991 1 
30 19 49 0 0.044 0.0155837 1 
31 19 49 2.335e-06 0.032 0.014391 2 
32 19 49 0.028787 0.002 0.0158423 40 
0 19 50 0.0277437 0.012 0.0157246 21 
1 19 50 0 0.047 0.0134394 1 
2 19 50 0 0.018 0.0142091 1 
3 19 50 0 0.018 0.0167597 1 
4 19 50 0 0.048 0.0157058 1 
5 19 50 0.014332 0.005 0.05683 1 
6 19 50 3.80882e-05 0.022 0.0213611 2 
7 19 50 0.00808538 0.003 0.0159757 12 
8 19 50 0.00782602 0.028 0.0411938 1 
9 19 50 0 0.019 0.0159632 1 
10 19 50 0 0.045 0.0137934 1 
11 19 50 0.00125562 0.02 0.0127625 3 
12 19 50 0.00190381 0.014 0.0120312 2 
13 19 50 0 0.01 0.0118147 1 
14 19 50 0.00378423 0.043 0.0158834 2 
15 19 50 0 0.004 0.0129117 1 
16 19 50 0 0.033 0.0187283 1 
17 19 50 0 0.024 0.0187549 1 
18 19 50 0 0.009 0.0143559 1 
19 19 50 0 0.011 0.00991985 1 
20 19 50 0 0.032 0.0150619 1 
21 19 50 0 0.012 0.0146178 1 
22 19 50 0 0.019 0.0133637 1 
23 19 50 0.0156332 0.015 0.0140223 10 
24 19 50 0 0.013 0.015267 1 
25 19 50 0.00253407 0.004 0.0142686 9 
26 19 50 0 0.016 0.0148606 1 
27 19 50 0 0.047 0.0131357 1 
28 19 50 0 0.026 0.0205669 1 
29 19 50 0 0.032 0.0134753 1 
30 19 50 0.0205939 0.011 0.0126642 17 
31 19 50 3.75809e-05 0.033 0.0143128 2 
32 19 50 0 0.024 0.0124924 1 
0 19 51 0 0.024 0.0116059 1 
1 19 51 0.00386181 0.019 0.0138216 4 
2 19 51 0 0.043 0.0123466 2 
3 19 51 0 0.034 0.0148335 1 
4 19 51 0 0.012 0.0146262 1 
5 19 51 0.00310841 0.032 0.0179965 4 
6 19 51 0 0.041 0.0152151 1 
7 19 51 0.00634797 0.005 0.0162103 6 
8 19 51 0 0.031 0.0144765 1 
9 19 51 0 0.007 0.0157696 1 
10 19 51 0 0.041 0.0132656 1 
11 19 51 0 0.008 0.0155407 1 
12 19 51 0.00397901 0.005 0.00878834 6 
13 19 51 0 0.019 0.014399 1 
14 19 51 0.00356887 0.023 0.0133753 7 
15 19 51 0 0.01 0.0166627 1 
16 19 51 6.38053e-06 0.005 0.0150348 2 
17 19 51 0.00369938 0.01 0.0142093 9 
18 19 51 8.79277e-07 0.039 0.0133894 2 
19 19 51 0.000275588 0.007 0.018287 3 
20 19 51 0.00722673 0.034 0.0140223 4 
21 19 51 0 0.046 0.0184712 1 
22 19 51 0.00878091 0.01 0.0149019 13 
23 19 51 0 0.023 0.0123012 1 
24 19 51 0 0.011 0.0215134 1 
25 19 51 0.000144398 0.003 0.0100652 2 
26 19 51 0 0.017 0.0120132 1 
27 19 51 0.0126261 0.009 0.0131137 10 
28 19 51 0 0.047 0.0131812 1 
29 19 51 0 0.048 0.0183009 2 
30 19 51 0.00227666 0.044 0.0132513 2 
31 19 51 0 0.002 0.0155722 1 
32 19 51 0.00976955 0.001 0.016748 11 
0 19 52 0.00235621 0.008 0.0164598 3 
1 19 52 0.016511 0.028 0.0158326 9 
2 19 52 0 0.019 0.0125391 1 
3 19 52 0.00257543 0.001 0.017599 4 
4 19 52 0.0150655 0.015 0.0426157 1 
5 19 52 0.0154166 0.023 0.0424024 1 
6 19 52 0 0.013 0.0190252 1 
7 19 52 0 0.046 0.0113263 1 
8 19 52 0 0.042 0.0154713 1 
9 19 52 0.0111932 0.014 0.0143965 8 
10 19 52 0 0.043 0.0156519 1 
11 19 52 0 0.027 0.0158925 1 
12 19 52 0.000154221 0.006 0.013125 2 
13 19 52 0.00230889 0.043 0.0167751 2 
14 19 52 0 0.048 0.0142744 1 
15 19 52 0 0.014 0.0131083 1 
16 19 52 0 0.031 0.00960417 1 
17 19 52 1.76427e-05 0.04 0.0145989 2 
18 19 52 0 0.009 0.0161806 1 
19 19 52 0 0.047 0.0148879 1 
20 19 52 0.00375002 0.033 0.0132334 2 
21 19 52 0 0.033 0.0189226 1 
22 19 52 0.000564214 0.032 0.0121827 2 
23 19 52 0 0.039 0.0156744 1 
24 19 52 0 0.044 0.0168155 1 
25 19 52 0 0.016 0.0134487 1 
26 19 52 0.00660353 0.009 0.0130092 4 
27 19 52 0 0.011 0.0130698 1 
28 19 52 0 0.003 0.0139542 1 
29 19 52 0.00147639 0.035 0.0188238 3 
30 19 52 0.0423704 0.002 0.0216253 60 
31 19 52 0 0.031 0.0113199 1 
32 19 52 0.0218118 0.012 0.0161469 13 
0 19 53 0.0184341 0.019 0.00816343 9 
1 19 53 0.0131955 0.047 0.0113365 8 
2 19 53 0 0.014 0.0154866 1 
3 19 53 0.0024894 0.029 0.0162805 2 
4 19 53 0 0.026 0.0109874 1 
5 19 53 0 0.034 0.017785 1 
6 19 53 0 0.047 0.0170078 1 
7 19 53 0.00431279 0.008 0.0172205 4 
8 19 53 0.00636999 0.009 0.03691 1 
9 19 53 0 0.042 0.0107659 1 
10 19 53 0.000729172 0.032 0.012419 2 
11 19 53 0 0.031 0.0166751 1 
12 19 53 0 0.042 0.0117188 1 
13 19 53 0 0.045 0.0150272 1 
14 19 53 2.23516e-05 0.025 0.0144901 2 
15 19 53 0 0.009 0.0134114 1 
16 19 53 0 0.041 0.0121706 1 
17 19 53 0 0.031 0.0133146 1 
18 19 53 0 0.047 0.0159261 1 
19 19 53 0.00384062 0.043 0.012465 3 
20 19 53 0 0.025 0.0133478 1 
21 19 53 0 0.033 0.0164162 1 
22 19 53 0.0151247 0.008 0.0131813 17 
23 19 53 0 0.031 0.0115955 1 
24 19 53 0 0.015 0.0153869 1 
25 19 53 0.0182341 0.018 0.01564 14 
26 19 53 0.00423599 0.018 0.0136352 4 
27 19 53 0 0.044 0.0114611 1 
28 19 53 0 0.031 0.0196322 1 
29 19 53 0.00257578 0.033 0.0119358 2 
30 19 53 0 0.018 0.012874 1 
31 19 53 0 0.001 0.0169697 1 
32 19 53 0.00670884 0.016 0.0166315 6 
0 19 54 0.032715 0.009 0.0103964 16 
1 19 54 0 0.025 0.0119107 1 
2 19 54 0 0.008 0.0179635 1 
3 19 54 0.00539736 0.031 0.0173951 4 
4 19 54 0 0.028 0.0194016 6 
5 19 54 0.0165013 0.016 0.0317761 1 
6 19 54 0 0.014 0.0194938 1 
7 19 54 0 0.002 0.012872 1 
8 19 54 0.00691763 0.049 0.0194311 1 
9 19 54 0 0.036 0.0125561 1 
10 19 54 0 0.038 0.0155357 1 
11 19 54 0 0.033 0.0135642 1 
12 19 54 0 0.033 0.0127102 1 
13 19 54 0 0.026 0.0143147 1 
14 19 54 0.0159823 0.027 0.011 5 
15 19 54 0 0.043 0.0140507 1 
16 19 54 0 0.019 0.0139409 1 
17 19 54 0 0.009 0.015521 1 
18 19 54 0 0.008 0.0167227 1 
19 19 54 0 0.025 0.0128985 2 
20 19 54 0 0.027 0.0140438 1 
21 19 54 0 0.022 0.0139956 1 
22 19 54 0.00132205 0.026 0.0134309 2 
23 19 54 0 0.01 0.0101229 1 
24 19 54 0 0.019 0.0125924 1 
25 19 54 0 0.036 0.0132118 1 
26 19 54 0.0244694 0.006 0.0124208 17 
27 19 54 0 0.043 0.0184557 1 
28 19 54 0 0.01 0.0167643 1 
29 19 54 2.51071e-05 0.032 0.015768 2 
30 19 54 0 0.009 0.0154501 1 
31 19 54 0 0.03 0.0124075 1 
32 19 54 0 0.011 0.0153742 1 
0 19 55 0 0.011 0.0156449 1 
1 19 55 0 0.048 0.0153683 1 
2 19 55 0 0.045 0.0135817 1 
3 19 55 0 0.025 0.0135428 1 
4 19 55 0 0.021 0.0130022 1 
5 19 55 0.000852789 0.017 0.0318536 4 
6 19 55 0 0.046 0.0184675 1 
7 19 55 0.010511 0.004 0.0137917 7 
8 19 55 0 0.041 0.013875 1 
9 19 55 0 0.027 0.00713219 1 
10 19 55 0 0.02 0.0102838 1 
11 19 55 0 0.041 0.0141329 1 
12 19 55 0.00244791 0.002 0.00999702 3 
13 19 55 0 0.045 0.0156508 1 
14 19 55 0 0.012 0.0153925 1 
15 19 55 0 0.002 0.015888 1 
16 19 55 6.46843e-06 0.042 0.0163337 2 
17 19 55 0.0291632 0.002 0.0110761 25 
18 19 55 0 0.017 0.0137838 1 
19 19 55 0.0026905 0.033 0.0173251 4 
20 19 55 0.000303185 0.034 0.0152361 3 
21 19 55 0 0.027 0.0150512 1 
22 19 55 0 0.006 0.0159763 1 
23 19 55 0 0.005 0.0160859 1 
24 19 55 0 0.039 0.0119012 1 
25 19 55 0 0.028 0.0139327 1 
26 19 55 0 0.003 0.0137343 1 
27 19 55 0 0.046 0.0162577 1 
28 19 55 0 0.027 0.0140737 1 
29 19 55 0.00147945 0.021 0.0170462 3 
30 19 55 0 0.046 0.0104911 1 
31 19 55 0.00157786 0.043 0.0188308 3 
32 19 55 0.0207776 0.009 0.0104201 22 
0 19 56 0 0.017 0.0195269 1 
1 19 56 0 0.044 0.0150311 1 
2 19 56 0 0.026 0.0170826 1 
3 19 56 0 0.009 0.010578 1 
4 19 56 0.0174543 0.032 0.0409436 1 
5 19 56 0 0.04 0.0124946 1 
6 19 56 0 0.029 0.0134713 1 
7 19 56 0.00394806 0.009 0.0107344 4 
8 19 56 1.68129e-05 0.045 0.0178991 2 
9 19 56 0 0.049 0.0167467 1 
10 19 56 9.62441e-05 0.004 0.0145483 2 
11 19 56 0 0.042 0.0142489 1 
12 19 56 0.000968525 0.02 0.0124685 2 
13 19 56 7.6225e-06 0.01 0.0141176 2 
14 19 56 0 0.005 0.0155643 1 
15 19 56 0 0.024 0.0127645 1 
16 19 56 0 0.029 0.0161224 1 
17 19 56 0.00895217 0.033 0.0105104 2 
18 19 56 0 0.021 0.0149939 1 
19 19 56 0 0.045 0.0144132 1 
20 19 56 0.00118859 0.028 0.0135833 2 
21 19 56 0 0.012 0.0131248 1 
22 19 56 0.0196511 0.008 0.0117424 19 
23 19 56 0 0.02 0.0105853 1 
24 19 56 0 0.03 0.0155402 1 
25 19 56 0.00102012 0.021 0.0150874 2 
26 19 56 0.0013601 0.048 0.0164419 2 
27 19 56 0.0428 0.004 0.0125572 34 
28 19 56 6.61978e-07 0.034 0.0142487 2 
29 19 56 0 0.031 0.0121047 1 
30 19 56 0 0.005 0.016581 1 
31 19 56 1.28316e-05 0.028 0.0151141 2 
32 19 56 0.0013162 0.001 0.0129317 3 
0 19 57 0 0.006 0.0136822 1 
1 19 57 0.00160202 0.002 0.0137688 2 
2 19 57 0 0.003 0.0124558 1 
3 19 57 0 0.045 0.01445 1 
4 19 57 0.00019482 0.044 0.0192638 2 
5 19 57 0 0.014 0.0145179 1 
6 19 57 0 0.038 0.0173882 1 
7 19 57 0 0.031 0.0139367 1 
8 19 57 0 0.037 0.0134922 1 
9 19 57 0 0.028 0.0120138 1 
10 19 57 0.0106992 0.027 0.0178001 9 
11 19 57 0.0019005 0.011 0.0125392 3 
12 19 57 0 0.005 0.0173126 1 
13 19 57 8.97796e-05 0.004 0.0140912 3 
14 19 57 0.0178188 0.013 0.0104218 10 
15 19 57 0 0.041 0.0141027 1 
16 19 57 0 0.012 0.0164728 1 
17 19 57 0 0.044 0.0125402 1 
18 19 57 0 0.005 0.0153768 1 
19 19 57 0.00981853 0.043 0.0172389 3 
20 19 57 0 0.039 0.0153795 1 
21 19 57 0.00147444 0.002 0.0132325 4 
22 19 57 0 0.048 0.0126626 1 
23 19 57 0.0028001 0.009 0.0132778 2 
24 19 57 0 0.015 0.0149167 1 
25 19 57 0.0397787 0.004 0.0207639 35 
26 19 57 0.00874026 0.002 0.0142417 9 
27 19 57 0 0.007 0.0139727 1 
28 19 57 0 0.046 0.0143905 1 
29 19 57 0 0.048 0.0163581 1 
30 19 57 0 0.043 0.0119689 1 
31 19 57 0 0.041 0.0160754 1 
32 19 57 0 0.008 0.0128373 1 
0 19 58 6.10511e-05 0.004 0.0168902 2 
1 19 58 0.00154737 0.022 0.0163624 2 
2 19 58 1.68761e-06 0.005 0.0172852 2 
3 19 58 0.000136579 0.007 0.0122874 2 
4 19 58 0.0153538 0.038 0.0321431 1 
5 19 58 0 0.023 0.0157398 1 
6 19 58 0 0.018 0.0171276 1 
7 19 58 0 0.009 0.016568 1 
8 19 58 0.00142832 0.008 0.0208027 3 
9 19 58 4.9284e-05 0.014 0.0156212 2 
10 19 58 0 0.038 0.0129563 1 
11 19 58 0.0018085 0.017 0.0149691 3 
12 19 58 0 0.019 0.0147815 1 
13 19 58 0.00401095 0.005 0.0148183 11 
14 19 58 0 0.019 0.010719 1 
15 19 58 0 0.016 0.0116913 2 
16 19 58 0 0.03 0.0160234 1 
17 19 58 0 0.007 0.0111676 1 
18 19 58 0 0.035 0.0157989 1 
19 19 58 0.000115527 0.013 0.0149116 2 
20 19 58 0.0119191 0.006 0.0133323 7 
21 19 58 0.000936158 0.002 0.0142877 2 
22 19 58 0 0.01 0.0165254 1 
23 19 58 0 0.011 0.0116836 1 
24 19 58 6.76871e-07 0.009 0.0192254 2 
25 19 58 0 0.03 0.010671 1 
26 19 58 0.0139633 0.013 0.0143801 6 
27 19 58 0 0.019 0.0142958 1 
28 19 58 0 0.036 0.00941384 1 
29 19 58 2.69835e-06 0.045 0.0162204 2 
30 19 58 0 0.037 0.0142428 1 
31 19 58 1.27729e-05 0.032 0.0140608 2 
32 19 58 0.00108779 0.02 0.0140189 3 
0 19 59 0.00842802 0.015 0.0174611 5 
1 19 59 0 0.004 0.0127008 1 
2 19 59 0 0.002 0.0128307 2 
3 19 59 0 0.032 0.0168533 1 
4 19 59 0 0.011 0.0107787 1 
5 19 59 0.0164691 0.03 0.0574289 1 
6 19 59 0 0.02 0.0171463 1 
7 19 59 0.00186072 0.031 0.0129943 2 
8 19 59 0 0.032 0.0135261 1 
9 19 59 0 0.023 0.0128686 1 
10 19 59 0 0.043 0.0143518 1 
11 19 59 0 0.018 0.0145456 1 
12 19 59 0 0.049 0.0167744 1 
13 19 59 0 0.02 0.014057 1 
14 19 59 0.000747341 0.027 0.0160415 2 
15 19 59 0 0.037 0.0159498 1 
16 19 59 0 0.04 0.01492 1 
17 19 59 0.0151067 0.011 0.0174423 19 
18 19 59 0 0.01 0.0111941 1 
19 19 59 9.22658e-06 0.007 0.0143533 2 
20 19 59 0.00931404 0.008 0.0106595 10 
21 19 59 0 0.029 0.0139601 1 
22 19 59 0 0.04 0.0135826 1 
23 19 59 0 0.039 0.0163657 1 
24 19 59 0 0.044 0.0133857 1 
25 19 59 0.0498042 0.001 0.0160872 60 
26 19 59 0 0.047 0.0140277 1 
27 19 59 0 0.016 0.0119526 1 
28 19 59 1.00085e-06 0.03 0.015358 2 
29 19 59 0.000654165 0.033 0.0118135 2 
30 19 59 0 0.009 0.014612 1 
31 19 59 1.75341e-05 0.004 0.0130491 2 
32 19 59 0 0.044 0.0119408 1 
0 19 60 0 0.037 0.0159669 1 
1 19 60 0.00442184 0.005 0.0133948 8 
2 19 60 0 0.003 0.0150004 1 
3 19 60 0 0.012 0.0185462 1 
4 19 60 3.13628e-05 0.034 0.0121712 2 
5 19 60 0.00116561 0.02 0.0161068 3 
6 19 60 0 0.049 0.0138786 1 
7 19 60 0 0.006 0.0169024 3 
8 19 60 0.000690348 0.018 0.0135042 2 
9 19 60 0 0.042 0.0178992 1 
10 19 60 0.00388621 0.014 0.0132192 2 
11 19 60 0 0.037 0.0143981 1 
12 19 60 0.00244482 0.005 0.0194748 4 
13 19 60 0 0.015 0.0121164 1 
14 19 60 0 0.035 0.015522 1 
15 19 60 0 0.042 0.0142628 1 
16 19 60 0 0.004 0.0171456 1 
17 19 60 0.000839839 0.003 0.0147578 2 
18 19 60 0 0.034 0.0138353 1 
19 19 60 0 0.035 0.0103394 1 
20 19 60 0.000326967 0.003 0.0118311 2 
21 19 60 0 0.049 0.0152716 1 
22 19 60 0 0.031 0.0149908 1 
23 19 60 0.00394325 0.002 0.0143917 3 
24 19 60 0 0.031 0.0148526 1 
25 19 60 0.0031994 0.016 0.0181973 7 
26 19 60 0 0.042 0.0157203 1 
27 19 60 0.0451645 0.004 0.016448 38 
28 19 60 6.86323e-07 0.042 0.0124105 2 
29 19 60 2.71846e-06 0.049 0.0165584 2 
30 19 60 0 0.032 0.0113629 1 
31 19 60 3.65139e-05 0.037 0.0143721 4 
32 19 60 0 0.036 0.0138014 1 
