0 1 0 0.00143436 0.035 0.0111223 1 
1 1 0 1 0.001 0.0255445 2 
2 1 0 0.00143436 0.04 0.0139852 1 
3 1 0 0.00143436 0.01 0.0109493 1 
4 1 0 0.00143436 0.015 0.0137291 2 
5 1 0 3.55695e-05 0.041 0.0314564 1 
6 1 0 0.00213129 0.012 0.0123153 2 
7 1 0 0.00398759 0.023 0.0127296 2 
8 1 0 0.00159851 0.045 0.00867048 3 
9 1 0 0.209396 0.043 0.0116652 3 
10 1 0 0 0.041 0.0204773 1 
11 1 0 0.00111529 0.013 0.014222 2 
12 1 0 0.00143436 0.025 0.0145119 1 
13 1 0 0.00143436 0.044 0.014464 1 
14 1 0 0.00143436 0.041 0.0154699 1 
15 1 0 0.000977863 0.028 0.0135392 1 
16 1 0 0.000977863 0.034 0.011037 1 
17 1 0 0.00143436 0.018 0.0101317 1 
18 1 0 0.00143436 0.019 0.0145008 1 
19 1 0 0.00146121 0.002 0.00764477 2 
20 1 0 0.00775964 0.043 0.0123968 3 
21 1 0 0.00164253 0.012 0.0125627 2 
22 1 0 0.241656 0.01 0.0142427 4 
23 1 0 0.00143436 0.034 0.0120099 1 
24 1 0 0.000521055 0.016 0.0152804 2 
25 1 0 0.0257799 0.006 0.0151364 21 
26 1 0 0.00146449 0.005 0.010804 2 
27 1 0 0.0132271 0.017 0.0140413 15 
28 1 0 0.00150378 0.04 0.00899737 1 
29 1 0 0.00203545 0.024 0.0156417 2 
30 1 0 0.00143436 0.046 0.0150636 1 
31 1 0 0.00143436 0.026 0.0179366 1 
32 1 0 0.00143436 0.048 0.0126754 1 
0 1 1 0 0.001 0.0130299 1 
1 1 1 0 0.036 0.0118749 1 
2 1 1 0 0.025 0.013583 1 
3 1 1 0 0.007 0.0120558 1 
4 1 1 0 0.026 0.0132317 1 
5 1 1 0 0.022 0.014846 1 
6 1 1 0 0.045 0.013749 1 
7 1 1 0 0.029 0.0105491 1 
8 1 1 0.00533218 0.038 0.0244528 1 
9 1 1 0 0.018 0.0128029 2 
10 1 1 0 0.048 0.011091 1 
11 1 1 0 0.043 0.00872433 1 
12 1 1 0.00180079 0.024 0.0129921 6 
13 1 1 0.00533437 0.016 0.00987271 5 
14 1 1 0.0301513 0.001 0.0125207 40 
15 1 1 0.0014438 0.042 0.0133197 1 
16 1 1 0 0.02 0.0152574 1 
17 1 1 0.00258411 0.031 0.0104128 2 
18 1 1 0.000527915 0.037 0.0104 1 
19 1 1 1.21346e-06 0.03 0.0128967 2 
20 1 1 0.00301522 0.026 0.0114505 4 
21 1 1 0.00133336 0.024 0.0124083 2 
22 1 1 0.00944685 0.011 0.0130731 14 
23 1 1 0.00134785 0.003 0.014471 2 
24 1 1 0 0.048 0.0111519 1 
25 1 1 0 0.042 0.0132506 1 
26 1 1 0 0.027 0.0125333 1 
27 1 1 0 0.04 0.0124984 1 
28 1 1 0 0.04 0.0136433 1 
29 1 1 0 0.022 0.00922983 1 
30 1 1 0 0.013 0.0134309 1 
31 1 1 0 0.042 0.0146101 1 
32 1 1 0.000647433 0.02 0.0146815 2 
0 1 2 0.0349414 0.001 0.0138805 68 
1 1 2 0 0.033 0.0141925 1 
2 1 2 0.00205076 0.04 0.0144798 1 
3 1 2 0.00138667 0.008 0.0147816 4 
4 1 2 0 0.008 0.0126593 1 
5 1 2 0.000230075 0.048 0.010779 3 
6 1 2 0.00112859 0.035 0.0160385 1 
7 1 2 0 0.037 0.0118835 1 
8 1 2 8.61377e-05 0.031 0.00876245 2 
9 1 2 0.00397931 0.025 0.0124124 6 
10 1 2 0 0.039 0.0370649 1 
11 1 2 0 0.003 0.0133851 1 
12 1 2 0.0259403 0.023 0.0163431 16 
13 1 2 0 0.049 0.00988224 1 
14 1 2 0 0.032 0.0113962 1 
15 1 2 0 0.04 0.0145198 1 
16 1 2 0 0.008 0.015036 1 
17 1 2 0 0.035 0.0138835 1 
18 1 2 0 0.033 0.0134628 1 
19 1 2 0 0.03 0.0111575 1 
20 1 2 0.00202162 0.008 0.0106184 3 
21 1 2 0.00390567 0.017 0.0146245 5 
22 1 2 0.00638752 0.002 0.0115725 8 
23 1 2 0 0.008 0.0110705 1 
24 1 2 0.00144257 0.031 0.0130747 1 
25 1 2 0 0.027 0.0128872 1 
26 1 2 0.00370145 0.009 0.0104874 6 
27 1 2 0.00661816 0.021 0.0119949 2 
28 1 2 0.00053402 0.044 0.0197835 2 
29 1 2 0.0010968 0.038 0.014327 2 
30 1 2 0 0.011 0.0121915 1 
31 1 2 0.00313133 0.019 0.0122732 1 
32 1 2 0.00748575 0.004 0.0126551 8 
0 1 3 0 0.028 0.0139974 1 
1 1 3 0 0.025 0.0117636 1 
2 1 3 0 0.001 0.0108335 1 
3 1 3 0.0260984 0.006 0.0152664 33 
4 1 3 0 0.026 0.0138884 1 
5 1 3 0.00271757 0.019 0.0152058 3 
6 1 3 0.00157557 0.019 0.0171745 2 
7 1 3 0.00454525 0.001 0.0154931 5 
8 1 3 0 0.035 0.0127276 1 
9 1 3 0.00604612 0.023 0.0086207 9 
10 1 3 0 0.035 0.0157314 1 
11 1 3 0.000596873 0.038 0.0114725 2 
12 1 3 0 0.04 0.0132491 1 
13 1 3 0 0.035 0.015163 1 
14 1 3 0.00072027 0.006 0.0128246 2 
15 1 3 0 0.01 0.0152243 1 
16 1 3 0 0.021 0.0146978 1 
17 1 3 0 0.043 0.0118451 1 
18 1 3 0 0.017 0.0128999 1 
19 1 3 0 0.011 0.0126023 1 
20 1 3 0.00188307 0.002 0.0137899 6 
21 1 3 0.00224593 0.017 0.0141643 2 
22 1 3 0.00139057 0.007 0.0133274 2 
23 1 3 0 0.018 0.0150058 1 
24 1 3 0 0.047 0.011729 2 
25 1 3 0 0.011 0.0133789 1 
26 1 3 7.89636e-05 0.003 0.0107987 3 
27 1 3 0 0.031 0.0106426 1 
28 1 3 0 0.002 0.010966 1 
29 1 3 0 0.021 0.0144036 1 
30 1 3 0.0191721 0.002 0.0114045 23 
31 1 3 0.00358694 0.046 0.0134685 1 
32 1 3 0.00352229 0.018 0.0133443 9 
0 1 4 0.00272419 0.009 0.0137707 3 
1 1 4 0.00210982 0.002 0.0143974 2 
2 1 4 0 0.01 0.0152218 1 
3 1 4 0 0.042 0.0124075 1 
4 1 4 0.00310246 0.021 0.0123362 2 
5 1 4 0 0.048 0.0135321 1 
6 1 4 0 0.029 0.0145851 1 
7 1 4 0.00468832 0.019 0.0168302 2 
8 1 4 0 0.005 0.013168 1 
9 1 4 0.000890021 0.01 0.00900691 5 
10 1 4 0 0.004 0.0100393 1 
11 1 4 0.00187599 0.024 0.0113165 3 
12 1 4 0 0.005 0.0146853 1 
13 1 4 0.00646225 0.005 0.0106579 15 
14 1 4 0 0.004 0.015797 1 
15 1 4 0 0.007 0.0138081 1 
16 1 4 0 0.041 0.0145604 1 
17 1 4 0 0.012 0.00915529 1 
18 1 4 0 0.013 0.0126685 1 
19 1 4 0.00221479 0.011 0.0140982 11 
20 1 4 0 0.037 0.01322 1 
21 1 4 0.000890965 0.026 0.0147503 2 
22 1 4 0 0.031 0.0145349 1 
23 1 4 0 0.036 0.0133258 1 
24 1 4 0 0.046 0.0136669 1 
25 1 4 0.000636671 0.016 0.0148282 2 
26 1 4 0.0177401 0.004 0.0123258 18 
27 1 4 0.00123648 0.017 0.0142214 6 
28 1 4 0.00145077 0.015 0.0131629 1 
29 1 4 7.17494e-05 0.022 0.0147576 1 
30 1 4 0 0.003 0.0142991 1 
31 1 4 0.00214882 0.038 0.0126255 1 
32 1 4 0 0.034 0.0136204 1 
0 1 5 0 0.016 0.0115028 1 
1 1 5 0.0267522 0.005 0.0120051 27 
2 1 5 0.00154358 0.003 0.0117501 1 
3 1 5 0.0071767 0.011 0.0172382 10 
4 1 5 0.0027484 0.004 0.0122978 2 
5 1 5 0 0.012 0.00987688 1 
6 1 5 0.000618626 0.035 0.0107466 1 
7 1 5 0 0.037 0.0131036 1 
8 1 5 0.00336091 0.038 0.0133895 1 
9 1 5 0.00259714 0.013 0.0122819 4 
10 1 5 0.0016697 0.034 0.0449216 1 
11 1 5 0.0032521 0.02 0.0158923 3 
12 1 5 0.0901813 0.001 0.0135409 65 
13 1 5 0 0.021 0.0127592 1 
14 1 5 0.00900252 0.004 0.0148972 23 
15 1 5 0 0.049 0.0103336 1 
16 1 5 0 0.036 0.00913582 2 
17 1 5 0 0.033 0.0129719 1 
18 1 5 0 0.031 0.017243 2 
19 1 5 0 0.004 0.0139901 1 
20 1 5 0.00249092 0.007 0.00928457 4 
21 1 5 0 0.043 0.0137223 1 
22 1 5 0 0.038 0.0145186 1 
23 1 5 0.00803895 0.006 0.00917269 11 
24 1 5 0 0.032 0.0156745 1 
25 1 5 0 0.013 0.012853 1 
26 1 5 0 0.034 0.0113687 1 
27 1 5 5.22611e-06 0.018 0.00944941 2 
28 1 5 0 0.039 0.0134936 1 
29 1 5 0.000538815 0.012 0.0160226 1 
30 1 5 0.00649332 0.039 0.0110518 6 
31 1 5 0.00264231 0.007 0.0146928 1 
32 1 5 0.0173763 0.006 0.0112059 22 
0 1 6 0 0.038 0.0112357 1 
1 1 6 0 0.018 0.0103773 1 
2 1 6 0 0.013 0.00994878 1 
3 1 6 0 0.048 0.0109947 1 
4 1 6 0.00270438 0.011 0.0118866 2 
5 1 6 0.00385897 0.043 0.0196358 4 
6 1 6 0.00109562 0.041 0.00955935 1 
7 1 6 0.000316041 0.017 0.0129254 2 
8 1 6 0.00396232 0.036 0.0224801 1 
9 1 6 0.00398823 0.017 0.0145416 5 
10 1 6 0 0.005 0.0112721 1 
11 1 6 0 0.016 0.0151633 1 
12 1 6 0.0140043 0.005 0.0151597 14 
13 1 6 0 0.035 0.0129269 1 
14 1 6 0 0.035 0.0135251 1 
15 1 6 0 0.016 0.0143021 1 
16 1 6 0 0.025 0.0142497 1 
17 1 6 0 0.045 0.0128952 1 
18 1 6 0 0.013 0.0124154 1 
19 1 6 0.000513231 0.049 0.0114566 2 
20 1 6 0.0148278 0.02 0.0149577 7 
21 1 6 0.00189107 0.015 0.0150131 2 
22 1 6 0 0.007 0.00997975 1 
23 1 6 0.00570664 0.016 0.0134265 6 
24 1 6 1.11931e-06 0.043 0.0128424 2 
25 1 6 0 0.042 0.0150477 1 
26 1 6 0.0049999 0.035 0.01387 4 
27 1 6 0.0086097 0.034 0.0116117 4 
28 1 6 0 0.017 0.0137259 1 
29 1 6 0.00100819 0.024 0.0139213 1 
30 1 6 0 0.008 0.0133218 1 
31 1 6 0.00405972 0.002 0.0119665 3 
32 1 6 0.0103928 0.031 0.0145586 7 
0 1 7 0 0.02 0.0140388 1 
1 1 7 0.00342759 0.02 0.0125101 5 
2 1 7 0.000544349 0.016 0.0114837 1 
3 1 7 0 0.049 0.0131155 1 
4 1 7 0.000123556 0.049 0.0135811 2 
5 1 7 0 0.046 0.0491103 1 
6 1 7 0.00155615 0.01 0.010732 1 
7 1 7 0 0.024 0.011634 1 
8 1 7 0.0023635 0.042 0.0218427 1 
9 1 7 0.000919335 0.002 0.0117804 3 
10 1 7 0.00429869 0.037 0.013725 6 
11 1 7 0.000545919 0.012 0.0131633 2 
12 1 7 0.00132668 0.041 0.0150485 2 
13 1 7 0 0.044 0.0165446 1 
14 1 7 0.0101655 0.027 0.015544 4 
15 1 7 0 0.01 0.0124558 1 
16 1 7 0 0.026 0.0142133 1 
17 1 7 0.00594191 0.019 0.0112584 6 
18 1 7 0 0.009 0.0128742 1 
19 1 7 0.0347871 0.003 0.010701 29 
20 1 7 0.00464887 0.032 0.0127631 6 
21 1 7 0.000422863 0.023 0.0118875 3 
22 1 7 0.000165503 0.003 0.0123087 2 
23 1 7 0 0.015 0.0117789 1 
24 1 7 7.71323e-06 0.03 0.0165721 2 
25 1 7 0.047191 0.002 0.0126532 46 
26 1 7 0 0.04 0.0128582 1 
27 1 7 0.0105096 0.009 0.0135027 12 
28 1 7 0 0.02 0.0125285 1 
29 1 7 0.00147113 0.002 0.0133813 2 
30 1 7 0.0177679 0.016 0.0121577 11 
31 1 7 0.00164418 0.023 0.0126994 1 
32 1 7 0 0.043 0.0127918 1 
0 1 8 0.00842212 0.021 0.0177832 15 
1 1 8 0.00685741 0.036 0.0135618 5 
2 1 8 0.0010053 0.02 0.012983 1 
3 1 8 0 0.013 0.0137785 1 
4 1 8 0 0.034 0.0135879 1 
5 1 8 0 0.022 0.0122228 1 
6 1 8 7.98542e-05 0.02 0.0136481 1 
7 1 8 0 0.011 0.0133621 1 
8 1 8 0 0.014 0.010916 1 
9 1 8 0 0.043 0.0114937 1 
10 1 8 0 0.023 0.0136007 1 
11 1 8 0.00100687 0.046 0.0148039 2 
12 1 8 0 0.021 0.01139 1 
13 1 8 0 0.001 0.0109272 1 
14 1 8 0 0.02 0.0139249 1 
15 1 8 0 0.047 0.0152677 1 
16 1 8 0 0.035 0.0118764 1 
17 1 8 0 0.042 0.0138124 1 
18 1 8 0 0.025 0.0125046 1 
19 1 8 0 0.023 0.00821778 1 
20 1 8 0 0.024 0.0111639 1 
21 1 8 0.00281135 0.042 0.0146435 2 
22 1 8 0.00277421 0.038 0.0142986 4 
23 1 8 0.00598525 0.009 0.0117331 8 
24 1 8 1.12072e-06 0.001 0.0126543 2 
25 1 8 0.00374161 0.013 0.0142778 2 
26 1 8 0 0.011 0.0115091 1 
27 1 8 0 0.002 0.0127062 1 
28 1 8 0 0.042 0.01464 1 
29 1 8 0 0.032 0.0123324 2 
30 1 8 0.00333874 0.01 0.0163987 3 
31 1 8 0.00394102 0.025 0.0134799 3 
32 1 8 9.37708e-06 0.038 0.0105224 2 
0 1 9 0.0433698 0.003 0.0162273 50 
1 1 9 0 0.035 0.0105401 1 
2 1 9 0 0.039 0.0153415 1 
3 1 9 0 0.004 0.0123132 1 
4 1 9 0.0027433 0.015 0.0117398 6 
5 1 9 0 0.024 0.0130343 1 
6 1 9 0.000549922 0.027 0.00923724 1 
7 1 9 0 0.004 0.0121827 1 
8 1 9 0 0.044 0.00995441 1 
9 1 9 0.00170695 0.04 0.0114875 3 
10 1 9 0 0.033 0.0123654 1 
11 1 9 0.00235759 0.012 0.008775 3 
12 1 9 0 0.016 0.0117497 1 
13 1 9 0.00388995 0.007 0.0108541 7 
14 1 9 0.0140052 0.011 0.0124246 20 
15 1 9 0 0.031 0.0133059 1 
16 1 9 0 0.014 0.0121162 1 
17 1 9 0.0249919 0.02 0.0162254 16 
18 1 9 0 0.028 0.0132716 1 
19 1 9 0.000516312 0.016 0.0103648 2 
20 1 9 0.00225883 0.014 0.0125166 6 
21 1 9 0 0.035 0.0120547 1 
22 1 9 0.0112916 0.02 0.0128393 8 
23 1 9 0 0.005 0.011121 1 
24 1 9 0 0.032 0.012133 1 
25 1 9 0 0.047 0.0117463 1 
26 1 9 0 0.022 0.0146785 1 
27 1 9 0.0432219 0.002 0.0155002 54 
28 1 9 0 0.012 0.0155198 1 
29 1 9 0 0.046 0.0103031 1 
30 1 9 0.00169989 0.006 0.012062 2 
31 1 9 0 0.033 0.017546 1 
32 1 9 0 0.011 0.0125693 1 
0 1 10 0 0.045 0.0146541 1 
1 1 10 0 0.006 0.0110795 1 
2 1 10 0 0.011 0.0171437 1 
3 1 10 0.00324658 0.01 0.0117497 4 
4 1 10 0 0.044 0.0122233 1 
5 1 10 0.000102508 0.013 0.0107736 3 
6 1 10 0.00102231 0.017 0.00925782 1 
7 1 10 0.00103265 0.014 0.0147047 3 
8 1 10 0.00194381 0.021 0.0316536 1 
9 1 10 0 0.035 0.0109516 1 
10 1 10 0.00447658 0.043 0.0377254 1 
11 1 10 0.00140366 0.042 0.0132847 3 
12 1 10 0 0.023 0.013978 1 
13 1 10 0.000820454 0.01 0.0139291 2 
14 1 10 0.00131829 0.027 0.0149744 3 
15 1 10 0 0.04 0.0142083 1 
16 1 10 0 0.001 0.011992 1 
17 1 10 0 0.001 0.0135402 1 
18 1 10 0 0.033 0.0163113 1 
19 1 10 0 0.034 0.0144974 1 
20 1 10 0 0.002 0.0125209 1 
21 1 10 0.00376512 0.042 0.0173588 1 
22 1 10 0.0042184 0.001 0.0109281 2 
23 1 10 0 0.038 0.0132667 1 
24 1 10 0 0.028 0.0115069 1 
25 1 10 0.0124249 0.006 0.0144036 18 
26 1 10 0.00623141 0.001 0.0109946 6 
27 1 10 0.00684534 0.046 0.0101236 3 
28 1 10 0 0.008 0.0124121 1 
29 1 10 0 0.028 0.0156089 1 
30 1 10 0 0.031 0.0110894 1 
31 1 10 0.00558768 0.036 0.0115937 3 
32 1 10 2.13534e-07 0.02 0.0123013 2 
0 1 11 0 0.009 0.0112107 1 
1 1 11 0 0.042 0.0114148 1 
2 1 11 0 0.019 0.0118196 1 
3 1 11 0 0.021 0.0121142 1 
4 1 11 0 0.046 0.0134827 1 
5 1 11 0 0.002 0.0129546 1 
6 1 11 0.00148578 0.028 0.00993677 1 
7 1 11 0 0.004 0.0129277 1 
8 1 11 0 0.047 0.0134888 1 
9 1 11 0.00675529 0.033 0.0130677 7 
10 1 11 0 0.03 0.0156913 1 
11 1 11 0.00355486 0.038 0.0159933 4 
12 1 11 0 0.009 0.0167665 1 
13 1 11 0.00555949 0.029 0.0101751 8 
14 1 11 0 0.019 0.0185283 1 
15 1 11 0 0.015 0.0118001 1 
16 1 11 0 0.047 0.0104123 1 
17 1 11 0 0.004 0.00996458 1 
18 1 11 0 0.02 0.0148656 1 
19 1 11 0.00933179 0.032 0.0116199 8 
20 1 11 0.00199906 0.032 0.0130504 3 
21 1 11 0.000411379 0.003 0.0126051 2 
22 1 11 0.0244025 0.003 0.0120221 39 
23 1 11 0 0.036 0.0141972 1 
24 1 11 0 0.01 0.0130935 1 
25 1 11 0 0.047 0.0108183 1 
26 1 11 0 0.047 0.0140938 1 
27 1 11 0 0.047 0.0143401 1 
28 1 11 7.84596e-06 0.019 0.0129566 2 
29 1 11 0 0.003 0.0145581 1 
30 1 11 0 0.042 0.0129037 1 
31 1 11 3.41391e-06 0.001 0.010892 2 
32 1 11 0.00200763 0.017 0.0151735 3 
0 1 12 0 0.033 0.0152278 1 
1 1 12 0 0.02 0.0101504 1 
2 1 12 0 0.049 0.014523 1 
3 1 12 0 0.038 0.0121664 1 
4 1 12 0.000553412 0.013 0.0109969 2 
5 1 12 0.00240183 0.029 0.0274808 1 
6 1 12 0 0.013 0.0135284 2 
7 1 12 0.000989533 0.002 0.0118364 2 
8 1 12 0.00286984 0.035 0.0208337 1 
9 1 12 0 0.024 0.0112629 1 
10 1 12 0 0.008 0.0141322 1 
11 1 12 0.00174624 0.048 0.0157925 6 
12 1 12 0 0.004 0.0116875 1 
13 1 12 0 0.01 0.00956421 1 
14 1 12 0 0.025 0.0162315 1 
15 1 12 0 0.034 0.0146378 1 
16 1 12 0 0.013 0.0103034 1 
17 1 12 0.00100058 0.006 0.0124448 2 
18 1 12 0 0.037 0.0124215 1 
19 1 12 0 0.045 0.0112011 1 
20 1 12 0.0052817 0.022 0.0144168 5 
21 1 12 0.000159796 0.025 0.0132956 2 
22 1 12 0 0.034 0.0130426 1 
23 1 12 0 0.018 0.0147238 1 
24 1 12 0 0.007 0.0151449 1 
25 1 12 0 0.009 0.0114201 1 
26 1 12 0 0.033 0.0128283 1 
27 1 12 0.00838617 0.014 0.0160507 8 
28 1 12 0.00156408 0.029 0.0130339 3 
29 1 12 0 0.021 0.0108201 1 
30 1 12 0 0.038 0.00881703 1 
31 1 12 0 0.002 0.0106756 1 
32 1 12 0 0.015 0.013005 1 
0 1 13 0.0083038 0.002 0.0135508 10 
1 1 13 0.0131422 0.021 0.0115898 10 
2 1 13 0 0.003 0.0154859 1 
3 1 13 0.00258373 0.016 0.0131684 18 
4 1 13 0.000243321 0.027 0.01124 2 
5 1 13 0 0.002 0.0140279 1 
6 1 13 0 0.031 0.0110094 1 
7 1 13 0.00137631 0.01 0.0141157 2 
8 1 13 0 0.026 0.0141629 1 
9 1 13 0 0.041 0.0147647 1 
10 1 13 0 0.043 0.0116079 1 
11 1 13 0 0.025 0.0103027 1 
12 1 13 8.67377e-05 0.008 0.0117817 2 
13 1 13 0 0.027 0.0116555 1 
14 1 13 0 0.008 0.0137303 1 
15 1 13 0 0.027 0.0105443 1 
16 1 13 0 0.004 0.0128202 1 
17 1 13 0.00515662 0.021 0.0119445 9 
18 1 13 0 0.01 0.0164317 1 
19 1 13 0 0.018 0.0137005 1 
20 1 13 0.0211992 0.002 0.0124239 14 
21 1 13 9.96517e-05 0.048 0.0130207 2 
22 1 13 0 0.008 0.0138571 2 
23 1 13 0 0.009 0.0113928 1 
24 1 13 0 0.022 0.0154863 1 
25 1 13 0 0.049 0.0117931 1 
26 1 13 0 0.024 0.0103968 1 
27 1 13 0 0.018 0.0130834 1 
28 1 13 0.00160072 0.039 0.0144584 3 
29 1 13 0 0.019 0.0134888 1 
30 1 13 0 0.01 0.0131633 1 
31 1 13 1.90858e-05 0.043 0.0135043 2 
32 1 13 0 0.046 0.0152963 1 
0 1 14 0 0.049 0.0116745 1 
1 1 14 0 0.031 0.0146564 1 
2 1 14 0 0.01 0.010554 1 
3 1 14 0.0194978 0.006 0.0149763 20 
4 1 14 0 0.04 0.0163131 1 
5 1 14 0.00367392 0.021 0.0240853 1 
6 1 14 0 0.006 0.0117455 1 
7 1 14 0.000449413 0.03 0.0141604 2 
8 1 14 0 0.034 0.0129151 1 
9 1 14 0.000631069 0.011 0.0105896 2 
10 1 14 0 0.021 0.0116889 1 
11 1 14 0 0.042 0.0154811 1 
12 1 14 1.61819e-06 0.021 0.0117445 2 
13 1 14 0.0151806 0.025 0.0128904 13 
14 1 14 0 0.018 0.0134297 1 
15 1 14 0 0.046 0.0101949 1 
16 1 14 0 0.044 0.0107342 1 
17 1 14 0 0.025 0.0069863 1 
18 1 14 0 0.013 0.0131799 1 
19 1 14 0 0.009 0.0128274 1 
20 1 14 0.00821551 0.027 0.0108681 2 
21 1 14 0.00112296 0.038 0.0134248 2 
22 1 14 0 0.026 0.0137284 1 
23 1 14 0.00563806 0.003 0.0109212 10 
24 1 14 0 0.039 0.0139502 1 
25 1 14 0.0254019 0.004 0.0130908 38 
26 1 14 0 0.029 0.0133392 1 
27 1 14 0 0.005 0.0120613 1 
28 1 14 0 0.047 0.0119685 1 
29 1 14 0 0.018 0.0144437 1 
30 1 14 0.00333912 0.024 0.0135601 2 
31 1 14 0.00103676 0.012 0.0159994 1 
32 1 14 0.0473608 0.003 0.0113742 41 
0 1 15 0.00640694 0.001 0.0123815 4 
1 1 15 0.00843649 0.036 0.0136486 4 
2 1 15 0 0.002 0.0132149 1 
3 1 15 0.053867 0.004 0.0125452 46 
4 1 15 2.71641e-05 0.045 0.012369 2 
5 1 15 0 0.044 0.0159096 1 
6 1 15 0 0.01 0.0172318 1 
7 1 15 0.0017904 0.012 0.0116796 4 
8 1 15 0 0.018 0.0125692 1 
9 1 15 0 0.005 0.0112801 1 
10 1 15 0 0.008 0.0128408 1 
11 1 15 0 0.045 0.0151373 1 
12 1 15 0 0.019 0.013054 1 
13 1 15 0.00365546 0.019 0.0130065 3 
14 1 15 0.000980204 0.022 0.0135111 2 
15 1 15 0 0.028 0.0130743 1 
16 1 15 0 0.003 0.0132038 1 
17 1 15 0 0.02 0.0122756 1 
18 1 15 0 0.013 0.0127426 1 
19 1 15 0.00783624 0.02 0.0124636 14 
20 1 15 0.00138487 0.015 0.0156244 8 
21 1 15 0 0.041 0.0137066 1 
22 1 15 0.0040757 0.021 0.013286 7 
23 1 15 0 0.02 0.0127948 1 
24 1 15 7.85007e-06 0.032 0.0152819 2 
25 1 15 0.035654 0.003 0.0110126 37 
26 1 15 0.0167546 0.023 0.0105322 14 
27 1 15 0.00677679 0.025 0.0163269 5 
28 1 15 0 0.016 0.0115212 1 
29 1 15 0 0.012 0.0165253 1 
30 1 15 0.00128872 0.001 0.0111 3 
31 1 15 0.00150307 0.045 0.0149186 1 
32 1 15 0 0.034 0.013511 1 
0 1 16 0 0.047 0.0109597 1 
1 1 16 0 0.018 0.0123405 1 
2 1 16 0 0.012 0.0145274 1 
3 1 16 0 0.041 0.0113853 1 
4 1 16 0.00498199 0.009 0.0483774 1 
5 1 16 4.31126e-05 0.028 0.0129481 2 
6 1 16 0 0.047 0.0107573 1 
7 1 16 0 0.034 0.0136435 1 
8 1 16 0.00115489 0.014 0.0158628 6 
9 1 16 0.000514181 0.038 0.0075939 2 
10 1 16 0 0.027 0.011588 1 
11 1 16 0 0.013 0.0105723 1 
12 1 16 0.00421325 0.002 0.0148054 6 
13 1 16 0.00206231 0.036 0.0119869 8 
14 1 16 0.0338399 0.002 0.0145733 44 
15 1 16 0 0.047 0.013119 1 
16 1 16 0 0.034 0.0177199 1 
17 1 16 0 0.009 0.0120956 1 
18 1 16 0 0.019 0.014165 1 
19 1 16 0.0193097 0.006 0.00963504 13 
20 1 16 0.000711708 0.014 0.0115862 3 
21 1 16 0 0.049 0.0166621 1 
22 1 16 0.00293576 0.039 0.0117633 2 
23 1 16 0.000660501 0.019 0.0107957 2 
24 1 16 0 0.047 0.0136566 1 
25 1 16 0 0.016 0.0130179 1 
26 1 16 0.00136376 0.004 0.0118735 4 
27 1 16 0 0.016 0.0130825 1 
28 1 16 0 0.043 0.0126121 1 
29 1 16 0 0.046 0.0143177 1 
30 1 16 0 0.041 0.0138178 1 
31 1 16 0 0.02 0.014731 1 
32 1 16 3.2561e-05 0.006 0.0127055 2 
0 1 17 0.00553353 0.027 0.0138535 5 
1 1 17 0 0.015 0.0105835 1 
2 1 17 0 0.032 0.0157264 1 
3 1 17 0 0.028 0.0162685 1 
4 1 17 5.26517e-05 0.035 0.0139827 2 
5 1 17 0.0018958 0.028 0.0114383 4 
6 1 17 0 0.01 0.0132863 1 
7 1 17 0.000418599 0.003 0.0133643 4 
8 1 17 0 0.007 0.0133737 1 
9 1 17 0 0.044 0.0150734 1 
10 1 17 0.00207328 0.036 0.0176409 5 
11 1 17 0 0.023 0.0178849 1 
12 1 17 0.000517764 0.021 0.0151384 2 
13 1 17 0.0157964 0.048 0.0147136 5 
14 1 17 0 0.017 0.0144171 1 
15 1 17 0 0.039 0.015932 1 
16 1 17 0 0.01 0.0195761 1 
17 1 17 0 0.041 0.0100936 1 
18 1 17 0 0.019 0.0122604 1 
19 1 17 0 0.014 0.0134455 1 
20 1 17 0.00650628 0.036 0.0127673 9 
21 1 17 0 0.033 0.0138545 1 
22 1 17 0.00147734 0.001 0.0151723 5 
23 1 17 0 0.022 0.0119947 1 
24 1 17 0 0.003 0.0128772 1 
25 1 17 0.00205625 0.022 0.0111727 2 
26 1 17 0 0.014 0.0121276 1 
27 1 17 0 0.017 0.0119995 1 
28 1 17 0 0.028 0.0119366 2 
29 1 17 0 0.037 0.0137868 1 
30 1 17 0 0.007 0.0135651 1 
31 1 17 0 0.012 0.0118443 1 
32 1 17 0 0.003 0.0141959 1 
0 1 18 0.00026796 0.025 0.0143461 2 
1 1 18 0 0.045 0.0153415 1 
2 1 18 0 0.034 0.0162172 2 
3 1 18 0 0.028 0.0153764 1 
4 1 18 0.00295576 0.027 0.0204561 5 
5 1 18 0 0.001 0.0125795 1 
6 1 18 0 0.001 0.013755 1 
7 1 18 0 0.001 0.0111075 1 
8 1 18 0 0.04 0.015023 1 
9 1 18 0.0179313 0.002 0.0122701 15 
10 1 18 0.00676001 0.046 0.0440535 1 
11 1 18 0 0.005 0.0124725 1 
12 1 18 0 0.021 0.0166888 1 
13 1 18 0 0.033 0.0161201 1 
14 1 18 0.00271634 0.011 0.00845368 2 
15 1 18 0 0.047 0.0152179 1 
16 1 18 0 0.005 0.0137288 1 
17 1 18 0.00471515 0.004 0.0111707 15 
18 1 18 0 0.009 0.00914822 1 
19 1 18 0.0105232 0.043 0.0105369 2 
20 1 18 0.00574423 0.003 0.0154206 9 
21 1 18 0 0.004 0.0117943 1 
22 1 18 0 0.044 0.0166032 1 
23 1 18 0 0.026 0.0160904 1 
24 1 18 0 0.027 0.0120643 1 
25 1 18 0 0.018 0.0131727 1 
26 1 18 0 0.035 0.0109549 1 
27 1 18 0 0.035 0.0114024 1 
28 1 18 0 0.04 0.0155433 1 
29 1 18 0 0.03 0.010117 1 
30 1 18 0 0.001 0.0137511 1 
31 1 18 0 0.019 0.0114394 1 
32 1 18 0.00113768 0.01 0.0124017 2 
0 1 19 0 0.005 0.0111476 1 
1 1 19 0.0020844 0.017 0.0125725 8 
2 1 19 0.00299215 0.02 0.013154 4 
3 1 19 0 0.046 0.0125153 1 
4 1 19 0 0.013 0.00984721 1 
5 1 19 0 0.009 0.0159329 1 
6 1 19 0 0.033 0.0176517 1 
7 1 19 0.00032345 0.004 0.0113575 2 
8 1 19 0 0.025 0.011499 1 
9 1 19 0 0.038 0.00827227 1 
10 1 19 0 0.043 0.0153691 1 
11 1 19 0 0.025 0.0132765 1 
12 1 19 0 0.048 0.0117565 1 
13 1 19 0.00288779 0.032 0.0120936 2 
14 1 19 0 0.037 0.0107644 1 
15 1 19 0 0.036 0.0125485 1 
16 1 19 0 0.013 0.0146649 1 
17 1 19 7.46653e-05 0.006 0.0096508 2 
18 1 19 0.00154091 0.012 0.0068708 3 
19 1 19 0 0.046 0.014258 1 
20 1 19 0 0.04 0.01253 1 
21 1 19 0.00011541 0.03 0.0129247 1 
22 1 19 0 0.027 0.0151974 1 
23 1 19 0.00186514 0.023 0.0122164 3 
24 1 19 0 0.035 0.0149625 1 
25 1 19 0 0.021 0.017811 1 
26 1 19 0 0.007 0.00795087 1 
27 1 19 0 0.012 0.0116096 1 
28 1 19 0 0.013 0.015384 1 
29 1 19 0 0.001 0.00951248 1 
30 1 19 0.00500982 0.017 0.0108289 7 
31 1 19 1.01156e-07 0.019 0.0130987 2 
32 1 19 0 0.04 0.0144849 1 
0 1 20 0.000829151 0.01 0.0136284 4 
1 1 20 0 0.016 0.0115512 1 
2 1 20 0.000991835 0.034 0.0131786 2 
3 1 20 0.0614475 0.001 0.0164273 68 
4 1 20 0 0.014 0.0135562 1 
5 1 20 0 0.049 0.0147986 1 
6 1 20 4.13459e-06 0.049 0.0128918 2 
7 1 20 0 0.021 0.0141765 1 
8 1 20 0 0.01 0.0122714 1 
9 1 20 0 0.019 0.0120905 1 
10 1 20 0 0.019 0.0140631 1 
11 1 20 0 0.045 0.0115822 1 
12 1 20 0.0311222 0.006 0.014305 23 
13 1 20 0 0.048 0.0121668 1 
14 1 20 0.0200022 0.005 0.0146558 18 
15 1 20 0 0.033 0.0138729 1 
16 1 20 0 0.048 0.0127348 1 
17 1 20 0.0153082 0.023 0.0146449 22 
18 1 20 0 0.022 0.0138568 1 
19 1 20 0 0.027 0.0119512 1 
20 1 20 0 0.03 0.0160942 1 
21 1 20 0.000612902 0.042 0.0151176 2 
22 1 20 0 0.008 0.014284 1 
23 1 20 0 0.022 0.0109703 1 
24 1 20 6.94471e-07 0.046 0.0130942 2 
25 1 20 0.0197441 0.015 0.0134436 14 
26 1 20 0 0.039 0.0127749 1 
27 1 20 0 0.015 0.0122418 1 
28 1 20 0 0.023 0.0151095 1 
29 1 20 0.0016366 0.018 0.0123875 3 
30 1 20 0 0.035 0.00998299 1 
31 1 20 0 0.019 0.0146393 1 
32 1 20 0.0038109 0.004 0.0153007 6 
0 1 21 0 0.024 0.0122884 1 
1 1 21 0 0.038 0.0130979 1 
2 1 21 0 0.025 0.0113144 1 
3 1 21 0.0296173 0.005 0.0150603 40 
4 1 21 0.00584819 0.025 0.0473292 1 
5 1 21 0 0.027 0.0127884 1 
6 1 21 0 0.022 0.0143954 1 
7 1 21 0.000318889 0.045 0.00914638 5 
8 1 21 0.00155939 0.031 0.0133139 2 
9 1 21 0 0.017 0.015324 1 
10 1 21 0 0.018 0.0117972 1 
11 1 21 0 0.001 0.0129633 1 
12 1 21 0.00117784 0.037 0.0122337 3 
13 1 21 0 0.027 0.0124713 1 
14 1 21 0.0218217 0.009 0.0143211 17 
15 1 21 0 0.049 0.0134881 1 
16 1 21 0 0.013 0.0122532 1 
17 1 21 0.000821462 0.024 0.0143299 2 
18 1 21 0 0.022 0.0121736 1 
19 1 21 0.00254021 0.011 0.0114674 2 
20 1 21 0.00183662 0.03 0.0146917 2 
21 1 21 0 0.024 0.01165 1 
22 1 21 0 0.033 0.0132041 1 
23 1 21 0 0.005 0.0115864 1 
24 1 21 0.00018822 0.047 0.0112969 2 
25 1 21 0 0.046 0.0157848 1 
26 1 21 0 0.041 0.0135286 1 
27 1 21 0 0.039 0.0155017 1 
28 1 21 7.4107e-07 0.041 0.0139699 2 
29 1 21 0 0.006 0.014106 1 
30 1 21 0 0.016 0.0120918 1 
31 1 21 0 0.007 0.0144703 1 
32 1 21 0 0.032 0.0115797 1 
0 1 22 0.00192474 0.013 0.0135774 7 
1 1 22 0 0.045 0.0132795 1 
2 1 22 1.34241e-05 0.046 0.0149529 2 
3 1 22 0 0.035 0.0115063 1 
4 1 22 0 0.024 0.0145525 1 
5 1 22 0 0.01 0.0126551 1 
6 1 22 0 0.003 0.0126014 1 
7 1 22 6.29665e-06 0.001 0.011687 2 
8 1 22 0.00197594 0.04 0.0303831 1 
9 1 22 0 0.033 0.0161496 1 
10 1 22 0 0.025 0.00979554 1 
11 1 22 0.00215046 0.041 0.0126772 3 
12 1 22 0.0362317 0.003 0.0135525 37 
13 1 22 0 0.027 0.0128484 1 
14 1 22 0 0.029 0.0144135 1 
15 1 22 0 0.004 0.0144492 1 
16 1 22 0 0.043 0.0113207 1 
17 1 22 0 0.047 0.016115 1 
18 1 22 0 0.041 0.0155777 1 
19 1 22 0 0.03 0.0134805 1 
20 1 22 0.000333786 0.022 0.0123798 2 
21 1 22 0.00160192 0.032 0.0147793 2 
22 1 22 0.0158587 0.006 0.0109452 21 
23 1 22 0 0.03 0.013211 1 
24 1 22 8.8957e-06 0.008 0.0109284 2 
25 1 22 0.00673434 0.016 0.0125879 17 
26 1 22 0 0.042 0.0136452 1 
27 1 22 0.0175294 0.001 0.0129467 11 
28 1 22 8.8957e-06 0.031 0.0139752 2 
29 1 22 0 0.047 0.0157241 1 
30 1 22 0 0.028 0.0156806 1 
31 1 22 0 0.032 0.0120612 1 
32 1 22 0.000731172 0.015 0.0123515 3 
0 1 23 0.000557785 0.017 0.013599 2 
1 1 23 0 0.023 0.0118148 1 
2 1 23 0 0.015 0.0128921 1 
3 1 23 0 0.001 0.0171206 1 
4 1 23 0 0.003 0.0106157 1 
5 1 23 4.88305e-05 0.049 0.0145946 2 
6 1 23 0 0.01 0.0166324 1 
7 1 23 0 0.028 0.0119677 1 
8 1 23 0 0.023 0.0149696 1 
9 1 23 0 0.029 0.0144885 1 
10 1 23 0 0.011 0.0160049 1 
11 1 23 0.00132354 0.005 0.0142908 3 
12 1 23 0 0.026 0.0119065 1 
13 1 23 0 0.04 0.0131986 1 
14 1 23 0 0.049 0.0135455 1 
15 1 23 0 0.048 0.0125059 1 
16 1 23 0 0.046 0.0153906 1 
17 1 23 0 0.032 0.0131059 1 
18 1 23 7.85676e-07 0.029 0.0139675 2 
19 1 23 0.000708874 0.018 0.00938559 2 
20 1 23 0.0517305 0.038 0.012518 6 
21 1 23 0 0.049 0.0134449 1 
22 1 23 0.00299663 0.007 0.0116433 8 
23 1 23 0 0.036 0.0113467 1 
24 1 23 0 0.041 0.0114502 1 
25 1 23 0 0.005 0.014939 1 
26 1 23 0.00985558 0.035 0.00815371 5 
27 1 23 0 0.02 0.0119019 1 
28 1 23 0 0.037 0.0141381 1 
29 1 23 0 0.034 0.013886 1 
30 1 23 0 0.026 0.0124974 1 
31 1 23 0 0.044 0.0171829 1 
32 1 23 0 0.035 0.0136269 1 
0 1 24 0 0.044 0.0148028 1 
1 1 24 0 0.004 0.0135929 1 
2 1 24 0 0.031 0.0143652 1 
3 1 24 0 0.001 0.014215 2 
4 1 24 0 0.036 0.0157159 1 
5 1 24 0 0.04 0.013885 1 
6 1 24 0 0.032 0.0154565 1 
7 1 24 0.00306525 0.021 0.0125927 5 
8 1 24 0 0.003 0.0102531 1 
9 1 24 0 0.036 0.0152817 1 
10 1 24 0 0.029 0.0134999 1 
11 1 24 0.00152679 0.039 0.0114421 3 
12 1 24 0 0.009 0.0125335 1 
13 1 24 0 0.028 0.0124395 1 
14 1 24 0 0.021 0.0138821 1 
15 1 24 0 0.03 0.0120927 1 
16 1 24 0 0.006 0.0121286 1 
17 1 24 0 0.008 0.0109906 1 
18 1 24 0 0.043 0.0151744 1 
19 1 24 0 0.043 0.0120215 1 
20 1 24 0.00343782 0.001 0.0106273 7 
21 1 24 0.00329043 0.019 0.0119826 2 
22 1 24 0.0152239 0.018 0.0145614 19 
23 1 24 0 0.026 0.0124825 1 
24 1 24 6.64163e-07 0.024 0.0180328 2 
25 1 24 0.00824602 0.032 0.00963917 10 
26 1 24 0 0.014 0.0131355 1 
27 1 24 0.00399067 0.022 0.0119038 5 
28 1 24 0 0.034 0.0126073 1 
29 1 24 0 0.049 0.0145914 1 
30 1 24 0.000414675 0.001 0.0112137 4 
31 1 24 0.00133664 0.045 0.013107 4 
32 1 24 0 0.007 0.0114052 1 
0 1 25 0 0.004 0.0138228 1 
1 1 25 0 0.027 0.0131129 1 
2 1 25 0 0.018 0.0162708 1 
3 1 25 0.0026567 0.008 0.0150574 9 
4 1 25 0.00141557 0.039 0.0409486 1 
5 1 25 0.00755665 0.033 0.0321819 1 
6 1 25 0 0.023 0.0100844 1 
7 1 25 0 0.041 0.0146407 1 
8 1 25 0 0.016 0.0105909 1 
9 1 25 0.0208149 0.003 0.0102254 40 
10 1 25 0.00479181 0.014 0.0115149 4 
11 1 25 0.00426285 0.017 0.0117079 5 
12 1 25 0.00448195 0.001 0.010369 6 
13 1 25 0 0.021 0.00949655 1 
14 1 25 0 0.048 0.0115249 1 
15 1 25 0 0.041 0.0121367 1 
16 1 25 0 0.015 0.0143127 1 
17 1 25 0 0.029 0.0117739 1 
18 1 25 0 0.04 0.0151446 1 
19 1 25 0 0.015 0.0144064 1 
20 1 25 0.000848609 0.001 0.0115726 2 
21 1 25 0 0.041 0.0135285 1 
22 1 25 0 0.018 0.0145406 1 
23 1 25 0.00157403 0.008 0.0137836 4 
24 1 25 0 0.049 0.0162294 2 
25 1 25 0.0520065 0.003 0.0119409 48 
26 1 25 0.0741042 0.001 0.0126038 70 
27 1 25 0 0.045 0.0147965 1 
28 1 25 0.00126737 0.033 0.00989377 3 
29 1 25 0 0.001 0.0152582 2 
30 1 25 0 0.001 0.0105964 1 
31 1 25 0 0.027 0.0140613 1 
32 1 25 0.0091396 0.009 0.0109483 7 
0 1 26 0.00335285 0.031 0.0110738 5 
1 1 26 0.00466576 0.027 0.0132257 3 
2 1 26 0.00100678 0.026 0.0138932 2 
3 1 26 0 0.002 0.0149449 1 
4 1 26 0.00415802 0.021 0.0120037 4 
5 1 26 0 0.016 0.0136993 1 
6 1 26 0 0.004 0.0173759 1 
7 1 26 0 0.043 0.0129229 1 
8 1 26 0.000660816 0.032 0.0116139 2 
9 1 26 0.0224073 0.003 0.0117604 28 
10 1 26 0.0055508 0.01 0.0149559 3 
11 1 26 0.00477049 0.018 0.0106959 5 
12 1 26 0 0.031 0.0128157 1 
13 1 26 0 0.032 0.0115606 1 
14 1 26 0 0.03 0.0144268 1 
15 1 26 0 0.037 0.0155464 1 
16 1 26 0 0.045 0.0143566 1 
17 1 26 0 0.002 0.0149685 1 
18 1 26 0 0.003 0.0114548 1 
19 1 26 0.0124338 0.02 0.0123763 9 
20 1 26 0.000543356 0.044 0.0114084 2 
21 1 26 0 0.023 0.014226 1 
22 1 26 0 0.036 0.0123656 1 
23 1 26 0.00977939 0.048 0.0150606 5 
24 1 26 0 0.048 0.011263 1 
25 1 26 0 0.04 0.013795 1 
26 1 26 0.0025599 0.033 0.00911969 2 
27 1 26 0 0.041 0.0144846 1 
28 1 26 0 0.044 0.013542 1 
29 1 26 0.00127214 0.008 0.0132199 3 
30 1 26 0.00422553 0.023 0.0113571 3 
31 1 26 0 0.046 0.0119042 1 
32 1 26 0.0044344 0.001 0.0101554 5 
0 1 27 0 0.024 0.0125773 1 
1 1 27 0 0.002 0.0141156 1 
2 1 27 0 0.006 0.0154138 2 
3 1 27 0.00609562 0.01 0.012358 12 
4 1 27 0.00236295 0.046 0.0395108 1 
5 1 27 0.00415066 0.017 0.0487967 1 
6 1 27 0 0.045 0.0133881 1 
7 1 27 0 0.038 0.0130595 1 
8 1 27 0 0.014 0.188229 3 
9 1 27 0 0.02 0.0087927 1 
10 1 27 0.000173441 0.029 0.0105653 2 
11 1 27 0 0.001 0.0126732 1 
12 1 27 0.00609195 0.035 0.0133915 8 
13 1 27 0.000846227 0.036 0.0127856 6 
14 1 27 0.00957604 0.004 0.0106226 16 
15 1 27 0 0.031 0.0147226 1 
16 1 27 0 0.029 0.00929505 1 
17 1 27 0 0.019 0.0108243 1 
18 1 27 0 0.039 0.0133045 1 
19 1 27 0.00648862 0.004 0.012109 12 
20 1 27 0 0.03 0.0189399 1 
21 1 27 0 0.032 0.0149552 1 
22 1 27 0.00427547 0.043 0.0114865 4 
23 1 27 0 0.025 0.0124378 1 
24 1 27 0 0.038 0.0162396 1 
25 1 27 0.00580439 0.037 0.00998989 3 
26 1 27 0.00046424 0.014 0.0144173 3 
27 1 27 0.00352413 0.016 0.0146942 7 
28 1 27 0 0.016 0.0147327 1 
29 1 27 0 0.035 0.0125365 1 
30 1 27 0 0.013 0.0121317 1 
31 1 27 0.000430596 0.013 0.0128413 2 
32 1 27 0 0.024 0.0151312 1 
0 1 28 0.040354 0.002 0.0116754 43 
1 1 28 0.000191113 0.003 0.0130328 2 
2 1 28 0 0.008 0.0127627 1 
3 1 28 0 0.033 0.0126452 1 
4 1 28 0.00283663 0.027 0.0377476 1 
5 1 28 0.000179248 0.007 0.011823 2 
6 1 28 0 0.049 0.0129775 1 
7 1 28 0.00279004 0.002 0.0132915 3 
8 1 28 0 0.004 0.0109252 1 
9 1 28 0.000559096 0.01 0.0154692 2 
10 1 28 0.00130128 0.005 0.0132706 3 
11 1 28 0 0.046 0.00947786 1 
12 1 28 0.00897665 0.002 0.00954135 10 
13 1 28 0.00667875 0.027 0.0129433 8 
14 1 28 0 0.005 0.0117017 1 
15 1 28 0 0.032 0.0149201 1 
16 1 28 0 0.018 0.0125361 1 
17 1 28 0 0.017 0.0126421 1 
18 1 28 0 0.039 0.0139748 1 
19 1 28 0.000435052 0.029 0.0121443 2 
20 1 28 0.00118144 0.012 0.0146415 2 
21 1 28 0 0.014 0.0132697 1 
22 1 28 0 0.004 0.0141802 1 
23 1 28 0.0182937 0.029 0.0129708 9 
24 1 28 0 0.015 0.0158862 1 
25 1 28 0.000202758 0.017 0.013271 3 
26 1 28 0 0.023 0.0112443 1 
27 1 28 0.0165316 0.006 0.0163055 16 
28 1 28 0 0.006 0.0130688 1 
29 1 28 5.00575e-05 0.042 0.0104936 2 
30 1 28 0 0.04 0.0129629 1 
31 1 28 0 0.031 0.0136399 1 
32 1 28 0.00837195 0.01 0.0126608 12 
0 1 29 0 0.03 0.0131083 1 
1 1 29 0 0.042 0.0127767 1 
2 1 29 0 0.037 0.0133605 1 
3 1 29 0 0.011 0.0137923 1 
4 1 29 0.000265603 0.028 0.00999332 4 
5 1 29 0 0.035 0.0138025 1 
6 1 29 0 0.021 0.0161403 1 
7 1 29 0.00742283 0.034 0.0124331 5 
8 1 29 0 0.018 0.0134498 1 
9 1 29 0 0.031 0.0116469 1 
10 1 29 0 0.024 0.0116108 1 
11 1 29 0 0.04 0.0102861 1 
12 1 29 0 0.03 0.0165196 1 
13 1 29 0 0.044 0.0121055 1 
14 1 29 0 0.031 0.0139482 1 
15 1 29 0 0.04 0.00908546 2 
16 1 29 0 0.036 0.0160532 2 
17 1 29 0 0.033 0.0131067 1 
18 1 29 0 0.031 0.0148481 1 
19 1 29 0 0.033 0.011169 1 
20 1 29 0 0.003 0.0130028 1 
21 1 29 0 0.021 0.0123975 1 
22 1 29 0 0.015 0.0136686 1 
23 1 29 0 0.044 0.0145007 1 
24 1 29 0 0.042 0.0108409 1 
25 1 29 0 0.014 0.0157663 1 
26 1 29 0.00104118 0.019 0.013034 2 
27 1 29 0 0.042 0.0135952 1 
28 1 29 0 0.02 0.0111678 1 
29 1 29 0 0.044 0.0163835 2 
30 1 29 0.0140138 0.012 0.0122363 14 
31 1 29 0 0.028 0.0103311 1 
32 1 29 0 0.047 0.0108228 1 
0 1 30 0.00263348 0.003 0.0125207 4 
1 1 30 0 0.036 0.0125372 1 
2 1 30 0 0.018 0.0138029 1 
3 1 30 0 0.043 0.0127496 1 
4 1 30 0 0.048 0.0137672 1 
5 1 30 0 0.003 0.013122 1 
6 1 30 0 0.042 0.0140161 1 
7 1 30 0 0.039 0.01557 1 
8 1 30 0.00375246 0.048 0.0259491 1 
9 1 30 0 0.041 0.013659 1 
10 1 30 0 0.024 0.0160905 1 
11 1 30 0 0.028 0.0200678 1 
12 1 30 0 0.043 0.01206 1 
13 1 30 0.00114336 0.005 0.0132316 2 
14 1 30 0 0.021 0.0131945 1 
15 1 30 0 0.043 0.013653 2 
16 1 30 0 0.044 0.0133561 1 
17 1 30 0 0.027 0.0124476 1 
18 1 30 0 0.039 0.014694 1 
19 1 30 0.000653917 0.017 0.00980755 3 
20 1 30 0.000910647 0.016 0.0136116 2 
21 1 30 0 0.043 0.00935458 1 
22 1 30 0.0010761 0.037 0.0130898 2 
23 1 30 0 0.004 0.0125251 1 
24 1 30 0.00131477 0.049 0.0124416 3 
25 1 30 0.00941384 0.019 0.0137692 5 
26 1 30 0 0.037 0.0148983 1 
27 1 30 0 0.018 0.009664 1 
28 1 30 0 0.04 0.012615 1 
29 1 30 0 0.035 0.0122985 1 
30 1 30 0 0.008 0.00983819 1 
31 1 30 0.00177158 0.046 0.0134596 3 
32 1 30 0 0.003 0.0169724 1 
0 1 31 0 0.005 0.00814549 1 
1 1 31 0 0.005 0.0161707 1 
2 1 31 0 0.019 0.0125279 1 
3 1 31 0 0.015 0.0136285 1 
4 1 31 0 0.004 0.0168377 1 
5 1 31 0 0.003 0.0126572 1 
6 1 31 0 0.014 0.0142893 1 
7 1 31 0.00322472 0.007 0.00918816 6 
8 1 31 0 0.034 0.0118052 1 
9 1 31 0 0.003 0.0151599 1 
10 1 31 0 0.033 0.013069 1 
11 1 31 0 0.015 0.0120097 1 
12 1 31 0.00315466 0.028 0.0158988 2 
13 1 31 3.65686e-05 0.042 0.0130599 2 
14 1 31 0 0.027 0.016972 1 
15 1 31 0 0.031 0.0147038 2 
16 1 31 0 0.019 0.0134151 1 
17 1 31 0 0.035 0.0158645 1 
18 1 31 0 0.029 0.012956 1 
19 1 31 0.00223682 0.002 0.0130917 3 
20 1 31 0.00110611 0.007 0.0129773 6 
21 1 31 0 0.002 0.0146372 1 
22 1 31 0 0.025 0.012605 1 
23 1 31 0.00795386 0.015 0.0128206 10 
24 1 31 0 0.018 0.0115515 1 
25 1 31 0 0.044 0.0145712 1 
26 1 31 0 0.017 0.0111096 1 
27 1 31 0.00938697 0.022 0.0127339 10 
28 1 31 0 0.015 0.011056 1 
29 1 31 0 0.044 0.0150334 1 
30 1 31 0 0.018 0.0122215 1 
31 1 31 0 0.009 0.0126106 1 
32 1 31 0 0.016 0.0105078 1 
0 1 32 0 0.033 0.0106067 1 
1 1 32 0 0.024 0.0129337 1 
2 1 32 0 0.008 0.0148541 1 
3 1 32 0 0.026 0.0167234 1 
4 1 32 8.11281e-06 0.007 0.0104756 2 
5 1 32 0 0.02 0.0120726 1 
6 1 32 0 0.048 0.0105898 1 
7 1 32 0 0.029 0.0149738 1 
8 1 32 0.00114394 0.035 0.014617 2 
9 1 32 0 0.025 0.0138693 1 
10 1 32 0 0.046 0.014881 1 
11 1 32 0.0011625 0.042 0.0142458 3 
12 1 32 0.00343619 0.008 0.014301 3 
13 1 32 0.0231953 0.004 0.0123408 25 
14 1 32 0.000896902 0.01 0.012923 2 
15 1 32 0 0.016 0.0152946 2 
16 1 32 0 0.037 0.0137232 1 
17 1 32 0 0.023 0.014862 1 
18 1 32 0 0.004 0.0101029 1 
19 1 32 0 0.042 0.0107994 2 
20 1 32 0 0.045 0.012005 1 
21 1 32 0.00156962 0.017 0.0110266 3 
22 1 32 0.00727911 0.013 0.0134894 8 
23 1 32 0.000952337 0.016 0.0110977 4 
24 1 32 0 0.041 0.0165637 1 
25 1 32 0.0041866 0.034 0.0128844 4 
26 1 32 0.00091937 0.002 0.0129974 4 
27 1 32 0.00919614 0.011 0.0103701 9 
28 1 32 0 0.009 0.0174998 1 
29 1 32 0.00127814 0.018 0.0117182 3 
30 1 32 0.000507035 0.002 0.0140396 5 
31 1 32 0.00165403 0.02 0.01375 3 
32 1 32 0 0.025 0.01438 1 
0 1 33 0 0.002 0.0139342 1 
1 1 33 0 0.033 0.0105062 1 
2 1 33 0 0.024 0.0153115 1 
3 1 33 0 0.041 0.0123032 1 
4 1 33 0.00255618 0.025 0.0116523 4 
5 1 33 0.00282645 0.027 0.0259246 1 
6 1 33 0 0.008 0.0128105 1 
7 1 33 0.0212049 0.001 0.0161076 26 
8 1 33 0 0.003 0.0102639 1 
9 1 33 0.00345736 0.044 0.0112025 2 
10 1 33 0.00462902 0.03 0.0113145 5 
11 1 33 0 0.004 0.0123539 1 
12 1 33 0 0.006 0.0125672 1 
13 1 33 0.00411716 0.045 0.0103454 4 
14 1 33 0 0.02 0.0130393 1 
15 1 33 0 0.007 0.0135548 1 
16 1 33 0 0.018 0.0141891 1 
17 1 33 0 0.002 0.0111051 1 
18 1 33 0 0.017 0.0137049 1 
19 1 33 0 0.03 0.00982887 1 
20 1 33 0.0108252 0.013 0.0121244 6 
21 1 33 0 0.001 0.0137642 1 
22 1 33 0 0.011 0.013176 1 
23 1 33 2.24623e-05 0.01 0.0133327 2 
24 1 33 0 0.018 0.0142265 1 
25 1 33 0.0160824 0.008 0.014655 19 
26 1 33 0.000103285 0.004 0.0131775 2 
27 1 33 0 0.042 0.0145256 1 
28 1 33 1.30817e-06 0.028 0.00995297 2 
29 1 33 5.88492e-05 0.031 0.013447 2 
30 1 33 0 0.013 0.0109017 1 
31 1 33 0 0.039 0.0137815 1 
32 1 33 0 0.012 0.0150671 1 
0 1 34 0.0531057 0.004 0.0154878 59 
1 1 34 0.00769322 0.027 0.0105755 11 
2 1 34 0 0.025 0.0132472 1 
3 1 34 0.0191532 0.005 0.011554 21 
4 1 34 0 0.044 0.0109523 1 
5 1 34 8.47512e-06 0.021 0.00857893 2 
6 1 34 0 0.008 0.0119723 1 
7 1 34 0 0.047 0.0135415 1 
8 1 34 0.00350258 0.028 0.0127079 5 
9 1 34 1.60286e-06 0.012 0.00997077 2 
10 1 34 3.45171e-05 0.048 0.00890848 2 
11 1 34 0 0.025 0.0132468 1 
12 1 34 0.00611931 0.04 0.0125243 2 
13 1 34 0 0.013 0.0141996 1 
14 1 34 0 0.031 0.0136647 1 
15 1 34 0 0.015 0.0157935 1 
16 1 34 0 0.011 0.0111924 1 
17 1 34 0.0459056 0.003 0.0149464 41 
18 1 34 9.00807e-06 0.041 0.0129087 2 
19 1 34 0 0.043 0.0154201 1 
20 1 34 0.00133274 0.003 0.0146908 2 
21 1 34 0 0.039 0.0120828 1 
22 1 34 0.0110065 0.048 0.0139331 5 
23 1 34 0 0.048 0.0136538 1 
24 1 34 0 0.017 0.0104361 1 
25 1 34 0.000158186 0.033 0.012909 2 
26 1 34 0 0.046 0.0150427 1 
27 1 34 0.00458083 0.001 0.012833 9 
28 1 34 9.00807e-06 0.003 0.0147551 2 
29 1 34 1.81244e-05 0.014 0.0171549 2 
30 1 34 0.00170954 0.023 0.0136435 5 
31 1 34 2.97613e-06 0.037 0.0137769 2 
32 1 34 0 0.023 0.0122975 1 
0 1 35 0.00551064 0.024 0.0131341 8 
1 1 35 0 0.035 0.0141671 1 
2 1 35 0 0.007 0.0110103 1 
3 1 35 0 0.006 0.0137786 1 
4 1 35 0 0.03 0.0107597 1 
5 1 35 0.001633 0.025 0.0492605 1 
6 1 35 0 0.034 0.00889797 1 
7 1 35 0 0.007 0.0117806 1 
8 1 35 0 0.033 0.0267819 1 
9 1 35 0 0.009 0.0130273 1 
10 1 35 0 0.004 0.0176437 1 
11 1 35 0 0.008 0.0113602 1 
12 1 35 0.000236063 0.011 0.0125739 2 
13 1 35 4.49185e-06 0.021 0.012132 2 
14 1 35 0.0163768 0.024 0.0118236 14 
15 1 35 0 0.026 0.0112876 1 
16 1 35 0 0.041 0.012196 1 
17 1 35 0.00614189 0.016 0.0133906 7 
18 1 35 8.06528e-07 0.016 0.0159448 2 
19 1 35 0.0112927 0.01 0.0113448 9 
20 1 35 0.000352858 0.002 0.0125761 2 
21 1 35 0 0.028 0.0136144 1 
22 1 35 0.00107077 0.016 0.0114868 2 
23 1 35 0 0.043 0.0113845 1 
24 1 35 0 0.048 0.0126216 1 
25 1 35 0.0131356 0.027 0.0127545 14 
26 1 35 0.00853767 0.025 0.013403 8 
27 1 35 0.00115288 0.026 0.0121373 3 
28 1 35 0 0.022 0.0147905 1 
29 1 35 0.00111749 0.006 0.0120019 3 
30 1 35 0.000815773 0.026 0.0122135 2 
31 1 35 4.49264e-05 0.043 0.0142903 2 
32 1 35 0.00266568 0.032 0.015171 4 
0 1 36 0 0.04 0.0147322 1 
1 1 36 0 0.014 0.0134921 1 
2 1 36 0 0.025 0.0119623 1 
3 1 36 0.00113958 0.027 0.013541 3 
4 1 36 0.00958095 0.001 0.0167431 8 
5 1 36 0.000244909 0.042 0.0130152 2 
6 1 36 0 0.013 0.0114173 1 
7 1 36 0 0.027 0.0125396 1 
8 1 36 0 0.044 0.0174848 1 
9 1 36 0.0044644 0.014 0.0124629 5 
10 1 36 0 0.026 0.0144918 1 
11 1 36 0 0.01 0.0140165 1 
12 1 36 0 0.049 0.0117821 1 
13 1 36 0 0.024 0.0128697 1 
14 1 36 5.0911e-05 0.021 0.0115107 4 
15 1 36 0 0.02 0.0146419 1 
16 1 36 0 0.004 0.0115252 1 
17 1 36 0.0314551 0.003 0.0117565 40 
18 1 36 9.06677e-06 0.02 0.0131234 2 
19 1 36 0 0.025 0.0150822 1 
20 1 36 0.00822746 0.033 0.012564 8 
21 1 36 0 0.023 0.0139282 1 
22 1 36 0 0.015 0.0140045 1 
23 1 36 0.00803154 0.037 0.01287 7 
24 1 36 0 0.042 0.013737 1 
25 1 36 0.0130989 0.018 0.011246 8 
26 1 36 0.00129254 0.039 0.0114863 3 
27 1 36 0.0141896 0.001 0.0160019 16 
28 1 36 0 0.017 0.0160921 1 
29 1 36 8.51305e-05 0.02 0.0141976 2 
30 1 36 0 0.003 0.0140658 1 
31 1 36 0 0.029 0.0141318 1 
32 1 36 0 0.003 0.0131295 1 
0 1 37 0 0.038 0.0131477 1 
1 1 37 0.00195658 0.046 0.0113061 2 
2 1 37 0 0.033 0.0132398 1 
3 1 37 0 0.011 0.0110156 1 
4 1 37 0 0.006 0.0162807 1 
5 1 37 7.61339e-07 0.009 0.0123172 2 
6 1 37 0 0.005 0.0118003 1 
7 1 37 0 0.02 0.0121402 1 
8 1 37 0 0.011 0.016234 1 
9 1 37 0 0.014 0.0125599 1 
10 1 37 0 0.024 0.0151229 1 
11 1 37 3.21528e-06 0.012 0.0169864 2 
12 1 37 0.000451583 0.012 0.0111633 4 
13 1 37 0.000645088 0.003 0.0142543 2 
14 1 37 0 0.019 0.0116062 1 
15 1 37 1.8035e-05 0.009 0.0169495 2 
16 1 37 0 0.01 0.0112781 1 
17 1 37 0.00935952 0.032 0.0142959 8 
18 1 37 0 0.017 0.0167798 1 
19 1 37 0 0.039 0.0145252 1 
20 1 37 0 0.035 0.0128118 1 
21 1 37 0 0.025 0.0170051 1 
22 1 37 0 0.027 0.013763 1 
23 1 37 0 0.048 0.0133906 1 
24 1 37 0 0.037 0.0148163 1 
25 1 37 0.0064279 0.046 0.0111606 5 
26 1 37 0 0.007 0.011746 1 
27 1 37 0.0139583 0.006 0.0156304 17 
28 1 37 0.00129446 0.047 0.010886 3 
29 1 37 0 0.029 0.0145807 2 
30 1 37 0.042269 0.007 0.0154662 34 
31 1 37 0 0.004 0.0126066 1 
32 1 37 0 0.012 0.0144933 1 
0 1 38 0 0.013 0.0119308 1 
1 1 38 0 0.02 0.0158542 1 
2 1 38 0 0.005 0.00843864 1 
3 1 38 0 0.025 0.0142502 1 
4 1 38 0 0.031 0.0134469 1 
5 1 38 0.00331896 0.028 0.0289157 1 
6 1 38 0 0.032 0.0163803 1 
7 1 38 0.00435 0.047 0.0103523 2 
8 1 38 0 0.004 0.033456 1 
9 1 38 0 0.017 0.0156748 1 
10 1 38 0.000119475 0.037 0.00824553 2 
11 1 38 0 0.043 0.0140458 1 
12 1 38 0.018433 0.004 0.0128345 21 
13 1 38 0 0.046 0.0124736 1 
14 1 38 0 0.003 0.0122998 1 
15 1 38 4.6293e-06 0.019 0.0132565 2 
16 1 38 0 0.022 0.0148571 1 
17 1 38 0.00232438 0.028 0.0130539 2 
18 1 38 0 0.014 0.0114446 1 
19 1 38 0 0.003 0.0144486 1 
20 1 38 0.000114006 0.02 0.0127008 2 
21 1 38 0 0.048 0.00802218 1 
22 1 38 0.00752207 0.022 0.0147815 7 
23 1 38 0 0.016 0.0108178 1 
24 1 38 0 0.044 0.0145402 1 
25 1 38 0 0.009 0.0110317 1 
26 1 38 0 0.03 0.0101035 1 
27 1 38 0 0.004 0.0102508 1 
28 1 38 0 0.049 0.0139605 1 
29 1 38 0.000182933 0.006 0.0109292 2 
30 1 38 0 0.012 0.0125879 1 
31 1 38 0 0.006 0.0129794 1 
32 1 38 4.6293e-06 0.014 0.0135076 2 
0 1 39 0 0.038 0.0124774 1 
1 1 39 0 0.007 0.0125416 1 
2 1 39 0 0.006 0.0118345 1 
3 1 39 0.00674566 0.029 0.0136487 4 
4 1 39 0 0.013 0.0144864 1 
5 1 39 0 0.029 0.00993522 1 
6 1 39 0 0.019 0.0128096 1 
7 1 39 0.000528415 0.025 0.0124601 2 
8 1 39 0 0.036 0.0121262 1 
9 1 39 0 0.045 0.010786 1 
10 1 39 0 0.009 0.0123083 1 
11 1 39 0 0.002 0.0143692 1 
12 1 39 0.000289471 0.027 0.0127137 5 
13 1 39 0 0.009 0.0112099 1 
14 1 39 4.58266e-06 0.034 0.011716 2 
15 1 39 0 0.042 0.0157071 1 
16 1 39 0 0.005 0.0115478 1 
17 1 39 0.0183975 0.014 0.00887768 10 
18 1 39 0 0.012 0.0102363 1 
19 1 39 0.000135867 0.041 0.0102799 2 
20 1 39 0 0.034 0.0129979 1 
21 1 39 0 0.02 0.0110238 1 
22 1 39 0 0.019 0.00970019 1 
23 1 39 0.0267377 0.003 0.0129664 26 
24 1 39 0 0.017 0.0153498 1 
25 1 39 0 0.041 0.0169427 1 
26 1 39 0.00381412 0.015 0.0140963 7 
27 1 39 0 0.04 0.0125754 1 
28 1 39 0 0.031 0.00880149 1 
29 1 39 0 0.021 0.0149649 2 
30 1 39 0 0.01 0.0142414 1 
31 1 39 0.00372202 0.007 0.0131052 5 
32 1 39 0.00904514 0.002 0.0128292 7 
0 1 40 6.67445e-05 0.001 0.0144517 2 
1 1 40 0 0.039 0.012562 1 
2 1 40 1.38324e-05 0.036 0.0130165 2 
3 1 40 0.0220403 0.009 0.0136865 20 
4 1 40 0.00248856 0.005 0.0376795 1 
5 1 40 0 0.024 0.0115637 1 
6 1 40 0 0.003 0.0128494 1 
7 1 40 0 0.025 0.0138125 1 
8 1 40 0 0.017 0.0148498 1 
9 1 40 0 0.018 0.0132827 1 
10 1 40 0.00299105 0.045 0.0277273 1 
11 1 40 1.38324e-05 0.047 0.0137057 2 
12 1 40 0.00144803 0.01 0.0102977 2 
13 1 40 0.00423785 0.01 0.00635564 6 
14 1 40 0 0.01 0.0124423 1 
15 1 40 0 0.02 0.0104742 1 
16 1 40 0 0.026 0.010896 1 
17 1 40 0 0.006 0.012786 2 
18 1 40 0 0.012 0.0104116 1 
19 1 40 0 0.003 0.00944299 1 
20 1 40 0.00391773 0.021 0.0119797 4 
21 1 40 0 0.009 0.0127674 1 
22 1 40 0.0232663 0.004 0.0128661 27 
23 1 40 0 0.049 0.0108943 1 
24 1 40 0 0.02 0.0112532 1 
25 1 40 0.0296779 0.002 0.0133333 20 
26 1 40 0 0.001 0.0148471 1 
27 1 40 0 0.011 0.0111131 1 
28 1 40 0 0.002 0.0120458 1 
29 1 40 0 0.002 0.0134572 1 
30 1 40 0 0.026 0.0125432 1 
31 1 40 0 0.011 0.0138438 1 
32 1 40 0 0.02 0.0126542 1 
0 1 41 0 0.03 0.0142264 1 
1 1 41 0.000478801 0.015 0.0145288 6 
2 1 41 0 0.049 0.0109323 1 
3 1 41 0.0130153 0.013 0.0089672 17 
4 1 41 0.00307906 0.039 0.0188958 1 
5 1 41 0 0.036 0.0107889 1 
6 1 41 0 0.033 0.0141495 1 
7 1 41 0.00326286 0.009 0.0141417 7 
8 1 41 0 0.035 0.0139952 1 
9 1 41 0 0.045 0.0122999 1 
10 1 41 0.00358258 0.039 0.0324026 1 
11 1 41 0 0.045 0.011574 1 
12 1 41 0 0.029 0.0132669 1 
13 1 41 0.00915476 0.009 0.0100261 9 
14 1 41 0 0.049 0.00912615 1 
15 1 41 0 0.046 0.0134934 1 
16 1 41 1.83175e-05 0.041 0.0117605 2 
17 1 41 0 0.022 0.0135392 1 
18 1 41 0 0.043 0.0115507 1 
19 1 41 0 0.01 0.00995113 1 
20 1 41 0.00658765 0.001 0.0140859 6 
21 1 41 0 0.034 0.0107377 1 
22 1 41 0 0.02 0.00922228 1 
23 1 41 0 0.042 0.0144315 1 
24 1 41 1.08283e-05 0.01 0.0151324 2 
25 1 41 0.00039811 0.017 0.0120821 2 
26 1 41 0.00373888 0.049 0.0130597 4 
27 1 41 0 0.031 0.0150054 1 
28 1 41 0 0.005 0.0152227 1 
29 1 41 0 0.037 0.0162137 1 
30 1 41 0.00375975 0.004 0.0142442 7 
31 1 41 0.000699103 0.036 0.0124524 3 
32 1 41 0.00179234 0.001 0.0104589 2 
0 1 42 0.0100531 0.002 0.0128034 6 
1 1 42 0 0.004 0.0125584 1 
2 1 42 3.5329e-05 0.026 0.0133984 2 
3 1 42 0 0.009 0.0110031 1 
4 1 42 9.00319e-06 0.019 0.0131487 3 
5 1 42 0 0.004 0.013012 1 
6 1 42 0 0.027 0.0114125 1 
7 1 42 0 0.036 0.0135245 1 
8 1 42 0.00137664 0.017 0.0323911 1 
9 1 42 0.00074586 0.02 0.0115645 2 
10 1 42 0 0.009 0.0122938 1 
11 1 42 0 0.049 0.0115594 1 
12 1 42 0 0.032 0.0132474 1 
13 1 42 0 0.027 0.0106824 1 
14 1 42 0.00946666 0.025 0.014053 5 
15 1 42 0 0.029 0.0125483 1 
16 1 42 0 0.021 0.0133481 1 
17 1 42 0.0143514 0.011 0.0094007 18 
18 1 42 0 0.026 0.0139886 1 
19 1 42 0 0.012 0.0125481 1 
20 1 42 0.000349959 0.027 0.0139099 2 
21 1 42 0 0.037 0.0132209 1 
22 1 42 0 0.029 0.0113121 1 
23 1 42 0.0083702 0.048 0.0146977 4 
24 1 42 0 0.031 0.0110384 1 
25 1 42 0 0.038 0.0142895 1 
26 1 42 0.00174497 0.007 0.0143524 2 
27 1 42 0 0.033 0.0158649 1 
28 1 42 0.0014769 0.047 0.0115358 3 
29 1 42 0 0.011 0.0131659 1 
30 1 42 0 0.042 0.0160659 1 
31 1 42 0.000637308 0.005 0.00921339 2 
32 1 42 0 0.026 0.0135013 1 
0 1 43 0 0.02 0.0140326 1 
1 1 43 0.00754277 0.011 0.0115741 7 
2 1 43 0 0.005 0.014819 1 
3 1 43 0.00384535 0.002 0.0110735 9 
4 1 43 0.000750397 0.035 0.0130372 2 
5 1 43 0.00367784 0.039 0.0337968 1 
6 1 43 0 0.025 0.0142496 1 
7 1 43 0.000404904 0.019 0.012547 3 
8 1 43 0 0.025 0.0176803 1 
9 1 43 0.00185371 0.008 0.0120994 3 
10 1 43 0 0.005 0.0175056 1 
11 1 43 0 0.044 0.0130097 1 
12 1 43 0 0.035 0.0107225 1 
13 1 43 0.0021773 0.011 0.012996 7 
14 1 43 0 0.027 0.012541 1 
15 1 43 0 0.045 0.0127012 1 
16 1 43 0 0.017 0.0161303 1 
17 1 43 0 0.025 0.0152828 1 
18 1 43 0 0.005 0.0138487 1 
19 1 43 0.000791919 0.002 0.0149928 4 
20 1 43 0 0.032 0.0123097 1 
21 1 43 0.00433488 0.01 0.0118965 2 
22 1 43 0.00914195 0.01 0.00982937 9 
23 1 43 0 0.037 0.0134346 1 
24 1 43 0 0.032 0.0158451 1 
25 1 43 0.00105118 0.029 0.010265 2 
26 1 43 0.000992926 0.048 0.0129046 2 
27 1 43 0 0.034 0.0119202 1 
28 1 43 0 0.015 0.0160896 1 
29 1 43 0 0.047 0.0112675 1 
30 1 43 0.0106052 0.011 0.0133867 15 
31 1 43 0 0.007 0.0133073 1 
32 1 43 0.00441773 0.016 0.0122199 6 
0 1 44 0 0.008 0.0138938 1 
1 1 44 0.0133177 0.015 0.0115206 15 
2 1 44 0 0.017 0.0125219 1 
3 1 44 0 0.04 0.0126418 1 
4 1 44 0.000127662 0.011 0.0124515 2 
5 1 44 0.000139837 0.011 0.0157874 2 
6 1 44 6.03406e-05 0.014 0.0129237 2 
7 1 44 0 0.014 0.0111414 1 
8 1 44 0.00228907 0.019 0.0108628 2 
9 1 44 0 0.048 0.013065 1 
10 1 44 0 0.036 0.0164412 1 
11 1 44 0 0.044 0.0119867 1 
12 1 44 0.00288044 0.007 0.0110881 2 
13 1 44 0.0106248 0.015 0.00959965 13 
14 1 44 0 0.006 0.0120426 1 
15 1 44 0 0.002 0.0107414 1 
16 1 44 1.85586e-05 0.041 0.0124245 2 
17 1 44 0.0039252 0.004 0.0107869 7 
18 1 44 0 0.032 0.0116333 1 
19 1 44 0.00255307 0.013 0.0101527 3 
20 1 44 0 0.037 0.0119974 1 
21 1 44 0.000880288 0.048 0.0104621 3 
22 1 44 0.00831724 0.017 0.0122602 9 
23 1 44 0.000140619 0.019 0.0154278 3 
24 1 44 2.6915e-05 0.001 0.0142112 2 
25 1 44 0 0.045 0.0114608 1 
26 1 44 0 0.031 0.0136855 1 
27 1 44 0 0.024 0.0126344 1 
28 1 44 0 0.043 0.015455 1 
29 1 44 4.36278e-05 0.039 0.0117934 2 
30 1 44 0 0.042 0.0127726 1 
31 1 44 0 0.044 0.0121661 1 
32 1 44 0 0.02 0.0130064 1 
0 1 45 0 0.029 0.0126413 1 
1 1 45 0.0159296 0.016 0.0126001 18 
2 1 45 0.00455489 0.003 0.0141099 5 
3 1 45 0 0.011 0.00990239 1 
4 1 45 0 0.037 0.010993 1 
5 1 45 0.00248121 0.044 0.0552012 1 
6 1 45 0 0.012 0.0118918 1 
7 1 45 0 0.013 0.011033 1 
8 1 45 0 0.045 0.01219 1 
9 1 45 0 0.028 0.0138598 1 
10 1 45 0 0.02 0.0138608 1 
11 1 45 0 0.009 0.0145509 1 
12 1 45 0.00317315 0.021 0.0123963 5 
13 1 45 0.00499582 0.038 0.0112492 5 
14 1 45 0.0267805 0.006 0.0129163 27 
15 1 45 0 0.007 0.00938218 1 
16 1 45 1.83609e-05 0.043 0.0141335 2 
17 1 45 0 0.01 0.0110442 1 
18 1 45 0 0.009 0.0102817 1 
19 1 45 0.00270273 0.018 0.0141509 4 
20 1 45 0.00408309 0.022 0.00882281 7 
21 1 45 0.00434171 0.049 0.0126542 2 
22 1 45 0 0.01 0.0132022 1 
23 1 45 0.000251577 0.032 0.0130623 2 
24 1 45 0 0.008 0.0178627 1 
25 1 45 0.0391382 0.019 0.0164926 19 
26 1 45 0 0.014 0.0129364 1 
27 1 45 0.00360447 0.027 0.0122519 2 
28 1 45 0 0.036 0.0127527 1 
29 1 45 0.00152404 0.028 0.0154242 3 
30 1 45 0.0443305 0.002 0.0132566 47 
31 1 45 0 0.035 0.0101904 1 
32 1 45 0 0.008 0.0166882 1 
0 1 46 0.00230243 0.009 0.0134088 6 
1 1 46 0.0048434 0.044 0.0147763 4 
2 1 46 0 0.038 0.0134276 1 
3 1 46 0 0.027 0.0131237 1 
4 1 46 0 0.031 0.00831912 1 
5 1 46 0 0.046 0.0160937 1 
6 1 46 0 0.036 0.0141752 1 
7 1 46 0 0.031 0.0126982 1 
8 1 46 0.00125378 0.001 0.0232081 1 
9 1 46 0 0.015 0.012118 1 
10 1 46 0.0138347 0.045 0.0186017 4 
11 1 46 0 0.019 0.0161591 1 
12 1 46 0 0.016 0.0147988 1 
13 1 46 0 0.027 0.0125651 1 
14 1 46 0.00502425 0.019 0.0139372 6 
15 1 46 0 0.028 0.0154408 1 
16 1 46 0 0.02 0.0135954 1 
17 1 46 0 0.006 0.0135712 1 
18 1 46 0 0.01 0.0115493 1 
19 1 46 0 0.043 0.0125043 1 
20 1 46 0 0.044 0.0123995 1 
21 1 46 0.00543862 0.041 0.00956847 2 
22 1 46 0.00536028 0.028 0.0122362 6 
23 1 46 0 0.043 0.0166456 1 
24 1 46 0 0.025 0.0120742 1 
25 1 46 0 0.017 0.0104688 1 
26 1 46 0 0.025 0.0115436 1 
27 1 46 0 0.02 0.012769 1 
28 1 46 0 0.004 0.0142121 1 
29 1 46 0.00143862 0.001 0.013349 3 
30 1 46 0.000957009 0.006 0.0130531 7 
31 1 46 0 0.037 0.013421 1 
32 1 46 0 0.02 0.0134746 1 
0 1 47 1.05264e-05 0.002 0.0110322 2 
1 1 47 0 0.016 0.0152642 1 
2 1 47 0 0.045 0.0128189 1 
3 1 47 0.00520584 0.006 0.0120208 5 
4 1 47 0.000213891 0.008 0.012936 2 
5 1 47 0 0.027 0.0129676 1 
6 1 47 0 0.037 0.0176439 1 
7 1 47 2.96615e-05 0.025 0.0119746 2 
8 1 47 0 0.049 0.0109489 1 
9 1 47 0 0.007 0.0131654 1 
10 1 47 0.00136287 0.029 0.0133543 3 
11 1 47 0 0.04 0.0115242 1 
12 1 47 0 0.048 0.0125889 1 
13 1 47 0 0.017 0.0154138 1 
14 1 47 0 0.001 0.0114274 1 
15 1 47 0 0.004 0.0165077 1 
16 1 47 0 0.028 0.0135641 1 
17 1 47 0.0396349 0.001 0.0169373 76 
18 1 47 0 0.007 0.0141196 1 
19 1 47 0.00504441 0.013 0.0108984 9 
20 1 47 0 0.023 0.0129266 1 
21 1 47 0 0.012 0.0150996 2 
22 1 47 0 0.032 0.0125489 1 
23 1 47 0 0.047 0.0162749 1 
24 1 47 0 0.022 0.0131708 1 
25 1 47 0.00257316 0.014 0.00920027 6 
26 1 47 0.00641689 0.008 0.0122603 10 
27 1 47 0.000603517 0.034 0.0121835 2 
28 1 47 0 0.046 0.0121264 1 
29 1 47 0.000996964 0.007 0.0107522 2 
30 1 47 0.0422828 0.003 0.0120616 32 
31 1 47 0 0.034 0.0136929 1 
32 1 47 0.00570885 0.03 0.011489 7 
0 1 48 0.010437 0.022 0.0135849 15 
1 1 48 0.000140098 0.014 0.013758 2 
2 1 48 0 0.043 0.0161585 1 
3 1 48 0 0.002 0.0138813 1 
4 1 48 0 0.002 0.0111746 1 
5 1 48 0 0.036 0.0106955 1 
6 1 48 0 0.011 0.0123379 1 
7 1 48 0.00340789 0.015 0.00942834 2 
8 1 48 0.00489128 0.023 0.0116846 2 
9 1 48 0 0.023 0.0123213 1 
10 1 48 0.000169643 0.047 0.012875 2 
11 1 48 0 0.006 0.0145864 1 
12 1 48 0.0139806 0.032 0.010226 10 
13 1 48 0.0107129 0.023 0.0141426 6 
14 1 48 0.016814 0.015 0.01582 24 
15 1 48 0 0.017 0.0154564 1 
16 1 48 0 0.044 0.0106568 1 
17 1 48 0.000108159 0.01 0.0119615 2 
18 1 48 0 0.024 0.0117206 1 
19 1 48 0 0.025 0.0114762 1 
20 1 48 0 0.009 0.0146004 1 
21 1 48 0.000403805 0.044 0.0130163 3 
22 1 48 0 0.024 0.0149074 1 
23 1 48 0.000494452 0.027 0.0141221 2 
24 1 48 0 0.003 0.0144706 1 
25 1 48 0 0.015 0.0147607 1 
26 1 48 0 0.002 0.0132181 1 
27 1 48 0.0079027 0.02 0.0120289 10 
28 1 48 0 0.036 0.0170782 1 
29 1 48 4.40902e-05 0.027 0.0138423 2 
30 1 48 0.0229229 0.005 0.0144336 21 
31 1 48 0 0.037 0.0141917 1 
32 1 48 0.0323228 0.006 0.0155043 35 
0 1 49 0 0.012 0.0135995 1 
1 1 49 0 0.013 0.0136097 1 
2 1 49 0 0.015 0.0142111 1 
3 1 49 0 0.046 0.0121094 1 
4 1 49 0.000675918 0.048 0.0520967 1 
5 1 49 0 0.002 0.0135505 1 
6 1 49 0 0.007 0.0155256 1 
7 1 49 0.00838106 0.049 0.0139381 4 
8 1 49 0.00276195 0.048 0.0301168 1 
9 1 49 0.00509886 0.016 0.0147359 8 
10 1 49 7.22502e-05 0.044 0.0136276 2 
11 1 49 0 0.003 0.0141442 1 
12 1 49 0.00756495 0.047 0.00970132 5 
13 1 49 0.0289832 0.013 0.0138432 23 
14 1 49 0.00334363 0.039 0.0131746 3 
15 1 49 0 0.047 0.0151528 1 
16 1 49 0 0.012 0.0181389 1 
17 1 49 0 0.033 0.011704 1 
18 1 49 0 0.03 0.0139591 1 
19 1 49 0.0014064 0.014 0.0148506 8 
20 1 49 0.00427179 0.028 0.0148036 4 
21 1 49 0 0.013 0.0133494 1 
22 1 49 0 0.024 0.0111922 1 
23 1 49 0.00255629 0.005 0.00993976 5 
24 1 49 1.10044e-05 0.025 0.0159215 2 
25 1 49 0.00323206 0.025 0.0140669 4 
26 1 49 0 0.005 0.0131501 1 
27 1 49 0 0.019 0.0110933 1 
28 1 49 0 0.03 0.0138467 1 
29 1 49 0 0.002 0.0145522 1 
30 1 49 0 0.028 0.015317 1 
31 1 49 0 0.043 0.01702 1 
32 1 49 0 0.016 0.0126259 1 
0 1 50 0 0.042 0.0130547 1 
1 1 50 0.000874429 0.015 0.0115331 3 
2 1 50 0 0.04 0.0121646 1 
3 1 50 0 0.032 0.0117685 1 
4 1 50 0.00124328 0.022 0.0389161 1 
5 1 50 0 0.01 0.014586 1 
6 1 50 0 0.025 0.0119502 1 
7 1 50 0.0220027 0.004 0.0136028 21 
8 1 50 0 0.014 0.0130657 1 
9 1 50 0 0.023 0.0136043 1 
10 1 50 0.000564837 0.045 0.0100619 2 
11 1 50 0 0.005 0.0127314 1 
12 1 50 0.00156995 0.041 0.0108668 2 
13 1 50 0 0.049 0.010909 1 
14 1 50 0 0.01 0.0112366 5 
15 1 50 0 0.035 0.0111876 1 
16 1 50 0 0.028 0.0129818 1 
17 1 50 0.0246 0.032 0.0137406 9 
18 1 50 0 0.039 0.014545 1 
19 1 50 0.011109 0.015 0.0121755 7 
20 1 50 0 0.005 0.0107735 1 
21 1 50 0 0.041 0.0118133 1 
22 1 50 0.00242707 0.005 0.0144262 8 
23 1 50 0 0.037 0.012932 1 
24 1 50 0 0.006 0.015641 1 
25 1 50 0.00330514 0.021 0.0151939 3 
26 1 50 0 0.019 0.0143053 1 
27 1 50 0 0.044 0.0132239 1 
28 1 50 0 0.028 0.0129409 1 
29 1 50 0 0.002 0.0166416 1 
30 1 50 0 0.03 0.0110673 1 
31 1 50 0 0.014 0.013974 1 
32 1 50 0 0.047 0.0108869 1 
0 1 51 0 0.045 0.00974174 1 
1 1 51 0.0323247 0.006 0.0135802 31 
2 1 51 0 0.005 0.013157 1 
3 1 51 0 0.043 0.0100517 1 
4 1 51 0.000286611 0.013 0.0133553 3 
5 1 51 0 0.043 0.0150256 1 
6 1 51 0 0.036 0.0159727 1 
7 1 51 0.00221628 0.029 0.0114196 9 
8 1 51 0 0.034 0.012643 1 
9 1 51 0.0323695 0.002 0.0124608 28 
10 1 51 0 0.032 0.0106061 1 
11 1 51 0.000808323 0.013 0.0156704 2 
12 1 51 0.0103755 0.004 0.0149634 13 
13 1 51 0 0.027 0.0126833 1 
14 1 51 0 0.04 0.0100565 1 
15 1 51 1.88619e-05 0.014 0.0119152 2 
16 1 51 0 0.034 0.0137448 1 
17 1 51 0 0.006 0.0148788 1 
18 1 51 0 0.029 0.0131136 1 
19 1 51 0.00964462 0.026 0.0102471 8 
20 1 51 0.00450261 0.002 0.012424 6 
21 1 51 0.00549842 0.029 0.0122431 4 
22 1 51 0 0.023 0.0138734 1 
23 1 51 0.00102904 0.046 0.0152761 2 
24 1 51 0 0.038 0.0122041 1 
25 1 51 0 0.045 0.0111428 1 
26 1 51 0 0.012 0.011584 1 
27 1 51 0.000254375 0.004 0.0107092 2 
28 1 51 0 0.041 0.0163954 1 
29 1 51 0 0.009 0.0112094 1 
30 1 51 0.00683823 0.002 0.0122657 12 
31 1 51 0 0.016 0.0182745 1 
32 1 51 0.00714094 0.039 0.0133653 6 
0 1 52 0.00816481 0.019 0.0101961 7 
1 1 52 0 0.046 0.0140808 1 
2 1 52 0.000236086 0.015 0.0123319 2 
3 1 52 0.00344973 0.03 0.0122266 2 
4 1 52 0 0.035 0.0152756 1 
5 1 52 0 0.027 0.0177583 1 
6 1 52 0 0.044 0.015694 1 
7 1 52 7.64354e-05 0.007 0.0124556 2 
8 1 52 0 0.032 0.0154665 1 
9 1 52 0 0.009 0.0143575 1 
10 1 52 0 0.045 0.0127621 1 
11 1 52 3.60993e-05 0.013 0.0192934 2 
12 1 52 0 0.046 0.012222 1 
13 1 52 0.0123736 0.004 0.013375 19 
14 1 52 0 0.047 0.0137422 1 
15 1 52 0 0.046 0.0149891 1 
16 1 52 1.90377e-05 0.011 0.0142776 2 
17 1 52 0 0.02 0.0123745 1 
18 1 52 0 0.022 0.0128507 1 
19 1 52 0 0.037 0.0142724 1 
20 1 52 0.00293058 0.002 0.0164022 6 
21 1 52 0 0.034 0.0102458 1 
22 1 52 0 0.041 0.0111511 1 
23 1 52 0 0.004 0.01642 1 
24 1 52 0 0.032 0.0102329 1 
25 1 52 0.0197078 0.008 0.0136583 24 
26 1 52 0 0.001 0.0143675 1 
27 1 52 0 0.017 0.0148659 3 
28 1 52 0 0.017 0.0120876 1 
29 1 52 0 0.032 0.0114299 1 
30 1 52 1.90377e-05 0.009 0.0148173 2 
31 1 52 0 0.037 0.00918212 1 
32 1 52 2.20382e-05 0.014 0.011011 2 
0 1 53 0 0.041 0.0123144 1 
1 1 53 0.00282653 0.001 0.0132721 3 
2 1 53 3.57485e-06 0.044 0.017897 2 
3 1 53 0 0.038 0.0121358 1 
4 1 53 0 0.01 0.0124058 1 
5 1 53 0.00243507 0.01 0.0375663 1 
6 1 53 0 0.02 0.013385 1 
7 1 53 0 0.048 0.0139796 1 
8 1 53 0.00148866 0.02 0.0102062 4 
9 1 53 0.00357145 0.021 0.0136779 3 
10 1 53 0 0.019 0.0170154 1 
11 1 53 3.57485e-06 0.015 0.0145572 2 
12 1 53 0 0.024 0.0124499 1 
13 1 53 0.00022045 0.002 0.0121137 2 
14 1 53 0.0233981 0.011 0.0101701 21 
15 1 53 0 0.015 0.0107809 1 
16 1 53 1.88439e-05 0.001 0.0154392 2 
17 1 53 0 0.036 0.018108 1 
18 1 53 0 0.016 0.0180288 1 
19 1 53 0.00166584 0.019 0.0148641 2 
20 1 53 0 0.002 0.0122103 1 
21 1 53 0.00466311 0.027 0.0121187 4 
22 1 53 0 0.001 0.0117382 1 
23 1 53 0.0120594 0.048 0.00804728 4 
24 1 53 0 0.046 0.0136416 1 
25 1 53 0.0058568 0.033 0.013605 9 
26 1 53 0 0.018 0.0111465 1 
27 1 53 0 0.006 0.00939478 2 
28 1 53 0 0.04 0.0123493 1 
29 1 53 0 0.017 0.0113501 2 
30 1 53 0 0.022 0.0109663 1 
31 1 53 0.000491361 0.018 0.0120181 2 
32 1 53 0 0.034 0.0133187 1 
0 1 54 0 0.004 0.0136411 1 
1 1 54 0.00700792 0.02 0.0125331 6 
2 1 54 0 0.016 0.0174753 1 
3 1 54 0 0.049 0.010444 1 
4 1 54 0 0.031 0.0105763 1 
5 1 54 0 0.034 0.0100887 1 
6 1 54 0 0.042 0.0138651 1 
7 1 54 0.00247622 0.008 0.0106447 2 
8 1 54 0 0.004 0.0144854 1 
9 1 54 0.0379334 0.001 0.0140282 47 
10 1 54 0 0.025 0.0134569 1 
11 1 54 0 0.024 0.0138965 1 
12 1 54 0.00299493 0.04 0.0129716 2 
13 1 54 0 0.029 0.0114703 1 
14 1 54 0.0027464 0.027 0.0147877 3 
15 1 54 0 0.003 0.0160982 1 
16 1 54 0 0.047 0.012982 1 
17 1 54 0.00123618 0.024 0.0114693 4 
18 1 54 0 0.034 0.0167425 1 
19 1 54 0.000936304 0.007 0.0131459 2 
20 1 54 0.00201901 0.024 0.0146425 2 
21 1 54 0 0.028 0.00980079 1 
22 1 54 0 0.022 0.0121302 1 
23 1 54 0 0.049 0.0130047 1 
24 1 54 0 0.04 0.0159873 1 
25 1 54 0 0.027 0.0128926 1 
26 1 54 0 0.008 0.0131263 1 
27 1 54 0.00104928 0.01 0.0136628 3 
28 1 54 2.75325e-05 0.047 0.0114734 2 
29 1 54 0 0.005 0.0137912 1 
30 1 54 0.0191072 0.003 0.0124731 27 
31 1 54 0.000360363 0.046 0.0134342 3 
32 1 54 0 0.022 0.0134693 1 
0 1 55 0 0.018 0.00941778 1 
1 1 55 1.4122e-05 0.001 0.0125902 2 
2 1 55 0 0.021 0.0135026 1 
3 1 55 0 0.011 0.016169 1 
4 1 55 0 0.049 0.0330965 1 
5 1 55 0 0.001 0.0139282 1 
6 1 55 0 0.036 0.0138188 1 
7 1 55 0.00196822 0.004 0.0136785 4 
8 1 55 0 0.018 0.0139019 1 
9 1 55 0 0.011 0.0105685 1 
10 1 55 0 0.029 0.0141271 1 
11 1 55 0 0.002 0.0150456 1 
12 1 55 0 0.049 0.0137984 1 
13 1 55 0 0.048 0.0117251 1 
14 1 55 0.0501127 0.001 0.0142236 53 
15 1 55 0 0.036 0.010898 1 
16 1 55 0 0.039 0.0140581 1 
17 1 55 0 0.027 0.0101389 1 
18 1 55 0 0.034 0.0150985 1 
19 1 55 0.0081698 0.004 0.011754 12 
20 1 55 0 0.035 0.0136571 1 
21 1 55 0 0.036 0.0143296 1 
22 1 55 0 0.018 0.0111293 1 
23 1 55 0.00150807 0.023 0.012219 7 
24 1 55 0 0.031 0.0118719 1 
25 1 55 0 0.012 0.0145325 2 
26 1 55 0.0105355 0.018 0.0107143 8 
27 1 55 0.0434637 0.003 0.0155013 48 
28 1 55 0 0.039 0.0150398 1 
29 1 55 0 0.03 0.0124024 1 
30 1 55 0.00947356 0.033 0.0153629 7 
31 1 55 0.00064534 0.013 0.010255 3 
32 1 55 0.00221571 0.01 0.0115643 6 
0 1 56 0 0.003 0.0102341 1 
1 1 56 0.00660209 0.017 0.0164509 15 
2 1 56 0 0.024 0.0174897 1 
3 1 56 0 0.042 0.0161295 1 
4 1 56 0 0.015 0.011759 1 
5 1 56 0 0.031 0.0147607 1 
6 1 56 6.16747e-05 0.013 0.0133101 2 
7 1 56 0.00965469 0.013 0.0145222 12 
8 1 56 0 0.009 0.0139959 1 
9 1 56 0 0.038 0.0142561 1 
10 1 56 0 0.026 0.0140735 1 
11 1 56 0 0.042 0.013676 1 
12 1 56 0.000591164 0.008 0.0138052 3 
13 1 56 0 0.017 0.0100438 1 
14 1 56 0 0.02 0.01231 1 
15 1 56 0 0.006 0.0141244 1 
16 1 56 0 0.006 0.0158629 1 
17 1 56 0 0.008 0.0103903 1 
18 1 56 0 0.02 0.0145118 1 
19 1 56 0 0.033 0.0139529 1 
20 1 56 0 0.032 0.0143649 1 
21 1 56 0.00352534 0.011 0.0125248 2 
22 1 56 0 0.002 0.013831 1 
23 1 56 0.000703011 0.023 0.0141056 5 
24 1 56 0 0.029 0.0157742 1 
25 1 56 0.0369677 0.002 0.0157012 49 
26 1 56 0.00916088 0.036 0.0122892 8 
27 1 56 0.0635887 0.002 0.0135744 56 
28 1 56 0 0.001 0.0164383 1 
29 1 56 0 0.039 0.0128627 1 
30 1 56 0 0.019 0.0171777 1 
31 1 56 0 0.036 0.012939 1 
32 1 56 0 0.023 0.0118343 1 
0 1 57 0 0.035 0.0118292 1 
1 1 57 0.000598426 0.025 0.0115092 2 
2 1 57 0 0.046 0.0136151 1 
3 1 57 0 0.011 0.0123215 1 
4 1 57 0 0.006 0.0216322 2 
5 1 57 0 0.046 0.0127841 1 
6 1 57 0 0.013 0.0143755 1 
7 1 57 0 0.027 0.0121777 1 
8 1 57 0.00254913 0.019 0.0256483 1 
9 1 57 0 0.029 0.0154612 1 
10 1 57 0 0.048 0.0124234 1 
11 1 57 0 0.034 0.0151113 1 
12 1 57 0.00211894 0.012 0.0138255 3 
13 1 57 0.00408275 0.006 0.0102106 11 
14 1 57 0 0.038 0.0116332 1 
15 1 57 0 0.04 0.0120803 1 
16 1 57 0 0.034 0.0119936 1 
17 1 57 0 0.019 0.0172557 2 
18 1 57 0 0.001 0.0121798 1 
19 1 57 0 0.047 0.0127854 1 
20 1 57 0.00452008 0.002 0.0124708 5 
21 1 57 0 0.046 0.0171052 2 
22 1 57 0.0152846 0.029 0.013412 7 
23 1 57 0 0.044 0.0150914 1 
24 1 57 0 0.03 0.0161322 1 
25 1 57 0 0.037 0.0153913 1 
26 1 57 0 0.018 0.0106481 1 
27 1 57 0 0.043 0.0108927 1 
28 1 57 0 0.028 0.0118253 1 
29 1 57 0 0.022 0.0147932 1 
30 1 57 0 0.017 0.0115721 1 
31 1 57 0.000597848 0.041 0.0111779 2 
32 1 57 0.00170857 0.017 0.0106092 2 
0 1 58 0 0.041 0.0169813 1 
1 1 58 0 0.029 0.0144911 1 
2 1 58 0 0.048 0.0154916 1 
3 1 58 0.0111126 0.011 0.0149342 13 
4 1 58 0 0.029 0.0134746 1 
5 1 58 0.00233961 0.02 0.0147397 3 
6 1 58 0 0.031 0.0117061 1 
7 1 58 7.04103e-06 0.036 0.0114477 2 
8 1 58 0.00308178 0.023 0.0207668 1 
9 1 58 0.00317956 0.029 0.0131789 3 
10 1 58 0 0.045 0.0137451 1 
11 1 58 3.65496e-05 0.012 0.0122686 2 
12 1 58 0 0.039 0.00995317 1 
13 1 58 0 0.045 0.0130668 1 
14 1 58 0 0.005 0.0133715 1 
15 1 58 0 0.029 0.0163967 1 
16 1 58 1.93257e-05 0.034 0.0138566 2 
17 1 58 0.00270527 0.008 0.0111945 7 
18 1 58 0 0.045 0.0121874 1 
19 1 58 0 0.04 0.0124128 1 
20 1 58 9.74149e-06 0.008 0.0111543 2 
21 1 58 0.000772981 0.048 0.0136771 3 
22 1 58 0 0.043 0.0117462 1 
23 1 58 0 0.017 0.00997537 1 
24 1 58 0 0.047 0.0120073 1 
25 1 58 0 0.023 0.0144921 1 
26 1 58 0 0.008 0.0150159 1 
27 1 58 0 0.024 0.0149606 1 
28 1 58 2.79377e-05 0.031 0.0143876 2 
29 1 58 4.51616e-05 0.027 0.0137966 2 
30 1 58 0 0.033 0.0125542 1 
31 1 58 0 0.01 0.0180855 1 
32 1 58 0.00956224 0.037 0.0131539 9 
0 1 59 0 0.031 0.0123698 1 
1 1 59 0 0.026 0.014473 1 
2 1 59 0 0.015 0.0140702 1 
3 1 59 0 0.001 0.0151274 1 
4 1 59 1.36891e-05 0.037 0.0260655 3 
5 1 59 0 0.037 0.00913995 1 
6 1 59 0 0.02 0.0133998 2 
7 1 59 0 0.015 0.00986311 1 
8 1 59 0.00145847 0.016 0.0255237 1 
9 1 59 0 0.049 0.015672 1 
10 1 59 0.000113342 0.04 0.014011 2 
11 1 59 0 0.038 0.0117635 1 
12 1 59 0.000106531 0.016 0.0133338 2 
13 1 59 0.000618116 0.006 0.0141069 5 
14 1 59 0.00293749 0.019 0.0123784 2 
15 1 59 4.3241e-05 0.016 0.0143076 2 
16 1 59 4.3241e-05 0.035 0.0136268 2 
17 1 59 0 0.027 0.0137204 1 
18 1 59 0 0.022 0.0149991 1 
19 1 59 1.7983e-05 0.004 0.0169665 2 
20 1 59 0 0.017 0.0117966 1 
21 1 59 0.000534558 0.026 0.014426 3 
22 1 59 0 0.029 0.0117734 1 
23 1 59 0.0172166 0.012 0.0144615 14 
24 1 59 0 0.049 0.0151733 1 
25 1 59 0 0.011 0.0162021 1 
26 1 59 0 0.041 0.0122023 1 
27 1 59 0.0219298 0.01 0.0121176 26 
28 1 59 3.16e-05 0.019 0.0115723 2 
29 1 59 8.31807e-06 0.005 0.0136327 2 
30 1 59 0 0.034 0.0134649 1 
31 1 59 0 0.021 0.0128788 1 
32 1 59 0 0.003 0.013501 1 
0 1 60 0 0.009 0.012499 1 
1 1 60 0.00142469 0.016 0.0113309 2 
2 1 60 3.69063e-05 0.01 0.0133971 2 
3 1 60 0 0.02 0.0127332 1 
4 1 60 2.71946e-06 0.031 0.0136912 2 
5 1 60 0 0.009 0.0472927 1 
6 1 60 6.30401e-05 0.049 0.0131372 2 
7 1 60 0 0.041 0.0117222 1 
8 1 60 0 0.001 0.00897193 1 
9 1 60 0.0106395 0.008 0.00986664 5 
10 1 60 0 0.042 0.0129761 1 
11 1 60 0 0.043 0.0127547 1 
12 1 60 0 0.02 0.0103471 1 
13 1 60 0.000445438 0.029 0.0104433 2 
14 1 60 0 0.014 0.0122058 1 
15 1 60 0 0.046 0.0154989 1 
16 1 60 0 0.008 0.0138342 1 
17 1 60 0 0.001 0.0127762 1 
18 1 60 0 0.016 0.0152488 1 
19 1 60 0.00310317 0.026 0.0117512 7 
20 1 60 0 0.036 0.0151196 1 
21 1 60 0 0.002 0.0128674 1 
22 1 60 0.000991818 0.007 0.012766 3 
23 1 60 0 0.039 0.0136779 1 
24 1 60 0 0.028 0.0142714 1 
25 1 60 0.00315356 0.001 0.0128187 3 
26 1 60 0.0222838 0.006 0.0139509 25 
27 1 60 0 0.003 0.0137438 1 
28 1 60 2.8195e-05 0.016 0.0137272 2 
29 1 60 0 0.009 0.0173832 1 
30 1 60 0 0.029 0.0137524 1 
31 1 60 0.000458513 0.028 0.0120911 2 
32 1 60 0 0.007 0.0127225 1 
