0 20 0 0.342906 0.013 0.0158353 7 
1 20 0 0 0.005 0.0176771 2 
2 20 0 0.00206938 0.023 0.0172009 1 
3 20 0 0.0317195 0.008 0.0158254 26 
4 20 0 0 0.044 0.0170295 1 
5 20 0 0.0041426 0.01 0.0193146 5 
6 20 0 0.000929618 0.002 0.0154578 1 
7 20 0 0 0.005 0.0152704 1 
8 20 0 0 0.037 0.0169473 1 
9 20 0 0 0.044 0.0134402 1 
10 20 0 0 0.011 0.0167571 1 
11 20 0 0.00206938 0.029 0.0171299 1 
12 20 0 0.000947784 0.004 0.0151277 4 
13 20 0 0 0.025 0.0149014 1 
14 20 0 0 0.011 0.016423 2 
15 20 0 0.00272701 0.019 0.0181405 1 
16 20 0 0.00272701 0.043 0.0138507 1 
17 20 0 0 0.034 0.0154337 1 
18 20 0 0 0.009 0.0141109 1 
19 20 0 0 0.011 0.0209838 2 
20 20 0 1 0.001 0.0457887 2 
21 20 0 0 0.034 0.0167224 1 
22 20 0 0.018706 0.004 0.0128778 24 
23 20 0 0.00477799 0.002 0.0180019 7 
24 20 0 0 0.028 0.0172212 1 
25 20 0 0 0.046 0.0188858 1 
26 20 0 0 0.021 0.0192416 1 
27 20 0 0 0.047 0.0164971 1 
28 20 0 0 0.02 0.0195765 1 
29 20 0 0 0.048 0.015064 1 
30 20 0 0.00586024 0.003 0.0132481 2 
31 20 0 0 0.034 0.0176331 1 
32 20 0 0.00124885 0.029 0.0165055 2 
0 20 1 0 0.048 0.013776 1 
1 20 1 0 0.042 0.01675 1 
2 20 1 0.00265567 0.022 0.0131283 2 
3 20 1 0 0.019 0.016072 1 
4 20 1 0 0.001 0.0188942 1 
5 20 1 0 0.014 0.0183528 1 
6 20 1 0.00149369 0.033 0.0133554 1 
7 20 1 9.47449e-05 0.003 0.015682 2 
8 20 1 0 0.049 0.0143718 1 
9 20 1 0.0015737 0.039 0.0163709 2 
10 20 1 0 0.044 0.0139022 1 
11 20 1 0 0.012 0.0149656 1 
12 20 1 0.000282021 0.009 0.015951 3 
13 20 1 0 0.008 0.0145395 1 
14 20 1 0 0.042 0.0183889 1 
15 20 1 0 0.029 0.0160313 1 
16 20 1 0 0.018 0.0160515 1 
17 20 1 0 0.046 0.0158781 1 
18 20 1 0.0021597 0.007 0.0171656 1 
19 20 1 0 0.038 0.0142617 1 
20 20 1 0 0.026 0.0173592 1 
21 20 1 0.00100633 0.04 0.0173587 2 
22 20 1 0 0.035 0.0167189 1 
23 20 1 0 0.049 0.0164338 1 
24 20 1 0.00272526 0.002 0.016999 1 
25 20 1 0.0121544 0.005 0.0175189 15 
26 20 1 0 0.009 0.0185974 1 
27 20 1 0 0.003 0.0142606 1 
28 20 1 0 0.008 0.0144749 1 
29 20 1 0.00376919 0.015 0.0144141 1 
30 20 1 0 0.009 0.0172416 1 
31 20 1 0 0.021 0.0175389 1 
32 20 1 0.00120812 0.004 0.0153672 3 
0 20 2 0.037453 0.003 0.015885 30 
1 20 2 0 0.002 0.0179669 1 
2 20 2 0 0.038 0.0153668 1 
3 20 2 0 0.037 0.0159299 1 
4 20 2 0 0.004 0.0166418 1 
5 20 2 0 0.032 0.0152278 1 
6 20 2 0.00205793 0.028 0.0153689 1 
7 20 2 0 0.04 0.016139 1 
8 20 2 0 0.027 0.015803 2 
9 20 2 0.0129368 0.012 0.0169071 9 
10 20 2 0 0.02 0.0165331 1 
11 20 2 0 0.046 0.0222677 1 
12 20 2 0 0.047 0.0159804 1 
13 20 2 0.00235285 0.006 0.0146151 2 
14 20 2 0.00317303 0.035 0.0175723 2 
15 20 2 0 0.01 0.0158407 1 
16 20 2 0 0.011 0.0149183 1 
17 20 2 0 0.005 0.0129176 1 
18 20 2 0.00272424 0.031 0.0147185 2 
19 20 2 0.000141117 0.004 0.0163196 2 
20 20 2 0.00192609 0.001 0.0136554 2 
21 20 2 0 0.017 0.0124884 1 
22 20 2 0.00198171 0.032 0.0154076 3 
23 20 2 0 0.002 0.0163781 1 
24 20 2 0 0.009 0.0183138 1 
25 20 2 0 0.033 0.0199357 1 
26 20 2 0 0.04 0.01653 1 
27 20 2 0.027033 0.006 0.0177683 16 
28 20 2 0.00215761 0.002 0.0199479 1 
29 20 2 3.0088e-05 0.045 0.0121493 2 
30 20 2 0 0.01 0.0102346 1 
31 20 2 0 0.013 0.0119787 1 
32 20 2 0.000109632 0.019 0.0157491 2 
0 20 3 0 0.02 0.015357 1 
1 20 3 0 0.017 0.0145331 1 
2 20 3 0 0.007 0.0188509 1 
3 20 3 0.00193926 0.006 0.0168533 2 
4 20 3 0 0.033 0.0122113 1 
5 20 3 0 0.027 0.0153756 1 
6 20 3 0.00266927 0.014 0.0161805 2 
7 20 3 0 0.045 0.0142295 1 
8 20 3 0 0.041 0.011011 1 
9 20 3 0 0.038 0.0149094 1 
10 20 3 0 0.038 0.0149174 1 
11 20 3 0.00375994 0.007 0.0142908 1 
12 20 3 0 0.02 0.0146546 1 
13 20 3 0 0.015 0.0138332 1 
14 20 3 0 0.043 0.0144847 1 
15 20 3 0 0.024 0.0181255 1 
16 20 3 7.92405e-06 0.018 0.0163261 2 
17 20 3 0 0.026 0.0136595 1 
18 20 3 0 0.005 0.0164914 1 
19 20 3 0.0131018 0.038 0.0128631 6 
20 20 3 0.00275624 0.002 0.0178542 3 
21 20 3 0.000340738 0.015 0.0124729 2 
22 20 3 0 0.011 0.0144809 1 
23 20 3 0.00353537 0.007 0.0140964 6 
24 20 3 0 0.047 0.0166589 1 
25 20 3 0.000317462 0.025 0.0152478 2 
26 20 3 0 0.01 0.0133602 1 
27 20 3 0 0.007 0.0119214 1 
28 20 3 0.00272173 0.007 0.0130311 1 
29 20 3 0.00102348 0.014 0.0195714 2 
30 20 3 0 0.007 0.0140023 1 
31 20 3 0.00436427 0.047 0.0173838 2 
32 20 3 0 0.03 0.018181 1 
0 20 4 0.00203635 0.013 0.0189176 4 
1 20 4 0 0.03 0.0149727 1 
2 20 4 0 0.029 0.0162089 1 
3 20 4 0.00138372 0.003 0.0172808 3 
4 20 4 0 0.032 0.0190732 1 
5 20 4 0 0.031 0.0178795 1 
6 20 4 0.00318651 0.04 0.0197343 1 
7 20 4 0 0.003 0.0189575 1 
8 20 4 0 0.002 0.0168566 1 
9 20 4 0 0.027 0.0163999 1 
10 20 4 0.0111614 0.032 0.0152957 8 
11 20 4 0.00227917 0.043 0.019492 3 
12 20 4 0 0.021 0.0148868 1 
13 20 4 0.0064706 0.02 0.0182298 10 
14 20 4 0 0.047 0.0163534 1 
15 20 4 6.45449e-06 0.018 0.0183551 2 
16 20 4 0 0.026 0.0163123 1 
17 20 4 0 0.022 0.0129815 1 
18 20 4 0 0.039 0.0175425 1 
19 20 4 0 0.042 0.0181768 1 
20 20 4 0 0.008 0.0117507 1 
21 20 4 0.000734981 0.049 0.0178427 2 
22 20 4 0 0.045 0.0183451 1 
23 20 4 0 0.015 0.0167935 1 
24 20 4 0 0.01 0.0180424 1 
25 20 4 0 0.041 0.0191028 1 
26 20 4 0 0.047 0.0182262 1 
27 20 4 0 0.042 0.014506 1 
28 20 4 0 0.023 0.0159257 1 
29 20 4 0 0.043 0.0152895 1 
30 20 4 0.0102126 0.016 0.0154492 7 
31 20 4 0 0.019 0.015176 1 
32 20 4 0.00362252 0.016 0.0156413 5 
0 20 5 0 0.034 0.0170103 1 
1 20 5 0 0.021 0.0129949 1 
2 20 5 0.00101503 0.034 0.0179191 1 
3 20 5 0 0.019 0.0196806 1 
4 20 5 0 0.041 0.0155432 1 
5 20 5 0 0.047 0.0176498 1 
6 20 5 0.00379797 0.008 0.0133339 2 
7 20 5 4.89678e-06 0.021 0.0144738 2 
8 20 5 0 0.019 0.0172897 2 
9 20 5 0.00037918 0.009 0.0169479 2 
10 20 5 0 0.034 0.0138225 1 
11 20 5 0.00236259 0.003 0.0124875 3 
12 20 5 0.00888094 0.004 0.0133304 6 
13 20 5 0 0.012 0.0150819 1 
14 20 5 0.00704441 0.008 0.0147438 9 
15 20 5 0 0.023 0.0140036 1 
16 20 5 0 0.035 0.0125098 1 
17 20 5 0 0.021 0.0151667 1 
18 20 5 0 0.034 0.0136289 1 
19 20 5 0.00405938 0.008 0.0147481 6 
20 20 5 0 0.035 0.0136517 1 
21 20 5 0 0.049 0.0178263 1 
22 20 5 0 0.049 0.011746 1 
23 20 5 0.0068582 0.019 0.0129324 6 
24 20 5 0 0.019 0.0202188 1 
25 20 5 0 0.04 0.0180273 1 
26 20 5 0 0.024 0.0125137 1 
27 20 5 0 0.001 0.014934 1 
28 20 5 9.64189e-07 0.044 0.0157377 2 
29 20 5 0 0.041 0.0118272 1 
30 20 5 0.00254432 0.001 0.0159145 9 
31 20 5 0.00557886 0.021 0.0170016 2 
32 20 5 0 0.003 0.0116098 1 
0 20 6 0.00659748 0.018 0.0173455 7 
1 20 6 0.0100107 0.03 0.0169114 7 
2 20 6 1.78484e-05 0.034 0.0130444 2 
3 20 6 0.0247013 0.004 0.0118247 22 
4 20 6 0 0.002 0.0157844 4 
5 20 6 0 0.045 0.0141185 2 
6 20 6 0.00431521 0.036 0.0112817 1 
7 20 6 0.0321102 0.005 0.0140887 21 
8 20 6 0 0.041 0.0154036 1 
9 20 6 0 0.001 0.0179332 1 
10 20 6 0 0.036 0.0174886 1 
11 20 6 0 0.047 0.018759 1 
12 20 6 0 0.02 0.0185625 1 
13 20 6 0 0.046 0.0151117 1 
14 20 6 0 0.001 0.0171662 1 
15 20 6 0 0.04 0.0162954 1 
16 20 6 6.46322e-06 0.024 0.0166432 2 
17 20 6 0 0.013 0.0133519 1 
18 20 6 0 0.009 0.0185115 1 
19 20 6 0 0.04 0.0145534 1 
20 20 6 0 0.003 0.0121072 1 
21 20 6 0 0.028 0.0147611 1 
22 20 6 0 0.016 0.0165299 1 
23 20 6 0 0.025 0.0191165 1 
24 20 6 1.45074e-05 0.027 0.0128981 2 
25 20 6 0.00781512 0.016 0.0129401 8 
26 20 6 0.00636954 0.003 0.0137806 3 
27 20 6 0.00413175 0.028 0.0194271 3 
28 20 6 1.45074e-05 0.028 0.016259 2 
29 20 6 0.00271654 0.025 0.0157479 1 
30 20 6 0 0.007 0.0151614 1 
31 20 6 0.00203481 0.014 0.017292 1 
32 20 6 0 0.012 0.0192309 1 
0 20 7 0.0181655 0.009 0.0157536 18 
1 20 7 0.0297446 0.007 0.014785 22 
2 20 7 1.34033e-06 0.035 0.0168985 2 
3 20 7 0 0.031 0.0148126 1 
4 20 7 0 0.012 0.0191554 1 
5 20 7 0 0.011 0.0149074 1 
6 20 7 0.00727054 0.008 0.0144149 3 
7 20 7 0.0025419 0.007 0.0122129 4 
8 20 7 0 0.044 0.0154759 2 
9 20 7 0 0.002 0.0156661 1 
10 20 7 0 0.004 0.0169673 1 
11 20 7 0 0.032 0.0143622 1 
12 20 7 0 0.023 0.0166429 1 
13 20 7 0 0.034 0.0108501 1 
14 20 7 0.0470092 0.003 0.0150228 46 
15 20 7 0 0.028 0.0205352 1 
16 20 7 0 0.032 0.013255 1 
17 20 7 0.00222 0.016 0.0192049 5 
18 20 7 0 0.035 0.0173801 1 
19 20 7 0.0134169 0.007 0.0151121 13 
20 20 7 0 0.048 0.0169403 1 
21 20 7 0.00260342 0.007 0.0189519 2 
22 20 7 0 0.045 0.0155897 1 
23 20 7 0 0.028 0.0186747 1 
24 20 7 0 0.021 0.0145464 1 
25 20 7 0 0.033 0.0183988 1 
26 20 7 0 0.014 0.0115825 1 
27 20 7 0 0.045 0.015148 1 
28 20 7 9.76047e-07 0.013 0.0168103 2 
29 20 7 0 0.048 0.0143804 1 
30 20 7 0 0.009 0.0140028 1 
31 20 7 0.00260051 0.033 0.0141949 1 
32 20 7 0.0090463 0.01 0.0130592 2 
0 20 8 0.00169669 0.028 0.0155097 2 
1 20 8 0.0121217 0.034 0.0163084 3 
2 20 8 0.00271473 0.004 0.0144859 2 
3 20 8 0 0.005 0.0187928 1 
4 20 8 0 0.044 0.0182446 2 
5 20 8 0 0.019 0.0177102 2 
6 20 8 0.00157603 0.028 0.0187485 1 
7 20 8 0 0.034 0.0168197 1 
8 20 8 0 0.045 0.0179759 1 
9 20 8 0.0124995 0.019 0.011555 4 
10 20 8 0 0.004 0.0090301 1 
11 20 8 0.00271297 0.024 0.0150817 1 
12 20 8 0 0.034 0.0159854 1 
13 20 8 0 0.023 0.0150849 1 
14 20 8 0.0123957 0.004 0.0179057 7 
15 20 8 0 0.036 0.0164939 1 
16 20 8 0 0.006 0.013267 1 
17 20 8 0 0.02 0.0117304 1 
18 20 8 0 0.046 0.0148599 1 
19 20 8 0.00333812 0.009 0.0169148 2 
20 20 8 0.000284976 0.005 0.015442 2 
21 20 8 0 0.03 0.0158515 1 
22 20 8 0.000132697 0.028 0.0157805 2 
23 20 8 0 0.026 0.0183074 1 
24 20 8 0 0.005 0.0164719 1 
25 20 8 0 0.004 0.0167958 1 
26 20 8 0.00254091 0.005 0.0156004 4 
27 20 8 0 0.01 0.012097 1 
28 20 8 1.45307e-05 0.044 0.0156821 2 
29 20 8 0 0.027 0.0130375 1 
30 20 8 0.0715001 0.003 0.020802 55 
31 20 8 0.00316635 0.029 0.0144818 1 
32 20 8 0.0257752 0.007 0.0168387 20 
0 20 9 0.00226592 0.028 0.0150666 2 
1 20 9 0 0.044 0.0144554 1 
2 20 9 0.000507207 0.011 0.017043 3 
3 20 9 0 0.015 0.0147379 1 
4 20 9 0 0.041 0.0174103 1 
5 20 9 0 0.024 0.0151512 1 
6 20 9 0.00214283 0.014 0.014758 1 
7 20 9 0.000325507 0.006 0.0153205 2 
8 20 9 0 0.034 0.0141555 1 
9 20 9 0 0.035 0.0135704 1 
10 20 9 0 0.023 0.0159425 1 
11 20 9 0 0.032 0.0185167 1 
12 20 9 3.18067e-06 0.028 0.0126317 2 
13 20 9 0 0.042 0.0161638 1 
14 20 9 0.00658806 0.01 0.0133901 4 
15 20 9 7.99207e-06 0.017 0.0124468 2 
16 20 9 0 0.015 0.0175041 1 
17 20 9 0.00873851 0.008 0.0169895 11 
18 20 9 0 0.042 0.0149382 1 
19 20 9 0 0.032 0.0145231 1 
20 20 9 0.00550545 0.026 0.0128223 5 
21 20 9 0 0.028 0.0170864 1 
22 20 9 0.0646292 0.002 0.0128247 47 
23 20 9 0.00639464 0.006 0.0135786 7 
24 20 9 0 0.034 0.0137912 1 
25 20 9 0.0364397 0.007 0.0166153 22 
26 20 9 0 0.036 0.0171005 1 
27 20 9 0 0.033 0.01602 1 
28 20 9 9.87891e-07 0.032 0.0183029 2 
29 20 9 0.00521907 0.047 0.0138107 4 
30 20 9 0 0.035 0.0180265 1 
31 20 9 0 0.019 0.0160065 1 
32 20 9 0 0.031 0.0116783 1 
0 20 10 0 0.013 0.0117203 1 
1 20 10 0.0258134 0.008 0.0154543 16 
2 20 10 0.000811165 0.036 0.0147423 3 
3 20 10 0.00166338 0.001 0.0156769 3 
4 20 10 0.000462536 0.049 0.0169468 2 
5 20 10 0 0.029 0.0180598 1 
6 20 10 0.00271437 0.041 0.0152982 2 
7 20 10 0.00100995 0.021 0.0150354 2 
8 20 10 0.00477851 0.037 0.0177118 3 
9 20 10 0 0.029 0.0148655 1 
10 20 10 0 0.027 0.0173582 1 
11 20 10 2.25764e-05 0.046 0.0179861 2 
12 20 10 0 0.019 0.0139133 1 
13 20 10 0 0.043 0.0175357 1 
14 20 10 0 0.033 0.0146388 1 
15 20 10 0 0.008 0.0133257 1 
16 20 10 0 0.035 0.0172073 1 
17 20 10 0 0.022 0.015954 1 
18 20 10 0 0.029 0.0213935 1 
19 20 10 0.00742009 0.008 0.0167972 10 
20 20 10 0.000964715 0.002 0.0156801 3 
21 20 10 0 0.014 0.0152979 1 
22 20 10 0 0.024 0.0179932 1 
23 20 10 0 0.015 0.0140365 1 
24 20 10 0 0.02 0.0124951 1 
25 20 10 0 0.002 0.0133247 1 
26 20 10 0 0.04 0.0133266 1 
27 20 10 0.0049476 0.009 0.0146855 10 
28 20 10 0.000892272 0.046 0.0160983 3 
29 20 10 0.00616153 0.034 0.0195675 4 
30 20 10 0.0282429 0.002 0.0171598 21 
31 20 10 0 0.008 0.0178031 1 
32 20 10 0.0114263 0.011 0.0137801 4 
0 20 11 0 0.04 0.0160884 1 
1 20 11 0 0.004 0.0141612 1 
2 20 11 2.75185e-06 0.027 0.0148 2 
3 20 11 0.00561156 0.003 0.0158853 5 
4 20 11 0 0.011 0.0189682 1 
5 20 11 0 0.023 0.0140199 1 
6 20 11 0 0.007 0.0187436 1 
7 20 11 0 0.046 0.0180223 1 
8 20 11 0 0.016 0.0190971 1 
9 20 11 0 0.021 0.0139563 1 
10 20 11 0 0.044 0.0126605 1 
11 20 11 4.06308e-06 0.03 0.0127069 2 
12 20 11 0 0.037 0.0184405 1 
13 20 11 0.00808924 0.033 0.0125207 3 
14 20 11 0.0126886 0.001 0.0183499 8 
15 20 11 0 0.031 0.0134813 1 
16 20 11 0 0.008 0.0144416 1 
17 20 11 0 0.007 0.0176569 1 
18 20 11 1.8177e-05 0.006 0.0137467 2 
19 20 11 0 0.048 0.0163347 1 
20 20 11 0 0.029 0.0123534 1 
21 20 11 0.000907871 0.004 0.0137455 1 
22 20 11 0 0.024 0.0168998 1 
23 20 11 0 0.032 0.01936 1 
24 20 11 0 0.037 0.020621 1 
25 20 11 0.0087035 0.001 0.0195101 9 
26 20 11 0 0.026 0.0163136 1 
27 20 11 0 0.027 0.0144203 1 
28 20 11 0 0.042 0.014524 1 
29 20 11 0 0.036 0.0140396 1 
30 20 11 0 0.026 0.0131318 1 
31 20 11 8.07709e-05 0.039 0.0148267 2 
32 20 11 0.00664633 0.029 0.0142496 4 
0 20 12 0.00189748 0.001 0.0163606 4 
1 20 12 0 0.018 0.0178043 1 
2 20 12 5.983e-05 0.029 0.0150225 2 
3 20 12 0.00219573 0.003 0.0128393 2 
4 20 12 0 0.044 0.0176262 1 
5 20 12 0 0.041 0.0201072 1 
6 20 12 0 0.003 0.0162872 1 
7 20 12 6.84579e-05 0.01 0.0125203 2 
8 20 12 0 0.014 0.0115842 1 
9 20 12 0.0111348 0.013 0.0136617 12 
10 20 12 0 0.014 0.0159793 1 
11 20 12 5.983e-05 0.031 0.015167 2 
12 20 12 0 0.007 0.0164708 1 
13 20 12 0.00691814 0.048 0.0149722 4 
14 20 12 0 0.039 0.0160839 1 
15 20 12 0 0.048 0.0141722 1 
16 20 12 0 0.027 0.0155112 1 
17 20 12 0 0.039 0.0173359 1 
18 20 12 0.00312098 0.037 0.0189495 2 
19 20 12 0 0.03 0.016448 1 
20 20 12 0 0.006 0.0158688 1 
21 20 12 0.00147709 0.022 0.0107794 1 
22 20 12 0.0114228 0.015 0.0153001 13 
23 20 12 0 0.04 0.0169891 1 
24 20 12 4.46794e-05 0.047 0.0179842 2 
25 20 12 0.014489 0.011 0.0128149 18 
26 20 12 0.00983204 0.014 0.0150106 6 
27 20 12 0 0.033 0.0133826 1 
28 20 12 4.46794e-05 0.035 0.0162704 2 
29 20 12 0.000744625 0.013 0.0175768 3 
30 20 12 0 0.018 0.0173125 1 
31 20 12 0 0.024 0.0154616 1 
32 20 12 0.0487707 0.002 0.0185154 42 
0 20 13 0 0.038 0.0198608 1 
1 20 13 0.020734 0.003 0.0110866 14 
2 20 13 0.000718474 0.031 0.0153654 3 
3 20 13 0 0.008 0.0117091 1 
4 20 13 0 0.034 0.0179425 1 
5 20 13 0 0.01 0.013283 1 
6 20 13 0 0.003 0.0172738 1 
7 20 13 0 0.04 0.0191095 1 
8 20 13 0 0.039 0.0196747 1 
9 20 13 0 0.04 0.01224 1 
10 20 13 0.0069187 0.024 0.0111249 3 
11 20 13 0.000468315 0.041 0.0144301 2 
12 20 13 0 0.026 0.0179863 1 
13 20 13 0.000117012 0.006 0.0116741 2 
14 20 13 0 0.037 0.0178886 1 
15 20 13 0 0.046 0.015324 1 
16 20 13 0 0.034 0.0163244 1 
17 20 13 0.00275581 0.01 0.0136588 4 
18 20 13 5.21226e-05 0.017 0.0184804 2 
19 20 13 0.00151706 0.006 0.0155306 2 
20 20 13 0 0.004 0.0167455 1 
21 20 13 0 0.021 0.0159198 1 
22 20 13 0.00402597 0.042 0.0102887 2 
23 20 13 0 0.009 0.0163666 1 
24 20 13 0 0.048 0.0132239 1 
25 20 13 0 0.03 0.01404 1 
26 20 13 0 0.026 0.0173832 1 
27 20 13 0 0.044 0.0165008 1 
28 20 13 0 0.033 0.0153214 1 
29 20 13 0 0.047 0.0167173 1 
30 20 13 0 0.031 0.0155424 1 
31 20 13 0 0.037 0.0115767 1 
32 20 13 0 0.005 0.0160591 1 
0 20 14 0 0.048 0.0168159 1 
1 20 14 0.0327639 0.01 0.0136193 14 
2 20 14 0.00108122 0.008 0.0176548 3 
3 20 14 0 0.028 0.014797 1 
4 20 14 0 0.027 0.0162617 1 
5 20 14 0 0.049 0.0176006 2 
6 20 14 0 0.012 0.015419 1 
7 20 14 0.00310924 0.01 0.0157357 2 
8 20 14 0 0.004 0.0184653 1 
9 20 14 0 0.023 0.014532 1 
10 20 14 0.000804541 0.006 0.021179 3 
11 20 14 0.000114277 0.044 0.0199646 2 
12 20 14 0.0028482 0.03 0.015599 4 
13 20 14 0.00258225 0.047 0.0177798 2 
14 20 14 0 0.002 0.0152849 1 
15 20 14 6.95383e-05 0.009 0.0158304 2 
16 20 14 0 0.02 0.0167441 1 
17 20 14 0 0.033 0.0139468 1 
18 20 14 0 0.003 0.0135993 1 
19 20 14 0 0.04 0.0140181 1 
20 20 14 0 0.042 0.0162912 1 
21 20 14 0 0.039 0.016042 1 
22 20 14 0 0.001 0.0132474 1 
23 20 14 0 0.043 0.0197703 1 
24 20 14 0 0.008 0.0147852 1 
25 20 14 0 0.001 0.0165602 1 
26 20 14 0.0041799 0.003 0.0161005 5 
27 20 14 0.0293275 0.003 0.0146846 34 
28 20 14 0 0.044 0.0150845 1 
29 20 14 0 0.038 0.0153028 1 
30 20 14 0.00261734 0.026 0.0151633 2 
31 20 14 0 0.014 0.0143079 1 
32 20 14 0.00924938 0.045 0.0156336 2 
0 20 15 0 0.049 0.0115103 1 
1 20 15 0 0.045 0.00997599 1 
2 20 15 0 0.014 0.0143538 1 
3 20 15 7.93968e-05 0.007 0.0143609 2 
4 20 15 0 0.046 0.0133594 1 
5 20 15 0.0050389 0.028 0.0119882 4 
6 20 15 0 0.048 0.0177041 1 
7 20 15 0.00169446 0.028 0.0156359 2 
8 20 15 0 0.04 0.0181195 1 
9 20 15 0 0.026 0.009087 1 
10 20 15 0 0.009 0.014167 1 
11 20 15 0 0.047 0.0144788 1 
12 20 15 0 0.005 0.0113277 1 
13 20 15 0 0.003 0.0154984 1 
14 20 15 0 0.015 0.0141429 1 
15 20 15 0 0.016 0.0227373 1 
16 20 15 0 0.042 0.0129481 1 
17 20 15 0 0.016 0.017005 1 
18 20 15 0 0.044 0.0161914 1 
19 20 15 0 0.039 0.0127317 1 
20 20 15 0 0.042 0.0162013 1 
21 20 15 0 0.02 0.0156936 1 
22 20 15 0.0106706 0.036 0.0159455 3 
23 20 15 0 0.009 0.0153947 1 
24 20 15 0 0.008 0.0163502 1 
25 20 15 0 0.034 0.0138584 1 
26 20 15 0 0.048 0.0161019 1 
27 20 15 0 0.029 0.0159787 1 
28 20 15 0 0.012 0.0202499 1 
29 20 15 0 0.049 0.012298 1 
30 20 15 0.0263436 0.003 0.0133373 26 
31 20 15 0 0.041 0.0181312 1 
32 20 15 0 0.007 0.0149493 1 
0 20 16 0.0728412 0.001 0.0136202 61 
1 20 16 0.0030507 0.033 0.0148973 2 
2 20 16 0.00011426 0.002 0.0140545 2 
3 20 16 0 0.041 0.0166632 1 
4 20 16 0 0.041 0.0135129 1 
5 20 16 0 0.049 0.0148999 1 
6 20 16 0 0.035 0.0137016 1 
7 20 16 0.0037427 0.018 0.0169374 2 
8 20 16 0.00159506 0.01 0.0179673 2 
9 20 16 0.00273746 0.004 0.0119824 3 
10 20 16 0 0.033 0.0153245 1 
11 20 16 0 0.013 0.0157474 1 
12 20 16 0 0.048 0.0168707 1 
13 20 16 0.0233239 0.005 0.0138964 16 
14 20 16 0.00130584 0.01 0.0167359 3 
15 20 16 0 0.038 0.0190464 1 
16 20 16 0 0.012 0.0168606 1 
17 20 16 0.0133725 0.001 0.0171215 21 
18 20 16 0 0.049 0.0169484 1 
19 20 16 0 0.04 0.0177388 1 
20 20 16 0.00183617 0.027 0.0141896 2 
21 20 16 0.00381056 0.01 0.0162387 1 
22 20 16 0.014354 0.01 0.0131947 9 
23 20 16 0 0.034 0.016229 1 
24 20 16 0 0.038 0.0163401 1 
25 20 16 0.00969805 0.014 0.0146588 9 
26 20 16 0.00412163 0.006 0.0132226 3 
27 20 16 0 0.003 0.0160865 1 
28 20 16 0 0.017 0.0218116 1 
29 20 16 0.00013662 0.032 0.0127721 2 
30 20 16 0 0.035 0.0148786 1 
31 20 16 0 0.034 0.0169259 1 
32 20 16 0.00347602 0.008 0.0137244 5 
0 20 17 0.0550158 0.001 0.0153462 34 
1 20 17 0 0.009 0.0136919 1 
2 20 17 0 0.005 0.0132235 1 
3 20 17 0 0.047 0.0184866 1 
4 20 17 0 0.032 0.0144591 1 
5 20 17 0 0.036 0.0178273 1 
6 20 17 0 0.023 0.0156105 1 
7 20 17 0 0.036 0.015518 1 
8 20 17 0 0.044 0.0183572 1 
9 20 17 0 0.037 0.0136823 1 
10 20 17 0 0.002 0.0139476 1 
11 20 17 3.08824e-05 0.01 0.0161409 2 
12 20 17 0 0.034 0.0172186 1 
13 20 17 0 0.016 0.016414 1 
14 20 17 0 0.019 0.0154953 1 
15 20 17 0 0.049 0.0145912 1 
16 20 17 0 0.005 0.0138594 1 
17 20 17 0.002814 0.001 0.0150967 12 
18 20 17 5.21914e-05 0.021 0.0195477 2 
19 20 17 0.00287475 0.012 0.0153962 3 
20 20 17 0 0.026 0.0171781 1 
21 20 17 0.0047473 0.029 0.0211703 3 
22 20 17 0 0.034 0.0187649 1 
23 20 17 0 0.032 0.0153762 1 
24 20 17 0 0.002 0.0175095 1 
25 20 17 0 0.021 0.0126721 1 
26 20 17 0 0.048 0.014305 1 
27 20 17 0 0.037 0.0143889 1 
28 20 17 0 0.033 0.0148008 1 
29 20 17 0 0.018 0.0166509 1 
30 20 17 0 0.032 0.0168191 1 
31 20 17 0.00163787 0.043 0.0134798 2 
32 20 17 0.00138615 0.004 0.0152711 3 
0 20 18 0 0.008 0.0156729 1 
1 20 18 0 0.003 0.015736 1 
2 20 18 0.000114332 0.021 0.0155581 2 
3 20 18 0.00275714 0.041 0.0143567 2 
4 20 18 0 0.011 0.0180894 3 
5 20 18 0 0.022 0.0175381 2 
6 20 18 0.00018138 0.035 0.0185458 2 
7 20 18 0 0.036 0.0171348 1 
8 20 18 0 0.037 0.0136711 1 
9 20 18 0 0.015 0.0186151 1 
10 20 18 0 0.008 0.0135395 1 
11 20 18 0 0.013 0.0145726 1 
12 20 18 0.00502097 0.001 0.0149795 3 
13 20 18 0 0.033 0.0113501 1 
14 20 18 0.00956329 0.007 0.0129816 9 
15 20 18 0 0.026 0.0174189 1 
16 20 18 0 0.026 0.0191919 1 
17 20 18 0 0.02 0.0157792 1 
18 20 18 0 0.049 0.0139193 1 
19 20 18 0 0.018 0.0159139 1 
20 20 18 0 0.013 0.0163432 1 
21 20 18 0.00315959 0.002 0.0132443 4 
22 20 18 0 0.006 0.017502 1 
23 20 18 0.0094562 0.002 0.01271 7 
24 20 18 0 0.037 0.0138883 1 
25 20 18 0.00305083 0.023 0.0175121 2 
26 20 18 0 0.014 0.0168906 2 
27 20 18 0.0738612 0.001 0.0131029 69 
28 20 18 0 0.036 0.0204036 1 
29 20 18 0 0.044 0.0180275 1 
30 20 18 0 0.03 0.0176498 1 
31 20 18 0 0.033 0.0125804 1 
32 20 18 0 0.049 0.0167226 1 
0 20 19 0 0.039 0.0186328 1 
1 20 19 0.000141492 0.016 0.0141351 2 
2 20 19 0.000721489 0.048 0.0212999 3 
3 20 19 0 0.031 0.0142194 1 
4 20 19 0 0.04 0.0123831 1 
5 20 19 0.00162513 0.037 0.0147042 2 
6 20 19 0 0.036 0.0133431 1 
7 20 19 0 0.037 0.013325 1 
8 20 19 0 0.008 0.0163622 1 
9 20 19 0 0.003 0.0122085 1 
10 20 19 0 0.033 0.0116645 1 
11 20 19 0 0.006 0.021694 1 
12 20 19 0 0.044 0.0155463 1 
13 20 19 0 0.019 0.0153295 1 
14 20 19 0 0.037 0.0127426 1 
15 20 19 0 0.008 0.0165855 1 
16 20 19 0 0.013 0.013651 1 
17 20 19 0.0262615 0.005 0.0141743 32 
18 20 19 0 0.035 0.0136357 1 
19 20 19 0 0.005 0.0153254 1 
20 20 19 0 0.004 0.0182307 1 
21 20 19 0 0.002 0.0164432 1 
22 20 19 0 0.038 0.0162734 1 
23 20 19 5.93912e-05 0.008 0.0174827 2 
24 20 19 0 0.034 0.0140061 1 
25 20 19 0.00211585 0.033 0.0172259 3 
26 20 19 0 0.012 0.0119831 1 
27 20 19 0 0.043 0.0139134 1 
28 20 19 0 0.045 0.0176505 1 
29 20 19 0 0.033 0.0140607 1 
30 20 19 0 0.021 0.0193533 1 
31 20 19 0 0.027 0.0194326 1 
32 20 19 0.00524639 0.019 0.0145059 4 
0 20 20 0 0.002 0.0149799 1 
1 20 20 0.00669472 0.004 0.0171394 8 
2 20 20 1.52839e-06 0.013 0.0117143 2 
3 20 20 0 0.04 0.0197611 1 
4 20 20 0 0.007 0.0131891 1 
5 20 20 0 0.037 0.0164965 1 
6 20 20 0 0.025 0.0150524 1 
7 20 20 0 0.011 0.0175479 1 
8 20 20 0 0.039 0.0206045 1 
9 20 20 0.00308632 0.013 0.0121671 6 
10 20 20 0 0.014 0.0122077 1 
11 20 20 0 0.031 0.015549 1 
12 20 20 0.0336012 0.012 0.0172165 19 
13 20 20 0.0368144 0.003 0.0161374 20 
14 20 20 0 0.026 0.01883 1 
15 20 20 0 0.01 0.0131196 1 
16 20 20 0 0.024 0.0153695 1 
17 20 20 3.13028e-05 0.013 0.0177885 2 
18 20 20 0 0.044 0.0163908 1 
19 20 20 0.00682154 0.005 0.0124958 15 
20 20 20 0 0.04 0.0137713 1 
21 20 20 0.00217535 0.028 0.0167997 1 
22 20 20 0 0.044 0.0152503 1 
23 20 20 0 0.033 0.0148866 1 
24 20 20 0 0.036 0.0128455 1 
25 20 20 0 0.003 0.0160125 1 
26 20 20 0 0.02 0.0146316 1 
27 20 20 0 0.031 0.016061 1 
28 20 20 9.20046e-05 0.029 0.013149 2 
29 20 20 0 0.04 0.0171068 1 
30 20 20 0.0151483 0.019 0.0188464 11 
31 20 20 0 0.033 0.0121773 1 
32 20 20 8.45737e-05 0.002 0.0125209 2 
0 20 21 0 0.047 0.0176846 1 
1 20 21 7.36193e-05 0.004 0.0166421 2 
2 20 21 3.10469e-05 0.025 0.0189771 2 
3 20 21 0.00577455 0.015 0.0149687 7 
4 20 21 0 0.044 0.0150479 1 
5 20 21 0 0.026 0.0174293 1 
6 20 21 0 0.007 0.0174115 2 
7 20 21 0 0.013 0.0116685 1 
8 20 21 0 0.039 0.0147363 3 
9 20 21 0 0.032 0.0192617 1 
10 20 21 0 0.015 0.0182348 1 
11 20 21 0 0.029 0.0151517 1 
12 20 21 0 0.019 0.0184689 1 
13 20 21 0.00604745 0.026 0.0124301 8 
14 20 21 0.00928543 0.019 0.0146027 7 
15 20 21 0 0.028 0.0156411 1 
16 20 21 0 0.034 0.0188398 1 
17 20 21 0.0121504 0.003 0.0115593 16 
18 20 21 0 0.015 0.0222315 1 
19 20 21 0.000838521 0.008 0.0171273 2 
20 20 21 0.0032856 0.001 0.0159604 3 
21 20 21 0 0.004 0.010306 1 
22 20 21 0 0.002 0.0165116 1 
23 20 21 0 0.017 0.018696 1 
24 20 21 5.23331e-05 0.018 0.0172662 2 
25 20 21 0.00560808 0.009 0.0159082 3 
26 20 21 0.0167626 0.005 0.0154869 16 
27 20 21 0.0573985 0.001 0.0172033 39 
28 20 21 0 0.007 0.0163729 1 
29 20 21 0 0.01 0.0171784 1 
30 20 21 0.00409884 0.018 0.0197586 4 
31 20 21 0.00544947 0.032 0.0152289 2 
32 20 21 0 0.031 0.0156943 1 
0 20 22 0 0.014 0.0150398 1 
1 20 22 0.0021223 0.004 0.0139459 4 
2 20 22 1.51678e-06 0.042 0.0114295 2 
3 20 22 0 0.04 0.0177385 1 
4 20 22 0 0.045 0.0142117 1 
5 20 22 0 0.046 0.0146406 1 
6 20 22 0 0.022 0.0177493 1 
7 20 22 0.00102203 0.008 0.015602 2 
8 20 22 0 0.01 0.0150134 1 
9 20 22 0.0013136 0.047 0.0135874 2 
10 20 22 0.000781575 0.045 0.0157803 2 
11 20 22 0 0.036 0.0144919 1 
12 20 22 0 0.002 0.0134774 1 
13 20 22 0.00036 0.005 0.0157715 2 
14 20 22 0.00897687 0.019 0.0104003 7 
15 20 22 6.97575e-05 0.043 0.0155626 2 
16 20 22 0 0.036 0.0162525 1 
17 20 22 0.00360576 0.025 0.0147682 3 
18 20 22 9.20869e-05 0.005 0.0158321 2 
19 20 22 0 0.032 0.0111657 1 
20 20 22 0.00338926 0.003 0.0178922 9 
21 20 22 0 0.003 0.0172251 1 
22 20 22 0 0.026 0.0196665 1 
23 20 22 0.0179497 0.001 0.0171725 15 
24 20 22 9.20869e-05 0.01 0.0142376 2 
25 20 22 0 0.032 0.0171854 1 
26 20 22 0 0.006 0.0163026 1 
27 20 22 0 0.03 0.0137139 1 
28 20 22 0 0.027 0.0182501 1 
29 20 22 0 0.006 0.0188487 1 
30 20 22 2.08129e-05 0.001 0.0136196 2 
31 20 22 0 0.027 0.0184182 1 
32 20 22 0 0.034 0.0185425 1 
0 20 23 0 0.024 0.0148559 1 
1 20 23 0.0119464 0.015 0.0173999 3 
2 20 23 3.12816e-05 0.021 0.0177755 2 
3 20 23 0.0402567 0.003 0.0134223 44 
4 20 23 0 0.041 0.0171737 1 
5 20 23 0.000430106 0.031 0.0164085 3 
6 20 23 0 0.028 0.0171686 1 
7 20 23 0.0101206 0.006 0.01094 10 
8 20 23 0.00117758 0.04 0.0134993 2 
9 20 23 0.000252467 0.028 0.0211046 2 
10 20 23 0 0.007 0.0170588 1 
11 20 23 3.12816e-05 0.015 0.0174294 2 
12 20 23 0.00418438 0.016 0.0162727 7 
13 20 23 0.00249051 0.047 0.0166533 2 
14 20 23 0 0.033 0.0118288 1 
15 20 23 7.38312e-05 0.013 0.0176881 2 
16 20 23 0 0.021 0.0142424 1 
17 20 23 0.0298167 0.011 0.0179577 10 
18 20 23 0 0.045 0.0138495 1 
19 20 23 0 0.006 0.0136808 1 
20 20 23 0.00314537 0.023 0.0164953 3 
21 20 23 0 0.049 0.0144106 1 
22 20 23 0.00603087 0.009 0.017398 7 
23 20 23 0 0.038 0.0138352 1 
24 20 23 5.25564e-05 0.035 0.0174043 2 
25 20 23 0 0.015 0.0137063 1 
26 20 23 0 0.006 0.012869 1 
27 20 23 0 0.007 0.0105592 1 
28 20 23 5.25564e-05 0.002 0.0170553 2 
29 20 23 0 0.01 0.0193774 1 
30 20 23 0 0.045 0.0182227 1 
31 20 23 0 0.013 0.0148714 1 
32 20 23 0.0143564 0.01 0.0145517 9 
0 20 24 0 0.031 0.0174778 1 
1 20 24 0 0.007 0.0108865 1 
2 20 24 0 0.026 0.021381 1 
3 20 24 0 0.001 0.0155661 1 
4 20 24 0 0.01 0.0130065 1 
5 20 24 0.000570535 0.037 0.0183348 3 
6 20 24 0 0.013 0.0168614 1 
7 20 24 0.000645131 0.02 0.0160891 2 
8 20 24 0.0169506 0.046 0.0385345 3 
9 20 24 0 0.011 0.0172085 1 
10 20 24 0 0.005 0.0146104 1 
11 20 24 0 0.039 0.0200627 1 
12 20 24 0 0.041 0.0156388 1 
13 20 24 0 0.014 0.0132157 1 
14 20 24 0 0.037 0.0197287 1 
15 20 24 0 0.014 0.0162617 1 
16 20 24 0 0.016 0.0217116 1 
17 20 24 0.0301812 0.002 0.0161261 19 
18 20 24 0 0.037 0.0159863 1 
19 20 24 0 0.024 0.0123897 1 
20 20 24 0 0.02 0.0142849 1 
21 20 24 0 0.035 0.0138774 1 
22 20 24 0.0346124 0.004 0.0142092 32 
23 20 24 0 0.035 0.0106586 1 
24 20 24 0 0.011 0.0159365 1 
25 20 24 4.76158e-05 0.031 0.0137336 2 
26 20 24 0.00493366 0.002 0.00905026 4 
27 20 24 0.00438233 0.008 0.0172247 2 
28 20 24 0 0.007 0.0179144 1 
29 20 24 0 0.014 0.0150769 1 
30 20 24 0 0.019 0.0141957 1 
31 20 24 0.00280231 0.031 0.0130631 3 
32 20 24 0 0.021 0.0172376 1 
0 20 25 0 0.002 0.0107319 1 
1 20 25 0.000533426 0.014 0.0151001 3 
2 20 25 0 0.011 0.0129117 1 
3 20 25 0.022359 0.006 0.0118372 24 
4 20 25 0.00308244 0.045 0.017267 2 
5 20 25 0 0.007 0.0181063 1 
6 20 25 0.005108 0.013 0.0194015 4 
7 20 25 0 0.038 0.0144641 1 
8 20 25 0 0.006 0.0139257 1 
9 20 25 0.00500729 0.016 0.0190478 3 
10 20 25 0 0.024 0.0121429 1 
11 20 25 0 0.004 0.0190411 1 
12 20 25 0 0.026 0.0168897 1 
13 20 25 0.00578378 0.002 0.0128087 4 
14 20 25 0 0.024 0.0119011 1 
15 20 25 0 0.007 0.0243566 1 
16 20 25 0 0.042 0.0158154 1 
17 20 25 0.0159528 0.023 0.0173541 5 
18 20 25 0 0.035 0.0175983 1 
19 20 25 0 0.014 0.0174581 1 
20 20 25 0 0.001 0.014142 1 
21 20 25 0 0.036 0.0150677 1 
22 20 25 0.0356791 0.007 0.0147989 29 
23 20 25 0.00224405 0.007 0.0150375 3 
24 20 25 0 0.032 0.0166934 1 
25 20 25 0.000959361 0.008 0.0148473 2 
26 20 25 0 0.031 0.0170057 1 
27 20 25 0.00085973 0.003 0.0171771 2 
28 20 25 0 0.008 0.0178479 1 
29 20 25 1.0074e-05 0.036 0.015738 2 
30 20 25 0 0.014 0.0162471 2 
31 20 25 0.00270628 0.047 0.0145989 2 
32 20 25 0.0129847 0.007 0.0144193 9 
0 20 26 0 0.001 0.0208477 1 
1 20 26 0 0.034 0.0120338 1 
2 20 26 0 0.016 0.021072 1 
3 20 26 0 0.01 0.0169662 1 
4 20 26 0 0.014 0.0133896 1 
5 20 26 0 0.006 0.0148421 1 
6 20 26 0 0.036 0.0188253 1 
7 20 26 7.81124e-06 0.006 0.014349 2 
8 20 26 0 0.035 0.016353 1 
9 20 26 0.00788428 0.017 0.0163637 7 
10 20 26 0 0.04 0.0160627 1 
11 20 26 0 0.027 0.0165516 1 
12 20 26 0.000187248 0.009 0.0166827 3 
13 20 26 0 0.032 0.0154816 1 
14 20 26 0 0.036 0.0151586 1 
15 20 26 0 0.009 0.0186061 1 
16 20 26 6.99773e-05 0.028 0.02157 2 
17 20 26 0 0.044 0.0161159 1 
18 20 26 0 0.018 0.016536 1 
19 20 26 0 0.02 0.0151425 1 
20 20 26 0 0.014 0.0188738 1 
21 20 26 0 0.02 0.0181259 1 
22 20 26 0 0.023 0.0116622 1 
23 20 26 0 0.006 0.0170532 1 
24 20 26 0 0.048 0.0160735 1 
25 20 26 0 0.024 0.0139937 1 
26 20 26 0.0124263 0.008 0.0135319 12 
27 20 26 0 0.011 0.0142505 1 
28 20 26 0 0.035 0.0122165 1 
29 20 26 0.000136905 0.04 0.0175637 2 
30 20 26 0.0229083 0.006 0.0151778 18 
31 20 26 0.00326774 0.049 0.0138561 2 
32 20 26 0 0.049 0.0234167 1 
0 20 27 0.0569801 0.004 0.0165853 37 
1 20 27 0.00157668 0.016 0.0158655 2 
2 20 27 0 0.023 0.0126029 1 
3 20 27 0 0.032 0.0126364 1 
4 20 27 0.00423111 0.039 0.0195828 2 
5 20 27 0.00277058 0.021 0.0154379 5 
6 20 27 0 0.001 0.011673 1 
7 20 27 0 0.007 0.0144568 1 
8 20 27 0.00366362 0.017 0.0171071 2 
9 20 27 0 0.037 0.014131 1 
10 20 27 0.00329217 0.005 0.0178055 3 
11 20 27 0 0.035 0.0169712 1 
12 20 27 0.0141734 0.006 0.0161991 8 
13 20 27 0.00401224 0.015 0.0107913 5 
14 20 27 0 0.006 0.0132289 1 
15 20 27 0 0.015 0.017852 1 
16 20 27 0 0.017 0.0162777 1 
17 20 27 0 0.024 0.0174084 1 
18 20 27 0 0.018 0.0140038 1 
19 20 27 0.000272042 0.007 0.0107657 2 
20 20 27 0 0.025 0.0119644 1 
21 20 27 0 0.013 0.0131507 1 
22 20 27 0.00308702 0.014 0.0142985 4 
23 20 27 0 0.03 0.0158965 1 
24 20 27 0 0.043 0.014245 1 
25 20 27 0 0.007 0.0155183 1 
26 20 27 0.000394317 0.021 0.0143903 2 
27 20 27 0.00740863 0.025 0.0169399 2 
28 20 27 0.00145135 0.035 0.0149021 2 
29 20 27 0 0.03 0.0135429 1 
30 20 27 0.0108015 0.035 0.0139345 11 
31 20 27 0 0.047 0.0149469 1 
32 20 27 0 0.006 0.0135736 1 
0 20 28 0.0078825 0.046 0.0156472 3 
1 20 28 0.00275999 0.008 0.0158226 2 
2 20 28 0.000114655 0.039 0.0136601 2 
3 20 28 0 0.004 0.0149187 1 
4 20 28 0 0.012 0.0149926 1 
5 20 28 0 0.012 0.0160101 1 
6 20 28 0 0.002 0.0170731 1 
7 20 28 0.00354526 0.001 0.0151906 7 
8 20 28 0 0.024 0.0169964 1 
9 20 28 0.00655658 0.007 0.0144663 10 
10 20 28 0 0.026 0.0155782 1 
11 20 28 0 0.047 0.0189437 1 
12 20 28 0.00500703 0.02 0.0105171 3 
13 20 28 0 0.037 0.0145684 1 
14 20 28 0.00338354 0.01 0.0157522 3 
15 20 28 0 0.028 0.0168861 1 
16 20 28 0 0.018 0.0158694 1 
17 20 28 0 0.031 0.0161207 1 
18 20 28 0 0.012 0.017576 1 
19 20 28 0 0.029 0.0129658 1 
20 20 28 0.00193044 0.049 0.0167872 2 
21 20 28 0.000203852 0.04 0.0176813 2 
22 20 28 0 0.01 0.0173286 1 
23 20 28 0.00195737 0.001 0.0172056 2 
24 20 28 0 0.018 0.0185182 1 
25 20 28 0.026859 0.006 0.0134362 22 
26 20 28 0 0.027 0.01299 1 
27 20 28 0.00252832 0.003 0.0156882 6 
28 20 28 9.23553e-05 0.024 0.0225301 2 
29 20 28 0 0.036 0.017324 1 
30 20 28 0 0.002 0.0149889 1 
31 20 28 0.00270989 0.027 0.0164123 3 
32 20 28 0 0.044 0.0149921 1 
0 20 29 0.0274496 0.01 0.0159537 23 
1 20 29 0.00672451 0.019 0.0150117 4 
2 20 29 0 0.004 0.0149833 1 
3 20 29 0.00256743 0.009 0.0103727 4 
4 20 29 0 0.042 0.0148718 3 
5 20 29 0 0.01 0.0144921 1 
6 20 29 0 0.046 0.0182715 1 
7 20 29 0.0165615 0.006 0.0162662 10 
8 20 29 0 0.005 0.0198334 1 
9 20 29 0 0.011 0.0119711 1 
10 20 29 0 0.016 0.0172914 1 
11 20 29 0.00108224 0.028 0.017475 3 
12 20 29 0 0.014 0.0133903 1 
13 20 29 0.00893678 0.027 0.0147216 9 
14 20 29 0 0.025 0.0151182 1 
15 20 29 0 0.041 0.0150739 1 
16 20 29 0 0.03 0.0159012 1 
17 20 29 0.00843682 0.005 0.0157191 13 
18 20 29 0 0.043 0.0133896 1 
19 20 29 0 0.039 0.0140373 1 
20 20 29 0 0.012 0.0155696 1 
21 20 29 0 0.003 0.0135943 1 
22 20 29 0 0.002 0.0124212 1 
23 20 29 0 0.027 0.0202841 1 
24 20 29 5.2746e-05 0.044 0.0178158 2 
25 20 29 0 0.018 0.0133407 1 
26 20 29 0 0.039 0.012196 1 
27 20 29 0.00200055 0.012 0.0143054 3 
28 20 29 0 0.034 0.0157738 1 
29 20 29 0 0.033 0.0172221 1 
30 20 29 0.000688485 0.013 0.0141605 2 
31 20 29 0.00217495 0.024 0.0150039 3 
32 20 29 0.00881795 0.006 0.0201012 10 
0 20 30 0 0.045 0.0166313 1 
1 20 30 0 0.005 0.0159973 1 
2 20 30 0 0.004 0.0110929 1 
3 20 30 0.00831948 0.004 0.017664 7 
4 20 30 0 0.021 0.0185889 1 
5 20 30 0 0.009 0.023611 1 
6 20 30 0 0.021 0.0196931 1 
7 20 30 0.00307013 0.032 0.0134975 2 
8 20 30 0 0.016 0.0132168 1 
9 20 30 0 0.042 0.0180384 1 
10 20 30 0 0.002 0.0191787 1 
11 20 30 0.000989967 0.047 0.0116398 3 
12 20 30 0.000703579 0.015 0.0154595 2 
13 20 30 0 0.016 0.0116894 1 
14 20 30 0 0.03 0.0129582 1 
15 20 30 0 0.039 0.0137276 1 
16 20 30 0 0.039 0.0170536 1 
17 20 30 2.81596e-05 0.001 0.0158273 2 
18 20 30 0 0.012 0.0131936 1 
19 20 30 0.0141759 0.003 0.017931 13 
20 20 30 0.00388163 0.015 0.0132973 3 
21 20 30 0 0.012 0.0127808 1 
22 20 30 0 0.025 0.015146 1 
23 20 30 0 0.031 0.015397 1 
24 20 30 0 0.024 0.01696 1 
25 20 30 0.0164237 0.001 0.0159099 5 
26 20 30 0 0.047 0.0171893 1 
27 20 30 0.00117255 0.007 0.0109081 2 
28 20 30 0 0.025 0.0160155 1 
29 20 30 0 0.034 0.0167661 1 
30 20 30 0 0.045 0.0148264 1 
31 20 30 0 0.039 0.0160871 1 
32 20 30 0 0.004 0.0171109 1 
0 20 31 0 0.028 0.0162699 1 
1 20 31 0 0.044 0.0160174 1 
2 20 31 0 0.032 0.0187959 1 
3 20 31 0.0188808 0.008 0.0144968 7 
4 20 31 0 0.003 0.0153901 1 
5 20 31 0 0.039 0.0139736 1 
6 20 31 0 0.044 0.0182167 1 
7 20 31 0 0.016 0.0125297 1 
8 20 31 0 0.049 0.012988 1 
9 20 31 0.0272249 0.002 0.0169797 23 
10 20 31 0.00584052 0.024 0.0163806 5 
11 20 31 0 0.001 0.0156494 1 
12 20 31 0.000967255 0.018 0.0179833 2 
13 20 31 0.000281226 0.036 0.016773 4 
14 20 31 0 0.044 0.0181883 1 
15 20 31 0 0.001 0.0195075 1 
16 20 31 0 0.014 0.0171566 1 
17 20 31 0 0.027 0.0143852 1 
18 20 31 0 0.029 0.0129703 1 
19 20 31 0 0.017 0.0182813 1 
20 20 31 0.00390397 0.044 0.0160339 3 
21 20 31 0 0.047 0.0188885 1 
22 20 31 0.00763142 0.022 0.0150316 2 
23 20 31 0 0.01 0.0165299 1 
24 20 31 0 0.027 0.0150305 1 
25 20 31 0.00174581 0.003 0.0157863 2 
26 20 31 0.000161184 0.006 0.0168453 2 
27 20 31 0.00793677 0.033 0.0140761 5 
28 20 31 0 0.04 0.0154089 1 
29 20 31 1.04528e-05 0.043 0.0178168 2 
30 20 31 0 0.031 0.0158789 1 
31 20 31 0 0.02 0.0177249 1 
32 20 31 0 0.03 0.0150291 1 
0 20 32 0.00363186 0.023 0.0126273 3 
1 20 32 0 0.033 0.0148899 1 
2 20 32 0 0.012 0.0172798 1 
3 20 32 0.00101658 0.013 0.0138726 3 
4 20 32 0 0.013 0.0159173 1 
5 20 32 0 0.014 0.0146357 1 
6 20 32 0 0.008 0.0120938 1 
7 20 32 0 0.041 0.0150631 1 
8 20 32 0.000146515 0.027 0.0135061 2 
9 20 32 0 0.015 0.0122544 1 
10 20 32 0 0.047 0.0186207 1 
11 20 32 0 0.039 0.0121329 1 
12 20 32 0 0.043 0.0118866 1 
13 20 32 0 0.045 0.0170968 1 
14 20 32 0.00623403 0.032 0.019549 3 
15 20 32 0 0.019 0.0206871 1 
16 20 32 0 0.042 0.0163719 1 
17 20 32 0 0.038 0.0140912 1 
18 20 32 0 0.049 0.0162978 1 
19 20 32 0.000265279 0.024 0.0156611 2 
20 20 32 0.00226774 0.041 0.0175463 2 
21 20 32 0 0.029 0.0165496 1 
22 20 32 0 0.047 0.0141886 1 
23 20 32 0.00484554 0.026 0.0171137 4 
24 20 32 0 0.047 0.0163552 1 
25 20 32 0 0.025 0.0179178 1 
26 20 32 0.0011609 0.033 0.0184954 2 
27 20 32 0.000117535 0.006 0.0163608 2 
28 20 32 0 0.023 0.0162492 1 
29 20 32 0.000517678 0.044 0.0167521 2 
30 20 32 0.0180165 0.005 0.0176804 23 
31 20 32 0.00473256 0.027 0.014361 2 
32 20 32 0 0.046 0.0172432 1 
0 20 33 0 0.031 0.0186815 1 
1 20 33 0.0110541 0.019 0.0141419 12 
2 20 33 0 0.028 0.0158476 1 
3 20 33 0.00114302 0.006 0.0173761 3 
4 20 33 0.000739605 0.046 0.015094 3 
5 20 33 0.00138746 0.038 0.0193659 3 
6 20 33 0 0.032 0.0171734 1 
7 20 33 0.000989819 0.036 0.0163472 3 
8 20 33 0 0.042 0.0166846 1 
9 20 33 0 0.048 0.0147565 1 
10 20 33 1.6657e-05 0.025 0.0182847 2 
11 20 33 0 0.034 0.0180568 1 
12 20 33 0 0.017 0.0134402 1 
13 20 33 0.0160866 0.011 0.0113362 13 
14 20 33 0 0.039 0.0182941 1 
15 20 33 0 0.001 0.0163401 1 
16 20 33 7.41731e-05 0.027 0.0140194 2 
17 20 33 0.0168892 0.021 0.0136952 8 
18 20 33 0 0.029 0.017647 1 
19 20 33 0 0.045 0.0144249 1 
20 20 33 0.00359921 0.003 0.0129948 5 
21 20 33 0 0.031 0.0208729 1 
22 20 33 0 0.037 0.0121503 1 
23 20 33 0.00187718 0.003 0.0169969 3 
24 20 33 5.2956e-05 0.042 0.0136442 2 
25 20 33 0 0.04 0.0163898 1 
26 20 33 0 0.003 0.016843 1 
27 20 33 0 0.024 0.0130646 1 
28 20 33 0 0.014 0.0155717 1 
29 20 33 1.05219e-05 0.018 0.0146178 2 
30 20 33 0 0.023 0.016402 1 
31 20 33 0 0.006 0.0200129 1 
32 20 33 0.00675922 0.024 0.014238 5 
0 20 34 0 0.049 0.0127483 1 
1 20 34 0.00555763 0.03 0.0147312 7 
2 20 34 0.000114795 0.018 0.0178968 2 
3 20 34 0 0.04 0.0149276 1 
4 20 34 0 0.042 0.0105609 1 
5 20 34 0 0.007 0.0137344 1 
6 20 34 0 0.017 0.0170052 1 
7 20 34 0 0.001 0.0153841 1 
8 20 34 0 0.028 0.0161367 1 
9 20 34 0 0.01 0.0158245 1 
10 20 34 0 0.001 0.018161 1 
11 20 34 0 0.032 0.0141212 1 
12 20 34 0.0115961 0.022 0.0121103 9 
13 20 34 0.000643671 0.018 0.0170292 2 
14 20 34 0 0.041 0.0172238 1 
15 20 34 0 0.049 0.0130495 1 
16 20 34 0 0.039 0.0178387 1 
17 20 34 0 0.043 0.0148883 1 
18 20 34 0 0.049 0.0175193 1 
19 20 34 0 0.044 0.0168206 1 
20 20 34 0.000483453 0.033 0.00988704 2 
21 20 34 0 0.047 0.0171969 1 
22 20 34 0 0.042 0.015703 1 
23 20 34 0.0106297 0.032 0.011239 5 
24 20 34 0 0.009 0.0148739 1 
25 20 34 0 0.01 0.0129231 1 
26 20 34 0.007347 0.015 0.0150407 7 
27 20 34 0 0.036 0.0145191 1 
28 20 34 0 0.019 0.0170213 1 
29 20 34 0.00644293 0.017 0.0147047 4 
30 20 34 0 0.047 0.0147041 1 
31 20 34 0 0.032 0.0117838 1 
32 20 34 0 0.027 0.0169703 1 
0 20 35 0 0.031 0.0208934 1 
1 20 35 0 0.024 0.012752 2 
2 20 35 0.00109042 0.015 0.018227 3 
3 20 35 0.0202147 0.005 0.0160336 16 
4 20 35 0.00299548 0.028 0.0179882 3 
5 20 35 0 0.047 0.0152401 1 
6 20 35 0 0.015 0.0183692 1 
7 20 35 0.0173351 0.003 0.0124008 12 
8 20 35 0 0.027 0.0214781 1 
9 20 35 0.0328344 0.004 0.0149738 33 
10 20 35 0 0.032 0.0170198 1 
11 20 35 0 0.048 0.0150057 1 
12 20 35 0.00557774 0.02 0.01418 10 
13 20 35 0 0.022 0.01679 1 
14 20 35 0.00647678 0.019 0.014209 2 
15 20 35 0 0.016 0.013908 1 
16 20 35 0 0.028 0.0179963 1 
17 20 35 0 0.042 0.0125942 1 
18 20 35 0 0.038 0.018252 1 
19 20 35 0.0101221 0.01 0.0138498 6 
20 20 35 0 0.003 0.0172608 1 
21 20 35 0.000256053 0.044 0.0168097 2 
22 20 35 0.0158039 0.012 0.015228 14 
23 20 35 0 0.029 0.0176396 1 
24 20 35 0 0.018 0.0172894 1 
25 20 35 2.50555e-05 0.001 0.0160869 2 
26 20 35 0.00383999 0.003 0.0170168 7 
27 20 35 0 0.031 0.0169586 1 
28 20 35 0 0.005 0.0163566 1 
29 20 35 3.78845e-05 0.017 0.013955 2 
30 20 35 0 0.014 0.0121099 1 
31 20 35 0.00904164 0.024 0.0111137 4 
32 20 35 0.0282096 0.004 0.0184146 21 
0 20 36 0.0278382 0.001 0.0170947 25 
1 20 36 0.000156707 0.031 0.01415 2 
2 20 36 0.000463895 0.045 0.017783 2 
3 20 36 0 0.007 0.0149637 1 
4 20 36 0 0.045 0.0180272 1 
5 20 36 0 0.023 0.0170022 1 
6 20 36 0 0.043 0.018041 1 
7 20 36 0.00103233 0.03 0.0123835 2 
8 20 36 0.000448837 0.03 0.0189408 2 
9 20 36 0 0.039 0.0184981 1 
10 20 36 0.000574983 0.04 0.0130455 2 
11 20 36 0.000114962 0.024 0.0146151 2 
12 20 36 0.00595732 0.004 0.0160948 7 
13 20 36 0 0.026 0.0158816 1 
14 20 36 0 0.036 0.0145632 1 
15 20 36 0 0.036 0.01904 1 
16 20 36 0 0.004 0.016013 1 
17 20 36 0 0.017 0.0160612 1 
18 20 36 0 0.027 0.0157812 1 
19 20 36 0 0.035 0.0152729 1 
20 20 36 0 0.027 0.0190787 1 
21 20 36 0.000203995 0.04 0.0123939 2 
22 20 36 0 0.018 0.0163307 1 
23 20 36 0 0.045 0.0127383 1 
24 20 36 0 0.027 0.0198926 1 
25 20 36 0 0.031 0.0170201 1 
26 20 36 0 0.045 0.0143538 1 
27 20 36 0 0.026 0.0177599 1 
28 20 36 0 0.016 0.0188327 1 
29 20 36 0 0.023 0.0135522 2 
30 20 36 0 0.007 0.0134236 1 
31 20 36 0.022801 0.015 0.0154406 6 
32 20 36 0 0.007 0.0132748 1 
0 20 37 0.00477915 0.046 0.0130995 5 
1 20 37 0 0.048 0.0162421 1 
2 20 37 0.000341346 0.02 0.0140784 2 
3 20 37 0.0199225 0.008 0.0123243 17 
4 20 37 0.00223822 0.033 0.0124423 2 
5 20 37 0 0.049 0.0154337 1 
6 20 37 0 0.015 0.0140297 1 
7 20 37 0 0.034 0.0140843 1 
8 20 37 0 0.043 0.0181214 1 
9 20 37 0 0.041 0.0112429 1 
10 20 37 0 0.002 0.0160881 1 
11 20 37 0.00548374 0.035 0.0214484 4 
12 20 37 0 0.03 0.0162764 1 
13 20 37 0 0.048 0.0177022 1 
14 20 37 0 0.042 0.0158665 1 
15 20 37 0 0.048 0.0172944 1 
16 20 37 0 0.002 0.0134838 1 
17 20 37 0 0.018 0.0150949 1 
18 20 37 0 0.047 0.0193479 1 
19 20 37 0.00438266 0.046 0.0140192 2 
20 20 37 0 0.006 0.0152277 1 
21 20 37 0.00804681 0.019 0.016784 3 
22 20 37 0.0310926 0.003 0.01456 55 
23 20 37 0 0.037 0.0139153 1 
24 20 37 5.30769e-05 0.006 0.0129581 2 
25 20 37 0 0.021 0.0150326 1 
26 20 37 0 0.03 0.013971 1 
27 20 37 0 0.016 0.0142899 1 
28 20 37 0 0.015 0.0146827 1 
29 20 37 1.06896e-05 0.032 0.0171349 2 
30 20 37 0 0.001 0.0145363 1 
31 20 37 0 0.041 0.0131522 1 
32 20 37 0.00177821 0.014 0.0151769 5 
0 20 38 0 0.007 0.0171466 1 
1 20 38 0.0022673 0.009 0.0193315 2 
2 20 38 0.000114964 0.042 0.0203978 2 
3 20 38 0 0.024 0.0171929 1 
4 20 38 0 0.008 0.0164074 1 
5 20 38 0 0.014 0.0155054 1 
6 20 38 0 0.005 0.0137409 1 
7 20 38 0.00989264 0.046 0.0150782 6 
8 20 38 0.00294661 0.04 0.0160606 3 
9 20 38 0 0.023 0.0158485 1 
10 20 38 0 0.027 0.0137562 1 
11 20 38 0.000773396 0.04 0.0167758 3 
12 20 38 0 0.046 0.0180369 1 
13 20 38 0.00199336 0.01 0.013449 2 
14 20 38 0 0.022 0.0164238 1 
15 20 38 0 0.029 0.0216169 1 
16 20 38 0 0.008 0.0190565 1 
17 20 38 0.0432812 0.004 0.0147854 37 
18 20 38 0 0.031 0.016115 1 
19 20 38 0.0113409 0.007 0.0170611 10 
20 20 38 0 0.032 0.0139958 1 
21 20 38 0 0.041 0.0147999 1 
22 20 38 0.0202973 0.009 0.0141905 17 
23 20 38 0 0.019 0.0168668 1 
24 20 38 0 0.027 0.0166677 1 
25 20 38 0.00898801 0.011 0.0153475 7 
26 20 38 0.00623045 0.018 0.0149342 6 
27 20 38 0 0.007 0.016374 1 
28 20 38 0 0.032 0.0183422 1 
29 20 38 0 0.042 0.017622 1 
30 20 38 0 0.049 0.0119636 1 
31 20 38 0 0.028 0.0152841 1 
32 20 38 0.013395 0.021 0.0166518 11 
0 20 39 0.00253072 0.014 0.012089 4 
1 20 39 0 0.003 0.0154115 1 
2 20 39 0 0.028 0.0154069 1 
3 20 39 0 0.004 0.0145509 1 
4 20 39 0 0.021 0.019007 1 
5 20 39 0 0.032 0.0157018 1 
6 20 39 0 0.037 0.0154575 1 
7 20 39 0.0111618 0.042 0.0178847 4 
8 20 39 0 0.044 0.0132768 1 
9 20 39 0.000233813 0.021 0.0136293 3 
10 20 39 0.000907754 0.039 0.0179289 3 
11 20 39 0.0010938 0.009 0.0191174 3 
12 20 39 0.00472067 0.042 0.0156378 3 
13 20 39 0 0.04 0.0140626 1 
14 20 39 0.0108138 0.049 0.0145686 2 
15 20 39 0 0.026 0.0126993 1 
16 20 39 0 0.042 0.0165128 1 
17 20 39 0.00181224 0.005 0.0141545 4 
18 20 39 0 0.038 0.0193175 1 
19 20 39 0.00221077 0.004 0.01638 4 
20 20 39 0 0.004 0.0178059 1 
21 20 39 0 0.019 0.0147395 1 
22 20 39 0 0.011 0.0173244 1 
23 20 39 0.0023331 0.003 0.0154632 3 
24 20 39 0 0.006 0.0167417 1 
25 20 39 0.0105474 0.011 0.0139163 7 
26 20 39 0 0.04 0.0149423 1 
27 20 39 0 0.042 0.013934 1 
28 20 39 0 0.01 0.0189776 1 
29 20 39 0 0.005 0.0188196 1 
30 20 39 0.0486394 0.001 0.0136433 56 
31 20 39 0 0.027 0.0114398 1 
32 20 39 0.00047675 0.019 0.015659 2 
0 20 40 0.0133747 0.007 0.0132497 4 
1 20 40 0.00701768 0.022 0.0133433 12 
2 20 40 0.000187541 0.047 0.0144365 2 
3 20 40 0 0.046 0.0146701 1 
4 20 40 0 0.022 0.0172354 1 
5 20 40 0 0.009 0.0121553 1 
6 20 40 0 0.037 0.0115857 1 
7 20 40 0.0133675 0.024 0.0141743 8 
8 20 40 0 0.049 0.0168439 1 
9 20 40 0 0.039 0.0124959 1 
10 20 40 0 0.007 0.0187363 1 
11 20 40 0 0.042 0.0140879 1 
12 20 40 0.0106197 0.006 0.0142973 11 
13 20 40 0 0.043 0.0152693 1 
14 20 40 0.000738228 0.004 0.0172376 2 
15 20 40 0 0.008 0.0141735 1 
16 20 40 0 0.008 0.0123023 1 
17 20 40 0 0.001 0.0163272 1 
18 20 40 0 0.01 0.0134559 1 
19 20 40 0.0013382 0.015 0.0187244 2 
20 20 40 0 0.017 0.0138605 1 
21 20 40 0 0.044 0.0190139 1 
22 20 40 0 0.045 0.0160131 1 
23 20 40 0 0.033 0.0157089 1 
24 20 40 0 0.027 0.0166042 1 
25 20 40 0 0.049 0.0162768 1 
26 20 40 0 0.009 0.0168945 1 
27 20 40 0 0.046 0.0131637 1 
28 20 40 0 0.022 0.0124642 1 
29 20 40 0 0.024 0.0147601 1 
30 20 40 0.00124731 0.036 0.0116971 2 
31 20 40 0.00515237 0.026 0.0185404 2 
32 20 40 0.00183062 0.013 0.0135458 2 
0 20 41 0.00120906 0.016 0.0167304 2 
1 20 41 0 0.008 0.0127123 1 
2 20 41 0 0.035 0.0169247 1 
3 20 41 0.00111647 0.027 0.011694 3 
4 20 41 0 0.043 0.0147525 1 
5 20 41 0 0.008 0.0173062 2 
6 20 41 0 0.013 0.0164554 2 
7 20 41 0.0142969 0.009 0.0126433 12 
8 20 41 0 0.026 0.0188539 2 
9 20 41 0 0.015 0.0195789 1 
10 20 41 0 0.039 0.0114351 1 
11 20 41 7.66893e-05 0.004 0.0182998 2 
12 20 41 0 0.036 0.0198984 1 
13 20 41 2.0344e-05 0.005 0.0175459 2 
14 20 41 0.0017488 0.016 0.0185008 4 
15 20 41 0 0.016 0.0164871 1 
16 20 41 0 0.005 0.0174246 1 
17 20 41 0 0.02 0.0145959 1 
18 20 41 0 0.047 0.0177315 1 
19 20 41 0 0.049 0.0150718 1 
20 20 41 0.000229046 0.001 0.0183599 5 
21 20 41 0 0.005 0.0158234 1 
22 20 41 0.00191807 0.004 0.0187561 3 
23 20 41 0.00726846 0.045 0.0148905 6 
24 20 41 0 0.031 0.0140785 1 
25 20 41 0 0.042 0.0151982 1 
26 20 41 0.00765863 0.014 0.0118601 6 
27 20 41 0 0.007 0.012139 1 
28 20 41 0 0.001 0.0143412 1 
29 20 41 0.00125095 0.048 0.0156484 3 
30 20 41 0 0.012 0.0131082 1 
31 20 41 0 0.006 0.0152504 1 
32 20 41 0.00244274 0.002 0.0170725 4 
0 20 42 0.000176264 0.004 0.0131068 3 
1 20 42 0 0.006 0.0120906 1 
2 20 42 0 0.029 0.0136352 1 
3 20 42 0 0.005 0.0160995 1 
4 20 42 0.000433147 0.044 0.0141164 2 
5 20 42 0 0.034 0.0171068 1 
6 20 42 0 0.02 0.0156944 1 
7 20 42 0 0.004 0.0135933 1 
8 20 42 0 0.014 0.0134569 1 
9 20 42 0 0.007 0.0168479 1 
10 20 42 0 0.049 0.0156609 2 
11 20 42 0 0.031 0.0146359 1 
12 20 42 0.0109286 0.011 0.0157148 6 
13 20 42 0 0.001 0.0139963 1 
14 20 42 0 0.011 0.0142737 1 
15 20 42 0 0.001 0.0201317 1 
16 20 42 7.18588e-05 0.004 0.015941 2 
17 20 42 0 0.024 0.0170386 1 
18 20 42 0 0.006 0.0153474 1 
19 20 42 0 0.024 0.019438 1 
20 20 42 0.000108928 0.029 0.0157989 2 
21 20 42 0.000207342 0.027 0.0197612 2 
22 20 42 0.00461276 0.002 0.0148962 7 
23 20 42 0 0.014 0.0153691 1 
24 20 42 9.44393e-05 0.042 0.0145387 2 
25 20 42 0 0.019 0.0160535 1 
26 20 42 0.00810684 0.006 0.0107756 10 
27 20 42 0.00217761 0.01 0.0198882 3 
28 20 42 9.44393e-05 0.009 0.0153008 2 
29 20 42 0 0.044 0.0106004 1 
30 20 42 0.0442007 0.002 0.0168293 36 
31 20 42 0 0.048 0.0110621 1 
32 20 42 0.000763313 0.018 0.0172894 4 
0 20 43 0 0.027 0.0153422 1 
1 20 43 0.00675322 0.015 0.0166374 6 
2 20 43 0 0.006 0.0207308 1 
3 20 43 0 0.033 0.0165467 1 
4 20 43 0 0.041 0.0148702 1 
5 20 43 0 0.008 0.0140955 1 
6 20 43 0 0.039 0.0164499 1 
7 20 43 2.05647e-06 0.025 0.0147818 2 
8 20 43 0 0.029 0.0152218 1 
9 20 43 0.0265071 0.005 0.0168743 15 
10 20 43 0 0.02 0.0205306 1 
11 20 43 0 0.044 0.0126145 1 
12 20 43 0.00159713 0.03 0.0165176 2 
13 20 43 0 0.013 0.0142285 1 
14 20 43 0.00105028 0.003 0.0183085 5 
15 20 43 0 0.004 0.0129083 1 
16 20 43 0 0.015 0.0182807 1 
17 20 43 0.0368464 0.01 0.0149658 21 
18 20 43 0 0.005 0.0141856 1 
19 20 43 0.0110398 0.037 0.0127898 4 
20 20 43 0 0.009 0.0133462 1 
21 20 43 0 0.027 0.01274 1 
22 20 43 0 0.037 0.0139226 1 
23 20 43 0 0.006 0.0129378 1 
24 20 43 0 0.023 0.0148334 1 
25 20 43 0 0.046 0.013355 1 
26 20 43 7.59224e-05 0.027 0.0178808 2 
27 20 43 0 0.025 0.0153136 1 
28 20 43 5.44148e-05 0.002 0.0163682 2 
29 20 43 0 0.022 0.0192998 1 
30 20 43 0 0.022 0.0155903 2 
31 20 43 0.00577613 0.035 0.0181297 2 
32 20 43 0.00199916 0.005 0.0173903 5 
0 20 44 0.0106379 0.005 0.0105217 17 
1 20 44 0.0220912 0.014 0.0178819 6 
2 20 44 0 0.045 0.0155809 1 
3 20 44 0.00353722 0.023 0.0145541 8 
4 20 44 0.000747643 0.033 0.0176004 2 
5 20 44 0 0.024 0.0141768 1 
6 20 44 0 0.032 0.0141857 1 
7 20 44 0 0.01 0.0116944 1 
8 20 44 0.0023838 0.038 0.0135044 3 
9 20 44 0.0208409 0.003 0.0142408 23 
10 20 44 0.000889841 0.049 0.0153619 2 
11 20 44 0 0.031 0.0142326 1 
12 20 44 0 0.04 0.0146214 1 
13 20 44 0 0.014 0.0177656 1 
14 20 44 0.00161274 0.002 0.0140893 5 
15 20 44 0 0.03 0.0141106 1 
16 20 44 0 0.048 0.0139526 1 
17 20 44 0 0.03 0.0150833 1 
18 20 44 0 0.019 0.0157011 1 
19 20 44 0.0179285 0.02 0.016538 9 
20 20 44 0 0.005 0.014913 1 
21 20 44 0 0.021 0.014304 1 
22 20 44 0 0.019 0.0193267 1 
23 20 44 0.000111145 0.003 0.0137745 2 
24 20 44 0 0.015 0.0125518 1 
25 20 44 0 0.046 0.0178663 1 
26 20 44 0.00359748 0.012 0.0166162 2 
27 20 44 0.0419882 0.005 0.0117779 26 
28 20 44 0.00134704 0.033 0.0176123 3 
29 20 44 0 0.007 0.0178843 1 
30 20 44 0.000793294 0.002 0.0114773 2 
31 20 44 0 0.018 0.017298 1 
32 20 44 0 0.037 0.013011 1 
0 20 45 0.0173029 0.015 0.0153362 15 
1 20 45 0.000189979 0.02 0.0160593 3 
2 20 45 0 0.024 0.0175589 1 
3 20 45 0 0.024 0.0165912 1 
4 20 45 0 0.002 0.0157579 1 
5 20 45 0 0.035 0.0202033 1 
6 20 45 0 0.042 0.0151297 1 
7 20 45 0.000461734 0.011 0.0167183 2 
8 20 45 0 0.021 0.0149646 1 
9 20 45 0 0.018 0.015602 1 
10 20 45 0 0.008 0.0123702 2 
11 20 45 0 0.004 0.0158925 1 
12 20 45 0 0.044 0.0159867 1 
13 20 45 0.000746171 0.005 0.017397 3 
14 20 45 0.0175435 0.007 0.0151351 26 
15 20 45 0 0.042 0.0176173 1 
16 20 45 0 0.046 0.0143578 1 
17 20 45 0.00873761 0.02 0.0153983 3 
18 20 45 0 0.004 0.0173966 1 
19 20 45 0.00222671 0.019 0.0151994 3 
20 20 45 0 0.005 0.0140111 1 
21 20 45 0 0.001 0.0169424 1 
22 20 45 0 0.038 0.0181754 1 
23 20 45 0.0030628 0.024 0.0177965 4 
24 20 45 0 0.041 0.0160736 1 
25 20 45 0.00555024 0.031 0.0168199 2 
26 20 45 0 0.04 0.0186673 1 
27 20 45 0.0067535 0.037 0.0163885 2 
28 20 45 0 0.014 0.0148469 1 
29 20 45 0 0.042 0.016906 1 
30 20 45 0.0236886 0.007 0.0134707 21 
31 20 45 0 0.02 0.0153441 1 
32 20 45 0.0105705 0.001 0.0183668 19 
0 20 46 0.00162305 0.031 0.0207152 3 
1 20 46 0.0160845 0.008 0.0136009 11 
2 20 46 0 0.001 0.0133131 1 
3 20 46 0 0.027 0.0130761 1 
4 20 46 0 0.02 0.0166079 1 
5 20 46 0.00485977 0.017 0.0166846 5 
6 20 46 0 0.023 0.0196897 1 
7 20 46 0 0.046 0.0135403 1 
8 20 46 0 0.015 0.0170716 1 
9 20 46 0 0.036 0.0153477 1 
10 20 46 0.000478208 0.021 0.0180591 2 
11 20 46 0 0.036 0.0171577 1 
12 20 46 0 0.045 0.0151282 1 
13 20 46 0.000301352 0.009 0.019806 3 
14 20 46 0 0.007 0.0166475 1 
15 20 46 0 0.021 0.0174552 1 
16 20 46 0 0.049 0.0197993 1 
17 20 46 0.0050957 0.032 0.0135156 6 
18 20 46 0 0.012 0.0161066 1 
19 20 46 0.000132064 0.002 0.0138708 3 
20 20 46 0 0.026 0.012048 1 
21 20 46 0 0.038 0.0191919 1 
22 20 46 0.00204246 0.03 0.0162804 2 
23 20 46 0.00752782 0.04 0.0144037 2 
24 20 46 0 0.021 0.0192168 1 
25 20 46 0 0.048 0.0155632 1 
26 20 46 0 0.039 0.0141796 1 
27 20 46 0 0.004 0.0162358 1 
28 20 46 0 0.001 0.0148778 1 
29 20 46 0 0.039 0.0193383 1 
30 20 46 0.0191257 0.013 0.0197226 12 
31 20 46 0 0.007 0.0130215 1 
32 20 46 0 0.044 0.0120973 1 
0 20 47 0 0.046 0.0150616 1 
1 20 47 0 0.026 0.0169278 1 
2 20 47 0 0.026 0.0137364 1 
3 20 47 0 0.036 0.0130297 1 
4 20 47 0 0.004 0.015236 1 
5 20 47 0 0.028 0.0217251 1 
6 20 47 0 0.014 0.0163558 1 
7 20 47 0 0.038 0.0183256 1 
8 20 47 0 0.044 0.013494 1 
9 20 47 0 0.033 0.0173777 1 
10 20 47 0 0.009 0.00964297 1 
11 20 47 0 0.033 0.0179313 1 
12 20 47 0 0.003 0.0143651 1 
13 20 47 0 0.021 0.0127517 1 
14 20 47 0 0.044 0.0111027 1 
15 20 47 0 0.04 0.0130088 1 
16 20 47 0 0.045 0.0169057 1 
17 20 47 0.00154443 0.007 0.0168164 2 
18 20 47 0 0.026 0.0187184 1 
19 20 47 0.0247013 0.001 0.0164742 23 
20 20 47 1.08512e-06 0.006 0.0138809 2 
21 20 47 0 0.049 0.0189541 1 
22 20 47 0.0034942 0.019 0.0140168 2 
23 20 47 0 0.006 0.0157358 1 
24 20 47 0 0.026 0.0148461 1 
25 20 47 0.0158257 0.003 0.0160895 12 
26 20 47 0 0.038 0.018136 1 
27 20 47 0 0.011 0.0179322 1 
28 20 47 0 0.028 0.0150918 1 
29 20 47 0 0.022 0.0158516 1 
30 20 47 0.0309658 0.006 0.0169111 20 
31 20 47 0 0.021 0.0120327 1 
32 20 47 0.00135102 0.015 0.0141263 2 
0 20 48 0 0.047 0.0185731 1 
1 20 48 0.000284574 0.003 0.01277 3 
2 20 48 0 0.003 0.0180282 1 
3 20 48 0.0114794 0.028 0.0123014 5 
4 20 48 0 0.022 0.0170871 1 
5 20 48 0 0.045 0.0180914 1 
6 20 48 0.000184837 0.038 0.0118534 2 
7 20 48 0 0.024 0.0177957 1 
8 20 48 0 0.039 0.0181397 1 
9 20 48 0 0.01 0.0152832 1 
10 20 48 0 0.016 0.0159334 1 
11 20 48 0 0.036 0.015287 1 
12 20 48 0 0.033 0.0168579 1 
13 20 48 0.000933667 0.03 0.0126156 2 
14 20 48 0 0.033 0.0139233 1 
15 20 48 7.20916e-05 0.011 0.015586 2 
16 20 48 0 0.031 0.0127801 1 
17 20 48 0 0.046 0.012824 1 
18 20 48 9.46407e-05 0.007 0.0151822 2 
19 20 48 0 0.03 0.0201225 1 
20 20 48 0 0.041 0.0176801 1 
21 20 48 0.000207386 0.025 0.0168606 2 
22 20 48 0.00467286 0.031 0.0163186 2 
23 20 48 4.6143e-05 0.002 0.0134772 2 
24 20 48 0 0.016 0.0157645 1 
25 20 48 0 0.031 0.0178601 1 
26 20 48 0 0.027 0.0164351 1 
27 20 48 0.00103664 0.007 0.0114169 2 
28 20 48 0 0.019 0.0143087 1 
29 20 48 0 0.029 0.0110729 1 
30 20 48 0 0.012 0.0167878 1 
31 20 48 0 0.033 0.0159576 1 
32 20 48 0.000189409 0.001 0.0168569 2 
0 20 49 0.00174721 0.008 0.0191204 2 
1 20 49 0 0.021 0.0159676 1 
2 20 49 0 0.039 0.015754 1 
3 20 49 0.00310656 0.014 0.0157535 5 
4 20 49 0 0.041 0.0178542 1 
5 20 49 0 0.015 0.0181986 1 
6 20 49 0 0.048 0.0191351 1 
7 20 49 0.00862038 0.008 0.0157115 6 
8 20 49 0 0.012 0.0172422 1 
9 20 49 0 0.005 0.0165899 1 
10 20 49 0 0.017 0.0170528 1 
11 20 49 0.000107343 0.016 0.016038 2 
12 20 49 0 0.032 0.0132615 1 
13 20 49 0.0051851 0.045 0.0136111 2 
14 20 49 0.00499966 0.004 0.0140995 7 
15 20 49 0 0.025 0.0159464 1 
16 20 49 0 0.009 0.0171264 1 
17 20 49 0 0.035 0.0155029 1 
18 20 49 0 0.044 0.0105838 1 
19 20 49 0.0124106 0.016 0.0177143 13 
20 20 49 0.00094599 0.017 0.0184415 2 
21 20 49 0 0.028 0.0147458 1 
22 20 49 0 0.037 0.0181997 1 
23 20 49 0.000113906 0.003 0.0216251 3 
24 20 49 0 0.013 0.0151731 1 
25 20 49 0 0.037 0.0154174 1 
26 20 49 0 0.045 0.0158548 1 
27 20 49 0.0175635 0.011 0.0129458 17 
28 20 49 5.47684e-05 0.045 0.0172691 2 
29 20 49 0 0.015 0.0141442 1 
30 20 49 0 0.048 0.0176251 1 
31 20 49 0.00671842 0.008 0.0134205 2 
32 20 49 0.00525505 0.008 0.0139197 8 
0 20 50 0 0.03 0.0156749 1 
1 20 50 0.00949193 0.001 0.0174512 7 
2 20 50 0 0.032 0.0160406 1 
3 20 50 0.00312033 0.005 0.012676 4 
4 20 50 0.000432811 0.026 0.0155609 2 
5 20 50 0 0.024 0.0140146 1 
6 20 50 0 0.047 0.0146593 1 
7 20 50 0 0.016 0.016063 1 
8 20 50 0.000602873 0.049 0.0206375 1 
9 20 50 0.00185317 0.042 0.0187383 4 
10 20 50 0 0.036 0.0199792 1 
11 20 50 0.000117271 0.026 0.0153355 2 
12 20 50 0 0.042 0.0163571 1 
13 20 50 0.00686943 0.019 0.0134586 4 
14 20 50 0.0024186 0.008 0.013569 4 
15 20 50 0 0.002 0.0129139 1 
16 20 50 0 0.044 0.0200942 1 
17 20 50 0.00283931 0.024 0.0115402 5 
18 20 50 0 0.032 0.0159049 1 
19 20 50 0 0.004 0.0177647 1 
20 20 50 0 0.046 0.017567 1 
21 20 50 2.14872e-06 0.04 0.0149295 2 
22 20 50 0.00136905 0.005 0.0158665 2 
23 20 50 0 0.032 0.0172392 1 
24 20 50 0 0.045 0.019204 1 
25 20 50 0 0.001 0.0140914 1 
26 20 50 0 0.048 0.0152302 1 
27 20 50 0.00481159 0.003 0.0172492 3 
28 20 50 0 0.021 0.0169694 1 
29 20 50 0 0.001 0.0179361 1 
30 20 50 0.0056516 0.005 0.0178741 5 
31 20 50 0.00658198 0.023 0.012601 2 
32 20 50 0 0.016 0.0109725 1 
0 20 51 0 0.023 0.0154495 1 
1 20 51 0 0.03 0.0121082 1 
2 20 51 0.00132131 0.022 0.0123776 3 
3 20 51 0 0.035 0.0179198 1 
4 20 51 0 0.025 0.0173815 1 
5 20 51 0 0.047 0.0191778 1 
6 20 51 0 0.036 0.0154829 1 
7 20 51 0 0.014 0.0122919 1 
8 20 51 0 0.022 0.0146131 2 
9 20 51 0.00776538 0.02 0.0166225 10 
10 20 51 0 0.041 0.0126396 1 
11 20 51 0.00132131 0.023 0.0163195 3 
12 20 51 0 0.033 0.0146028 1 
13 20 51 0.00659893 0.044 0.0161291 2 
14 20 51 0 0.01 0.0147124 1 
15 20 51 7.61881e-05 0.013 0.0122218 2 
16 20 51 0 0.006 0.0183442 1 
17 20 51 0 0.048 0.0155984 1 
18 20 51 0 0.014 0.0156399 1 
19 20 51 0.00849958 0.021 0.0169127 8 
20 20 51 0 0.027 0.0117681 1 
21 20 51 0 0.044 0.0182245 1 
22 20 51 0.00593176 0.008 0.0192863 7 
23 20 51 0 0.009 0.0190304 1 
24 20 51 0 0.032 0.0192472 1 
25 20 51 0 0.037 0.015711 1 
26 20 51 0.00755592 0.01 0.0159022 10 
27 20 51 0 0.04 0.0157531 1 
28 20 51 0 0.044 0.017255 1 
29 20 51 1.18087e-05 0.012 0.0226452 2 
30 20 51 0.0215585 0.027 0.0142781 8 
31 20 51 0.00494229 0.028 0.0146045 2 
32 20 51 0 0.034 0.0129085 1 
0 20 52 0.000245613 0.002 0.01667 2 
1 20 52 0 0.018 0.0150416 1 
2 20 52 0 0.019 0.0163362 1 
3 20 52 0 0.04 0.0150186 1 
4 20 52 0 0.032 0.0165618 1 
5 20 52 0.00266228 0.027 0.0150941 3 
6 20 52 0 0.029 0.0197026 1 
7 20 52 0 0.011 0.0199434 1 
8 20 52 0 0.011 0.0115432 1 
9 20 52 0 0.012 0.013342 1 
10 20 52 4.22504e-05 0.04 0.017155 2 
11 20 52 0 0.037 0.0144619 1 
12 20 52 0 0.006 0.0154082 1 
13 20 52 0.00294995 0.025 0.0168468 6 
14 20 52 0 0.037 0.0132502 1 
15 20 52 0 0.019 0.0204978 1 
16 20 52 0 0.038 0.0173492 1 
17 20 52 0 0.002 0.0156099 1 
18 20 52 0 0.02 0.0171601 1 
19 20 52 0 0.039 0.0128297 1 
20 20 52 0.0206074 0.01 0.0129357 12 
21 20 52 0 0.038 0.0138425 1 
22 20 52 0.0139033 0.016 0.0132583 13 
23 20 52 0.0108576 0.005 0.0164949 5 
24 20 52 0 0.029 0.0145114 1 
25 20 52 0 0.019 0.0187223 1 
26 20 52 0 0.002 0.0143733 1 
27 20 52 0.0577146 0.002 0.0156943 43 
28 20 52 0 0.005 0.0142788 1 
29 20 52 0 0.037 0.0151254 1 
30 20 52 0 0.007 0.0168411 1 
31 20 52 0.00404507 0.019 0.0144397 2 
32 20 52 0 0.02 0.0155092 1 
0 20 53 0.0110654 0.012 0.0129383 7 
1 20 53 0.0166156 0.005 0.0149755 5 
2 20 53 0 0.035 0.0148679 1 
3 20 53 0.00068024 0.003 0.0193305 2 
4 20 53 0 0.033 0.0192858 2 
5 20 53 0 0.023 0.0121592 1 
6 20 53 0 0.01 0.0125517 1 
7 20 53 0.000651232 0.022 0.0156609 4 
8 20 53 0.009283 0.003 0.0528736 4 
9 20 53 0.00223009 0.018 0.0161383 3 
10 20 53 0 0.037 0.0176829 2 
11 20 53 0 0.038 0.0186934 1 
12 20 53 0 0.005 0.0163532 1 
13 20 53 0 0.044 0.0184476 1 
14 20 53 0 0.021 0.0133474 1 
15 20 53 0 0.025 0.0209283 1 
16 20 53 0 0.015 0.0171478 1 
17 20 53 0 0.024 0.0129377 1 
18 20 53 5.49559e-05 0.007 0.0128207 2 
19 20 53 0 0.009 0.0137193 1 
20 20 53 0.0070761 0.028 0.0154341 4 
21 20 53 0 0.018 0.0154906 1 
22 20 53 0.0139572 0.02 0.0185804 11 
23 20 53 0 0.017 0.0172059 1 
24 20 53 0 0.005 0.0148443 1 
25 20 53 0 0.046 0.0155578 1 
26 20 53 0 0.046 0.0199765 1 
27 20 53 0.00995408 0.022 0.0163185 5 
28 20 53 0.0013526 0.049 0.0167987 3 
29 20 53 0 0.013 0.0182666 1 
30 20 53 0 0.014 0.0156269 1 
31 20 53 0 0.017 0.0143094 1 
32 20 53 0.000980797 0.003 0.0164019 3 
0 20 54 0.0214442 0.004 0.017521 13 
1 20 54 0 0.045 0.0115648 1 
2 20 54 0 0.034 0.0230912 1 
3 20 54 0.000106332 0.002 0.0173276 2 
4 20 54 0 0.028 0.0167567 1 
5 20 54 0.00180766 0.001 0.0148921 2 
6 20 54 0 0.043 0.0189948 1 
7 20 54 0.0474634 0.006 0.0175174 11 
8 20 54 0 0.038 0.01738 2 
9 20 54 0 0.019 0.0162041 1 
10 20 54 0.00435458 0.023 0.013394 3 
11 20 54 0 0.007 0.0179756 1 
12 20 54 0 0.009 0.0132442 1 
13 20 54 0.00267798 0.044 0.0120234 2 
14 20 54 0 0.041 0.0150776 1 
15 20 54 0 0.022 0.0122916 1 
16 20 54 0 0.011 0.0142208 1 
17 20 54 0.00578427 0.006 0.0150071 5 
18 20 54 0 0.038 0.0140445 1 
19 20 54 0 0.012 0.0165801 1 
20 20 54 0 0.023 0.0165449 1 
21 20 54 0 0.036 0.0171322 1 
22 20 54 0 0.049 0.0159453 1 
23 20 54 0.00221376 0.039 0.0159849 2 
24 20 54 0 0.004 0.0123117 1 
25 20 54 0 0.039 0.0148022 1 
26 20 54 0.000619089 0.003 0.0117668 2 
27 20 54 0 0.026 0.0150881 1 
28 20 54 0 0.019 0.0176484 1 
29 20 54 0.000139909 0.048 0.0175044 2 
30 20 54 0.0214018 0.007 0.0170392 14 
31 20 54 0 0.026 0.0229141 1 
32 20 54 0 0.02 0.0177782 1 
0 20 55 0 0.035 0.019244 1 
1 20 55 0 0.011 0.0136937 1 
2 20 55 3.34815e-05 0.045 0.0172818 2 
3 20 55 0 0.007 0.0161267 1 
4 20 55 0.00220604 0.003 0.0183701 3 
5 20 55 0.0086274 0.017 0.0133808 4 
6 20 55 0 0.039 0.015072 1 
7 20 55 0.00716976 0.046 0.0147272 7 
8 20 55 0.000208224 0.045 0.0145516 2 
9 20 55 0 0.039 0.0158762 1 
10 20 55 0.010925 0.031 0.0179526 3 
11 20 55 0 0.005 0.0173583 1 
12 20 55 0 0.021 0.0146769 1 
13 20 55 0.00462304 0.009 0.0182398 7 
14 20 55 0 0.039 0.016125 1 
15 20 55 0 0.043 0.0152758 1 
16 20 55 7.63523e-05 0.033 0.015282 2 
17 20 55 0.00427626 0.013 0.0129683 6 
18 20 55 0 0.027 0.0157071 1 
19 20 55 0 0.011 0.0155014 1 
20 20 55 0.00020566 0.023 0.0162687 2 
21 20 55 0 0.038 0.0160631 1 
22 20 55 0 0.01 0.013494 1 
23 20 55 0 0.049 0.0168309 1 
24 20 55 0 0.037 0.0197896 1 
25 20 55 0 0.03 0.01449 1 
26 20 55 0 0.049 0.0161512 1 
27 20 55 0 0.032 0.0151203 1 
28 20 55 0 0.047 0.0167952 1 
29 20 55 0 0.035 0.0134818 1 
30 20 55 0 0.005 0.0133356 1 
31 20 55 0 0.028 0.0150492 1 
32 20 55 0 0.048 0.013887 1 
0 20 56 0 0.009 0.0181232 1 
1 20 56 0.000597054 0.001 0.0155449 3 
2 20 56 0 0.04 0.0179872 1 
3 20 56 0.00123671 0.026 0.0166464 2 
4 20 56 3.52105e-07 0.046 0.0161544 2 
5 20 56 0 0.044 0.014417 1 
6 20 56 0.00978569 0.042 0.0145631 5 
7 20 56 0.00693763 0.003 0.0139597 6 
8 20 56 0.000455115 0.035 0.0183324 2 
9 20 56 7.98666e-05 0.027 0.016759 2 
10 20 56 0 0.024 0.0169454 1 
11 20 56 0 0.016 0.0119414 1 
12 20 56 0 0.035 0.0136941 1 
13 20 56 0 0.03 0.0142368 1 
14 20 56 0 0.049 0.0136891 1 
15 20 56 0 0.009 0.0176253 1 
16 20 56 7.25055e-05 0.026 0.0158992 2 
17 20 56 0 0.021 0.0176866 1 
18 20 56 0 0.029 0.0169653 1 
19 20 56 0.00125303 0.014 0.0188154 2 
20 20 56 0 0.006 0.0180394 1 
21 20 56 0 0.026 0.0165596 1 
22 20 56 0.00239092 0.016 0.0163851 6 
23 20 56 0 0.018 0.0157132 1 
24 20 56 0 0.002 0.0174947 1 
25 20 56 0 0.001 0.0153154 1 
26 20 56 0 0.037 0.0171567 1 
27 20 56 0 0.014 0.013217 2 
28 20 56 0 0.049 0.0182526 1 
29 20 56 0 0.037 0.0187817 1 
30 20 56 0.02705 0.002 0.0178086 18 
31 20 56 0 0.035 0.0163816 1 
32 20 56 0.00229617 0.024 0.0134935 4 
0 20 57 0 0.005 0.0190865 1 
1 20 57 0 0.019 0.0133836 1 
2 20 57 0 0.038 0.0135804 1 
3 20 57 0.0362107 0.014 0.0164496 11 
4 20 57 1.26535e-06 0.02 0.0101052 2 
5 20 57 0.000416841 0.043 0.010834 2 
6 20 57 0 0.009 0.0186223 2 
7 20 57 0.00764181 0.024 0.0131029 6 
8 20 57 0.00380532 0.011 0.0161382 4 
9 20 57 0 0.009 0.0134958 1 
10 20 57 0 0.012 0.0191332 1 
11 20 57 0 0.012 0.0172834 1 
12 20 57 0 0.004 0.0167123 1 
13 20 57 0.00242902 0.027 0.0150802 3 
14 20 57 0 0.015 0.0189631 1 
15 20 57 0 0.014 0.0174542 1 
16 20 57 7.64195e-05 0.005 0.0155823 2 
17 20 57 0.011544 0.018 0.00946731 6 
18 20 57 5.49963e-05 0.009 0.020435 2 
19 20 57 0 0.019 0.016777 1 
20 20 57 0 0.022 0.0187896 1 
21 20 57 0 0.019 0.0167111 2 
22 20 57 0 0.008 0.0124448 1 
23 20 57 0 0.015 0.0118709 1 
24 20 57 0 0.021 0.0155014 1 
25 20 57 0.00501748 0.002 0.0132521 2 
26 20 57 0.00410992 0.006 0.0186725 5 
27 20 57 0 0.047 0.01609 1 
28 20 57 0 0.025 0.0142758 1 
29 20 57 1.21498e-05 0.029 0.0129355 2 
30 20 57 0 0.028 0.0172471 1 
31 20 57 0 0.005 0.0180798 1 
32 20 57 0 0.014 0.014218 1 
0 20 58 0.00405702 0.009 0.0146208 4 
1 20 58 0 0.034 0.0148598 1 
2 20 58 0 0.001 0.0148358 1 
3 20 58 0.0198533 0.011 0.0145857 13 
4 20 58 0 0.028 0.0145095 1 
5 20 58 0 0.017 0.017356 1 
6 20 58 0 0.024 0.0211336 1 
7 20 58 0.000960455 0.024 0.017209 2 
8 20 58 0.0013367 0.037 0.0162442 1 
9 20 58 0 0.011 0.019123 1 
10 20 58 0 0.027 0.0164723 1 
11 20 58 0 0.042 0.0131879 1 
12 20 58 0 0.046 0.0156483 1 
13 20 58 0 0.007 0.0119776 1 
14 20 58 5.98171e-06 0.008 0.0128013 2 
15 20 58 0 0.033 0.016951 1 
16 20 58 0 0.025 0.0157747 1 
17 20 58 0.00724176 0.017 0.0159022 6 
18 20 58 9.50632e-05 0.015 0.0184082 2 
19 20 58 0 0.002 0.0158055 1 
20 20 58 0.00646112 0.007 0.0131099 15 
21 20 58 5.66068e-05 0.009 0.0163332 2 
22 20 58 0.0810616 0.002 0.0140473 52 
23 20 58 0.000109601 0.01 0.0204418 2 
24 20 58 0 0.036 0.0151274 1 
25 20 58 0.00338915 0.017 0.0129545 2 
26 20 58 0.0145135 0.016 0.0145559 9 
27 20 58 0 0.042 0.0166273 1 
28 20 58 0 0.011 0.0171056 1 
29 20 58 0.000140055 0.003 0.0193154 2 
30 20 58 0 0.044 0.0155013 1 
31 20 58 0 0.034 0.01167 1 
32 20 58 0.00428713 0.045 0.0167542 2 
0 20 59 0 0.031 0.0148118 1 
1 20 59 0.00162622 0.023 0.0162652 2 
2 20 59 0 0.039 0.0193745 1 
3 20 59 0 0.016 0.0169993 1 
4 20 59 0 0.015 0.01733 1 
5 20 59 0 0.04 0.0223503 1 
6 20 59 0 0.042 0.0162848 1 
7 20 59 0 0.045 0.0136745 1 
8 20 59 0 0.039 0.014202 4 
9 20 59 0.0136106 0.007 0.0135437 16 
10 20 59 0 0.043 0.0164247 1 
11 20 59 0 0.035 0.0160089 1 
12 20 59 0.0168279 0.012 0.0137062 9 
13 20 59 6.47369e-05 0.004 0.0173164 4 
14 20 59 0 0.048 0.0130057 1 
15 20 59 0 0.018 0.0169223 1 
16 20 59 0 0.017 0.0167846 1 
17 20 59 0.0131633 0.006 0.0151162 4 
18 20 59 5.51504e-05 0.016 0.0115635 2 
19 20 59 0.00108099 0.017 0.0144674 4 
20 20 59 0.00572648 0.007 0.0164307 4 
21 20 59 0 0.031 0.0181036 2 
22 20 59 0.0144356 0.008 0.0167267 15 
23 20 59 0.00385021 0.034 0.0171466 3 
24 20 59 0 0.033 0.0188565 1 
25 20 59 0.00259544 0.018 0.0125434 3 
26 20 59 0 0.027 0.0119336 1 
27 20 59 0 0.028 0.0170641 1 
28 20 59 0 0.042 0.0117991 1 
29 20 59 0.0014401 0.032 0.0140371 3 
30 20 59 0.00241081 0.007 0.0127165 4 
31 20 59 0 0.025 0.0135071 1 
32 20 59 0 0.026 0.0143898 1 
0 20 60 0 0.009 0.0173632 1 
1 20 60 0.00286367 0.009 0.0144411 7 
2 20 60 0 0.046 0.0144378 1 
3 20 60 0.0119807 0.035 0.0138748 6 
4 20 60 0 0.037 0.0122229 1 
5 20 60 0 0.044 0.0212064 1 
6 20 60 0 0.027 0.0186947 1 
7 20 60 0 0.041 0.0174075 1 
8 20 60 0.00251744 0.046 0.0160175 1 
9 20 60 0 0.047 0.0192009 1 
10 20 60 0 0.012 0.0167209 1 
11 20 60 0.000117585 0.013 0.0140569 2 
12 20 60 0.00084306 0.03 0.0135898 2 
13 20 60 0 0.004 0.0190411 1 
14 20 60 0.0023449 0.006 0.015114 3 
15 20 60 0 0.048 0.0147762 1 
16 20 60 0 0.009 0.0125596 1 
17 20 60 0 0.047 0.0191537 1 
18 20 60 9.51e-05 0.024 0.0163297 2 
19 20 60 0.0212254 0.019 0.0153088 10 
20 20 60 0 0.036 0.0199319 1 
21 20 60 0.000207525 0.025 0.0159188 2 
22 20 60 0 0.001 0.0178967 1 
23 20 60 0.000606762 0.017 0.0129827 2 
24 20 60 0 0.02 0.0170141 1 
25 20 60 0 0.001 0.0121794 1 
26 20 60 0 0.031 0.0175391 1 
27 20 60 0.00095303 0.029 0.0121331 2 
28 20 60 0 0.018 0.0167564 1 
29 20 60 0 0.012 0.0172682 1 
30 20 60 0.0398679 0.004 0.0158161 28 
31 20 60 0.00576491 0.04 0.0151137 2 
32 20 60 0 0.019 0.014999 1 
