0 21 0 0 0.018 0.0437725 1 
1 21 0 0 0.015 0.0449216 1 
2 21 0 0 0.025 0.0516975 1 
3 21 0 0 0.029 0.0399086 1 
4 21 0 0 0.049 0.262231 1 
5 21 0 0 0.029 0.295728 1 
6 21 0 0 0.006 0.0397553 1 
7 21 0 0 0.015 0.0478543 1 
8 21 0 0 0.019 0.23724 1 
9 21 0 0 0.031 0.0411806 1 
10 21 0 0 0.029 0.043226 1 
11 21 0 0 0.031 0.0458544 1 
12 21 0 0.0135944 0.047 0.0458553 3 
13 21 0 0 0.04 0.0538407 1 
14 21 0 0 0.031 0.0468085 1 
15 21 0 0 0.03 0.032723 1 
16 21 0 0 0.013 0.0447141 1 
17 21 0 0 0.039 0.0531522 1 
18 21 0 0 0.043 0.0545266 1 
19 21 0 0 0.015 0.0392925 1 
20 21 0 0 0.036 0.0429042 1 
21 21 0 0 0.03 0.0470662 1 
22 21 0 0.0268473 0.015 0.051799 3 
23 21 0 0 0.046 0.0423561 1 
24 21 0 0 0.034 0.0363127 1 
25 21 0 0.00518437 0.004 0.0419044 5 
26 21 0 0 0.047 0.0492199 1 
27 21 0 0 0.041 0.0515737 1 
28 21 0 0 0.047 0.0423676 1 
29 21 0 0 0.011 0.0380664 1 
30 21 0 0 0.015 0.0339209 1 
31 21 0 0 0.043 0.0496307 2 
32 21 0 0.0182474 0.014 0.0452483 3 
0 21 1 0 0.028 0.0472261 1 
1 21 1 0 0.005 0.0462657 1 
2 21 1 0 0.021 0.0503272 1 
3 21 1 0 0.036 0.0319051 1 
4 21 1 0 0.014 0.255335 1 
5 21 1 0 0.036 0.309801 1 
6 21 1 0 0.015 0.0633124 1 
7 21 1 0 0.048 0.050145 1 
8 21 1 0 0.039 0.148184 2 
9 21 1 0 0.042 0.0488966 1 
10 21 1 0 0.009 0.288191 1 
11 21 1 0.000416092 0.021 0.0393522 3 
12 21 1 0 0.034 0.0340074 1 
13 21 1 0 0.021 0.0434809 1 
14 21 1 0 0.016 0.0454558 1 
15 21 1 0 0.047 0.0411576 1 
16 21 1 0 0.044 0.0426135 1 
17 21 1 0.0585098 0.001 0.0456082 4 
18 21 1 0 0.047 0.0423014 1 
19 21 1 0.00829607 0.01 0.0359713 3 
20 21 1 0 0.014 0.0346154 1 
21 21 1 0 0.042 0.0925409 1 
22 21 1 0 0.019 0.0461692 1 
23 21 1 0.00375141 0.011 0.0375953 2 
24 21 1 0 0.043 0.0420627 1 
25 21 1 0 0.034 0.038362 1 
26 21 1 0 0.018 0.0471117 1 
27 21 1 0.0210317 0.007 0.0407459 5 
28 21 1 0 0.045 0.0483098 1 
29 21 1 0 0.02 0.0455438 1 
30 21 1 0 0.019 0.0492899 1 
31 21 1 0 0.023 0.0501086 3 
32 21 1 0 0.015 0.0403783 1 
0 21 2 0.034294 0.009 0.0501819 5 
1 21 2 0 0.028 0.0421774 1 
2 21 2 0 0.044 0.0429829 1 
3 21 2 0 0.038 0.0455293 1 
4 21 2 0 0.006 0.0541274 1 
5 21 2 0 0.036 0.262703 1 
6 21 2 0 0.015 0.0458745 1 
7 21 2 0.0515289 0.032 0.0481344 3 
8 21 2 0 0.03 0.049419 1 
9 21 2 0 0.022 0.0321429 1 
10 21 2 0 0.026 0.0638135 2 
11 21 2 0 0.001 0.0339918 1 
12 21 2 0 0.009 0.0490544 1 
13 21 2 0.0156849 0.015 0.0446785 2 
14 21 2 0.117851 0.006 0.0565295 15 
15 21 2 0 0.016 0.0401615 1 
16 21 2 0 0.001 0.0537726 1 
17 21 2 0 0.022 0.0419674 1 
18 21 2 0 0.031 0.0429967 1 
19 21 2 0.0285526 0.014 0.0424152 3 
20 21 2 0 0.008 0.0361872 1 
21 21 2 0 0.041 0.0663435 2 
22 21 2 0.0163612 0.004 0.0377685 3 
23 21 2 0 0.008 0.0465575 1 
24 21 2 6.40098e-06 0.033 0.0475252 2 
25 21 2 0 0.016 0.0430699 1 
26 21 2 0 0.013 0.0459258 1 
27 21 2 0 0.012 0.0452953 1 
28 21 2 0 0.013 0.0490149 1 
29 21 2 0 0.038 0.0444032 1 
30 21 2 0.00568484 0.004 0.0458319 5 
31 21 2 0 0.002 0.0422762 1 
32 21 2 0 0.028 0.0498196 1 
0 21 3 0.0185536 0.015 0.0405163 2 
1 21 3 0 0.015 0.0612753 1 
2 21 3 0 0.017 0.0500201 1 
3 21 3 0 0.046 0.0375982 1 
4 21 3 0 0.012 0.251141 1 
5 21 3 0 0.001 0.137514 2 
6 21 3 0 0.014 0.051357 1 
7 21 3 0.00837509 0.017 0.0511351 2 
8 21 3 0 0.032 0.135139 2 
9 21 3 0 0.03 0.0534895 1 
10 21 3 0 0.045 0.286092 1 
11 21 3 0 0.028 0.0467123 1 
12 21 3 0 0.044 0.0390304 1 
13 21 3 0 0.034 0.0467514 1 
14 21 3 0.00902589 0.019 0.0397398 2 
15 21 3 0 0.031 0.0418543 1 
16 21 3 0 0.033 0.0558207 1 
17 21 3 0 0.024 0.037516 1 
18 21 3 0 0.027 0.0417447 1 
19 21 3 0.0160453 0.027 0.0360589 2 
20 21 3 0 0.043 0.0421474 1 
21 21 3 0 0.006 0.0396732 1 
22 21 3 0.0820779 0.003 0.0479947 8 
23 21 3 0 0.016 0.052463 1 
24 21 3 0 0.049 0.0577879 1 
25 21 3 0 0.002 0.0323588 1 
26 21 3 0 0.012 0.0409973 1 
27 21 3 0 0.028 0.0476676 1 
28 21 3 0 0.006 0.0428575 1 
29 21 3 0 0.009 0.0412781 1 
30 21 3 0 0.041 0.0512283 1 
31 21 3 0 0.016 0.039061 1 
32 21 3 0 0.041 0.0508371 1 
0 21 4 0 0.007 0.0494186 1 
1 21 4 0.018351 0.013 0.0423256 3 
2 21 4 0 0.031 0.0484532 1 
3 21 4 0.0367257 0.009 0.0469624 6 
4 21 4 0 0.024 0.274312 1 
5 21 4 0 0.024 0.0458793 1 
6 21 4 0 0.009 0.0494125 1 
7 21 4 0 0.044 0.0480945 1 
8 21 4 0 0.039 0.0415949 1 
9 21 4 0 0.035 0.0458882 1 
10 21 4 0 0.038 0.232836 1 
11 21 4 0 0.025 0.0551395 1 
12 21 4 0.000313172 0.001 0.0537805 2 
13 21 4 0 0.036 0.0486151 1 
14 21 4 0 0.031 0.0542515 1 
15 21 4 0 0.008 0.0514149 1 
16 21 4 0 0.01 0.048679 1 
17 21 4 0.00549384 0.008 0.0381141 3 
18 21 4 0 0.047 0.0529859 1 
19 21 4 0 0.048 0.042544 1 
20 21 4 0.0114154 0.008 0.0542243 3 
21 21 4 0 0.004 0.0736239 1 
22 21 4 0 0.025 0.0434368 1 
23 21 4 0 0.006 0.0399072 1 
24 21 4 0 0.019 0.0448307 1 
25 21 4 0 0.042 0.0480147 1 
26 21 4 0 0.011 0.0430724 1 
27 21 4 0 0.015 0.0483349 1 
28 21 4 0 0.037 0.0438941 1 
29 21 4 0 0.013 0.0444136 1 
30 21 4 0 0.031 0.0449345 1 
31 21 4 0 0.042 0.0592031 3 
32 21 4 0 0.018 0.0456387 1 
0 21 5 0.0179497 0.02 0.042717 2 
1 21 5 0.0509516 0.001 0.045748 8 
2 21 5 0 0.024 0.0450753 1 
3 21 5 0 0.033 0.0500619 1 
4 21 5 0 0.026 0.277764 1 
5 21 5 0 0.022 0.29904 1 
6 21 5 0 0.029 0.0441218 1 
7 21 5 0 0.017 0.0503446 1 
8 21 5 0 0.048 0.227803 1 
9 21 5 0 0.01 0.0412616 1 
10 21 5 0 0.003 0.0486816 1 
11 21 5 0 0.016 0.0547917 1 
12 21 5 0 0.049 0.0339972 1 
13 21 5 0 0.001 0.0369307 1 
14 21 5 0 0.013 0.039618 1 
15 21 5 0 0.01 0.0377542 1 
16 21 5 0 0.04 0.0459478 1 
17 21 5 0.0510797 0.008 0.0364031 8 
18 21 5 0 0.036 0.0432588 1 
19 21 5 0 0.043 0.0400736 1 
20 21 5 0 0.029 0.0429929 1 
21 21 5 0 0.041 0.065047 1 
22 21 5 0 0.021 0.0519902 1 
23 21 5 0 0.006 0.05118 1 
24 21 5 0 0.035 0.0485561 1 
25 21 5 0 0.002 0.0408207 1 
26 21 5 0 0.007 0.0489115 1 
27 21 5 0 0.038 0.0418054 1 
28 21 5 0 0.039 0.0568114 1 
29 21 5 0 0.024 0.0491618 1 
30 21 5 0.0332226 0.011 0.03986 2 
31 21 5 0 0.008 0.0387989 1 
32 21 5 0 0.043 0.0367066 1 
0 21 6 0 0.012 0.0428433 1 
1 21 6 0 0.019 0.0504906 1 
2 21 6 0 0.023 0.0448696 1 
3 21 6 0 0.032 0.0458575 1 
4 21 6 0 0.005 0.138869 2 
5 21 6 0.00621877 0.007 0.0381346 4 
6 21 6 0 0.001 0.0445486 1 
7 21 6 0 0.018 0.0375781 1 
8 21 6 0.0131506 0.028 0.0515065 3 
9 21 6 0 0.016 0.0396182 1 
10 21 6 0 0.008 0.286852 1 
11 21 6 0 0.043 0.0376449 1 
12 21 6 0 0.039 0.0421395 1 
13 21 6 0 0.019 0.0449878 1 
14 21 6 0 0.048 0.0451493 1 
15 21 6 0 0.021 0.0403172 1 
16 21 6 0 0.032 0.047263 1 
17 21 6 0.0645477 0.007 0.0618654 7 
18 21 6 0 0.019 0.0427878 1 
19 21 6 0 0.029 0.0317857 1 
20 21 6 0.00188115 0.025 0.0436953 2 
21 21 6 0 0.045 0.105581 1 
22 21 6 0 0.01 0.0471281 1 
23 21 6 0.00755127 0.015 0.0561785 2 
24 21 6 0 0.046 0.0404407 1 
25 21 6 0 0.023 0.0499594 1 
26 21 6 0 0.005 0.0458819 1 
27 21 6 0 0.045 0.0516204 1 
28 21 6 0 0.007 0.051661 1 
29 21 6 0 0.036 0.0340358 1 
30 21 6 0 0.016 0.0441871 1 
31 21 6 0.0212447 0.008 0.0402667 3 
32 21 6 0 0.046 0.038367 1 
0 21 7 0 0.016 0.0528918 1 
1 21 7 0 0.026 0.0536311 1 
2 21 7 0 0.001 0.0508865 1 
3 21 7 0 0.044 0.0539975 1 
4 21 7 0 0.037 0.0453322 1 
5 21 7 0 0.03 0.0459841 1 
6 21 7 0 0.049 0.044175 1 
7 21 7 0 0.015 0.0421675 1 
8 21 7 0 0.021 0.242596 1 
9 21 7 0 0.035 0.0332089 1 
10 21 7 0 0.046 0.034298 1 
11 21 7 0 0.025 0.0434509 1 
12 21 7 0 0.023 0.0320959 1 
13 21 7 0 0.03 0.0437426 1 
14 21 7 0 0.014 0.0496506 1 
15 21 7 0 0.019 0.0437363 1 
16 21 7 0 0.049 0.0508396 1 
17 21 7 0 0.03 0.0427797 1 
18 21 7 0 0.033 0.0412512 1 
19 21 7 0 0.044 0.0541759 1 
20 21 7 0 0.049 0.0453156 1 
21 21 7 0 0.042 0.0862341 2 
22 21 7 0 0.043 0.039781 1 
23 21 7 0 0.04 0.054226 1 
24 21 7 0 0.017 0.0437788 1 
25 21 7 0 0.044 0.0372149 1 
26 21 7 0.0436904 0.015 0.0469032 3 
27 21 7 0.00488663 0.01 0.037671 2 
28 21 7 0 0.037 0.0384573 1 
29 21 7 0 0.018 0.050792 1 
30 21 7 0 0.027 0.0541862 1 
31 21 7 0 0.025 0.0441621 2 
32 21 7 0 0.041 0.0424464 1 
0 21 8 0 0.038 0.032039 1 
1 21 8 0.00472017 0.005 0.0443667 2 
2 21 8 0 0.019 0.0506549 1 
3 21 8 0.00335808 0.005 0.0394151 3 
4 21 8 0 0.025 0.256418 1 
5 21 8 0 0.021 0.295466 1 
6 21 8 0 0.028 0.0589864 2 
7 21 8 0 0.019 0.0343684 1 
8 21 8 0 0.034 0.252186 1 
9 21 8 0 0.046 0.0526185 1 
10 21 8 0 0.002 0.138689 2 
11 21 8 0 0.046 0.0603068 1 
12 21 8 0.00172103 0.022 0.0475968 2 
13 21 8 0.0035303 0.012 0.046 3 
14 21 8 0 0.031 0.0439545 1 
15 21 8 0 0.024 0.0585431 1 
16 21 8 0 0.034 0.0346352 1 
17 21 8 0.0481785 0.003 0.046136 10 
18 21 8 0 0.021 0.0467138 1 
19 21 8 0 0.026 0.0502785 1 
20 21 8 0 0.045 0.0429485 1 
21 21 8 0 0.011 0.044397 1 
22 21 8 0.0197058 0.016 0.0448291 2 
23 21 8 8.82808e-05 0.015 0.0503647 2 
24 21 8 0 0.039 0.0471327 1 
25 21 8 0 0.03 0.042717 1 
26 21 8 0 0.001 0.0487908 1 
27 21 8 0 0.033 0.0441063 1 
28 21 8 0 0.013 0.0386885 1 
29 21 8 0 0.028 0.0401787 1 
30 21 8 0 0.049 0.0438853 1 
31 21 8 0 0.032 0.0620236 1 
32 21 8 0.0335094 0.012 0.0437102 4 
0 21 9 0 0.009 0.0491033 1 
1 21 9 0 0.035 0.0539132 1 
2 21 9 0 0.014 0.0418356 1 
3 21 9 0 0.039 0.0395205 1 
4 21 9 0 0.03 0.262807 1 
5 21 9 0 0.018 0.287834 1 
6 21 9 0 0.018 0.0421184 1 
7 21 9 0 0.013 0.0328607 1 
8 21 9 0 0.048 0.104644 2 
9 21 9 0 0.044 0.0410073 1 
10 21 9 0 0.029 0.0513757 1 
11 21 9 0 0.034 0.0561217 1 
12 21 9 0.0104264 0.009 0.0450174 2 
13 21 9 0 0.008 0.0459367 1 
14 21 9 0.0165222 0.016 0.0521143 2 
15 21 9 0 0.021 0.0446437 1 
16 21 9 0 0.016 0.0426429 1 
17 21 9 0 0.009 0.0493755 1 
18 21 9 0 0.023 0.0563472 1 
19 21 9 0 0.025 0.0474257 1 
20 21 9 0.0069139 0.008 0.0362133 2 
21 21 9 0 0.001 0.10897 1 
22 21 9 0 0.015 0.0398969 1 
23 21 9 0 0.014 0.0386457 1 
24 21 9 0 0.003 0.0593274 1 
25 21 9 0 0.017 0.0492563 1 
26 21 9 0 0.03 0.0461713 1 
27 21 9 0 0.008 0.0443439 1 
28 21 9 0 0.045 0.0478491 1 
29 21 9 0 0.018 0.0411961 1 
30 21 9 0 0.048 0.052388 1 
31 21 9 0 0.027 0.083019 1 
32 21 9 0 0.003 0.0461622 1 
0 21 10 0 0.034 0.041115 1 
1 21 10 0 0.006 0.0481046 1 
2 21 10 0 0.008 0.0406817 1 
3 21 10 0 0.019 0.0345824 1 
4 21 10 0 0.013 0.290513 1 
5 21 10 0.0181133 0.003 0.0540719 2 
6 21 10 0 0.045 0.049937 1 
7 21 10 0 0.005 0.0390814 1 
8 21 10 0 0.008 0.0428792 1 
9 21 10 0 0.045 0.0524134 1 
10 21 10 0 0.017 0.273453 1 
11 21 10 0 0.009 0.0434411 1 
12 21 10 0 0.043 0.0386063 1 
13 21 10 0 0.02 0.0341731 1 
14 21 10 0 0.031 0.0426159 1 
15 21 10 0 0.036 0.0416935 1 
16 21 10 0 0.035 0.0423613 1 
17 21 10 0 0.041 0.0427924 1 
18 21 10 0 0.042 0.05518 1 
19 21 10 0.0165622 0.009 0.0466107 3 
20 21 10 0 0.037 0.0414785 1 
21 21 10 0 0.044 0.0844171 2 
22 21 10 0.00787235 0.001 0.0458238 4 
23 21 10 0 0.014 0.0251495 1 
24 21 10 0 0.02 0.0505085 1 
25 21 10 0.00333514 0.004 0.0502352 2 
26 21 10 0 0.025 0.0484875 1 
27 21 10 0 0.042 0.0334487 1 
28 21 10 0 0.026 0.0302894 1 
29 21 10 0 0.032 0.0513673 1 
30 21 10 0 0.025 0.0455238 1 
31 21 10 0 0.023 0.0491547 1 
32 21 10 0 0.012 0.0491392 1 
0 21 11 0 0.029 0.0560347 1 
1 21 11 0 0.033 0.0413589 1 
2 21 11 0 0.021 0.0404008 1 
3 21 11 0 0.004 0.0381436 1 
4 21 11 0 0.01 0.283237 1 
5 21 11 0 0.02 0.298163 1 
6 21 11 0 0.037 0.0543476 1 
7 21 11 0 0.035 0.0547899 1 
8 21 11 0 0.009 0.137619 2 
9 21 11 0 0.04 0.0388923 1 
10 21 11 0 0.044 0.302033 1 
11 21 11 0 0.011 0.0320788 1 
12 21 11 0.0143272 0.018 0.0405881 2 
13 21 11 0 0.042 0.0505741 1 
14 21 11 0.0101104 0.003 0.0531923 4 
15 21 11 0 0.033 0.0494703 1 
16 21 11 0 0.032 0.0578392 1 
17 21 11 0 0.048 0.0414385 1 
18 21 11 0 0.027 0.0400848 1 
19 21 11 0 0.031 0.0473641 1 
20 21 11 0 0.027 0.0472183 1 
21 21 11 0 0.027 0.101604 2 
22 21 11 0 0.024 0.0430161 1 
23 21 11 0 0.005 0.0517018 1 
24 21 11 0 0.012 0.0505188 1 
25 21 11 0 0.003 0.0469749 1 
26 21 11 0.0509225 0.002 0.0349191 3 
27 21 11 0.00847368 0.005 0.0294911 2 
28 21 11 0 0.047 0.0383939 1 
29 21 11 0.0012591 0.007 0.0438847 2 
30 21 11 0.00836472 0.01 0.0504475 2 
31 21 11 0.00139076 0.015 0.0380987 2 
32 21 11 0 0.008 0.0497175 1 
0 21 12 0.0160244 0.012 0.0391244 2 
1 21 12 0.0347448 0.007 0.0456127 4 
2 21 12 0 0.022 0.0416488 1 
3 21 12 0 0.021 0.045252 1 
4 21 12 0 0.013 0.303381 1 
5 21 12 0 0.014 0.312977 1 
6 21 12 0.000260703 0.024 0.0710028 2 
7 21 12 0 0.037 0.0421203 1 
8 21 12 0 0.002 0.0439699 1 
9 21 12 0 0.029 0.049027 1 
10 21 12 0 0.007 0.171612 2 
11 21 12 0 0.018 0.0564499 1 
12 21 12 0 0.015 0.0424998 1 
13 21 12 0 0.026 0.0407656 1 
14 21 12 0 0.027 0.0397276 1 
15 21 12 0 0.006 0.0444541 1 
16 21 12 0 0.002 0.0586267 1 
17 21 12 0 0.028 0.0326915 1 
18 21 12 0 0.033 0.0440294 1 
19 21 12 0.0336141 0.001 0.0555815 4 
20 21 12 0 0.022 0.0634797 1 
21 21 12 0 0.024 0.0653229 2 
22 21 12 0 0.022 0.0472374 1 
23 21 12 0.00764694 0.012 0.0412715 2 
24 21 12 0 0.047 0.0456135 1 
25 21 12 0 0.013 0.0518815 1 
26 21 12 0 0.003 0.0381211 1 
27 21 12 0 0.015 0.047062 1 
28 21 12 0 0.003 0.0453393 1 
29 21 12 0 0.039 0.0513435 1 
30 21 12 0 0.007 0.0620439 1 
31 21 12 0.000351235 0.03 0.04369 2 
32 21 12 0 0.045 0.0374059 1 
0 21 13 0 0.014 0.0423153 1 
1 21 13 0 0.036 0.0427633 1 
2 21 13 0 0.031 0.0414432 1 
3 21 13 0 0.032 0.0473044 1 
4 21 13 0 0.034 0.0414475 1 
5 21 13 0 0.02 0.292647 1 
6 21 13 0 0.024 0.0468632 1 
7 21 13 0 0.046 0.0511727 1 
8 21 13 0 0.002 0.263372 1 
9 21 13 0 0.042 0.0526976 1 
10 21 13 0 0.038 0.0534161 1 
11 21 13 0 0.002 0.0542073 1 
12 21 13 0.000138671 0.032 0.0439655 2 
13 21 13 0.00347133 0.029 0.0386696 2 
14 21 13 0 0.028 0.0632727 1 
15 21 13 0 0.017 0.0454996 1 
16 21 13 0 0.01 0.0378372 1 
17 21 13 0 0.048 0.0327464 1 
18 21 13 0 0.036 0.0350966 1 
19 21 13 0.0288635 0.02 0.0424404 3 
20 21 13 0 0.039 0.0428442 1 
21 21 13 0 0.035 0.0340084 1 
22 21 13 0.0157098 0.007 0.0347574 5 
23 21 13 0 0.02 0.0405015 1 
24 21 13 0 0.034 0.035744 1 
25 21 13 0 0.044 0.0416174 1 
26 21 13 0 0.028 0.0381673 1 
27 21 13 0 0.01 0.0355794 1 
28 21 13 0 0.035 0.0485699 1 
29 21 13 0 0.016 0.0395182 1 
30 21 13 0 0.014 0.0440225 1 
31 21 13 0.00291074 0.045 0.0407057 2 
32 21 13 0 0.047 0.0447781 1 
0 21 14 0 0.036 0.053422 1 
1 21 14 0 0.039 0.0428862 1 
2 21 14 0.000652079 0.021 0.0384702 2 
3 21 14 0 0.037 0.0465767 1 
4 21 14 0 0.004 0.279296 1 
5 21 14 0 0.021 0.294665 1 
6 21 14 0 0.021 0.0549768 1 
7 21 14 0 0.024 0.037009 1 
8 21 14 0 0.048 0.131379 2 
9 21 14 0.0362269 0.022 0.0497504 2 
10 21 14 0 0.035 0.30461 1 
11 21 14 0 0.045 0.0558936 1 
12 21 14 0 0.046 0.0336841 1 
13 21 14 0.0217593 0.007 0.0465349 2 
14 21 14 0 0.01 0.0493583 1 
15 21 14 0 0.027 0.0402557 1 
16 21 14 0 0.032 0.0601036 1 
17 21 14 0 0.01 0.042129 1 
18 21 14 0.000782383 0.003 0.0391641 2 
19 21 14 0.00240217 0.013 0.0420895 2 
20 21 14 0 0.005 0.0442163 1 
21 21 14 0 0.017 0.0805962 1 
22 21 14 0 0.019 0.0408475 1 
23 21 14 0 0.004 0.0439488 1 
24 21 14 0 0.027 0.0462274 1 
25 21 14 0.0030582 0.025 0.0407412 2 
26 21 14 0 0.042 0.0411679 1 
27 21 14 0 0.024 0.0435763 1 
28 21 14 0 0.004 0.044623 1 
29 21 14 0 0.032 0.0519866 1 
30 21 14 0 0.048 0.0560543 1 
31 21 14 0 0.048 0.0633174 1 
32 21 14 0 0.018 0.0496493 1 
0 21 15 0 0.022 0.0511744 1 
1 21 15 0 0.044 0.0378744 1 
2 21 15 0 0.006 0.0439599 1 
3 21 15 0 0.021 0.0326206 1 
4 21 15 0 0.013 0.228595 3 
5 21 15 0 0.022 0.284398 1 
6 21 15 0 0.01 0.0491822 1 
7 21 15 0 0.007 0.0374557 1 
8 21 15 0 0.015 0.0416869 1 
9 21 15 0 0.005 0.0385019 1 
10 21 15 0 0.017 0.111392 3 
11 21 15 0 0.047 0.0466247 1 
12 21 15 0.0293842 0.009 0.0404721 3 
13 21 15 0.0297534 0.021 0.0387409 3 
14 21 15 0 0.03 0.049231 1 
15 21 15 0 0.027 0.045786 1 
16 21 15 0 0.003 0.0460525 1 
17 21 15 0 0.036 0.0402663 1 
18 21 15 0 0.005 0.0461719 1 
19 21 15 0.0134399 0.008 0.0451111 4 
20 21 15 0 0.014 0.0499876 1 
21 21 15 0 0.035 0.0964377 2 
22 21 15 0.00724398 0.035 0.0355445 2 
23 21 15 0.00392889 0.03 0.0495049 3 
24 21 15 0 0.028 0.0483501 1 
25 21 15 0.00903005 0.005 0.0411201 2 
26 21 15 0.0287467 0.003 0.0558442 3 
27 21 15 0 0.031 0.0550626 1 
28 21 15 0 0.009 0.0495265 1 
29 21 15 0 0.012 0.0443223 1 
30 21 15 0 0.014 0.0489647 1 
31 21 15 0 0.048 0.0636456 1 
32 21 15 0 0.035 0.0461838 1 
0 21 16 0.00103051 0.001 0.0442324 3 
1 21 16 0.0104061 0.019 0.0412414 2 
2 21 16 0 0.029 0.0514017 1 
3 21 16 0 0.023 0.0391792 1 
4 21 16 0 0.003 0.279953 1 
5 21 16 0 0.021 0.291542 1 
6 21 16 0 0.027 0.0577634 1 
7 21 16 0.0558168 0.012 0.0472699 5 
8 21 16 0 0.044 0.24942 1 
9 21 16 0 0.037 0.0501382 1 
10 21 16 0 0.003 0.0418109 1 
11 21 16 0 0.001 0.0533095 1 
12 21 16 0 0.035 0.049953 1 
13 21 16 0 0.037 0.0421811 1 
14 21 16 0 0.017 0.0417284 1 
15 21 16 0 0.043 0.0540671 1 
16 21 16 0 0.001 0.0373824 1 
17 21 16 0 0.003 0.0408657 1 
18 21 16 0 0.023 0.0449161 1 
19 21 16 0 0.043 0.0401122 1 
20 21 16 0 0.014 0.0428188 1 
21 21 16 0 0.011 0.0434425 1 
22 21 16 0 0.049 0.0325577 1 
23 21 16 0 0.045 0.0535866 1 
24 21 16 0 0.045 0.0600801 1 
25 21 16 0.0507066 0.003 0.0492292 5 
26 21 16 0 0.014 0.0468798 1 
27 21 16 0 0.023 0.0456299 1 
28 21 16 0 0.028 0.0468623 1 
29 21 16 0 0.049 0.0345127 1 
30 21 16 0.00980351 0.009 0.0448986 2 
31 21 16 0 0.022 0.0621176 1 
32 21 16 0 0.01 0.0397709 1 
0 21 17 0 0.012 0.0418013 1 
1 21 17 0.0110606 0.006 0.0456433 4 
2 21 17 0 0.013 0.0510788 1 
3 21 17 0 0.023 0.0449116 1 
4 21 17 0 0.043 0.0461518 1 
5 21 17 0 0.014 0.314264 1 
6 21 17 0 0.022 0.0417157 1 
7 21 17 0 0.005 0.0450507 1 
8 21 17 0 0.029 0.250582 1 
9 21 17 0.015903 0.002 0.0592573 2 
10 21 17 0 0.013 0.0368118 1 
11 21 17 0 0.028 0.0453237 1 
12 21 17 0 0.004 0.0453847 1 
13 21 17 0 0.006 0.0363111 1 
14 21 17 0.00306879 0.002 0.0365279 3 
15 21 17 0 0.02 0.0372206 1 
16 21 17 0 0.034 0.050459 1 
17 21 17 0 0.005 0.0426585 1 
18 21 17 0 0.017 0.0450253 1 
19 21 17 0 0.024 0.0425995 1 
20 21 17 0 0.01 0.0466456 1 
21 21 17 0 0.009 0.059048 1 
22 21 17 0 0.007 0.0388102 1 
23 21 17 0 0.005 0.0394843 1 
24 21 17 0 0.039 0.0545064 1 
25 21 17 3.19173e-05 0.001 0.0508968 2 
26 21 17 0 0.026 0.0469724 1 
27 21 17 0 0.01 0.0486419 1 
28 21 17 0 0.003 0.0531344 1 
29 21 17 0 0.008 0.0538426 1 
30 21 17 0 0.023 0.0455703 1 
31 21 17 0.0105995 0.038 0.0457276 3 
32 21 17 0 0.037 0.0452178 1 
0 21 18 0 0.008 0.0448709 1 
1 21 18 0 0.048 0.0422831 1 
2 21 18 0.000653528 0.046 0.0563666 2 
3 21 18 0 0.024 0.0482691 1 
4 21 18 0 0.038 0.285651 1 
5 21 18 0 0.044 0.296817 1 
6 21 18 0 0.033 0.0589383 1 
7 21 18 0 0.004 0.0441591 1 
8 21 18 0 0.013 0.251301 1 
9 21 18 0 0.034 0.0568087 1 
10 21 18 0 0.016 0.290214 1 
11 21 18 0.000653528 0.012 0.0454118 2 
12 21 18 0 0.049 0.0414238 1 
13 21 18 0 0.024 0.0367005 1 
14 21 18 0 0.045 0.0565614 1 
15 21 18 0 0.001 0.0467721 1 
16 21 18 0 0.014 0.0398193 1 
17 21 18 0 0.006 0.0403266 1 
18 21 18 0 0.039 0.0318428 1 
19 21 18 0 0.037 0.0537901 1 
20 21 18 0 0.038 0.035617 1 
21 21 18 0 0.042 0.0487879 1 
22 21 18 0 0.008 0.0555106 1 
23 21 18 0.0219951 0.027 0.049012 2 
24 21 18 0 0.041 0.0425825 1 
25 21 18 0 0.04 0.0470866 1 
26 21 18 0 0.048 0.0468584 1 
27 21 18 0 0.048 0.035571 1 
28 21 18 0 0.044 0.0460723 1 
29 21 18 0 0.027 0.0662676 1 
30 21 18 0 0.009 0.0551827 1 
31 21 18 0.000392984 0.046 0.0442205 2 
32 21 18 0 0.007 0.0540291 1 
0 21 19 0 0.011 0.0639729 1 
1 21 19 0 0.039 0.0417023 1 
2 21 19 0 0.008 0.0371146 1 
3 21 19 0.0138651 0.008 0.0578999 3 
4 21 19 0 0.017 0.283197 1 
5 21 19 0 0.028 0.288364 1 
6 21 19 0 0.008 0.0534959 1 
7 21 19 0.0226919 0.013 0.0333957 2 
8 21 19 0.0124767 0.027 0.0474833 4 
9 21 19 0 0.005 0.0420788 1 
10 21 19 0 0.022 0.0416131 1 
11 21 19 0 0.008 0.039786 1 
12 21 19 0 0.049 0.0504088 1 
13 21 19 0 0.016 0.0462311 1 
14 21 19 0 0.026 0.0497266 1 
15 21 19 0 0.018 0.0443841 1 
16 21 19 0 0.024 0.0479843 1 
17 21 19 0.011914 0.007 0.0469792 4 
18 21 19 0 0.009 0.0487998 1 
19 21 19 0 0.02 0.0427613 1 
20 21 19 0 0.014 0.0424483 1 
21 21 19 0 0.038 0.0902267 1 
22 21 19 0.0197654 0.005 0.041425 2 
23 21 19 0 0.027 0.0343476 1 
24 21 19 0 0.009 0.0422623 1 
25 21 19 0 0.041 0.0438287 1 
26 21 19 0 0.025 0.0540982 1 
27 21 19 0 0.002 0.045203 1 
28 21 19 0.000996911 0.028 0.0487277 2 
29 21 19 0 0.011 0.0518244 1 
30 21 19 0 0.017 0.0556314 1 
31 21 19 0 0.024 0.0469493 1 
32 21 19 0 0.011 0.0571135 1 
0 21 20 0 0.041 0.0480555 1 
1 21 20 0 0.007 0.0386911 1 
2 21 20 0 0.008 0.0531132 1 
3 21 20 0 0.04 0.0575659 1 
4 21 20 0 0.017 0.28093 1 
5 21 20 0 0.021 0.184059 2 
6 21 20 0 0.043 0.049764 1 
7 21 20 0 0.038 0.0371209 1 
8 21 20 0 0.027 0.252947 1 
9 21 20 0 0.002 0.0437506 1 
10 21 20 0.0177459 0.025 0.0501002 2 
11 21 20 0 0.031 0.050922 1 
12 21 20 0.0457499 0.006 0.0455446 4 
13 21 20 0 0.019 0.0435994 1 
14 21 20 0.00248168 0.003 0.0423597 2 
15 21 20 0 0.037 0.0508341 1 
16 21 20 0 0.009 0.0406768 1 
17 21 20 0 0.046 0.0537997 1 
18 21 20 0 0.008 0.0426522 1 
19 21 20 0.00789876 0.044 0.0539883 2 
20 21 20 0.00461784 0.007 0.0544481 3 
21 21 20 0 0.007 0.108436 2 
22 21 20 0 0.009 0.0476958 1 
23 21 20 0.000227627 0.032 0.0366322 2 
24 21 20 0 0.032 0.0437933 1 
25 21 20 0 0.018 0.0530614 1 
26 21 20 0.0650882 0.019 0.0509192 4 
27 21 20 0 0.031 0.0461627 1 
28 21 20 0 0.015 0.0518132 1 
29 21 20 0 0.035 0.0482254 1 
30 21 20 0.00526321 0.009 0.0397171 3 
31 21 20 0 0.021 0.0690147 1 
32 21 20 0.0223257 0.01 0.0359468 3 
0 21 21 0 0.021 0.0462201 1 
1 21 21 0.00865652 0.008 0.0418017 3 
2 21 21 0 0.033 0.0712755 1 
3 21 21 0 0.007 0.0383671 1 
4 21 21 0 0.016 0.134923 2 
5 21 21 0 0.044 0.0415182 1 
6 21 21 0 0.042 0.0550279 1 
7 21 21 0 0.021 0.0417695 1 
8 21 21 0 0.001 0.249301 1 
9 21 21 0 0.049 0.0490316 1 
10 21 21 0 0.018 0.292596 1 
11 21 21 0 0.028 0.045233 1 
12 21 21 0 0.006 0.0482008 1 
13 21 21 0 0.026 0.0464895 1 
14 21 21 0 0.036 0.0475128 1 
15 21 21 0 0.023 0.0414656 1 
16 21 21 0 0.024 0.0532093 1 
17 21 21 0.00363775 0.005 0.0554039 2 
18 21 21 0 0.016 0.0469032 1 
19 21 21 0 0.033 0.0558577 1 
20 21 21 0 0.013 0.0463003 1 
21 21 21 0.00189017 0.007 0.0745472 2 
22 21 21 0 0.02 0.0513172 1 
23 21 21 0.0241046 0.01 0.0458865 5 
24 21 21 0 0.036 0.0408233 1 
25 21 21 0 0.035 0.0459234 1 
26 21 21 0 0.046 0.0506828 1 
27 21 21 0.0159753 0.008 0.0497932 3 
28 21 21 0 0.035 0.0395421 1 
29 21 21 0 0.039 0.0611529 1 
30 21 21 0 0.023 0.0378517 1 
31 21 21 0 0.039 0.0645194 1 
32 21 21 0.030008 0.001 0.0575144 7 
0 21 22 0.00827413 0.002 0.0535692 5 
1 21 22 0 0.003 0.0378618 1 
2 21 22 0 0.035 0.0438203 1 
3 21 22 0.00473576 0.006 0.052116 3 
4 21 22 0 0.013 0.0564204 1 
5 21 22 0 0.001 0.307916 1 
6 21 22 0 0.029 0.0429407 1 
7 21 22 0 0.046 0.0402552 1 
8 21 22 0 0.041 0.123068 2 
9 21 22 0.0060866 0.014 0.0432655 3 
10 21 22 0 0.027 0.298006 1 
11 21 22 0.00178557 0.009 0.0461053 2 
12 21 22 0 0.04 0.0368532 1 
13 21 22 0.0181311 0.003 0.0487147 3 
14 21 22 0 0.047 0.0439165 1 
15 21 22 0 0.03 0.0446778 1 
16 21 22 0 0.032 0.0490505 1 
17 21 22 0 0.006 0.0394763 1 
18 21 22 0 0.029 0.0468857 1 
19 21 22 0 0.03 0.0601182 1 
20 21 22 0.0310546 0.006 0.0418836 3 
21 21 22 0.000136558 0.002 0.079464 2 
22 21 22 0.000334942 0.031 0.0438399 2 
23 21 22 0.000231354 0.028 0.0501515 2 
24 21 22 0 0.048 0.0628062 1 
25 21 22 0.0352292 0.006 0.0444218 6 
26 21 22 0 0.011 0.0360538 1 
27 21 22 0 0.016 0.0567489 1 
28 21 22 0 0.022 0.0509508 1 
29 21 22 0 0.049 0.0595045 1 
30 21 22 0 0.017 0.0531228 1 
31 21 22 0.00137342 0.032 0.0474076 2 
32 21 22 0.0122332 0.021 0.0557741 2 
0 21 23 0 0.011 0.0380119 1 
1 21 23 0.00201062 0.006 0.0448438 3 
2 21 23 0 0.024 0.0376791 1 
3 21 23 0 0.026 0.0429081 1 
4 21 23 0 0.048 0.279741 1 
5 21 23 0.0147598 0.03 0.0459667 2 
6 21 23 0 0.011 0.043438 1 
7 21 23 0.0261732 0.001 0.0505264 11 
8 21 23 0 0.045 0.0484361 1 
9 21 23 0 0.019 0.050311 1 
10 21 23 0 0.007 0.284281 1 
11 21 23 0 0.025 0.044082 1 
12 21 23 0 0.025 0.0457333 1 
13 21 23 0 0.026 0.0436606 1 
14 21 23 0 0.024 0.0512928 1 
15 21 23 0 0.016 0.0505952 1 
16 21 23 0 0.006 0.0508869 1 
17 21 23 0.0299974 0.003 0.0474646 11 
18 21 23 0 0.021 0.0393243 1 
19 21 23 0.00745807 0.021 0.0543527 3 
20 21 23 0 0.017 0.0445759 1 
21 21 23 0.00336485 0.047 0.0780359 2 
22 21 23 0 0.038 0.0507282 1 
23 21 23 0 0.017 0.0403916 1 
24 21 23 0 0.032 0.0373603 1 
25 21 23 0 0.025 0.0485443 1 
26 21 23 0.0274787 0.042 0.0471422 2 
27 21 23 0 0.007 0.0495935 1 
28 21 23 0 0.042 0.038194 1 
29 21 23 0 0.045 0.0390844 1 
30 21 23 0.0560434 0.016 0.0597896 2 
31 21 23 0 0.006 0.0514286 1 
32 21 23 0 0.029 0.0484369 1 
0 21 24 0 0.035 0.0385114 1 
1 21 24 0 0.032 0.0454356 1 
2 21 24 0 0.011 0.0585741 1 
3 21 24 0.0711171 0.004 0.0400079 10 
4 21 24 0 0.007 0.0446654 1 
5 21 24 0 0.04 0.304425 1 
6 21 24 0.00116837 0.037 0.0529436 2 
7 21 24 0.00613243 0.022 0.048587 2 
8 21 24 0 0.038 0.256252 1 
9 21 24 0 0.039 0.0407803 1 
10 21 24 0 0.024 0.270775 1 
11 21 24 0 0.029 0.0565602 1 
12 21 24 0.0125131 0.039 0.0460752 2 
13 21 24 0 0.035 0.0534172 1 
14 21 24 0.00502195 0.005 0.0432343 3 
15 21 24 0 0.019 0.0506288 1 
16 21 24 0 0.018 0.0428529 1 
17 21 24 0.00623977 0.009 0.0464512 2 
18 21 24 0 0.045 0.051751 1 
19 21 24 0 0.008 0.0453067 1 
20 21 24 0 0.038 0.0505585 1 
21 21 24 0 0.044 0.0552155 1 
22 21 24 0 0.033 0.0458566 1 
23 21 24 0.00474563 0.029 0.0372617 2 
24 21 24 0 0.049 0.0498948 1 
25 21 24 0 0.006 0.0573061 1 
26 21 24 0 0.005 0.0476202 1 
27 21 24 0 0.039 0.051105 1 
28 21 24 0 0.039 0.0512132 1 
29 21 24 0 0.039 0.0467146 1 
30 21 24 0 0.029 0.0382085 1 
31 21 24 0.00137442 0.033 0.0492492 2 
32 21 24 0.00624224 0.021 0.0516378 2 
0 21 25 0.0251737 0.021 0.0596244 2 
1 21 25 0 0.046 0.0446015 1 
2 21 25 0 0.026 0.0530507 1 
3 21 25 0 0.007 0.046214 1 
4 21 25 0.0171243 0.022 0.050427 3 
5 21 25 0.0177967 0.022 0.0542329 2 
6 21 25 0 0.047 0.0513443 1 
7 21 25 0 0.013 0.0508797 1 
8 21 25 0 0.043 0.133302 2 
9 21 25 0.00408905 0.016 0.0425118 2 
10 21 25 0 0.016 0.285207 1 
11 21 25 0.00253641 0.023 0.0505183 2 
12 21 25 0 0.017 0.044173 1 
13 21 25 0 0.017 0.0374387 1 
14 21 25 0 0.048 0.0359528 1 
15 21 25 0 0.019 0.0507545 1 
16 21 25 0 0.021 0.0478405 1 
17 21 25 0.0783064 0.003 0.0513873 8 
18 21 25 0 0.006 0.0414942 1 
19 21 25 0 0.004 0.0498873 1 
20 21 25 0 0.039 0.0472917 1 
21 21 25 0 0.031 0.0689218 1 
22 21 25 0 0.008 0.0513893 1 
23 21 25 0 0.004 0.0466306 1 
24 21 25 0 0.022 0.051447 1 
25 21 25 0 0.041 0.0400186 1 
26 21 25 0 0.016 0.0364675 1 
27 21 25 0 0.046 0.038637 1 
28 21 25 0 0.017 0.0308436 1 
29 21 25 0 0.01 0.0343437 1 
30 21 25 0.0182214 0.017 0.0557189 2 
31 21 25 0 0.048 0.0511162 1 
32 21 25 0 0.044 0.0480043 1 
0 21 26 0 0.014 0.0455709 1 
1 21 26 0 0.046 0.0447719 1 
2 21 26 0 0.031 0.0484549 1 
3 21 26 0 0.028 0.0393957 1 
4 21 26 0 0.027 0.271537 1 
5 21 26 0 0.028 0.301385 1 
6 21 26 0 0.008 0.0385471 1 
7 21 26 0 0.005 0.0480265 1 
8 21 26 0 0.038 0.0448019 1 
9 21 26 0 0.002 0.0439228 1 
10 21 26 0 0.042 0.27938 1 
11 21 26 0 0.021 0.0530986 1 
12 21 26 0 0.014 0.0567905 1 
13 21 26 0 0.032 0.0542902 1 
14 21 26 0 0.039 0.0440381 1 
15 21 26 0 0.006 0.0503219 1 
16 21 26 0 0.015 0.0391698 1 
17 21 26 0.00785801 0.015 0.0459878 2 
18 21 26 0 0.047 0.0477674 1 
19 21 26 0 0.047 0.0505729 1 
20 21 26 0 0.044 0.0545468 1 
21 21 26 0 0.029 0.101691 1 
22 21 26 0 0.02 0.0396953 1 
23 21 26 0.026118 0.032 0.0411372 2 
24 21 26 0 0.032 0.0385777 1 
25 21 26 0.0487929 0.022 0.0479464 4 
26 21 26 0 0.013 0.0471659 1 
27 21 26 0.0284883 0.004 0.0417478 5 
28 21 26 0 0.031 0.0336225 1 
29 21 26 0 0.033 0.0570285 1 
30 21 26 0 0.016 0.0489289 1 
31 21 26 0 0.046 0.062412 1 
32 21 26 0 0.031 0.0406872 1 
0 21 27 0 0.033 0.0422381 1 
1 21 27 0 0.01 0.0433706 1 
2 21 27 0 0.049 0.0492443 1 
3 21 27 0 0.044 0.0474621 1 
4 21 27 0 0.025 0.283221 1 
5 21 27 0 0.01 0.305747 1 
6 21 27 0.00315901 0.025 0.0565683 2 
7 21 27 0 0.021 0.0387534 1 
8 21 27 0 0.022 0.242658 1 
9 21 27 0.0243817 0.001 0.0525492 2 
10 21 27 0 0.046 0.287862 1 
11 21 27 0 0.025 0.053591 1 
12 21 27 0 0.031 0.0496516 1 
13 21 27 0 0.018 0.0423954 1 
14 21 27 0 0.04 0.0435969 1 
15 21 27 0 0.016 0.0441454 1 
16 21 27 0 0.031 0.0421117 1 
17 21 27 0 0.037 0.0387827 1 
18 21 27 0 0.013 0.0506994 1 
19 21 27 0 0.03 0.045897 1 
20 21 27 0 0.049 0.0414784 1 
21 21 27 0.00336638 0.029 0.100986 2 
22 21 27 0.0882042 0.002 0.0519388 15 
23 21 27 0 0.015 0.0462994 2 
24 21 27 0 0.026 0.0566209 1 
25 21 27 0 0.035 0.051909 1 
26 21 27 0.00849254 0.012 0.0476247 3 
27 21 27 0 0.024 0.0382933 1 
28 21 27 0.00232954 0.011 0.045437 2 
29 21 27 0 0.044 0.0422215 1 
30 21 27 0 0.014 0.0451948 1 
31 21 27 0.00295164 0.026 0.0594651 2 
32 21 27 0.0127344 0.008 0.0541794 2 
0 21 28 0 0.001 0.0381678 1 
1 21 28 0.0309756 0.007 0.0513024 7 
2 21 28 0 0.028 0.0588725 1 
3 21 28 0 0.033 0.0406403 1 
4 21 28 0 0.04 0.29141 1 
5 21 28 0.0206947 0.001 0.0615703 5 
6 21 28 0 0.035 0.0380504 1 
7 21 28 0.012635 0.02 0.050243 2 
8 21 28 0 0.011 0.250313 1 
9 21 28 0 0.007 0.0552149 1 
10 21 28 0 0.045 0.275199 1 
11 21 28 0.00178903 0.035 0.064243 2 
12 21 28 0 0.048 0.0446986 1 
13 21 28 0 0.02 0.0434736 1 
14 21 28 0 0.031 0.0521741 1 
15 21 28 0 0.044 0.0542284 1 
16 21 28 0 0.038 0.0472348 1 
17 21 28 0 0.034 0.0521178 1 
18 21 28 0 0.047 0.0416862 1 
19 21 28 0 0.027 0.0383947 1 
20 21 28 0 0.034 0.0529571 1 
21 21 28 0 0.008 0.0349581 1 
22 21 28 0 0.017 0.0442659 1 
23 21 28 0.00203822 0.029 0.0518771 2 
24 21 28 0 0.037 0.0549582 1 
25 21 28 0 0.014 0.0534549 1 
26 21 28 0 0.044 0.0474322 1 
27 21 28 0.0342796 0.001 0.0374375 11 
28 21 28 0 0.021 0.044638 1 
29 21 28 0.00158303 0.014 0.0438914 2 
30 21 28 0 0.004 0.0462968 1 
31 21 28 0 0.046 0.042307 1 
32 21 28 0 0.048 0.0478453 1 
0 21 29 0.0221128 0.011 0.0498842 2 
1 21 29 0.041726 0.003 0.0459853 9 
2 21 29 0 0.013 0.0414007 1 
3 21 29 0.0222966 0.001 0.0446091 2 
4 21 29 0.00247204 0.017 0.130033 2 
5 21 29 0 0.04 0.303307 1 
6 21 29 0 0.011 0.0561147 1 
7 21 29 0 0.04 0.0482358 1 
8 21 29 0 0.024 0.0429474 1 
9 21 29 0 0.019 0.0464678 1 
10 21 29 0.0229704 0.02 0.0519432 2 
11 21 29 0.00253781 0.009 0.0428635 2 
12 21 29 0.00299393 0.006 0.0390956 2 
13 21 29 0 0.021 0.0474873 1 
14 21 29 0 0.003 0.0543508 1 
15 21 29 0 0.011 0.0468594 1 
16 21 29 0 0.023 0.0517756 1 
17 21 29 0.0144687 0.025 0.0445438 2 
18 21 29 0 0.027 0.0530087 1 
19 21 29 0 0.027 0.0452246 1 
20 21 29 0.00917368 0.003 0.0491562 4 
21 21 29 0 0.022 0.113103 1 
22 21 29 0.0519076 0.004 0.0450214 8 
23 21 29 0 0.033 0.0398436 1 
24 21 29 0 0.012 0.0475408 1 
25 21 29 0 0.008 0.0467787 1 
26 21 29 0 0.032 0.0346034 1 
27 21 29 0 0.035 0.0480559 1 
28 21 29 0 0.029 0.0629907 1 
29 21 29 0 0.046 0.0507877 1 
30 21 29 0 0.029 0.0403285 1 
31 21 29 0 0.031 0.0489439 1 
32 21 29 0.0232273 0.004 0.0557903 3 
0 21 30 0.000846888 0.011 0.0570197 3 
1 21 30 0 0.008 0.0425307 1 
2 21 30 0 0.04 0.052512 1 
3 21 30 0 0.049 0.0457028 1 
4 21 30 0 0.04 0.04262 1 
5 21 30 0 0.027 0.0437643 1 
6 21 30 0 0.009 0.0474197 1 
7 21 30 0.0202925 0.006 0.0449022 4 
8 21 30 2.78886e-05 0.038 0.0497091 2 
9 21 30 0 0.025 0.0634077 1 
10 21 30 0 0.002 0.0527613 1 
11 21 30 0.00178944 0.008 0.0552411 2 
12 21 30 0 0.033 0.0394966 1 
13 21 30 0 0.006 0.0498878 1 
14 21 30 0.00785892 0.005 0.0579384 4 
15 21 30 0 0.027 0.057893 1 
16 21 30 0 0.026 0.0504426 1 
17 21 30 0 0.047 0.0436891 1 
18 21 30 0 0.001 0.0538035 1 
19 21 30 0 0.031 0.0614176 1 
20 21 30 0 0.006 0.0417393 1 
21 21 30 0 0.017 0.0882896 1 
22 21 30 0 0.025 0.0388984 1 
23 21 30 0 0.005 0.0500426 1 
24 21 30 0 0.033 0.0347825 1 
25 21 30 0 0.046 0.0456284 1 
26 21 30 0 0.044 0.0437614 1 
27 21 30 0 0.044 0.0421673 1 
28 21 30 0 0.048 0.0405819 1 
29 21 30 0 0.037 0.0272774 1 
30 21 30 0 0.042 0.0381283 1 
31 21 30 0 0.027 0.0615499 1 
32 21 30 0.0148263 0.002 0.0393993 4 
0 21 31 0.0071574 0.01 0.0544203 2 
1 21 31 0 0.015 0.0334763 1 
2 21 31 0 0.028 0.047899 1 
3 21 31 0 0.028 0.0497165 1 
4 21 31 0 0.008 0.300244 1 
5 21 31 0 0.04 0.129065 2 
6 21 31 0 0.049 0.0420811 1 
7 21 31 0 0.046 0.0555471 1 
8 21 31 0 0.027 0.259307 1 
9 21 31 0 0.027 0.0592525 1 
10 21 31 0 0.042 0.262273 1 
11 21 31 0 0.046 0.0519786 1 
12 21 31 0 0.03 0.0512532 1 
13 21 31 0.0161654 0.02 0.0373848 3 
14 21 31 0 0.007 0.0430474 1 
15 21 31 0 0.045 0.0482367 1 
16 21 31 0 0.014 0.0448545 1 
17 21 31 0 0.039 0.0493156 1 
18 21 31 0 0.031 0.0459965 1 
19 21 31 0 0.022 0.0552743 1 
20 21 31 0 0.01 0.0441583 1 
21 21 31 0.00336794 0.021 0.0764466 2 
22 21 31 0.0208775 0.006 0.0359837 4 
23 21 31 0.0116545 0.005 0.051971 2 
24 21 31 0 0.014 0.0511649 1 
25 21 31 0 0.036 0.0411297 1 
26 21 31 0.0170654 0.001 0.0474827 4 
27 21 31 0 0.044 0.035736 1 
28 21 31 0.00233131 0.023 0.062834 2 
29 21 31 0 0.011 0.0625702 1 
30 21 31 0 0.01 0.043179 1 
31 21 31 0 0.009 0.0822939 1 
32 21 31 0 0.041 0.0564549 1 
0 21 32 0 0.018 0.0513398 1 
1 21 32 0 0.036 0.0515047 1 
2 21 32 0 0.002 0.0453611 1 
3 21 32 0 0.048 0.0508782 1 
4 21 32 0 0.031 0.297112 1 
5 21 32 0 0.015 0.0369725 1 
6 21 32 0 0.025 0.0591891 1 
7 21 32 0.0128373 0.037 0.0582305 2 
8 21 32 0 0.049 0.239999 1 
9 21 32 0.0029204 0.016 0.0427657 3 
10 21 32 0 0.012 0.110035 2 
11 21 32 0 0.045 0.0638427 1 
12 21 32 0 0.045 0.0566289 1 
13 21 32 0 0.014 0.0302651 1 
14 21 32 0 0.035 0.0338511 1 
15 21 32 0 0.017 0.0498291 1 
16 21 32 0 0.008 0.0420503 1 
17 21 32 0 0.041 0.0461235 1 
18 21 32 0 0.036 0.0364964 1 
19 21 32 0.000117917 0.022 0.0423043 2 
20 21 32 0 0.009 0.0444779 1 
21 21 32 0 0.016 0.0547004 1 
22 21 32 0.0325045 0.011 0.0346716 6 
23 21 32 0 0.039 0.0443745 1 
24 21 32 0 0.022 0.0419535 1 
25 21 32 0 0.024 0.0394337 1 
26 21 32 0.00884992 0.011 0.0363659 4 
27 21 32 0.00103014 0.001 0.0465384 2 
28 21 32 0 0.045 0.0502326 1 
29 21 32 0.00158474 0.011 0.044853 2 
30 21 32 0.0151708 0.009 0.0505623 2 
31 21 32 0 0.003 0.0461426 1 
32 21 32 0 0.011 0.0391676 1 
0 21 33 0 0.011 0.0419844 1 
1 21 33 0 0.021 0.0497616 1 
2 21 33 0.00131898 0.025 0.0512407 2 
3 21 33 0 0.028 0.0412899 1 
4 21 33 0 0.03 0.282017 1 
5 21 33 0 0.035 0.309493 1 
6 21 33 0 0.038 0.0501187 1 
7 21 33 0.00311754 0.009 0.0461329 2 
8 21 33 0.00292314 0.024 0.0365225 2 
9 21 33 0 0.01 0.0570378 1 
10 21 33 0 0.024 0.0461311 1 
11 21 33 0 0.035 0.0488912 1 
12 21 33 0 0.001 0.049691 1 
13 21 33 0 0.013 0.0517473 1 
14 21 33 0 0.045 0.0419268 1 
15 21 33 0 0.036 0.0603998 1 
16 21 33 0 0.001 0.0335974 1 
17 21 33 0 0.037 0.0495528 1 
18 21 33 0 0.006 0.038101 1 
19 21 33 0 0.046 0.0397382 1 
20 21 33 0 0.003 0.0456635 1 
21 21 33 0 0.031 0.0918418 1 
22 21 33 0 0.02 0.0459984 3 
23 21 33 0.00900173 0.008 0.0577052 2 
24 21 33 0 0.019 0.0523127 1 
25 21 33 0 0.009 0.0516367 1 
26 21 33 0 0.006 0.0498363 1 
27 21 33 0.0259401 0.014 0.0472891 3 
28 21 33 0 0.014 0.0558367 1 
29 21 33 0 0.004 0.0321013 1 
30 21 33 0 0.032 0.04521 1 
31 21 33 0 0.005 0.0486048 1 
32 21 33 0 0.034 0.0529282 1 
0 21 34 0 0.039 0.0544044 1 
1 21 34 0 0.038 0.0490788 1 
2 21 34 0 0.02 0.0418929 1 
3 21 34 0 0.002 0.0363623 2 
4 21 34 0 0.002 0.300055 1 
5 21 34 0 0.026 0.29746 1 
6 21 34 0 0.04 0.0511232 1 
7 21 34 0 0.031 0.0508872 1 
8 21 34 0 0.014 0.253553 1 
9 21 34 0 0.024 0.0460074 1 
10 21 34 0 0.022 0.297914 1 
11 21 34 0 0.038 0.0406914 1 
12 21 34 0 0.045 0.0522049 1 
13 21 34 0.0159875 0.008 0.0449271 5 
14 21 34 0 0.005 0.0456528 1 
15 21 34 0 0.018 0.0553899 1 
16 21 34 0 0.037 0.0469334 1 
17 21 34 0 0.006 0.0620662 1 
18 21 34 0 0.012 0.0458462 1 
19 21 34 0 0.004 0.0475906 1 
20 21 34 0 0.011 0.0567228 1 
21 21 34 0 0.019 0.0647152 1 
22 21 34 0.0212337 0.003 0.0496809 6 
23 21 34 0 0.015 0.0475117 1 
24 21 34 0 0.009 0.052001 1 
25 21 34 0 0.001 0.0438263 1 
26 21 34 0 0.034 0.0486784 1 
27 21 34 0 0.022 0.0383968 1 
28 21 34 0 0.039 0.0460525 1 
29 21 34 0 0.039 0.0462571 1 
30 21 34 0 0.041 0.0492252 1 
31 21 34 0.00262595 0.04 0.0415839 2 
32 21 34 0.0078014 0.001 0.0565289 3 
0 21 35 0 0.004 0.049352 1 
1 21 35 0 0.031 0.0435065 1 
2 21 35 0 0.044 0.0410057 1 
3 21 35 0 0.048 0.0538153 1 
4 21 35 0.00335498 0.002 0.144916 2 
5 21 35 0 0.006 0.287423 1 
6 21 35 0 0.003 0.0402625 1 
7 21 35 0 0.009 0.0480058 1 
8 21 35 0 0.029 0.245505 1 
9 21 35 0.0184098 0.003 0.0539204 3 
10 21 35 0.00214923 0.015 0.138608 2 
11 21 35 0 0.037 0.0509799 1 
12 21 35 0.0102281 0.003 0.0343547 4 
13 21 35 0 0.011 0.0446631 1 
14 21 35 0 0.004 0.057824 1 
15 21 35 0 0.043 0.040297 1 
16 21 35 0 0.028 0.0443947 1 
17 21 35 0 0.017 0.0523577 1 
18 21 35 0 0.04 0.0409366 1 
19 21 35 0 0.006 0.0457254 1 
20 21 35 0 0.016 0.0562762 1 
21 21 35 0 0.044 0.0626331 1 
22 21 35 0 0.03 0.0412297 1 
23 21 35 0 0.035 0.0480399 1 
24 21 35 0 0.004 0.0491828 1 
25 21 35 0 0.031 0.060422 1 
26 21 35 0.00433451 0.014 0.0433607 2 
27 21 35 0 0.028 0.0554219 1 
28 21 35 0 0.006 0.0523933 1 
29 21 35 0 0.036 0.0429286 1 
30 21 35 0 0.007 0.0430667 1 
31 21 35 0 0.013 0.0739346 1 
32 21 35 0 0.023 0.051206 1 
0 21 36 0 0.004 0.0492959 1 
1 21 36 0 0.048 0.0465562 1 
2 21 36 0 0.021 0.0549167 1 
3 21 36 0 0.036 0.0499701 1 
4 21 36 0 0.006 0.0534132 1 
5 21 36 0.00637475 0.04 0.0456185 3 
6 21 36 0.000363616 0.005 0.039332 2 
7 21 36 0 0.03 0.0518167 1 
8 21 36 0 0.037 0.217885 1 
9 21 36 0 0.045 0.0439954 1 
10 21 36 0 0.038 0.0410445 1 
11 21 36 0.000795756 0.044 0.0368905 2 
12 21 36 0 0.036 0.0387053 1 
13 21 36 0 0.031 0.0463001 1 
14 21 36 0 0.044 0.0433946 1 
15 21 36 0 0.002 0.045057 1 
16 21 36 0 0.035 0.045218 1 
17 21 36 0.00499076 0.004 0.0529413 2 
18 21 36 0.000939802 0.004 0.0455164 2 
19 21 36 0 0.022 0.0562244 1 
20 21 36 0 0.016 0.0448287 1 
21 21 36 0 0.039 0.113741 1 
22 21 36 0 0.042 0.0470231 1 
23 21 36 0.000977578 0.026 0.0536786 2 
24 21 36 0 0.023 0.0431514 1 
25 21 36 0 0.024 0.0628391 1 
26 21 36 0 0.016 0.0461221 1 
27 21 36 0 0.039 0.0511983 1 
28 21 36 0.000939802 0.03 0.0499225 2 
29 21 36 0 0.001 0.0641423 1 
30 21 36 0 0.005 0.055507 1 
31 21 36 0 0.01 0.0572186 1 
32 21 36 0 0.037 0.0332221 1 
0 21 37 0 0.025 0.0479423 1 
1 21 37 0 0.023 0.0374638 1 
2 21 37 0 0.043 0.0470739 1 
3 21 37 0 0.007 0.0382597 1 
4 21 37 0 0.016 0.293246 1 
5 21 37 0.000297633 0.012 0.168529 2 
6 21 37 0 0.016 0.0468946 1 
7 21 37 0 0.011 0.0538977 1 
8 21 37 0 0.01 0.263362 1 
9 21 37 0 0.048 0.0518219 1 
10 21 37 0 0.012 0.260603 1 
11 21 37 0 0.047 0.0510727 1 
12 21 37 0 0.047 0.0493702 1 
13 21 37 0 0.003 0.0408283 1 
14 21 37 0.00229338 0.003 0.0493922 3 
15 21 37 0 0.045 0.0493819 1 
16 21 37 0 0.014 0.0467974 1 
17 21 37 0 0.04 0.0528026 1 
18 21 37 0 0.01 0.0483043 1 
19 21 37 3.89057e-06 0.045 0.0480401 2 
20 21 37 0 0.007 0.0473638 1 
21 21 37 0.00190141 0.044 0.100921 2 
22 21 37 0 0.045 0.0463543 1 
23 21 37 7.53029e-05 0.008 0.0416373 3 
24 21 37 0 0.024 0.0524964 1 
25 21 37 0 0.026 0.0605826 1 
26 21 37 0 0.015 0.0512689 1 
27 21 37 0.0244168 0.002 0.0467663 4 
28 21 37 0 0.037 0.0420587 1 
29 21 37 0 0.046 0.0489215 1 
30 21 37 0 0.022 0.0522434 1 
31 21 37 0 0.012 0.0574052 1 
32 21 37 0 0.008 0.0471779 1 
0 21 38 0 0.001 0.0502687 1 
1 21 38 0.00139553 0.003 0.0392042 3 
2 21 38 0 0.008 0.0412198 1 
3 21 38 0 0.021 0.0429608 1 
4 21 38 0 0.046 0.281602 1 
5 21 38 0 0.019 0.0510198 1 
6 21 38 0 0.035 0.0541269 1 
7 21 38 0 0.032 0.0463393 1 
8 21 38 0 0.038 0.0442158 1 
9 21 38 0 0.04 0.0530508 1 
10 21 38 0 0.01 0.297319 1 
11 21 38 0 0.006 0.0553162 1 
12 21 38 0.0172043 0.003 0.0374723 2 
13 21 38 0 0.044 0.0450679 1 
14 21 38 0 0.021 0.0569199 1 
15 21 38 0 0.037 0.0390027 1 
16 21 38 0 0.03 0.0459417 1 
17 21 38 0 0.038 0.043461 1 
18 21 38 0 0.03 0.0394575 1 
19 21 38 0 0.044 0.0462534 1 
20 21 38 0 0.043 0.0488612 1 
21 21 38 0 0.014 0.0405202 1 
22 21 38 0 0.034 0.0392419 1 
23 21 38 0 0.023 0.0547847 1 
24 21 38 0 0.006 0.0558835 1 
25 21 38 0.00459679 0.048 0.0470169 2 
26 21 38 0 0.028 0.0373232 1 
27 21 38 0 0.036 0.0529329 1 
28 21 38 0 0.003 0.0531118 1 
29 21 38 0 0.025 0.0390689 1 
30 21 38 0.00941477 0.006 0.0389825 3 
31 21 38 0.00258249 0.035 0.0461924 2 
32 21 38 0.073924 0.007 0.0571675 5 
0 21 39 0.0226916 0.002 0.0554237 9 
1 21 39 0 0.048 0.0519291 1 
2 21 39 0 0.048 0.0446332 1 
3 21 39 0.033972 0.003 0.044622 3 
4 21 39 0 0.033 0.0602137 1 
5 21 39 0 0.025 0.297005 1 
6 21 39 0 0.003 0.0454035 1 
7 21 39 0 0.033 0.0432367 1 
8 21 39 0.0181291 0.007 0.0434713 3 
9 21 39 0 0.043 0.0383903 1 
10 21 39 0 0.015 0.273245 1 
11 21 39 0.00132019 0.022 0.0559412 2 
12 21 39 0 0.046 0.043971 1 
13 21 39 0 0.039 0.052245 1 
14 21 39 0 0.018 0.0544553 1 
15 21 39 0 0.019 0.0399299 1 
16 21 39 0 0.014 0.0460746 1 
17 21 39 0 0.035 0.0504345 1 
18 21 39 0 0.043 0.0479561 1 
19 21 39 0.000614063 0.002 0.0504261 2 
20 21 39 0 0.022 0.0440163 1 
21 21 39 0 0.006 0.103669 1 
22 21 39 0 0.003 0.0450734 1 
23 21 39 0.00423309 0.042 0.0516898 2 
24 21 39 0 0.011 0.0444241 1 
25 21 39 0 0.048 0.0476655 1 
26 21 39 0 0.005 0.0535341 1 
27 21 39 0 0.004 0.0520241 1 
28 21 39 0 0.025 0.0334855 1 
29 21 39 0 0.031 0.0431256 1 
30 21 39 0 0.038 0.0456588 1 
31 21 39 0 0.004 0.0474803 1 
32 21 39 0 0.008 0.0485063 1 
0 21 40 0 0.042 0.0490317 1 
1 21 40 0 0.043 0.0490004 1 
2 21 40 0 0.007 0.0613628 1 
3 21 40 0 0.024 0.0429019 1 
4 21 40 0 0.033 0.289628 1 
5 21 40 0.0180969 0.02 0.0541649 3 
6 21 40 0.000365309 0.027 0.0536387 2 
7 21 40 0 0.048 0.0427004 1 
8 21 40 0.00308855 0.03 0.0315966 2 
9 21 40 0 0.042 0.053807 1 
10 21 40 0 0.027 0.294647 1 
11 21 40 0 0.015 0.0421861 1 
12 21 40 0 0.025 0.0456548 1 
13 21 40 0 0.011 0.0506108 1 
14 21 40 0 0.021 0.0474245 1 
15 21 40 0 0.044 0.0428713 1 
16 21 40 0 0.003 0.0465202 1 
17 21 40 0 0.039 0.0473163 1 
18 21 40 0 0.013 0.0440492 1 
19 21 40 0 0.032 0.0406831 1 
20 21 40 0 0.049 0.0502956 1 
21 21 40 0 0.004 0.0968684 1 
22 21 40 0 0.019 0.0424062 1 
23 21 40 0.0161022 0.003 0.0532791 3 
24 21 40 0 0.033 0.0537078 1 
25 21 40 0 0.026 0.0397471 1 
26 21 40 0.000634782 0.01 0.0630669 2 
27 21 40 0.00862529 0.004 0.0433202 5 
28 21 40 0 0.022 0.0598331 1 
29 21 40 0 0.029 0.0369302 1 
30 21 40 0 0.048 0.0500717 1 
31 21 40 0 0.04 0.0477839 1 
32 21 40 0 0.036 0.0438715 1 
0 21 41 0 0.014 0.048903 1 
1 21 41 0.00893495 0.017 0.0462397 3 
2 21 41 0 0.002 0.0408763 1 
3 21 41 0 0.014 0.0465311 1 
4 21 41 0.00488712 0.006 0.0436343 4 
5 21 41 0 0.041 0.0594648 1 
6 21 41 0 0.041 0.0342106 1 
7 21 41 0.0155829 0.008 0.0420204 2 
8 21 41 0 0.007 0.25471 1 
9 21 41 0 0.003 0.0509486 1 
10 21 41 0.0179644 0.012 0.0451594 2 
11 21 41 0 0.043 0.0498469 1 
12 21 41 0.0121888 0.009 0.0402379 3 
13 21 41 0 0.012 0.049048 1 
14 21 41 0 0.036 0.0415765 1 
15 21 41 0 0.021 0.0511411 1 
16 21 41 0 0.016 0.0470453 1 
17 21 41 0 0.019 0.0512642 1 
18 21 41 0 0.018 0.0555085 1 
19 21 41 0 0.032 0.0480037 1 
20 21 41 0 0.033 0.0431688 1 
21 21 41 0 0.046 0.0921215 1 
22 21 41 0.0318949 0.005 0.0619724 6 
23 21 41 0 0.014 0.0516347 1 
24 21 41 0 0.034 0.0486383 1 
25 21 41 0.0171788 0.04 0.0468228 3 
26 21 41 0 0.013 0.0384498 1 
27 21 41 0.0347492 0.018 0.0375614 2 
28 21 41 0 0.034 0.0474592 1 
29 21 41 0 0.023 0.037216 1 
30 21 41 0 0.045 0.0454911 1 
31 21 41 0 0.017 0.0719986 1 
32 21 41 0 0.033 0.0311674 1 
0 21 42 0 0.022 0.0501796 1 
1 21 42 0 0.034 0.0423817 1 
2 21 42 0 0.007 0.0606798 1 
3 21 42 0 0.01 0.0534472 1 
4 21 42 0.00114198 0.009 0.0356323 2 
5 21 42 0 0.034 0.299292 1 
6 21 42 0 0.014 0.0509924 1 
7 21 42 0 0.025 0.0509567 1 
8 21 42 0 0.022 0.0495736 1 
9 21 42 0 0.048 0.0572195 1 
10 21 42 0.00193844 0.022 0.062366 2 
11 21 42 0 0.024 0.0543036 1 
12 21 42 0 0.026 0.0474704 1 
13 21 42 0.0159715 0.001 0.0529345 3 
14 21 42 0 0.013 0.0471717 1 
15 21 42 0 0.032 0.0529409 1 
16 21 42 0 0.033 0.0346137 1 
17 21 42 0 0.031 0.0516602 1 
18 21 42 0 0.02 0.0519568 1 
19 21 42 0 0.025 0.0578661 1 
20 21 42 0.00792312 0.009 0.0422518 3 
21 21 42 0 0.044 0.0881408 1 
22 21 42 0.0187406 0.001 0.0524316 3 
23 21 42 0 0.048 0.039844 1 
24 21 42 0 0.009 0.0399397 1 
25 21 42 0 0.029 0.0445903 1 
26 21 42 0 0.04 0.0408997 1 
27 21 42 0 0.01 0.0443078 1 
28 21 42 0 0.016 0.0547672 1 
29 21 42 0 0.012 0.0454195 1 
30 21 42 0 0.043 0.0538719 1 
31 21 42 0 0.013 0.0550984 1 
32 21 42 0.00959002 0.011 0.0365716 3 
0 21 43 0.0390788 0.007 0.0408238 4 
1 21 43 0 0.033 0.0435855 1 
2 21 43 0 0.009 0.0479581 1 
3 21 43 0.0656793 0.003 0.0512974 10 
4 21 43 0.00335579 0.021 0.134992 2 
5 21 43 0 0.023 0.289209 1 
6 21 43 0 0.046 0.0530505 1 
7 21 43 0 0.049 0.0419491 1 
8 21 43 0.0159492 0.031 0.0567048 3 
9 21 43 0 0.015 0.0364384 1 
10 21 43 0.00364652 0.039 0.128985 2 
11 21 43 0 0.043 0.0569333 1 
12 21 43 0 0.012 0.0616001 1 
13 21 43 0 0.02 0.0519005 1 
14 21 43 0.00590062 0.001 0.0526544 4 
15 21 43 0 0.025 0.0421458 1 
16 21 43 0 0.018 0.0512149 1 
17 21 43 0 0.026 0.0504169 1 
18 21 43 0 0.033 0.0402041 1 
19 21 43 0.00132374 0.019 0.0510126 2 
20 21 43 0.00718796 0.01 0.0498224 2 
21 21 43 0.00190217 0.014 0.107184 2 
22 21 43 0 0.033 0.0584174 1 
23 21 43 0 0.037 0.0494463 1 
24 21 43 0 0.01 0.0455957 1 
25 21 43 0 0.021 0.046454 1 
26 21 43 0 0.009 0.0381928 1 
27 21 43 0 0.031 0.0387665 1 
28 21 43 0 0.023 0.0593783 1 
29 21 43 0 0.047 0.0526246 1 
30 21 43 0.0393839 0.007 0.0473625 5 
31 21 43 0 0.004 0.0560582 1 
32 21 43 0 0.018 0.0492069 1 
0 21 44 0 0.006 0.0552489 1 
1 21 44 0 0.021 0.0441387 1 
2 21 44 0.000798025 0.013 0.0687587 2 
3 21 44 0 0.012 0.0498074 1 
4 21 44 0 0.045 0.0475488 1 
5 21 44 0.0186035 0.007 0.0479032 3 
6 21 44 0 0.042 0.0436971 1 
7 21 44 0 0.021 0.0433949 1 
8 21 44 0 0.023 0.0408529 1 
9 21 44 0 0.046 0.0482866 1 
10 21 44 0 0.023 0.0582024 1 
11 21 44 0 0.045 0.0579009 1 
12 21 44 0.0827596 0.016 0.0553971 5 
13 21 44 0.0129668 0.005 0.0493336 2 
14 21 44 0 0.047 0.0582455 1 
15 21 44 0 0.035 0.0453506 1 
16 21 44 0 0.003 0.0547063 1 
17 21 44 0 0.026 0.0511995 1 
18 21 44 0 0.041 0.0448226 1 
19 21 44 0 0.005 0.0391869 1 
20 21 44 0.0149379 0.01 0.050147 2 
21 21 44 0.000222118 0.03 0.071359 2 
22 21 44 0 0.047 0.046196 1 
23 21 44 0.00273271 0.047 0.0460262 3 
24 21 44 0 0.038 0.0506528 1 
25 21 44 0 0.001 0.0380328 1 
26 21 44 0 0.028 0.0536262 1 
27 21 44 0 0.033 0.0515526 1 
28 21 44 0 0.012 0.0370531 1 
29 21 44 0 0.004 0.0514887 1 
30 21 44 0 0.002 0.0416405 1 
31 21 44 0 0.024 0.0752772 1 
32 21 44 0 0.048 0.0503574 1 
0 21 45 0 0.045 0.0410285 1 
1 21 45 0 0.024 0.05085 1 
2 21 45 0.00132171 0.041 0.0509466 2 
3 21 45 0 0.033 0.0400004 1 
4 21 45 0 0.036 0.285466 1 
5 21 45 0 0.005 0.29992 1 
6 21 45 0 0.008 0.0390063 1 
7 21 45 0 0.036 0.0396211 1 
8 21 45 0 0.003 0.0470242 1 
9 21 45 0 0.043 0.0558599 1 
10 21 45 0 0.039 0.292408 1 
11 21 45 0 0.024 0.0462425 1 
12 21 45 0 0.044 0.0359055 1 
13 21 45 0 0.003 0.0542856 1 
14 21 45 0 0.035 0.0430515 1 
15 21 45 0 0.042 0.0494487 1 
16 21 45 0 0.001 0.0470581 1 
17 21 45 0 0.018 0.0551279 1 
18 21 45 0 0.005 0.0364381 1 
19 21 45 0 0.019 0.0509129 1 
20 21 45 0.0590906 0.01 0.060566 3 
21 21 45 0.0019031 0.002 0.0918928 2 
22 21 45 0 0.008 0.0495285 1 
23 21 45 0 0.019 0.0503315 1 
24 21 45 0 0.008 0.0499088 1 
25 21 45 0 0.041 0.0449511 1 
26 21 45 0 0.046 0.0577594 1 
27 21 45 0 0.048 0.0482049 1 
28 21 45 0 0.046 0.0537224 1 
29 21 45 0 0.025 0.0512991 1 
30 21 45 0 0.036 0.0320073 1 
31 21 45 0 0.006 0.0493718 1 
32 21 45 0 0.003 0.0445979 1 
0 21 46 0 0.045 0.0588649 1 
1 21 46 0 0.022 0.042065 1 
2 21 46 0.000798508 0.009 0.0367158 2 
3 21 46 0 0.008 0.0508541 1 
4 21 46 0 0.031 0.0531027 1 
5 21 46 0 0.046 0.18745 2 
6 21 46 0 0.031 0.0454799 1 
7 21 46 0 0.042 0.0387944 1 
8 21 46 0 0.038 0.238765 1 
9 21 46 0.0130787 0.006 0.0449217 3 
10 21 46 0 0.03 0.0581802 1 
11 21 46 0 0.045 0.0525639 1 
12 21 46 0 0.007 0.0490778 1 
13 21 46 0.0113081 0.004 0.0370372 3 
14 21 46 0 0.04 0.0497155 1 
15 21 46 0 0.026 0.0410861 1 
16 21 46 0 0.019 0.0595148 1 
17 21 46 0 0.024 0.0403945 1 
18 21 46 0 0.023 0.0605337 1 
19 21 46 0 0.002 0.0545083 1 
20 21 46 0 0.015 0.0384455 1 
21 21 46 0 0.002 0.0471695 1 
22 21 46 0 0.037 0.0579397 1 
23 21 46 0 0.043 0.0496255 1 
24 21 46 0 0.006 0.0435007 1 
25 21 46 0.00552141 0.006 0.0600669 3 
26 21 46 0.0251508 0.009 0.0572682 4 
27 21 46 0 0.007 0.0512303 1 
28 21 46 0 0.043 0.048428 1 
29 21 46 0 0.04 0.0419804 1 
30 21 46 0.0099983 0.009 0.0498071 3 
31 21 46 0 0.027 0.0574124 1 
32 21 46 0 0.037 0.0561509 1 
0 21 47 0.0683373 0.015 0.0499668 6 
1 21 47 0 0.008 0.0587313 1 
2 21 47 0.00132147 0.012 0.0493463 2 
3 21 47 0 0.031 0.0479777 1 
4 21 47 0 0.024 0.268718 1 
5 21 47 0 0.035 0.0476463 1 
6 21 47 0.00175747 0.001 0.0380781 2 
7 21 47 0 0.004 0.0473398 1 
8 21 47 0.00350145 0.049 0.106498 2 
9 21 47 0.0257462 0.017 0.0445455 3 
10 21 47 0 0.034 0.0543728 1 
11 21 47 0 0.027 0.0521698 1 
12 21 47 0 0.013 0.0601841 1 
13 21 47 0 0.004 0.049366 1 
14 21 47 0 0.023 0.0514884 1 
15 21 47 0 0.023 0.0513745 1 
16 21 47 0 0.006 0.0489377 1 
17 21 47 0 0.034 0.0462924 1 
18 21 47 0 0.006 0.0390725 1 
19 21 47 0.00372981 0.012 0.0454044 3 
20 21 47 0 0.002 0.0444586 1 
21 21 47 0 0.019 0.0812104 1 
22 21 47 0.00168651 0.029 0.0507714 2 
23 21 47 0.00389563 0.024 0.0527383 2 
24 21 47 0 0.018 0.0542909 1 
25 21 47 0 0.02 0.0439651 1 
26 21 47 0.0047626 0.036 0.0508561 2 
27 21 47 0 0.023 0.0400311 1 
28 21 47 0.00117614 0.033 0.0589395 2 
29 21 47 0 0.014 0.0462117 1 
30 21 47 0.0118843 0.012 0.0486121 3 
31 21 47 0.00161214 0.014 0.042529 2 
32 21 47 0 0.004 0.0372661 1 
0 21 48 0.0149102 0.006 0.0483778 2 
1 21 48 0 0.016 0.0506821 1 
2 21 48 0 0.035 0.0476819 1 
3 21 48 0.00567079 0.016 0.0362229 2 
4 21 48 0.00532216 0.004 0.0355756 4 
5 21 48 0 0.008 0.306339 1 
6 21 48 0 0.031 0.0646307 1 
7 21 48 0 0.025 0.0570324 1 
8 21 48 0 0.028 0.0638582 1 
9 21 48 0.050787 0.006 0.0378963 8 
10 21 48 0 0.04 0.280552 1 
11 21 48 0 0.003 0.0479896 1 
12 21 48 0.0542533 0.024 0.0376791 2 
13 21 48 0 0.001 0.041882 1 
14 21 48 0 0.012 0.0431544 1 
15 21 48 0 0.015 0.052248 1 
16 21 48 0.00108659 0.046 0.0509299 2 
17 21 48 0 0.039 0.0479959 1 
18 21 48 0 0.001 0.0549397 1 
19 21 48 0 0.017 0.0430736 1 
20 21 48 0 0.031 0.0560694 1 
21 21 48 0.000222942 0.004 0.0907047 2 
22 21 48 0.0677744 0.015 0.0434066 3 
23 21 48 0.00896023 0.022 0.0507902 3 
24 21 48 0 0.033 0.0632151 1 
25 21 48 0.0390036 0.022 0.046332 4 
26 21 48 0 0.03 0.040484 1 
27 21 48 0 0.032 0.0549697 1 
28 21 48 0 0.038 0.0346317 1 
29 21 48 0 0.007 0.0751152 1 
30 21 48 0 0.002 0.0523372 1 
31 21 48 0 0.033 0.0515009 1 
32 21 48 0 0.029 0.0472837 1 
0 21 49 0 0.04 0.0541127 1 
1 21 49 0.000417554 0.014 0.0520579 2 
2 21 49 0 0.02 0.0570755 1 
3 21 49 0 0.012 0.0492523 1 
4 21 49 0.00335697 0.008 0.122717 2 
5 21 49 0 0.013 0.297421 1 
6 21 49 0 0.017 0.0549914 1 
7 21 49 0 0.033 0.0413443 1 
8 21 49 0 0.006 0.256707 1 
9 21 49 0 0.04 0.0449607 1 
10 21 49 0.00289094 0.038 0.0539404 2 
11 21 49 0 0.034 0.0517783 1 
12 21 49 0 0.047 0.0477771 1 
13 21 49 0 0.022 0.0442258 1 
14 21 49 0.0137693 0.016 0.0532449 2 
15 21 49 0 0.012 0.0554558 1 
16 21 49 0 0.006 0.050785 1 
17 21 49 0 0.034 0.0469361 1 
18 21 49 0 0.011 0.0586095 1 
19 21 49 0 0.044 0.0537304 1 
20 21 49 0.0377113 0.006 0.0348897 11 
21 21 49 0 0.027 0.046063 1 
22 21 49 0 0.008 0.05307 1 
23 21 49 0 0.006 0.0448449 1 
24 21 49 0 0.034 0.0519754 1 
25 21 49 0 0.014 0.0503 1 
26 21 49 0.00388768 0.014 0.0524181 2 
27 21 49 0 0.014 0.0524112 1 
28 21 49 0 0.028 0.0545729 1 
29 21 49 0 0.032 0.0451275 1 
30 21 49 0 0.045 0.0472924 1 
31 21 49 0 0.002 0.046447 1 
32 21 49 0.0116043 0.007 0.0568696 3 
0 21 50 0 0.014 0.0535073 1 
1 21 50 0 0.015 0.0538459 1 
2 21 50 0 0.026 0.0551552 1 
3 21 50 0 0.021 0.0473482 1 
4 21 50 0 0.039 0.0599812 1 
5 21 50 0 0.046 0.28446 1 
6 21 50 0 0.004 0.0544893 1 
7 21 50 0 0.008 0.0456498 1 
8 21 50 0 0.028 0.249509 1 
9 21 50 0 0.001 0.0464807 1 
10 21 50 0 0.018 0.289053 1 
11 21 50 0 0.043 0.0671285 1 
12 21 50 0 0.025 0.0495674 1 
13 21 50 0 0.029 0.0489396 1 
14 21 50 0 0.008 0.0454887 1 
15 21 50 0 0.034 0.0383349 1 
16 21 50 0 0.024 0.0470707 1 
17 21 50 0.0012349 0.003 0.0445412 2 
18 21 50 0 0.018 0.0500725 1 
19 21 50 0 0.026 0.0485263 1 
20 21 50 0 0.036 0.0388244 1 
21 21 50 0.000224455 0.027 0.102742 2 
22 21 50 0 0.001 0.0476592 1 
23 21 50 0 0.024 0.0537602 1 
24 21 50 0 0.046 0.0550218 1 
25 21 50 0 0.035 0.0482679 1 
26 21 50 0 0.024 0.0387318 1 
27 21 50 0 0.041 0.0562264 1 
28 21 50 0 0.001 0.0353839 1 
29 21 50 0 0.004 0.0440806 1 
30 21 50 0 0.024 0.0548696 1 
31 21 50 0.000512302 0.043 0.047874 2 
32 21 50 0.0770577 0.003 0.0367849 8 
0 21 51 0 0.017 0.0545103 1 
1 21 51 0.00936178 0.024 0.0339387 3 
2 21 51 0 0.047 0.0435177 1 
3 21 51 0 0.038 0.0351683 1 
4 21 51 0 0.01 0.28432 1 
5 21 51 0 0.032 0.300945 1 
6 21 51 0.00175854 0.049 0.0372836 2 
7 21 51 0 0.015 0.0606557 1 
8 21 51 0 0.011 0.0488758 1 
9 21 51 0 0.042 0.0616327 1 
10 21 51 0 0.008 0.0477832 1 
11 21 51 0 0.002 0.0570885 1 
12 21 51 6.60504e-05 0.024 0.0401379 2 
13 21 51 0.0185495 0.017 0.0490619 2 
14 21 51 0 0.018 0.0431638 1 
15 21 51 0 0.001 0.0391204 1 
16 21 51 0 0.042 0.0562052 1 
17 21 51 0 0.034 0.0459248 1 
18 21 51 0 0.038 0.040438 1 
19 21 51 0 0.032 0.0490734 1 
20 21 51 0 0.039 0.0511554 1 
21 21 51 0 0.04 0.0482577 1 
22 21 51 0 0.02 0.0337174 1 
23 21 51 0 0.049 0.0544379 1 
24 21 51 0 0.021 0.0625637 1 
25 21 51 0 0.049 0.0526012 1 
26 21 51 0 0.014 0.0519608 1 
27 21 51 0 0.032 0.0512285 1 
28 21 51 0 0.044 0.0463313 1 
29 21 51 0 0.043 0.0430143 1 
30 21 51 0 0.03 0.0477537 1 
31 21 51 0 0.031 0.0436603 1 
32 21 51 0 0.014 0.0411767 1 
0 21 52 0 0.005 0.046841 1 
1 21 52 0 0.01 0.0479978 1 
2 21 52 0 0.038 0.0428672 1 
3 21 52 0 0.049 0.046106 1 
4 21 52 0.017004 0.001 0.0432723 5 
5 21 52 0 0.029 0.0521964 1 
6 21 52 0 0.042 0.0474063 1 
7 21 52 0 0.038 0.0395011 1 
8 21 52 0 0.025 0.0343408 1 
9 21 52 0 0.031 0.0374701 1 
10 21 52 0 0.014 0.112968 2 
11 21 52 0 0.022 0.0441169 1 
12 21 52 0 0.014 0.0443447 1 
13 21 52 0 0.021 0.0366118 1 
14 21 52 0 0.02 0.0485921 1 
15 21 52 0 0.011 0.0541663 1 
16 21 52 0 0.017 0.0502269 1 
17 21 52 0 0.026 0.041095 1 
18 21 52 0 0.037 0.049634 1 
19 21 52 0 0.009 0.0576743 1 
20 21 52 0 0.038 0.0475497 1 
21 21 52 0 0.021 0.107021 1 
22 21 52 0 0.03 0.0462182 1 
23 21 52 0.0177339 0.004 0.064856 3 
24 21 52 0 0.009 0.045243 1 
25 21 52 0 0.027 0.0487552 1 
26 21 52 0 0.048 0.0424736 1 
27 21 52 0 0.006 0.0589855 1 
28 21 52 0 0.023 0.0454198 1 
29 21 52 0 0.001 0.0492575 1 
30 21 52 0 0.013 0.0517027 1 
31 21 52 0 0.038 0.0528271 1 
32 21 52 0.0329887 0.01 0.037684 3 
0 21 53 0 0.043 0.0488024 1 
1 21 53 0 0.027 0.0494906 1 
2 21 53 0 0.004 0.0541674 1 
3 21 53 0.0109073 0.001 0.052955 2 
4 21 53 0 0.038 0.0506115 1 
5 21 53 0 0.017 0.298444 1 
6 21 53 0 0.013 0.051934 1 
7 21 53 0 0.002 0.0454568 1 
8 21 53 0 0.044 0.0511419 1 
9 21 53 0 0.017 0.0496373 1 
10 21 53 0 0.008 0.0431138 1 
11 21 53 0 0.042 0.0509916 1 
12 21 53 0 0.034 0.0344832 1 
13 21 53 0 0.001 0.0453575 1 
14 21 53 0 0.005 0.0488164 1 
15 21 53 0 0.04 0.0452629 1 
16 21 53 0 0.023 0.0447279 1 
17 21 53 0 0.005 0.0465092 1 
18 21 53 0 0.035 0.041052 1 
19 21 53 0.00705364 0.049 0.0490054 3 
20 21 53 0 0.037 0.0558344 1 
21 21 53 0 0.045 0.0967718 1 
22 21 53 0 0.043 0.0421749 1 
23 21 53 0 0.015 0.0575323 1 
24 21 53 0 0.025 0.0493632 1 
25 21 53 0.0841702 0.001 0.0431849 18 
26 21 53 1.02676e-05 0.004 0.0445924 2 
27 21 53 0 0.01 0.0376061 1 
28 21 53 0 0.034 0.0461889 1 
29 21 53 0 0.008 0.0560079 1 
30 21 53 0 0.049 0.0421096 1 
31 21 53 0 0.02 0.0509198 1 
32 21 53 0 0.03 0.0546831 1 
0 21 54 0 0.025 0.0521623 1 
1 21 54 0 0.048 0.0384673 1 
2 21 54 0 0.044 0.0526479 1 
3 21 54 0 0.047 0.0351263 1 
4 21 54 0 0.006 0.290575 1 
5 21 54 0 0.001 0.2852 1 
6 21 54 0 0.029 0.0492638 1 
7 21 54 0 0.046 0.0488394 1 
8 21 54 0 0.019 0.0335284 1 
9 21 54 0 0.045 0.0589338 1 
10 21 54 0 0.043 0.133341 2 
11 21 54 0 0.048 0.0557523 1 
12 21 54 0 0.031 0.0353621 1 
13 21 54 0 0.034 0.0572455 1 
14 21 54 0 0.027 0.0574821 1 
15 21 54 0 0.02 0.0529744 1 
16 21 54 0 0.012 0.0382829 1 
17 21 54 0.0194336 0.001 0.0492896 3 
18 21 54 0 0.013 0.0572115 1 
19 21 54 0.013965 0.011 0.0513751 2 
20 21 54 0 0.021 0.0551773 1 
21 21 54 0.000225282 0.03 0.0840584 2 
22 21 54 0 0.005 0.0400798 1 
23 21 54 0 0.014 0.0574074 1 
24 21 54 0 0.041 0.0438931 1 
25 21 54 0 0.005 0.0443918 1 
26 21 54 0 0.037 0.0347177 1 
27 21 54 0 0.045 0.0389314 1 
28 21 54 0 0.026 0.0594439 1 
29 21 54 0 0.007 0.0524781 1 
30 21 54 0 0.017 0.0449641 1 
31 21 54 0.000513058 0.028 0.0451192 2 
32 21 54 0 0.008 0.0535716 1 
0 21 55 0 0.044 0.0458756 1 
1 21 55 0 0.001 0.0558222 1 
2 21 55 0 0.005 0.0521347 1 
3 21 55 0 0.031 0.0576753 1 
4 21 55 0 0.008 0.257803 1 
5 21 55 0 0.042 0.294125 1 
6 21 55 0 0.023 0.0464029 1 
7 21 55 0 0.025 0.054022 1 
8 21 55 0.0129656 0.017 0.0437806 2 
9 21 55 0 0.03 0.0419545 1 
10 21 55 0.00198669 0.022 0.0530991 2 
11 21 55 0 0.013 0.0473799 1 
12 21 55 0 0.007 0.048868 1 
13 21 55 0 0.034 0.05514 1 
14 21 55 0.0671388 0.002 0.0485273 11 
15 21 55 0 0.037 0.04647 1 
16 21 55 0 0.021 0.0525256 1 
17 21 55 0.0121566 0.015 0.047593 3 
18 21 55 0 0.026 0.0492738 1 
19 21 55 0 0.031 0.0581099 1 
20 21 55 0 0.047 0.0563362 1 
21 21 55 0.00190457 0.047 0.0990932 2 
22 21 55 0 0.028 0.0365331 1 
23 21 55 0 0.026 0.0566203 1 
24 21 55 0 0.046 0.0390595 1 
25 21 55 0 0.021 0.0558596 1 
26 21 55 0 0.017 0.0449606 1 
27 21 55 0 0.023 0.0536727 1 
28 21 55 0 0.046 0.0372259 1 
29 21 55 0 0.02 0.0649449 1 
30 21 55 0.0065119 0.002 0.0449513 4 
31 21 55 0 0.031 0.0448128 1 
32 21 55 0 0.01 0.0554127 1 
0 21 56 0.0452297 0.005 0.0398063 6 
1 21 56 0.00643103 0.018 0.0350465 2 
2 21 56 0 0.004 0.0551099 1 
3 21 56 0 0.002 0.0464846 1 
4 21 56 0 0.035 0.269543 1 
5 21 56 0 0.007 0.29056 1 
6 21 56 0 0.019 0.0475906 1 
7 21 56 0 0.002 0.055495 1 
8 21 56 0 0.043 0.251024 1 
9 21 56 0 0.037 0.0446961 1 
10 21 56 0 0.046 0.126713 2 
11 21 56 0.00966611 0.008 0.0486238 3 
12 21 56 0 0.033 0.0390839 1 
13 21 56 0 0.026 0.0435883 1 
14 21 56 0 0.039 0.0498377 1 
15 21 56 0 0.044 0.038707 1 
16 21 56 0 0.011 0.0398436 1 
17 21 56 0 0.044 0.0561458 1 
18 21 56 0 0.005 0.0474361 1 
19 21 56 0 0.037 0.0448849 1 
20 21 56 0 0.038 0.0573715 1 
21 21 56 0 0.043 0.0594264 1 
22 21 56 0 0.023 0.0518291 1 
23 21 56 0.0521606 0.01 0.0380714 4 
24 21 56 0 0.012 0.0423315 1 
25 21 56 0 0.036 0.0422646 1 
26 21 56 0.019568 0.016 0.0435772 2 
27 21 56 0 0.045 0.048015 1 
28 21 56 0 0.034 0.0460178 1 
29 21 56 0 0.025 0.0467394 1 
30 21 56 0.00406025 0.002 0.0439769 3 
31 21 56 0 0.009 0.0438314 1 
32 21 56 0 0.005 0.0506104 1 
0 21 57 0.00418707 0.004 0.0462366 2 
1 21 57 0 0.04 0.053037 1 
2 21 57 0 0.002 0.0549387 1 
3 21 57 0 0.027 0.050497 1 
4 21 57 0 0.028 0.279402 1 
5 21 57 0 0.042 0.303577 1 
6 21 57 0 0.019 0.0621197 1 
7 21 57 0 0.01 0.0571256 1 
8 21 57 0 0.014 0.22985 1 
9 21 57 0 0.048 0.0446061 1 
10 21 57 0 0.042 0.0444075 1 
11 21 57 0 0.017 0.0508019 1 
12 21 57 0.00506764 0.038 0.0501041 2 
13 21 57 0 0.039 0.0459165 1 
14 21 57 0 0.023 0.0345155 1 
15 21 57 0 0.024 0.038627 1 
16 21 57 0 0.047 0.0514444 1 
17 21 57 0 0.015 0.0420738 1 
18 21 57 0 0.007 0.0464603 1 
19 21 57 0 0.017 0.0558741 1 
20 21 57 0 0.007 0.0532107 1 
21 21 57 0 0.009 0.0958666 1 
22 21 57 0 0.042 0.0433174 1 
23 21 57 0 0.049 0.050814 1 
24 21 57 0 0.018 0.0416612 1 
25 21 57 0 0.024 0.0444967 1 
26 21 57 0 0.008 0.0518074 1 
27 21 57 0 0.048 0.0427164 1 
28 21 57 0 0.019 0.0421223 1 
29 21 57 0 0.041 0.0584975 1 
30 21 57 0 0.012 0.0486325 1 
31 21 57 0 0.014 0.0549026 1 
32 21 57 0 0.032 0.0476442 1 
0 21 58 0 0.039 0.048234 1 
1 21 58 0 0.01 0.0417654 1 
2 21 58 0 0.021 0.0452318 1 
3 21 58 0 0.034 0.0419071 1 
4 21 58 0.0261799 0.031 0.153955 3 
5 21 58 0 0.031 0.288198 1 
6 21 58 0 0.015 0.0591288 1 
7 21 58 0 0.033 0.0446447 1 
8 21 58 0 0.031 0.261924 1 
9 21 58 0 0.013 0.0431369 1 
10 21 58 0 0.017 0.285578 1 
11 21 58 0 0.026 0.0530509 1 
12 21 58 0 0.018 0.0510883 1 
13 21 58 0 0.036 0.0517117 1 
14 21 58 0 0.01 0.0565615 1 
15 21 58 0 0.007 0.063296 1 
16 21 58 0 0.011 0.0411268 1 
17 21 58 0.00389859 0.004 0.0372959 5 
18 21 58 0 0.006 0.0490129 1 
19 21 58 0 0.012 0.0399172 1 
20 21 58 0 0.01 0.041233 1 
21 21 58 0.000226418 0.017 0.100156 2 
22 21 58 0 0.049 0.0411316 1 
23 21 58 0 0.033 0.0490638 1 
24 21 58 0 0.014 0.0492857 1 
25 21 58 0 0.022 0.0398386 1 
26 21 58 0 0.033 0.0417515 1 
27 21 58 0 0.033 0.046302 1 
28 21 58 0 0.023 0.0516647 1 
29 21 58 0 0.019 0.049122 1 
30 21 58 0 0.038 0.0518843 1 
31 21 58 0 0.002 0.0428215 1 
32 21 58 0.0117628 0.036 0.0444123 2 
0 21 59 0 0.042 0.052145 1 
1 21 59 0 0.003 0.0437206 1 
2 21 59 0 0.022 0.0521643 1 
3 21 59 0 0.017 0.0482769 1 
4 21 59 0 0.023 0.288797 1 
5 21 59 0 0.039 0.306316 1 
6 21 59 0 0.02 0.0415488 1 
7 21 59 0 0.006 0.0425556 1 
8 21 59 0 0.01 0.0415832 1 
9 21 59 0.0023496 0.012 0.0467644 2 
10 21 59 0.00364816 0.041 0.137737 2 
11 21 59 0 0.022 0.0616765 1 
12 21 59 0 0.027 0.0487235 1 
13 21 59 0.0347672 0.003 0.047627 6 
14 21 59 0.027722 0.007 0.0480339 2 
15 21 59 0 0.049 0.0453158 1 
16 21 59 0 0.035 0.0522601 1 
17 21 59 0 0.048 0.0578972 1 
18 21 59 0 0.047 0.0450964 1 
19 21 59 0 0.034 0.0493578 1 
20 21 59 6.57873e-05 0.011 0.0437617 2 
21 21 59 0 0.028 0.0449983 1 
22 21 59 0.0102575 0.003 0.0355239 5 
23 21 59 0 0.049 0.048224 1 
24 21 59 0 0.002 0.0574287 1 
25 21 59 0 0.027 0.038153 1 
26 21 59 0 0.009 0.0460422 1 
27 21 59 0 0.03 0.0399508 1 
28 21 59 0.00117907 0.029 0.048459 2 
29 21 59 0 0.001 0.0532728 1 
30 21 59 0.0141374 0.009 0.0535449 2 
31 21 59 0 0.034 0.0608165 1 
32 21 59 0 0.029 0.0541493 1 
0 21 60 0.00107467 0.011 0.0419473 2 
1 21 60 0 0.023 0.0415117 1 
2 21 60 0.000802621 0.033 0.062823 2 
3 21 60 0 0.04 0.0346595 1 
4 21 60 0 0.038 0.056394 1 
5 21 60 0 0.032 0.311961 1 
6 21 60 0.000371117 0.041 0.0373168 2 
7 21 60 0 0.044 0.037429 1 
8 21 60 0.00305445 0.014 0.0464203 2 
9 21 60 0 0.003 0.0539615 1 
10 21 60 0 0.006 0.0527682 1 
11 21 60 0 0.039 0.0538042 1 
12 21 60 0 0.042 0.0510249 1 
13 21 60 0 0.004 0.0489955 1 
14 21 60 0 0.049 0.0418571 1 
15 21 60 0 0.049 0.0527661 1 
16 21 60 0 0.014 0.048359 1 
17 21 60 0 0.018 0.0510319 1 
18 21 60 0 0.007 0.0442038 1 
19 21 60 0 0.013 0.0545205 1 
20 21 60 0 0.01 0.0360643 1 
21 21 60 0 0.036 0.111841 1 
22 21 60 0 0.025 0.0434111 1 
23 21 60 0 0.024 0.0538264 1 
24 21 60 0 0.011 0.0442064 1 
25 21 60 0 0.01 0.0518807 1 
26 21 60 0 0.04 0.0368846 1 
27 21 60 0 0.028 0.0318631 1 
28 21 60 0 0.018 0.0554175 1 
29 21 60 0.000658786 0.047 0.0408548 2 
30 21 60 0.0327641 0.001 0.0543957 9 
31 21 60 0 0.048 0.0488986 1 
32 21 60 0 0.028 0.0383534 1 
