0 22 0 0 0.039 0.0101348 1 
1 22 0 0.206713 0.026 0.0138764 3 
2 22 0 0 0.013 0.00879985 1 
3 22 0 0.00223598 0.024 0.0122615 4 
4 22 0 0 0.027 0.0110475 1 
5 22 0 0 0.037 0.00839399 1 
6 22 0 0 0.044 0.010426 1 
7 22 0 0.00233101 0.003 0.0113652 6 
8 22 0 0 0.006 0.00924356 1 
9 22 0 0 0.033 0.0101346 1 
10 22 0 0 0.013 0.0165289 1 
11 22 0 0 0.008 0.0112966 2 
12 22 0 0 0.041 0.0132758 1 
13 22 0 0.00991005 0.012 0.0107964 16 
14 22 0 0 0.027 0.00986359 1 
15 22 0 0 0.017 0.0115515 1 
16 22 0 0 0.006 0.0100247 1 
17 22 0 0 0.013 0.010055 1 
18 22 0 0.00154962 0.025 0.0109726 3 
19 22 0 0.00286471 0.037 0.010284 10 
20 22 0 0 0.019 0.0113651 1 
21 22 0 0 0.001 0.0118503 1 
22 22 0 1 0.001 0.0292055 2 
23 22 0 0 0.03 0.00697223 1 
24 22 0 0 0.042 0.0141065 1 
25 22 0 0.0224879 0.005 0.00960737 32 
26 22 0 0.000713146 0.04 0.0118759 2 
27 22 0 0 0.007 0.0104564 1 
28 22 0 0 0.009 0.0134227 1 
29 22 0 0 0.031 0.01004 1 
30 22 0 0 0.04 0.0118303 1 
31 22 0 0 0.036 0.0111047 1 
32 22 0 0 0.041 0.0125282 1 
0 22 1 0.00415589 0.003 0.0109741 11 
1 22 1 0.000636861 0.002 0.0109682 2 
2 22 1 2.00503e-05 0.035 0.0145178 2 
3 22 1 0.00667863 0.021 0.0100116 5 
4 22 1 0 0.029 0.00883307 1 
5 22 1 0 0.035 0.0116268 1 
6 22 1 0 0.001 0.0112686 1 
7 22 1 0 0.017 0.0118419 1 
8 22 1 0 0.039 0.0189195 1 
9 22 1 0.0210416 0.013 0.00926704 22 
10 22 1 0 0.028 0.00949311 1 
11 22 1 0 0.029 0.0149406 1 
12 22 1 0 0.021 0.0104269 1 
13 22 1 0 0.023 0.00911276 1 
14 22 1 0.0430851 0.003 0.0122688 48 
15 22 1 0 0.033 0.0110702 1 
16 22 1 0 0.037 0.00954658 1 
17 22 1 0.0320903 0.008 0.0110077 34 
18 22 1 0.00259939 0.005 0.0114451 3 
19 22 1 0 0.044 0.00903625 1 
20 22 1 0 0.017 0.0125554 1 
21 22 1 0.00513607 0.013 0.0099656 8 
22 22 1 0.000271658 0.005 0.0100158 2 
23 22 1 0.00524532 0.011 0.00923906 6 
24 22 1 0 0.008 0.010182 1 
25 22 1 0.0488666 0.002 0.0133668 63 
26 22 1 0 0.034 0.0105091 1 
27 22 1 0.00572311 0.02 0.0109557 10 
28 22 1 0 0.045 0.0110043 1 
29 22 1 0.0015161 0.015 0.0102767 4 
30 22 1 0 0.027 0.00888966 1 
31 22 1 0.00249807 0.02 0.0121626 7 
32 22 1 0 0.001 0.0114997 1 
0 22 2 0 0.031 0.00887338 1 
1 22 2 0 0.02 0.0102814 1 
2 22 2 0.0014009 0.027 0.0121761 3 
3 22 2 0.00413049 0.014 0.012292 4 
4 22 2 0 0.03 0.00994622 1 
5 22 2 0 0.013 0.0084676 1 
6 22 2 0 0.011 0.00937579 1 
7 22 2 0 0.012 0.00924194 1 
8 22 2 0 0.001 0.0128083 1 
9 22 2 0 0.021 0.0089487 1 
10 22 2 0 0.031 0.0135233 1 
11 22 2 0 0.033 0.00727537 1 
12 22 2 5.66151e-05 0.028 0.0107957 2 
13 22 2 0.0063097 0.018 0.0098256 8 
14 22 2 0.00368711 0.04 0.0112135 6 
15 22 2 0 0.026 0.0108392 1 
16 22 2 0 0.038 0.00892006 1 
17 22 2 0 0.028 0.00856111 1 
18 22 2 0.000561827 0.046 0.01342 2 
19 22 2 0 0.046 0.0103871 1 
20 22 2 0 0.047 0.00936138 1 
21 22 2 0 0.021 0.0108542 1 
22 22 2 0 0.001 0.0118263 1 
23 22 2 0 0.016 0.0119822 1 
24 22 2 0 0.028 0.0131119 1 
25 22 2 0.0177213 0.005 0.0118655 27 
26 22 2 0.00188696 0.024 0.0134233 3 
27 22 2 2.29414e-05 0.007 0.0100171 2 
28 22 2 0 0.005 0.0102457 1 
29 22 2 0.0019042 0.043 0.00887516 4 
30 22 2 0 0.034 0.0102476 1 
31 22 2 0.000365942 0.036 0.011963 2 
32 22 2 0 0.026 0.0155442 1 
0 22 3 0 0.012 0.0117784 1 
1 22 3 0.000719328 0.004 0.00888723 2 
2 22 3 0.00129648 0.011 0.0108774 3 
3 22 3 0 0.015 0.0128448 1 
4 22 3 0.000307538 0.026 0.0101191 2 
5 22 3 0.000975003 0.048 0.010042 2 
6 22 3 0 0.004 0.0161925 1 
7 22 3 0 0.004 0.013095 1 
8 22 3 0 0.036 0.0129417 1 
9 22 3 0.0163823 0.008 0.0106158 30 
10 22 3 0 0.011 0.0138571 1 
11 22 3 8.03671e-05 0.001 0.0120505 2 
12 22 3 0.018013 0.012 0.0115324 19 
13 22 3 0 0.015 0.00997809 1 
14 22 3 0 0.026 0.0104121 1 
15 22 3 0 0.017 0.00829152 1 
16 22 3 0 0.035 0.0133381 1 
17 22 3 0 0.037 0.00810071 1 
18 22 3 0.00191968 0.045 0.0128999 2 
19 22 3 0.00617549 0.01 0.0128344 11 
20 22 3 0.00164469 0.021 0.0100867 3 
21 22 3 0 0.008 0.0121851 1 
22 22 3 0 0.003 0.0118608 1 
23 22 3 0.00108738 0.01 0.00870703 2 
24 22 3 0 0.001 0.0139638 1 
25 22 3 0.0051492 0.002 0.00999982 8 
26 22 3 0 0.021 0.0095018 1 
27 22 3 0.00471173 0.044 0.0113425 3 
28 22 3 0.00170673 0.028 0.0105614 2 
29 22 3 0 0.025 0.0132922 1 
30 22 3 0.00161471 0.013 0.010384 3 
31 22 3 0.000136995 0.022 0.011902 4 
32 22 3 0 0.017 0.011748 1 
0 22 4 9.4733e-05 0.016 0.00976086 2 
1 22 4 0 0.044 0.0114532 1 
2 22 4 0.00174128 0.031 0.0127097 3 
3 22 4 0.0052927 0.015 0.0108382 8 
4 22 4 0.00100752 0.028 0.0126359 3 
5 22 4 0 0.038 0.0122289 1 
6 22 4 0 0.035 0.00798182 1 
7 22 4 0.00188038 0.011 0.0113642 7 
8 22 4 0 0.002 0.0152691 1 
9 22 4 0 0.044 0.00950812 1 
10 22 4 0 0.033 0.0109197 1 
11 22 4 0 0.014 0.00999646 1 
12 22 4 0.00281706 0.048 0.00972686 4 
13 22 4 0 0.039 0.0121468 1 
14 22 4 3.15903e-05 0.012 0.0124799 2 
15 22 4 0 0.037 0.00974196 1 
16 22 4 0.00229359 0.008 0.0122758 2 
17 22 4 0.0129065 0.005 0.0116271 19 
18 22 4 0.000418579 0.023 0.0118721 2 
19 22 4 0.00176622 0.047 0.0115299 4 
20 22 4 0 0.015 0.00735938 1 
21 22 4 0 0.037 0.00989954 1 
22 22 4 0.0118718 0.014 0.0113488 15 
23 22 4 0.00590801 0.024 0.00982032 5 
24 22 4 0 0.032 0.00974088 1 
25 22 4 0 0.043 0.0109854 1 
26 22 4 0 0.025 0.0102995 1 
27 22 4 0 0.045 0.0100435 1 
28 22 4 0 0.044 0.010897 1 
29 22 4 0 0.01 0.0123092 1 
30 22 4 0 0.032 0.0106992 1 
31 22 4 0.00025189 0.025 0.0104021 2 
32 22 4 0.00890895 0.009 0.00936013 15 
0 22 5 0.0140583 0.016 0.00796684 18 
1 22 5 0.00686881 0.012 0.00983389 3 
2 22 5 0.00219747 0.006 0.0131906 3 
3 22 5 0 0.017 0.010851 1 
4 22 5 0 0.02 0.010699 1 
5 22 5 0 0.013 0.0114274 1 
6 22 5 0 0.024 0.00998289 1 
7 22 5 0 0.021 0.00999066 1 
8 22 5 0 0.011 0.0102502 1 
9 22 5 0.0240083 0.007 0.0112612 32 
10 22 5 0.00122199 0.01 0.00731003 2 
11 22 5 0.00088184 0.04 0.0108287 2 
12 22 5 0.000855209 0.021 0.0120255 3 
13 22 5 0 0.018 0.0108822 1 
14 22 5 0 0.01 0.0131304 1 
15 22 5 0 0.038 0.0108878 1 
16 22 5 0 0.033 0.0109637 1 
17 22 5 0.00283461 0.029 0.0125574 7 
18 22 5 0.00221943 0.017 0.0126785 2 
19 22 5 0.00411715 0.021 0.00961317 7 
20 22 5 0.000170188 0.049 0.0115629 3 
21 22 5 0 0.004 0.0138621 2 
22 22 5 7.74644e-05 0.014 0.0127273 2 
23 22 5 0 0.017 0.0132769 1 
24 22 5 0 0.012 0.0102929 1 
25 22 5 0 0.034 0.00999438 1 
26 22 5 0.0277931 0.005 0.0104465 35 
27 22 5 0 0.005 0.00789513 1 
28 22 5 0 0.003 0.014573 1 
29 22 5 0 0.039 0.0132166 1 
30 22 5 0.00566374 0.019 0.00910181 15 
31 22 5 9.76902e-05 0.018 0.0139935 2 
32 22 5 0.00488627 0.016 0.00946341 9 
0 22 6 0 0.047 0.0123648 1 
1 22 6 0 0.044 0.0143568 1 
2 22 6 2.07971e-05 0.035 0.00762336 2 
3 22 6 0 0.008 0.0114741 1 
4 22 6 0.000238317 0.015 0.00899028 2 
5 22 6 0 0.025 0.00958237 1 
6 22 6 0.000968011 0.01 0.0137006 2 
7 22 6 0.000509336 0.026 0.00825549 3 
8 22 6 0.00292066 0.002 0.00775719 4 
9 22 6 0 0.021 0.014494 1 
10 22 6 0 0.042 0.0123803 1 
11 22 6 0 0.041 0.0126744 1 
12 22 6 0 0.018 0.00963395 1 
13 22 6 0 0.007 0.0120102 1 
14 22 6 2.90011e-05 0.018 0.0113192 2 
15 22 6 0 0.037 0.0110425 1 
16 22 6 0 0.006 0.0114066 1 
17 22 6 0 0.001 0.00840282 1 
18 22 6 0 0.018 0.0116791 1 
19 22 6 0 0.013 0.0101219 1 
20 22 6 0.000814442 0.018 0.0106015 2 
21 22 6 0.000456449 0.028 0.0092193 3 
22 22 6 0 0.003 0.00849972 1 
23 22 6 0.00288511 0.001 0.010832 3 
24 22 6 0 0.031 0.0119265 1 
25 22 6 0 0.048 0.010326 1 
26 22 6 0 0.017 0.00866829 1 
27 22 6 6.35668e-07 0.009 0.00903962 2 
28 22 6 0 0.012 0.0128006 1 
29 22 6 0 0.03 0.0129547 1 
30 22 6 0.00519054 0.018 0.0114638 2 
31 22 6 0 0.02 0.00998807 1 
32 22 6 0.000587511 0.017 0.00934589 2 
0 22 7 0 0.027 0.012457 1 
1 22 7 0.0117928 0.017 0.0122847 18 
2 22 7 0.00139346 0.018 0.010329 2 
3 22 7 0 0.003 0.0106399 1 
4 22 7 0 0.006 0.0118601 1 
5 22 7 0 0.007 0.0103921 1 
6 22 7 0 0.032 0.00953198 1 
7 22 7 0.00577589 0.027 0.0091791 5 
8 22 7 0 0.049 0.0114173 1 
9 22 7 0.0119085 0.015 0.00965814 9 
10 22 7 0 0.046 0.00866327 1 
11 22 7 0 0.038 0.0134174 1 
12 22 7 0 0.025 0.00988687 1 
13 22 7 0 0.001 0.0106122 1 
14 22 7 0.0109447 0.018 0.0092879 10 
15 22 7 0 0.024 0.00962513 1 
16 22 7 0 0.044 0.0115708 1 
17 22 7 0.00592943 0.003 0.00990129 10 
18 22 7 0 0.046 0.0140066 1 
19 22 7 0 0.034 0.0117199 1 
20 22 7 0.00298659 0.006 0.00939704 7 
21 22 7 0 0.038 0.010244 2 
22 22 7 0 0.041 0.0122468 1 
23 22 7 0 0.005 0.0083565 1 
24 22 7 0.00222513 0.037 0.0107025 2 
25 22 7 0.0173262 0.031 0.0134022 11 
26 22 7 0 0.049 0.00856332 1 
27 22 7 0.00408646 0.005 0.0141015 6 
28 22 7 0 0.005 0.0118729 1 
29 22 7 0 0.002 0.0107246 1 
30 22 7 0 0.017 0.014865 1 
31 22 7 0 0.039 0.00981589 1 
32 22 7 0 0.001 0.0123301 1 
0 22 8 0.047562 0.003 0.0124762 55 
1 22 8 0 0.003 0.012848 1 
2 22 8 0.00187384 0.047 0.00995636 2 
3 22 8 0 0.044 0.0120446 1 
4 22 8 0 0.02 0.00807775 1 
5 22 8 0 0.005 0.0157291 1 
6 22 8 0 0.021 0.0118727 1 
7 22 8 0.00024534 0.003 0.0102478 2 
8 22 8 0 0.024 0.0164749 1 
9 22 8 0.00414684 0.008 0.00981041 8 
10 22 8 0 0.01 0.0146161 1 
11 22 8 0 0.044 0.0101149 1 
12 22 8 0.00674766 0.017 0.0114596 14 
13 22 8 0.000250742 0.014 0.0125906 2 
14 22 8 0.00277006 0.009 0.00965572 6 
15 22 8 0 0.012 0.0110945 1 
16 22 8 0.00230525 0.014 0.0105848 2 
17 22 8 0 0.008 0.0132787 1 
18 22 8 0 0.043 0.0115214 1 
19 22 8 0.00771114 0.003 0.0119767 4 
20 22 8 3.89888e-05 0.001 0.0103731 2 
21 22 8 0 0.022 0.011096 1 
22 22 8 0.000969754 0.042 0.0103408 2 
23 22 8 0.0042851 0.013 0.0100391 11 
24 22 8 0 0.026 0.0109357 1 
25 22 8 0.00367321 0.031 0.00986023 5 
26 22 8 0 0.004 0.0106379 1 
27 22 8 0 0.031 0.0117947 1 
28 22 8 0 0.045 0.00920971 1 
29 22 8 0 0.013 0.0109023 1 
30 22 8 0 0.029 0.00986934 1 
31 22 8 0.00367952 0.042 0.0119565 6 
32 22 8 0 0.012 0.0129381 1 
0 22 9 0 0.001 0.0123749 1 
1 22 9 0.00214257 0.006 0.0101875 7 
2 22 9 7.73059e-07 0.002 0.00884412 2 
3 22 9 0.00893805 0.002 0.00956978 15 
4 22 9 0 0.003 0.00981906 1 
5 22 9 0 0.008 0.009758 1 
6 22 9 0 0.008 0.011205 1 
7 22 9 0.00303256 0.024 0.00789568 6 
8 22 9 0 0.003 0.011197 1 
9 22 9 0.00711068 0.001 0.0121445 11 
10 22 9 0 0.002 0.0129984 1 
11 22 9 0 0.042 0.0111704 1 
12 22 9 0 0.034 0.0103676 1 
13 22 9 0.000541222 0.007 0.0108526 5 
14 22 9 0 0.024 0.00956056 1 
15 22 9 0.00226627 0.01 0.0104014 2 
16 22 9 0 0.003 0.0123466 1 
17 22 9 0 0.009 0.0124717 1 
18 22 9 0 0.046 0.0095611 1 
19 22 9 0.00348901 0.015 0.00871196 5 
20 22 9 0 0.037 0.011392 1 
21 22 9 0 0.02 0.0117163 1 
22 22 9 0.00546389 0.033 0.00778987 12 
23 22 9 0.0153529 0.013 0.00747195 13 
24 22 9 0 0.03 0.00891768 1 
25 22 9 0 0.012 0.0118022 1 
26 22 9 0 0.007 0.00816759 1 
27 22 9 0 0.004 0.0103535 1 
28 22 9 0 0.01 0.0126754 1 
29 22 9 0 0.046 0.0124329 1 
30 22 9 0 0.001 0.00951853 1 
31 22 9 0 0.016 0.0108716 1 
32 22 9 0.00346221 0.014 0.0114575 5 
0 22 10 0.0469724 0.003 0.0129052 67 
1 22 10 0.00276266 0.017 0.0113212 10 
2 22 10 0.00238272 0.042 0.0145149 2 
3 22 10 0 0.047 0.0102492 1 
4 22 10 0 0.004 0.0091419 1 
5 22 10 0.00031068 0.006 0.0101593 2 
6 22 10 0 0.017 0.0116882 1 
7 22 10 0.00139278 0.02 0.00963028 4 
8 22 10 0 0.017 0.011244 1 
9 22 10 0.0088553 0.018 0.0116511 12 
10 22 10 0 0.034 0.0116507 1 
11 22 10 0 0.001 0.0138354 1 
12 22 10 0 0.048 0.00905021 1 
13 22 10 1.28284e-05 0.005 0.0101862 2 
14 22 10 0 0.044 0.00627415 1 
15 22 10 0 0.019 0.0112462 1 
16 22 10 0 0.021 0.0136101 1 
17 22 10 0.000572779 0.017 0.0121395 2 
18 22 10 0 0.014 0.0123437 1 
19 22 10 0 0.03 0.0118711 1 
20 22 10 0 0.01 0.0117936 1 
21 22 10 0 0.039 0.0106965 1 
22 22 10 0.0021549 0.014 0.0112498 3 
23 22 10 0 0.012 0.0100921 1 
24 22 10 0 0.047 0.00941935 1 
25 22 10 0 0.027 0.0100131 1 
26 22 10 0.000106553 0.025 0.0104353 2 
27 22 10 0.00706043 0.003 0.0106766 11 
28 22 10 0 0.041 0.0113478 1 
29 22 10 0 0.042 0.00992183 1 
30 22 10 0 0.005 0.0130375 1 
31 22 10 0 0.029 0.0130462 1 
32 22 10 0.00436638 0.035 0.0106945 2 
0 22 11 0 0.031 0.0113126 1 
1 22 11 0 0.043 0.00963518 1 
2 22 11 0 0.005 0.0107369 1 
3 22 11 0.00552882 0.009 0.00877944 3 
4 22 11 0 0.024 0.0108131 1 
5 22 11 0 0.007 0.0123762 1 
6 22 11 0.00180557 0.048 0.00960728 2 
7 22 11 0.00257846 0.011 0.0105045 3 
8 22 11 0.000695828 0.022 0.00872858 2 
9 22 11 0 0.029 0.0106439 1 
10 22 11 1.39781e-06 0.035 0.0123981 2 
11 22 11 0 0.01 0.0139914 1 
12 22 11 0 0.035 0.00856037 1 
13 22 11 0 0.008 0.0139472 1 
14 22 11 0 0.047 0.0109759 1 
15 22 11 0 0.027 0.0120329 1 
16 22 11 0 0.009 0.0133561 1 
17 22 11 0 0.009 0.0105137 1 
18 22 11 0 0.023 0.0122737 1 
19 22 11 0 0.038 0.0144256 1 
20 22 11 0.00410133 0.019 0.0102302 7 
21 22 11 0 0.016 0.0132921 1 
22 22 11 0.00126687 0.042 0.0104654 2 
23 22 11 1.26689e-05 0.004 0.0102687 2 
24 22 11 0 0.023 0.0113795 1 
25 22 11 0.00219939 0.018 0.0109256 5 
26 22 11 5.64878e-05 0.001 0.0131668 2 
27 22 11 0 0.028 0.0132251 1 
28 22 11 0.00223663 0.044 0.0111507 2 
29 22 11 0 0.008 0.0105834 1 
30 22 11 0 0.041 0.0104156 1 
31 22 11 0.000391975 0.032 0.0121683 2 
32 22 11 0 0.046 0.012247 1 
0 22 12 0 0.003 0.010091 1 
1 22 12 0 0.037 0.0107036 1 
2 22 12 0 0.033 0.00920459 1 
3 22 12 0 0.023 0.0105381 1 
4 22 12 0 0.02 0.0098758 1 
5 22 12 0 0.001 0.0119839 1 
6 22 12 0.00249516 0.035 0.0110384 2 
7 22 12 0.000241902 0.009 0.0093015 2 
8 22 12 0 0.028 0.0117685 1 
9 22 12 0.000301377 0.016 0.0119543 2 
10 22 12 0 0.002 0.011704 1 
11 22 12 0 0.026 0.00974744 1 
12 22 12 0 0.044 0.0121383 1 
13 22 12 0.00337675 0.025 0.008696 7 
14 22 12 0.000446466 0.002 0.00997729 2 
15 22 12 0 0.01 0.0126867 1 
16 22 12 0 0.039 0.0119435 1 
17 22 12 0.00392322 0.013 0.0102861 7 
18 22 12 0 0.049 0.0114779 1 
19 22 12 0 0.003 0.0091172 1 
20 22 12 0 0.021 0.0131172 1 
21 22 12 0.000238184 0.049 0.012189 4 
22 22 12 0.0394581 0.003 0.0113906 65 
23 22 12 0 0.007 0.0085623 1 
24 22 12 0 0.008 0.00925501 1 
25 22 12 0 0.002 0.0130399 1 
26 22 12 5.17409e-06 0.041 0.00910345 2 
27 22 12 0 0.028 0.00998311 1 
28 22 12 0.00235272 0.039 0.0120073 2 
29 22 12 0 0.004 0.0127432 1 
30 22 12 0 0.032 0.00827527 1 
31 22 12 0 0.022 0.00892794 1 
32 22 12 0.000140429 0.014 0.00903183 3 
0 22 13 0.000202552 0.01 0.0104823 2 
1 22 13 0 0.006 0.0127307 1 
2 22 13 3.26745e-05 0.012 0.00978044 2 
3 22 13 0 0.008 0.0116283 1 
4 22 13 0 0.037 0.01485 1 
5 22 13 0 0.045 0.0109173 1 
6 22 13 0 0.039 0.0109448 1 
7 22 13 0.00480062 0.002 0.00925163 9 
8 22 13 0 0.029 0.0129505 1 
9 22 13 0 0.002 0.0127524 1 
10 22 13 0 0.046 0.0116884 1 
11 22 13 0 0.025 0.00912566 1 
12 22 13 0.00174117 0.035 0.0120334 5 
13 22 13 0.00105203 0.012 0.0100498 5 
14 22 13 0 0.04 0.00910362 1 
15 22 13 0 0.012 0.0133716 1 
16 22 13 0 0.01 0.0124199 1 
17 22 13 0.000442712 0.011 0.0129575 2 
18 22 13 0 0.019 0.0100679 1 
19 22 13 0 0.014 0.0106415 1 
20 22 13 0.00126776 0.001 0.00930088 6 
21 22 13 0.000111608 0.034 0.0112075 2 
22 22 13 0.0178927 0.007 0.0111227 21 
23 22 13 8.69473e-06 0.017 0.0115059 2 
24 22 13 0 0.045 0.00969771 1 
25 22 13 0 0.003 0.0143706 1 
26 22 13 0 0.036 0.0100449 1 
27 22 13 0 0.041 0.0108267 1 
28 22 13 0 0.004 0.0129016 1 
29 22 13 0 0.042 0.010152 1 
30 22 13 0 0.034 0.00975215 1 
31 22 13 0 0.005 0.0112571 1 
32 22 13 0.00076877 0.014 0.0117566 5 
0 22 14 0.00142143 0.023 0.0101107 4 
1 22 14 0 0.005 0.0114065 1 
2 22 14 0.00239389 0.022 0.0109223 2 
3 22 14 0.012863 0.023 0.00918606 10 
4 22 14 0 0.013 0.010307 1 
5 22 14 0.000124226 0.023 0.01085 2 
6 22 14 0 0.022 0.0130874 1 
7 22 14 0 0.006 0.0109605 1 
8 22 14 0.00216584 0.016 0.011807 4 
9 22 14 0 0.045 0.0101031 1 
10 22 14 0.000925856 0.022 0.0112271 2 
11 22 14 0.00239389 0.029 0.0130071 2 
12 22 14 8.77767e-05 0.008 0.011963 2 
13 22 14 0.0263816 0.004 0.0119045 36 
14 22 14 0.00105785 0.006 0.0106865 4 
15 22 14 0 0.019 0.0108633 1 
16 22 14 0 0.012 0.0130578 1 
17 22 14 0 0.008 0.0119878 1 
18 22 14 0 0.039 0.0121119 1 
19 22 14 3.56441e-05 0.016 0.00897447 2 
20 22 14 0.00383414 0.037 0.0141161 3 
21 22 14 0.000520047 0.017 0.0126394 2 
22 22 14 0.00738687 0.035 0.0115963 5 
23 22 14 0.00287958 0.029 0.00675082 3 
24 22 14 0.00235845 0.018 0.0108233 2 
25 22 14 1.28267e-06 0.003 0.0139931 2 
26 22 14 0 0.027 0.00825725 1 
27 22 14 6.82944e-05 0.021 0.0119892 2 
28 22 14 0 0.042 0.0125061 1 
29 22 14 0.00242932 0.044 0.0106015 2 
30 22 14 0 0.027 0.00942634 1 
31 22 14 0.000665931 0.026 0.0107636 2 
32 22 14 0.0164454 0.003 0.0107213 29 
0 22 15 0.00104512 0.019 0.0120284 4 
1 22 15 0 0.042 0.0108602 1 
2 22 15 0 0.025 0.0115646 1 
3 22 15 0.0148394 0.016 0.00967423 17 
4 22 15 0 0.005 0.0121456 1 
5 22 15 0.000652395 0.029 0.00721741 2 
6 22 15 0 0.021 0.0103372 1 
7 22 15 0 0.017 0.0113605 1 
8 22 15 0 0.01 0.0775338 6 
9 22 15 0 0.047 0.00900999 1 
10 22 15 0 0.012 0.0124784 1 
11 22 15 0.00221337 0.036 0.0106963 2 
12 22 15 0 0.031 0.0108602 1 
13 22 15 0.0113348 0.003 0.00873164 20 
14 22 15 0 0.006 0.0108343 1 
15 22 15 0 0.028 0.00853154 1 
16 22 15 0 0.041 0.00974601 1 
17 22 15 0.00522375 0.017 0.00900882 6 
18 22 15 0 0.023 0.0102009 1 
19 22 15 0.00345841 0.035 0.00666972 2 
20 22 15 0.0007623 0.011 0.0113501 4 
21 22 15 0.00167649 0.015 0.00977436 5 
22 22 15 0.000107924 0.002 0.0102172 2 
23 22 15 0.00122463 0.017 0.0105352 2 
24 22 15 0 0.02 0.0140158 1 
25 22 15 0.00572267 0.036 0.0118067 5 
26 22 15 0 0.046 0.00883391 1 
27 22 15 0 0.039 0.0104532 1 
28 22 15 0 0.002 0.0101494 1 
29 22 15 0.00217847 0.041 0.0132906 2 
30 22 15 0.00500624 0.012 0.0090336 6 
31 22 15 0 0.045 0.0129387 1 
32 22 15 0 0.04 0.01005 1 
0 22 16 0 0.02 0.0118253 1 
1 22 16 0.00422746 0.023 0.0112568 10 
2 22 16 0 0.018 0.00898411 1 
3 22 16 0 0.022 0.0116954 1 
4 22 16 0 0.012 0.0104191 1 
5 22 16 0 0.036 0.0125161 1 
6 22 16 0 0.045 0.0114273 1 
7 22 16 0 0.02 0.010828 1 
8 22 16 0 0.044 0.00903176 1 
9 22 16 0 0.031 0.0107479 1 
10 22 16 0 0.014 0.00838914 1 
11 22 16 0.0023996 0.041 0.0123179 2 
12 22 16 0 0.017 0.0115753 1 
13 22 16 0 0.025 0.0123579 1 
14 22 16 0 0.012 0.0109462 1 
15 22 16 0 0.045 0.013748 1 
16 22 16 0 0.009 0.0113361 1 
17 22 16 0.0173043 0.006 0.00875019 27 
18 22 16 0 0.027 0.0128177 1 
19 22 16 0.00401935 0.02 0.0113827 4 
20 22 16 0.000766416 0.01 0.00907855 5 
21 22 16 0 0.033 0.0119644 1 
22 22 16 0 0.01 0.0111947 1 
23 22 16 0 0.006 0.0157628 1 
24 22 16 0 0.046 0.0101353 1 
25 22 16 0 0.039 0.00908983 1 
26 22 16 0.00166981 0.026 0.00995839 4 
27 22 16 0 0.039 0.00972365 1 
28 22 16 0 0.001 0.0142697 1 
29 22 16 0.0033508 0.042 0.0123027 3 
30 22 16 0.00224734 0.041 0.0103662 4 
31 22 16 0.00592082 0.03 0.0083536 7 
32 22 16 0 0.005 0.00764006 1 
0 22 17 0 0.021 0.0115641 1 
1 22 17 0 0.025 0.009392 1 
2 22 17 0 0.02 0.0136004 1 
3 22 17 0 0.003 0.0120408 1 
4 22 17 0 0.022 0.0126473 1 
5 22 17 0 0.041 0.0124582 1 
6 22 17 0 0.002 0.0124111 1 
7 22 17 0 0.029 0.00948824 1 
8 22 17 0 0.015 0.0106509 1 
9 22 17 0.000174695 0.005 0.00940338 2 
10 22 17 0.00232863 0.013 0.0116561 2 
11 22 17 0.00221945 0.039 0.0144378 2 
12 22 17 0 0.006 0.0100346 1 
13 22 17 0.00113853 0.034 0.00971524 4 
14 22 17 0.0178298 0.003 0.0104369 27 
15 22 17 0 0.031 0.0101598 1 
16 22 17 0.00228889 0.032 0.0101176 2 
17 22 17 0.0387479 0.003 0.0124427 45 
18 22 17 0.00225417 0.01 0.0115273 2 
19 22 17 0 0.033 0.0131152 1 
20 22 17 0 0.002 0.0129526 1 
21 22 17 0 0.025 0.0108086 1 
22 22 17 0 0.005 0.00927683 1 
23 22 17 0 0.012 0.0100171 1 
24 22 17 0 0.034 0.0102977 1 
25 22 17 0 0.049 0.0141709 1 
26 22 17 0.0451768 0.002 0.0107445 52 
27 22 17 0 0.036 0.011309 1 
28 22 17 0 0.035 0.0120442 1 
29 22 17 0.000119519 0.027 0.0114742 3 
30 22 17 0.00382069 0.026 0.0111742 4 
31 22 17 0.000395726 0.024 0.00999009 2 
32 22 17 0.00125352 0.015 0.011234 4 
0 22 18 0.0231461 0.007 0.0128444 31 
1 22 18 0 0.031 0.00981794 1 
2 22 18 0 0.033 0.0110089 1 
3 22 18 0.0268736 0.01 0.00949522 27 
4 22 18 0 0.015 0.0121369 1 
5 22 18 0 0.027 0.0131956 1 
6 22 18 0 0.005 0.0126545 1 
7 22 18 0 0.018 0.0129225 1 
8 22 18 0 0.036 0.0108808 1 
9 22 18 0 0.049 0.0118115 1 
10 22 18 0 0.037 0.0115998 1 
11 22 18 0 0.049 0.0112688 1 
12 22 18 0 0.04 0.010721 1 
13 22 18 0 0.049 0.0116257 1 
14 22 18 0.0368483 0.002 0.0098859 54 
15 22 18 0.00233511 0.038 0.0111343 2 
16 22 18 0 0.012 0.0145379 1 
17 22 18 0 0.018 0.0122741 1 
18 22 18 0.00314602 0.015 0.0137613 3 
19 22 18 0.0068242 0.044 0.0134796 5 
20 22 18 0 0.015 0.0114483 1 
21 22 18 0 0.049 0.0105997 1 
22 22 18 0.00776252 0.019 0.0108793 20 
23 22 18 0 0.001 0.0129989 1 
24 22 18 0 0.005 0.0116157 1 
25 22 18 0.00233511 0.008 0.0105864 2 
26 22 18 0.00360018 0.035 0.0117565 2 
27 22 18 0.00161374 0.04 0.0108595 2 
28 22 18 0 0.011 0.0114623 1 
29 22 18 0.00313147 0.029 0.00776865 3 
30 22 18 0.0169896 0.015 0.0108119 24 
31 22 18 0 0.01 0.00988488 1 
32 22 18 0.0116974 0.024 0.0110129 16 
0 22 19 0.00387393 0.018 0.0107697 4 
1 22 19 0.00020881 0.014 0.00909245 4 
2 22 19 0 0.033 0.0140094 1 
3 22 19 0 0.001 0.00899897 1 
4 22 19 0 0.036 0.0188342 1 
5 22 19 0.000807348 0.029 0.00751663 2 
6 22 19 0.00212189 0.045 0.00793328 2 
7 22 19 1.67186e-05 0.009 0.0118593 2 
8 22 19 0 0.017 0.00862778 1 
9 22 19 0 0.011 0.0109799 1 
10 22 19 0 0.024 0.0149027 1 
11 22 19 0 0.026 0.0133478 1 
12 22 19 0 0.044 0.00976946 1 
13 22 19 0 0.035 0.0126808 1 
14 22 19 0.00684698 0.009 0.0116482 17 
15 22 19 0 0.005 0.0124862 1 
16 22 19 0 0.033 0.0104028 1 
17 22 19 0 0.016 0.0103686 1 
18 22 19 0.00339912 0.002 0.00959393 3 
19 22 19 0.000369152 0.023 0.0102334 2 
20 22 19 0 0.043 0.00873691 1 
21 22 19 0 0.028 0.0113541 1 
22 22 19 0 0.033 0.00819675 1 
23 22 19 0.000931985 0.012 0.0111854 4 
24 22 19 0 0.008 0.0103877 1 
25 22 19 0.00168877 0.023 0.0126327 5 
26 22 19 0.000681582 0.006 0.0117909 2 
27 22 19 0 0.04 0.0100892 1 
28 22 19 0 0.03 0.0126542 1 
29 22 19 0.00336253 0.047 0.0145653 3 
30 22 19 0 0.013 0.0110229 1 
31 22 19 0 0.026 0.0132279 1 
32 22 19 0 0.038 0.0109897 1 
0 22 20 0 0.038 0.00930965 1 
1 22 20 0 0.026 0.0131579 1 
2 22 20 0 0.017 0.0096415 1 
3 22 20 0.00352479 0.013 0.0128645 4 
4 22 20 0 0.002 0.00851639 1 
5 22 20 0 0.032 0.0132525 1 
6 22 20 0 0.035 0.0108042 1 
7 22 20 0 0.016 0.0112626 1 
8 22 20 0 0.031 0.0106753 1 
9 22 20 0 0.019 0.0117921 1 
10 22 20 0 0.046 0.0113996 1 
11 22 20 0 0.037 0.0114086 1 
12 22 20 0 0.034 0.0100808 1 
13 22 20 0 0.011 0.0111289 1 
14 22 20 0 0.007 0.00955419 1 
15 22 20 0 0.029 0.0114823 1 
16 22 20 0.00234119 0.004 0.0111693 2 
17 22 20 0 0.04 0.0118535 1 
18 22 20 0.00336647 0.049 0.0116552 3 
19 22 20 0 0.047 0.0131678 1 
20 22 20 0 0.029 0.0110984 1 
21 22 20 0 0.005 0.0119151 1 
22 22 20 0 0.041 0.012422 1 
23 22 20 0 0.027 0.00765388 1 
24 22 20 0.0023761 0.02 0.0102094 2 
25 22 20 0.010227 0.032 0.0125262 13 
26 22 20 0.00135133 0.045 0.0102404 2 
27 22 20 0 0.01 0.0103603 1 
28 22 20 0 0.006 0.00845504 1 
29 22 20 0 0.022 0.0131465 1 
30 22 20 0 0.015 0.00817003 1 
31 22 20 0.000509388 0.031 0.0106961 2 
32 22 20 0 0.024 0.00780407 1 
0 22 21 0.00995253 0.027 0.00925856 10 
1 22 21 0 0.037 0.0114506 1 
2 22 21 0.00223169 0.004 0.0105623 2 
3 22 21 0.0145103 0.004 0.00949418 35 
4 22 21 0.00245948 0.038 0.0106194 6 
5 22 21 0 0.004 0.0122269 1 
6 22 21 0 0.013 0.0103709 1 
7 22 21 0 0.006 0.00938756 1 
8 22 21 0 0.03 0.0131915 1 
9 22 21 0.00622846 0.005 0.012864 7 
10 22 21 0 0.02 0.0122873 1 
11 22 21 0 0.029 0.0106272 1 
12 22 21 0.0010878 0.034 0.0127892 4 
13 22 21 0 0.01 0.00855987 1 
14 22 21 0 0.034 0.0105589 1 
15 22 21 0 0.013 0.0141462 1 
16 22 21 0 0.011 0.00874281 1 
17 22 21 0 0.021 0.0132839 1 
18 22 21 0 0.014 0.0126106 1 
19 22 21 0.00995633 0.009 0.00998166 8 
20 22 21 0 0.004 0.0127007 1 
21 22 21 0.00252821 0.019 0.00924056 2 
22 22 21 0.000404014 0.001 0.0139776 4 
23 22 21 0.0123748 0.041 0.0121368 12 
24 22 21 0.00226606 0.027 0.0102433 2 
25 22 21 0 0.015 0.00999324 1 
26 22 21 0 0.012 0.0115081 1 
27 22 21 0.0228355 0.01 0.0129368 36 
28 22 21 0 0.046 0.00909066 1 
29 22 21 0 0.003 0.0113868 1 
30 22 21 0 0.016 0.0104351 1 
31 22 21 0 0.011 0.00743252 1 
32 22 21 0 0.012 0.00913327 1 
0 22 22 0 0.019 0.0114251 1 
1 22 22 0 0.012 0.00994785 1 
2 22 22 0.000263596 0.049 0.00893083 2 
3 22 22 0 0.006 0.00914924 1 
4 22 22 0 0.031 0.0115139 1 
5 22 22 0 0.005 0.0110642 1 
6 22 22 0 0.001 0.0124142 1 
7 22 22 0 0.006 0.010421 1 
8 22 22 0 0.033 0.0135035 1 
9 22 22 0 0.008 0.00909664 1 
10 22 22 0 0.035 0.0104931 1 
11 22 22 0 0.049 0.0105382 1 
12 22 22 0.00281891 0.028 0.0111159 10 
13 22 22 0.00189633 0.02 0.0109955 7 
14 22 22 0.0236437 0.004 0.0120281 35 
15 22 22 0 0.038 0.00918165 1 
16 22 22 0 0.039 0.00743252 1 
17 22 22 0 0.039 0.0088992 1 
18 22 22 0 0.032 0.0118588 1 
19 22 22 0 0.049 0.0073822 1 
20 22 22 0.0028996 0.03 0.00842848 3 
21 22 22 0 0.03 0.0108132 1 
22 22 22 0.00219276 0.01 0.0107072 2 
23 22 22 0.000847481 0.026 0.0104606 3 
24 22 22 0.00222662 0.039 0.0122899 2 
25 22 22 0 0.028 0.00849542 1 
26 22 22 0 0.049 0.00925776 1 
27 22 22 0 0.035 0.0139442 1 
28 22 22 0.00222662 0.016 0.0107894 2 
29 22 22 0 0.049 0.00940878 1 
30 22 22 0.000226616 0.01 0.0120348 3 
31 22 22 0 0.045 0.00785987 1 
32 22 22 5.10591e-06 0.001 0.0110719 2 
0 22 23 0 0.006 0.0112692 1 
1 22 23 0.00087788 0.008 0.00897639 2 
2 22 23 0 0.032 0.0102789 1 
3 22 23 0 0.009 0.0120606 1 
4 22 23 0 0.035 0.0160432 1 
5 22 23 0 0.03 0.0134944 1 
6 22 23 0.00213932 0.017 0.0129395 2 
7 22 23 0 0.028 0.0101333 1 
8 22 23 0 0.032 0.00999816 2 
9 22 23 0.000599325 0.017 0.0124656 2 
10 22 23 0 0.029 0.00936978 1 
11 22 23 0 0.013 0.0124907 1 
12 22 23 0.00204302 0.047 0.0081379 5 
13 22 23 0.00144109 0.04 0.00905216 3 
14 22 23 0 0.048 0.00889227 1 
15 22 23 0 0.049 0.013108 1 
16 22 23 0 0.021 0.00871358 1 
17 22 23 0.0044012 0.012 0.0101779 6 
18 22 23 0 0.004 0.010377 1 
19 22 23 0 0.003 0.0108823 1 
20 22 23 0 0.031 0.0109995 1 
21 22 23 0 0.026 0.014206 1 
22 22 23 0 0.044 0.010757 1 
23 22 23 0 0.013 0.0129703 1 
24 22 23 0 0.033 0.00936493 1 
25 22 23 0 0.016 0.0134898 1 
26 22 23 0 0.049 0.00916561 1 
27 22 23 0.00192892 0.018 0.0115167 5 
28 22 23 0 0.009 0.0125331 1 
29 22 23 0 0.017 0.0107823 1 
30 22 23 0 0.043 0.0113213 1 
31 22 23 0 0.041 0.00995576 1 
32 22 23 0 0.048 0.00979118 1 
0 22 24 0 0.04 0.0117274 1 
1 22 24 0 0.001 0.0115455 1 
2 22 24 0.0024306 0.042 0.0126496 2 
3 22 24 0 0.019 0.0110464 1 
4 22 24 6.2224e-06 0.014 0.0136374 2 
5 22 24 0 0.02 0.0163205 1 
6 22 24 0 0.046 0.0111146 1 
7 22 24 0.000340981 0.028 0.0104741 3 
8 22 24 0 0.006 0.0106903 1 
9 22 24 0 0.03 0.0119805 1 
10 22 24 0 0.01 0.0120328 1 
11 22 24 8.30876e-06 0.029 0.0121044 2 
12 22 24 0.00593578 0.037 0.011708 5 
13 22 24 0.00140647 0.048 0.0103721 3 
14 22 24 0 0.022 0.0110669 1 
15 22 24 0 0.033 0.0131673 1 
16 22 24 0 0.039 0.01014 1 
17 22 24 0.0402518 0.003 0.00997148 58 
18 22 24 0 0.047 0.0112477 1 
19 22 24 0.00348183 0.023 0.0093714 4 
20 22 24 0 0.02 0.0116824 1 
21 22 24 0 0.022 0.00978347 1 
22 22 24 0 0.026 0.0119241 1 
23 22 24 0 0.004 0.0105302 1 
24 22 24 0 0.004 0.0100854 1 
25 22 24 0 0.048 0.0114548 1 
26 22 24 0.0107297 0.023 0.0103223 13 
27 22 24 0.00207059 0.02 0.00940716 4 
28 22 24 0 0.044 0.0126936 1 
29 22 24 0 0.001 0.0088747 1 
30 22 24 0 0.004 0.01092 1 
31 22 24 0 0.029 0.0136072 1 
32 22 24 0.0037096 0.016 0.0111213 8 
0 22 25 0.00559986 0.001 0.0109345 3 
1 22 25 0 0.045 0.0111216 1 
2 22 25 0.00311295 0.025 0.0100657 3 
3 22 25 0.0119589 0.007 0.0128696 24 
4 22 25 0 0.017 0.0107525 1 
5 22 25 0 0.043 0.00852625 1 
6 22 25 0 0.023 0.013607 1 
7 22 25 0 0.026 0.0127802 1 
8 22 25 0 0.006 0.0126614 1 
9 22 25 0 0.025 0.0103567 1 
10 22 25 0 0.04 0.0115598 1 
11 22 25 8.2878e-07 0.041 0.010431 2 
12 22 25 0.00153968 0.037 0.0124513 3 
13 22 25 5.12959e-05 0.047 0.0101114 2 
14 22 25 0.0243193 0.004 0.00958188 36 
15 22 25 0 0.027 0.00900542 1 
16 22 25 0 0.022 0.0130871 1 
17 22 25 0 0.004 0.00859618 1 
18 22 25 0 0.039 0.0133145 1 
19 22 25 0 0.032 0.0108673 1 
20 22 25 0.00132738 0.004 0.00955564 2 
21 22 25 0.00524935 0.032 0.0103224 7 
22 22 25 0 0.025 0.011343 1 
23 22 25 0.00018742 0.007 0.0077659 2 
24 22 25 0 0.045 0.0126822 1 
25 22 25 0 0.035 0.0112155 1 
26 22 25 0.0103599 0.009 0.0114339 17 
27 22 25 0 0.049 0.0100992 1 
28 22 25 0 0.018 0.00946068 1 
29 22 25 0.00357561 0.016 0.0123812 4 
30 22 25 0.00934611 0.007 0.00982027 15 
31 22 25 0 0.002 0.00982832 1 
32 22 25 0 0.021 0.00876137 1 
0 22 26 0.00217878 0.006 0.00805347 2 
1 22 26 0.0112737 0.018 0.0110399 21 
2 22 26 0 0.047 0.0110912 1 
3 22 26 0.000172308 0.001 0.00846925 3 
4 22 26 0.00236646 0.021 0.0109066 2 
5 22 26 6.40446e-05 0.01 0.00935449 2 
6 22 26 0 0.018 0.0114734 1 
7 22 26 0.00435977 0.037 0.0118964 2 
8 22 26 0.000547194 0.018 0.0104872 5 
9 22 26 0.000930878 0.001 0.0110509 4 
10 22 26 0 0.01 0.014963 1 
11 22 26 0.00243647 0.036 0.0144986 2 
12 22 26 0.000610561 0.005 0.00989202 2 
13 22 26 0 0.011 0.00855831 1 
14 22 26 0 0.044 0.0107013 1 
15 22 26 0 0.025 0.00991193 1 
16 22 26 0 0.014 0.0119973 1 
17 22 26 0.0574768 0.002 0.0128116 60 
18 22 26 0 0.005 0.0140304 1 
19 22 26 0.0143533 0.023 0.0105607 15 
20 22 26 0.000943809 0.017 0.0106061 2 
21 22 26 0.000213182 0.035 0.0114079 3 
22 22 26 4.30237e-05 0.002 0.0102417 2 
23 22 26 0 0.035 0.0126698 1 
24 22 26 0 0.007 0.0125248 1 
25 22 26 0 0.025 0.0111938 1 
26 22 26 0.00548567 0.002 0.00966014 10 
27 22 26 0 0.02 0.011286 1 
28 22 26 0 0.027 0.0130666 1 
29 22 26 0 0.005 0.0125518 1 
30 22 26 0 0.017 0.0113418 1 
31 22 26 0 0.012 0.00874979 1 
32 22 26 0 0.037 0.00838691 1 
0 22 27 0.012165 0.018 0.012466 15 
1 22 27 0.00368778 0.046 0.0103388 6 
2 22 27 0.00242031 0.005 0.00564478 2 
3 22 27 0 0.017 0.0118443 1 
4 22 27 0.000211402 0.022 0.0114314 2 
5 22 27 0 0.042 0.0121957 1 
6 22 27 0 0.039 0.011303 1 
7 22 27 0.00366928 0.001 0.0118982 4 
8 22 27 0 0.006 0.0148913 1 
9 22 27 0 0.011 0.00918014 1 
10 22 27 0 0.023 0.0134072 1 
11 22 27 0 0.024 0.0103096 1 
12 22 27 0 0.018 0.0101604 1 
13 22 27 0.00122764 0.029 0.0111114 5 
14 22 27 0 0.032 0.012837 1 
15 22 27 0.00249227 0.042 0.0123058 2 
16 22 27 0 0.001 0.0101343 1 
17 22 27 0.0705455 0.001 0.0146783 97 
18 22 27 0 0.034 0.0125177 1 
19 22 27 0.00897044 0.038 0.0126452 11 
20 22 27 0.00775234 0.02 0.0125657 8 
21 22 27 0 0.001 0.0108468 1 
22 22 27 0 0.04 0.0106106 1 
23 22 27 0.000753904 0.037 0.0110533 3 
24 22 27 0 0.017 0.0155867 1 
25 22 27 0 0.043 0.0117954 1 
26 22 27 0 0.029 0.01292 1 
27 22 27 0.00249227 0.002 0.0145301 2 
28 22 27 0.00245629 0.024 0.0130263 2 
29 22 27 0.00362736 0.041 0.0121486 4 
30 22 27 0.00634113 0.017 0.0107356 8 
31 22 27 0 0.032 0.0101009 1 
32 22 27 0.00201796 0.006 0.00820037 4 
0 22 28 0 0.014 0.0129074 1 
1 22 28 0 0.019 0.00978257 1 
2 22 28 0.00261401 0.018 0.0111938 2 
3 22 28 0.0252546 0.007 0.0115511 34 
4 22 28 0 0.016 0.0124477 1 
5 22 28 0 0.011 0.013656 1 
6 22 28 0 0.012 0.01024 1 
7 22 28 0 0.018 0.0100566 1 
8 22 28 0 0.009 0.0095587 1 
9 22 28 0.0360133 0.002 0.00975283 40 
10 22 28 0 0.024 0.0153332 1 
11 22 28 0.00261401 0.01 0.0125444 2 
12 22 28 0 0.009 0.0117539 1 
13 22 28 0.00922252 0.015 0.00834229 15 
14 22 28 0.0125835 0.01 0.0123774 10 
15 22 28 0.00254132 0.048 0.00829706 2 
16 22 28 0 0.041 0.0130152 1 
17 22 28 0 0.049 0.0101613 1 
18 22 28 0 0.029 0.0126883 1 
19 22 28 0 0.026 0.0100498 1 
20 22 28 0.00478854 0.041 0.0125614 4 
21 22 28 0.00337132 0.013 0.00886432 2 
22 22 28 0.0437624 0.002 0.0116117 62 
23 22 28 0.00457844 0.047 0.0125931 6 
24 22 28 0 0.041 0.00915061 1 
25 22 28 0 0.041 0.0106905 1 
26 22 28 0.000686436 0.009 0.00994821 2 
27 22 28 0 0.001 0.0122043 1 
28 22 28 0 0.024 0.0133812 1 
29 22 28 0.00398153 0.009 0.0119172 4 
30 22 28 0 0.029 0.0110454 1 
31 22 28 0 0.037 0.0142633 1 
32 22 28 0.00283175 0.017 0.00872823 5 
0 22 29 0 0.025 0.0095728 1 
1 22 29 0 0.016 0.00861138 1 
2 22 29 0.002427 0.041 0.0112172 2 
3 22 29 0 0.034 0.013458 1 
4 22 29 0 0.002 0.0106905 1 
5 22 29 0 0.018 0.0130789 1 
6 22 29 0 0.025 0.0130449 1 
7 22 29 0.000637832 0.009 0.00907975 2 
8 22 29 0 0.026 0.0102748 1 
9 22 29 0 0.005 0.0114302 1 
10 22 29 0 0.038 0.0103284 1 
11 22 29 0.002427 0.03 0.00878085 2 
12 22 29 0 0.011 0.0143862 1 
13 22 29 0.0188394 0.008 0.0103213 21 
14 22 29 0.00112634 0.001 0.0106899 3 
15 22 29 0 0.048 0.0107546 1 
16 22 29 0 0.034 0.0142935 1 
17 22 29 0.000998543 0.003 0.0122825 3 
18 22 29 0 0.04 0.010765 1 
19 22 29 0.00467524 0.032 0.0115137 3 
20 22 29 0 0.02 0.00998169 1 
21 22 29 0 0.035 0.00797332 1 
22 22 29 0.000147645 0.01 0.0124131 2 
23 22 29 0 0.036 0.00841352 1 
24 22 29 0 0.026 0.0106859 1 
25 22 29 0.0031213 0.035 0.0106985 9 
26 22 29 0 0.04 0.00863646 1 
27 22 29 9.9827e-05 0.013 0.0139409 2 
28 22 29 0 0.028 0.0109975 1 
29 22 29 0.00318486 0.022 0.0126342 5 
30 22 29 0 0.002 0.0101875 1 
31 22 29 0 0.01 0.0128017 1 
32 22 29 9.10314e-06 0.001 0.0135571 2 
0 22 30 0 0.047 0.0086442 1 
1 22 30 0 0.049 0.00858366 1 
2 22 30 0 0.035 0.00981661 1 
3 22 30 0.00266141 0.025 0.0123502 4 
4 22 30 0 0.033 0.0121303 1 
5 22 30 0 0.038 0.0123617 1 
6 22 30 0 0.048 0.0108983 1 
7 22 30 0.00793767 0.004 0.0120919 13 
8 22 30 0 0.019 0.013671 1 
9 22 30 0.00594679 0.015 0.00957824 16 
10 22 30 0.000119143 0.041 0.0122944 3 
11 22 30 0 0.044 0.010608 1 
12 22 30 0 0.032 0.0092985 1 
13 22 30 0.000930405 0.028 0.0137398 2 
14 22 30 0 0.037 0.0107654 1 
15 22 30 0 0.027 0.00758793 1 
16 22 30 0 0.03 0.0156705 1 
17 22 30 0.00999637 0.002 0.0106914 16 
18 22 30 0 0.039 0.0143 1 
19 22 30 0.00961467 0.017 0.012277 7 
20 22 30 7.70844e-07 0.008 0.0122661 2 
21 22 30 0 0.021 0.0116077 1 
22 22 30 0 0.004 0.00815824 1 
23 22 30 0 0.029 0.011723 1 
24 22 30 0 0.028 0.00959072 1 
25 22 30 0 0.013 0.00988617 2 
26 22 30 8.70689e-05 0.029 0.0100086 2 
27 22 30 0.0113473 0.023 0.00921726 5 
28 22 30 0 0.043 0.00968044 1 
29 22 30 1.081e-05 0.045 0.00835455 2 
30 22 30 0 0.002 0.0119337 1 
31 22 30 0.000771063 0.015 0.0122703 2 
32 22 30 0.00495858 0.002 0.0105014 9 
0 22 31 0.00846783 0.022 0.0130372 11 
1 22 31 0 0.034 0.00823583 1 
2 22 31 0 0.009 0.00951989 1 
3 22 31 0 0.007 0.0130401 1 
4 22 31 0 0.039 0.00903081 1 
5 22 31 0 0.036 0.010071 1 
6 22 31 0 0.036 0.00950658 1 
7 22 31 0 0.038 0.011105 1 
8 22 31 0 0.005 0.0122951 1 
9 22 31 0 0.047 0.0100309 1 
10 22 31 0.000305116 0.026 0.00995292 5 
11 22 31 0 0.029 0.0132219 1 
12 22 31 0.0107611 0.017 0.00978618 11 
13 22 31 0 0.021 0.0108405 1 
14 22 31 0 0.014 0.0105376 1 
15 22 31 0 0.035 0.0107458 1 
16 22 31 0 0.008 0.00704597 1 
17 22 31 0 0.034 0.0123272 1 
18 22 31 0 0.031 0.0117842 1 
19 22 31 0 0.003 0.0110037 1 
20 22 31 0 0.003 0.00868261 1 
21 22 31 0 0.026 0.0114611 1 
22 22 31 0 0.033 0.0121965 1 
23 22 31 0 0.035 0.00790287 1 
24 22 31 0 0.01 0.011709 1 
25 22 31 0.000433187 0.014 0.0110454 4 
26 22 31 0 0.017 0.0110652 1 
27 22 31 0.00455487 0.04 0.00928115 3 
28 22 31 0.00246936 0.001 0.0119475 2 
29 22 31 0 0.003 0.0112049 1 
30 22 31 0.00567357 0.048 0.0108752 3 
31 22 31 0 0.038 0.00878071 1 
32 22 31 0.00167965 0.045 0.00963101 3 
0 22 32 0 0.004 0.0124383 1 
1 22 32 0.00340038 0.026 0.0107575 7 
2 22 32 0 0.048 0.0117552 1 
3 22 32 0.0181157 0.003 0.00772854 33 
4 22 32 0 0.009 0.0116549 1 
5 22 32 0 0.037 0.0124097 1 
6 22 32 0.00256764 0.025 0.00921022 2 
7 22 32 0 0.023 0.0130565 1 
8 22 32 0 0.032 0.0116967 1 
9 22 32 0 0.005 0.010856 1 
10 22 32 0 0.035 0.0138648 1 
11 22 32 0 0.039 0.00830774 1 
12 22 32 0.0129085 0.008 0.00857071 18 
13 22 32 0.00173157 0.04 0.010973 3 
14 22 32 0 0.01 0.0127154 1 
15 22 32 0.00239213 0.005 0.0104785 2 
16 22 32 0 0.041 0.0108719 1 
17 22 32 0 0.025 0.0100187 1 
18 22 32 0 0.002 0.00868717 1 
19 22 32 0.00181207 0.043 0.0123631 2 
20 22 32 0.000667986 0.046 0.00997808 2 
21 22 32 0.000110844 0.047 0.00952012 3 
22 22 32 0.00439835 0.024 0.0101523 5 
23 22 32 0 0.003 0.0100848 1 
24 22 32 0 0.002 0.0124976 1 
25 22 32 0.000693 0.013 0.0127215 3 
26 22 32 0 0.015 0.00894833 1 
27 22 32 0 0.048 0.0133248 1 
28 22 32 0 0.022 0.0119308 1 
29 22 32 2.64111e-06 0.039 0.0109537 2 
30 22 32 0.00231561 0.03 0.00957069 2 
31 22 32 0 0.021 0.0116052 1 
32 22 32 0.000624288 0.009 0.0110115 3 
0 22 33 0 0.037 0.00916238 1 
1 22 33 0.00937131 0.037 0.0117696 6 
2 22 33 0 0.034 0.0118778 1 
3 22 33 0 0.032 0.00631232 1 
4 22 33 0 0.027 0.0148739 1 
5 22 33 0 0.039 0.00987416 1 
6 22 33 0 0.016 0.0111525 1 
7 22 33 0 0.022 0.00940041 1 
8 22 33 0 0.018 0.0124651 1 
9 22 33 0.00908726 0.021 0.0106883 16 
10 22 33 0 0.024 0.0111582 1 
11 22 33 0.000203311 0.007 0.0100909 2 
12 22 33 0 0.001 0.010493 1 
13 22 33 0.00154503 0.03 0.0101817 2 
14 22 33 0.0211164 0.01 0.011276 24 
15 22 33 0 0.011 0.0119935 1 
16 22 33 0 0.039 0.0102834 1 
17 22 33 0 0.035 0.0103839 1 
18 22 33 0.00231573 0.006 0.00951747 2 
19 22 33 0 0.027 0.00927224 1 
20 22 33 0.00573208 0.019 0.00887364 3 
21 22 33 0 0.018 0.0119321 1 
22 22 33 0 0.031 0.0074016 1 
23 22 33 0 0.007 0.0113655 1 
24 22 33 0 0.031 0.0141092 1 
25 22 33 0 0.001 0.0109133 1 
26 22 33 0.00172134 0.01 0.00897549 10 
27 22 33 0 0.02 0.0134795 1 
28 22 33 0.00231573 0.001 0.0106056 2 
29 22 33 0 0.035 0.00899363 1 
30 22 33 0 0.017 0.0130333 1 
31 22 33 0 0.026 0.0125713 1 
32 22 33 0.0243877 0.004 0.0119548 37 
0 22 34 0.0369343 0.001 0.0107727 41 
1 22 34 0 0.019 0.0123148 1 
2 22 34 0 0.014 0.00838375 1 
3 22 34 0 0.018 0.00888713 1 
4 22 34 0 0.021 0.0117406 1 
5 22 34 0.000268549 0.047 0.00752527 2 
6 22 34 0 0.049 0.0113861 1 
7 22 34 0.00221898 0.034 0.0115732 6 
8 22 34 0 0.043 0.0118625 1 
9 22 34 0 0.022 0.0122457 1 
10 22 34 0 0.039 0.0112407 1 
11 22 34 0.00230866 0.003 0.012874 2 
12 22 34 0.00183439 0.012 0.0134892 3 
13 22 34 0 0.008 0.0106388 1 
14 22 34 0.00224058 0.006 0.00967497 2 
15 22 34 0 0.019 0.0130683 1 
16 22 34 0 0.041 0.0106789 1 
17 22 34 0.0357885 0.001 0.0125688 51 
18 22 34 0.00227462 0.049 0.0129696 2 
19 22 34 0.00217196 0.011 0.0109386 3 
20 22 34 0 0.031 0.0117487 1 
21 22 34 0.00342441 0.031 0.0120114 6 
22 22 34 0.0198436 0.002 0.0133277 32 
23 22 34 0 0.004 0.0112189 1 
24 22 34 0 0.011 0.00993215 1 
25 22 34 0 0.043 0.0107829 1 
26 22 34 0.0104113 0.003 0.0125008 12 
27 22 34 0.0368591 0.006 0.0116193 48 
28 22 34 0 0.041 0.0105609 1 
29 22 34 0.0023427 0.032 0.013144 2 
30 22 34 0 0.036 0.0122103 1 
31 22 34 0 0.004 0.0107015 1 
32 22 34 0 0.029 0.0132061 1 
0 22 35 0.0261611 0.011 0.0152004 28 
1 22 35 0 0.039 0.0132394 1 
2 22 35 0 0.029 0.0137852 1 
3 22 35 0.0167348 0.004 0.00943679 52 
4 22 35 0 0.015 0.0111129 1 
5 22 35 0.000863666 0.01 0.00938036 2 
6 22 35 0.00218865 0.028 0.0164542 2 
7 22 35 0 0.02 0.0113168 1 
8 22 35 0.00334372 0.025 0.00993565 4 
9 22 35 0 0.032 0.008445 1 
10 22 35 0 0.001 0.0177912 1 
11 22 35 0 0.019 0.0122875 1 
12 22 35 0.0682356 0.001 0.0139778 69 
13 22 35 0 0.01 0.00889319 1 
14 22 35 0 0.015 0.0129519 1 
15 22 35 0 0.002 0.017189 1 
16 22 35 0 0.035 0.0114072 1 
17 22 35 0 0.041 0.01274 1 
18 22 35 0.00232871 0.047 0.0136108 2 
19 22 35 0.000199388 0.01 0.00802711 4 
20 22 35 0 0.029 0.0119521 1 
21 22 35 0 0.048 0.0134739 1 
22 22 35 0 0.027 0.0103287 1 
23 22 35 0 0.001 0.0127426 1 
24 22 35 0 0.028 0.0127805 1 
25 22 35 0 0.006 0.00833486 1 
26 22 35 0.012855 0.006 0.00753609 22 
27 22 35 0.0111191 0.035 0.00920116 15 
28 22 35 0.00232871 0.041 0.0113385 2 
29 22 35 0.000149309 0.04 0.0103805 2 
30 22 35 0.00175436 0.007 0.0117541 2 
31 22 35 0 0.017 0.011438 1 
32 22 35 0.00398137 0.029 0.0122353 7 
0 22 36 0.00798782 0.038 0.0101727 16 
1 22 36 0 0.024 0.00970838 1 
2 22 36 0 0.007 0.0125398 1 
3 22 36 0 0.037 0.00753144 1 
4 22 36 0 0.041 0.010498 1 
5 22 36 0 0.048 0.0109788 1 
6 22 36 0 0.008 0.011577 1 
7 22 36 0 0.011 0.011743 1 
8 22 36 0 0.005 0.00840658 1 
9 22 36 0.00615398 0.017 0.0085711 2 
10 22 36 0 0.035 0.0152386 1 
11 22 36 0.00316928 0.035 0.0111305 3 
12 22 36 0.000285736 0.006 0.0104354 3 
13 22 36 0 0.003 0.0112265 1 
14 22 36 0 0.019 0.00951804 1 
15 22 36 0 0.038 0.0130705 1 
16 22 36 0 0.034 0.0107483 1 
17 22 36 0 0.015 0.00997333 1 
18 22 36 0 0.042 0.00868576 1 
19 22 36 0.000736022 0.029 0.0117014 2 
20 22 36 0.000333043 0.017 0.0124105 3 
21 22 36 0 0.025 0.0126836 1 
22 22 36 0 0.013 0.0111158 1 
23 22 36 0 0.022 0.0100214 1 
24 22 36 0 0.036 0.0132261 1 
25 22 36 0.00236226 0.006 0.0111073 4 
26 22 36 0.000910146 0.008 0.0102917 2 
27 22 36 0 0.01 0.0108649 1 
28 22 36 0 0.011 0.0141546 1 
29 22 36 0.00235651 0.005 0.010205 2 
30 22 36 0 0.038 0.0110896 1 
31 22 36 0 0.005 0.0119666 1 
32 22 36 0 0.002 0.0128813 1 
0 22 37 0.0215548 0.001 0.0119066 67 
1 22 37 0.00826124 0.017 0.0104138 12 
2 22 37 0.00338729 0.037 0.0142727 3 
3 22 37 0 0.036 0.0113719 1 
4 22 37 0 0.027 0.0124454 1 
5 22 37 0 0.025 0.010019 1 
6 22 37 0 0.025 0.0130178 1 
7 22 37 0.0121096 0.01 0.00828946 16 
8 22 37 0 0.011 0.0126493 1 
9 22 37 0.0121308 0.015 0.0113341 14 
10 22 37 0 0.04 0.0101564 1 
11 22 37 0 0.01 0.0109572 1 
12 22 37 0 0.007 0.0127225 1 
13 22 37 0 0.043 0.014663 1 
14 22 37 6.83462e-06 0.029 0.00988667 2 
15 22 37 0 0.015 0.0119366 1 
16 22 37 0 0.014 0.00912375 1 
17 22 37 0 0.048 0.00968199 1 
18 22 37 0 0.024 0.0145308 1 
19 22 37 0.00478629 0.006 0.011149 6 
20 22 37 0 0.022 0.0090051 1 
21 22 37 0 0.024 0.0153835 1 
22 22 37 0.0182865 0.002 0.0145489 19 
23 22 37 0.00878807 0.038 0.0100375 12 
24 22 37 0.00217859 0.022 0.0118391 2 
25 22 37 0.00907656 0.007 0.00955434 19 
26 22 37 5.70743e-05 0.024 0.00759927 2 
27 22 37 0.0123044 0.001 0.012066 16 
28 22 37 0 0.049 0.0122265 1 
29 22 37 0.00211071 0.028 0.0126893 2 
30 22 37 0 0.002 0.0119995 1 
31 22 37 0.00238155 0.024 0.00815611 2 
32 22 37 0.0207049 0.004 0.0115734 25 
0 22 38 0.0057093 0.029 0.0118227 6 
1 22 38 0.0114892 0.021 0.0103814 10 
2 22 38 0 0.005 0.0114919 1 
3 22 38 0 0.007 0.0110844 1 
4 22 38 0 0.001 0.0111081 1 
5 22 38 0 0.034 0.0147623 1 
6 22 38 0 0.014 0.0124833 1 
7 22 38 0 0.043 0.0114085 1 
8 22 38 0 0.037 0.0101035 1 
9 22 38 0.00210878 0.021 0.0121347 6 
10 22 38 0 0.048 0.0159271 1 
11 22 38 0 0.038 0.01403 1 
12 22 38 0.00981465 0.035 0.0132963 11 
13 22 38 0.00286678 0.031 0.0104518 3 
14 22 38 0 0.001 0.0112366 1 
15 22 38 0 0.032 0.012762 1 
16 22 38 0 0.036 0.0108903 1 
17 22 38 0 0.029 0.0112707 1 
18 22 38 0 0.034 0.0108464 1 
19 22 38 0.000113801 0.035 0.0075461 2 
20 22 38 0.0022822 0.046 0.0123595 3 
21 22 38 0 0.007 0.0101101 1 
22 22 38 0 0.035 0.0121476 1 
23 22 38 0 0.012 0.01145 1 
24 22 38 0 0.04 0.0127456 1 
25 22 38 0 0.013 0.00979056 1 
26 22 38 0 0.021 0.00871129 1 
27 22 38 0 0.008 0.00998441 1 
28 22 38 0 0.038 0.0114283 1 
29 22 38 0.00236195 0.011 0.0119743 2 
30 22 38 0 0.042 0.0118844 1 
31 22 38 0.00232374 0.045 0.00930015 2 
32 22 38 0 0.033 0.0105167 1 
0 22 39 0 0.039 0.0149228 1 
1 22 39 0 0.002 0.0115791 1 
2 22 39 0 0.007 0.0136015 1 
3 22 39 0.00989319 0.028 0.00815353 14 
4 22 39 0 0.018 0.00993304 1 
5 22 39 0 0.025 0.0181519 1 
6 22 39 0 0.016 0.0107205 1 
7 22 39 0 0.001 0.0128833 1 
8 22 39 0 0.021 0.010408 1 
9 22 39 0.000341153 0.001 0.0119123 2 
10 22 39 0 0.017 0.0122656 1 
11 22 39 0 0.016 0.0134612 1 
12 22 39 0.0010343 0.001 0.00832574 2 
13 22 39 0.000287928 0.002 0.010387 2 
14 22 39 0 0.008 0.00709751 1 
15 22 39 0.00221821 0.001 0.0109499 2 
16 22 39 0 0.046 0.0127966 1 
17 22 39 0.0265395 0.004 0.0115261 50 
18 22 39 0 0.045 0.0137036 1 
19 22 39 0.000107045 0.021 0.0106384 2 
20 22 39 0 0.024 0.0110727 1 
21 22 39 0 0.034 0.0121812 1 
22 22 39 0 0.031 0.00899617 1 
23 22 39 0.00219615 0.018 0.00950741 3 
24 22 39 0 0.01 0.010331 1 
25 22 39 0.00132531 0.002 0.0120994 2 
26 22 39 0 0.041 0.0134871 1 
27 22 39 0 0.025 0.00988861 1 
28 22 39 0 0.048 0.0116398 1 
29 22 39 0.0011645 0.035 0.011712 2 
30 22 39 0.00103203 0.001 0.0106294 2 
31 22 39 0 0.013 0.0088285 1 
32 22 39 0 0.035 0.011072 1 
0 22 40 0 0.014 0.0117231 1 
1 22 40 0 0.014 0.00970151 1 
2 22 40 0 0.011 0.00984587 1 
3 22 40 0.00590453 0.007 0.0123344 7 
4 22 40 0 0.044 0.0159288 1 
5 22 40 0 0.014 0.011791 1 
6 22 40 0 0.043 0.00767903 1 
7 22 40 0 0.04 0.0127564 1 
8 22 40 0 0.037 0.012193 3 
9 22 40 0.00857662 0.002 0.0116311 11 
10 22 40 0 0.043 0.0105391 2 
11 22 40 0 0.014 0.00919276 1 
12 22 40 0 0.005 0.0112181 1 
13 22 40 0 0.034 0.0092764 1 
14 22 40 0.0129068 0.004 0.0105519 20 
15 22 40 0.00211065 0.022 0.0112586 2 
16 22 40 0 0.033 0.0114324 1 
17 22 40 0.00245067 0.014 0.0125501 4 
18 22 40 0 0.013 0.0128515 1 
19 22 40 0.00106646 0.002 0.0128006 3 
20 22 40 0.0253364 0.006 0.00960794 25 
21 22 40 0 0.002 0.00973691 1 
22 22 40 0 0.001 0.0110511 1 
23 22 40 0 0.046 0.0109259 1 
24 22 40 0.00214389 0.012 0.0141874 2 
25 22 40 0.005448 0.018 0.00914361 8 
26 22 40 0 0.012 0.0105538 1 
27 22 40 0 0.001 0.0120297 1 
28 22 40 0 0.011 0.0109595 1 
29 22 40 0.00149922 0.004 0.00915142 2 
30 22 40 0.0089625 0.031 0.00950992 6 
31 22 40 0 0.045 0.00711273 1 
32 22 40 0 0.009 0.00925083 1 
0 22 41 0 0.012 0.0103509 1 
1 22 41 0.00214179 0.004 0.0108641 3 
2 22 41 0.00200573 0.011 0.0110104 2 
3 22 41 0 0.029 0.0087212 1 
4 22 41 0 0.036 0.0139963 1 
5 22 41 0 0.04 0.00880983 1 
6 22 41 0 0.022 0.0111781 1 
7 22 41 0 0.037 0.0123795 1 
8 22 41 0 0.014 0.0116295 1 
9 22 41 0 0.043 0.00814913 1 
10 22 41 0 0.03 0.00866783 1 
11 22 41 0 0.015 0.011709 1 
12 22 41 0 0.024 0.00848349 1 
13 22 41 0 0.045 0.00792617 1 
14 22 41 0 0.031 0.0155866 1 
15 22 41 0 0.026 0.0144979 1 
16 22 41 0 0.024 0.0093108 1 
17 22 41 0 0.032 0.0126361 1 
18 22 41 0 0.04 0.013461 1 
19 22 41 3.7819e-06 0.002 0.00966569 2 
20 22 41 0 0.002 0.0105133 1 
21 22 41 0.00035205 0.025 0.0108638 3 
22 22 41 0.00153997 0.002 0.00993108 2 
23 22 41 0 0.037 0.00813289 1 
24 22 41 0.00203842 0.038 0.0151766 2 
25 22 41 0 0.006 0.0115619 1 
26 22 41 0 0.011 0.0107443 1 
27 22 41 0.0188688 0.02 0.0102088 11 
28 22 41 0.00203842 0.044 0.00904337 2 
29 22 41 0.00197304 0.048 0.0134512 2 
30 22 41 0 0.017 0.0111186 1 
31 22 41 0 0.005 0.0163021 1 
32 22 41 1.07029e-05 0.006 0.0135302 2 
0 22 42 0.000457113 0.001 0.0123929 3 
1 22 42 0.0032851 0.021 0.00894012 5 
2 22 42 0 0.037 0.0107925 1 
3 22 42 0.00187166 0.041 0.0123407 2 
4 22 42 0 0.038 0.0131979 1 
5 22 42 0 0.015 0.0125318 1 
6 22 42 0 0.04 0.00913686 1 
7 22 42 0.000190937 0.021 0.0119958 4 
8 22 42 0 0.019 0.0145548 1 
9 22 42 0.00659121 0.002 0.0109344 13 
10 22 42 4.34811e-05 0.036 0.0107125 2 
11 22 42 0 0.047 0.0108896 1 
12 22 42 0.00536401 0.005 0.0128046 13 
13 22 42 7.06364e-05 0.004 0.0114145 3 
14 22 42 0 0.008 0.0121105 1 
15 22 42 0 0.006 0.0121255 1 
16 22 42 0 0.013 0.0135906 1 
17 22 42 0 0.005 0.0119854 1 
18 22 42 0 0.004 0.0151437 1 
19 22 42 0.000645197 0.049 0.0104613 2 
20 22 42 0 0.043 0.0112856 1 
21 22 42 0 0.041 0.0132688 1 
22 22 42 0.0357057 0.001 0.0121714 50 
23 22 42 5.54266e-06 0.018 0.0112253 2 
24 22 42 0 0.028 0.0140671 1 
25 22 42 0.000188976 0.022 0.012673 2 
26 22 42 0.0283304 0.005 0.0086413 43 
27 22 42 0 0.035 0.00793913 1 
28 22 42 0 0.017 0.0130723 1 
29 22 42 0.00150284 0.003 0.0101294 2 
30 22 42 0.00134486 0.001 0.0111075 3 
31 22 42 0 0.017 0.0114022 1 
32 22 42 0 0.013 0.0147491 1 
0 22 43 0 0.007 0.0107845 1 
1 22 43 0 0.034 0.00744554 1 
2 22 43 0.00321482 0.032 0.0124224 3 
3 22 43 0 0.048 0.0113339 1 
4 22 43 0 0.044 0.0154765 1 
5 22 43 0 0.025 0.0136664 1 
6 22 43 0 0.02 0.0105968 1 
7 22 43 0 0.01 0.0119293 1 
8 22 43 0 0.016 0.0116956 3 
9 22 43 0.00317794 0.003 0.0125893 8 
10 22 43 0 0.035 0.0143969 1 
11 22 43 0 0.03 0.0110094 1 
12 22 43 0.00520588 0.029 0.0138727 7 
13 22 43 0 0.045 0.0133874 1 
14 22 43 0 0.02 0.013303 1 
15 22 43 0 0.042 0.0123434 1 
16 22 43 0 0.007 0.0123979 1 
17 22 43 0 0.004 0.00996122 1 
18 22 43 0.00326721 0.008 0.0143425 3 
19 22 43 0.000537092 0.026 0.0110149 2 
20 22 43 0.00269811 0.006 0.0131557 6 
21 22 43 0.00188137 0.004 0.0121817 2 
22 22 43 0.0116879 0.036 0.00936883 11 
23 22 43 0 0.032 0.00923767 1 
24 22 43 0 0.007 0.0115481 1 
25 22 43 0 0.04 0.00886423 1 
26 22 43 0.00520519 0.001 0.00758472 11 
27 22 43 0 0.034 0.0114319 1 
28 22 43 0 0.031 0.0121761 1 
29 22 43 0 0.041 0.0101465 1 
30 22 43 0 0.002 0.0109608 1 
31 22 43 0 0.037 0.012814 1 
32 22 43 0.00109737 0.019 0.0106254 2 
0 22 44 0 0.013 0.0115279 1 
1 22 44 0.00501624 0.012 0.0126943 7 
2 22 44 0.00331483 0.024 0.0136089 3 
3 22 44 0.0150215 0.011 0.00969175 14 
4 22 44 0 0.049 0.00918422 1 
5 22 44 0 0.048 0.0130939 1 
6 22 44 0 0.042 0.0124977 1 
7 22 44 0 0.046 0.0104656 1 
8 22 44 0 0.001 0.00955565 1 
9 22 44 0 0.015 0.00984829 1 
10 22 44 0 0.001 0.0104619 1 
11 22 44 0 0.001 0.0110449 1 
12 22 44 0.00156414 0.008 0.010952 2 
13 22 44 0.000908462 0.018 0.0123478 5 
14 22 44 0.00149298 0.008 0.00889259 3 
15 22 44 0 0.048 0.0106652 1 
16 22 44 0 0.022 0.0164247 1 
17 22 44 1.92864e-05 0.007 0.0121377 3 
18 22 44 0.00318928 0.018 0.0103184 3 
19 22 44 0.00400571 0.031 0.00853844 7 
20 22 44 0 0.039 0.00974808 1 
21 22 44 0.000810719 0.047 0.0135497 2 
22 22 44 0.00237806 0.01 0.012693 7 
23 22 44 0.0129803 0.003 0.0106084 19 
24 22 44 0.00200396 0.038 0.0128264 2 
25 22 44 0 0.048 0.00998622 1 
26 22 44 0 0.017 0.00905389 1 
27 22 44 0 0.014 0.0110274 1 
28 22 44 0 0.007 0.0112399 1 
29 22 44 0.00206792 0.002 0.0140629 2 
30 22 44 0.0279845 0.011 0.00937078 22 
31 22 44 0 0.023 0.00881248 1 
32 22 44 0 0.046 0.00996457 1 
0 22 45 0 0.045 0.00931727 1 
1 22 45 0.00790064 0.006 0.0081012 16 
2 22 45 0.00133345 0.012 0.00902543 3 
3 22 45 0 0.042 0.0112652 1 
4 22 45 0.000426408 0.011 0.0116684 2 
5 22 45 0 0.045 0.0137712 1 
6 22 45 0 0.023 0.0118734 1 
7 22 45 0 0.039 0.00839518 1 
8 22 45 0 0.011 0.0131428 1 
9 22 45 0.000848081 0.005 0.00763162 2 
10 22 45 1.95773e-05 0.025 0.0103417 2 
11 22 45 0 0.018 0.0137051 1 
12 22 45 0.000492284 0.036 0.0129371 6 
13 22 45 0 0.036 0.00780296 1 
14 22 45 0 0.003 0.0109336 1 
15 22 45 0 0.043 0.0116259 1 
16 22 45 0 0.023 0.0128586 1 
17 22 45 0.0131437 0.002 0.0120626 21 
18 22 45 0.000130745 0.048 0.00957861 2 
19 22 45 0.00630468 0.04 0.0111341 10 
20 22 45 0.000349414 0.014 0.0119705 2 
21 22 45 0.00174481 0.028 0.0138461 2 
22 22 45 0.000947144 0.012 0.0112632 2 
23 22 45 0 0.003 0.0112486 1 
24 22 45 0 0.042 0.0143542 1 
25 22 45 0 0.038 0.011898 1 
26 22 45 0 0.04 0.00912696 1 
27 22 45 0 0.035 0.00950477 1 
28 22 45 0 0.024 0.0111712 1 
29 22 45 0 0.012 0.0124996 1 
30 22 45 0 0.045 0.00887217 1 
31 22 45 0 0.001 0.0137472 1 
32 22 45 0 0.028 0.0110263 1 
0 22 46 0 0.023 0.00847671 1 
1 22 46 0 0.035 0.0103875 1 
2 22 46 0.00316952 0.048 0.0125849 3 
3 22 46 0 0.006 0.0102285 1 
4 22 46 0.000522737 0.046 0.00959583 2 
5 22 46 0 0.012 0.0128499 1 
6 22 46 0 0.039 0.0134772 1 
7 22 46 0.00251569 0.014 0.0113707 8 
8 22 46 0 0.027 0.00804476 1 
9 22 46 0 0.001 0.00994224 1 
10 22 46 0 0.022 0.00927751 1 
11 22 46 0.00204095 0.049 0.0108777 2 
12 22 46 0.00914934 0.046 0.0107773 8 
13 22 46 0 0.006 0.0111615 1 
14 22 46 0 0.029 0.00861338 1 
15 22 46 0 0.007 0.014356 1 
16 22 46 0 0.018 0.0129742 1 
17 22 46 0 0.03 0.00802981 1 
18 22 46 0.00200914 0.009 0.0156949 2 
19 22 46 0 0.049 0.011558 1 
20 22 46 0.000150743 0.044 0.00956597 2 
21 22 46 0 0.02 0.0140109 1 
22 22 46 0 0.023 0.0113862 1 
23 22 46 4.16816e-07 0.001 0.00935731 2 
24 22 46 0 0.003 0.012061 1 
25 22 46 0 0.023 0.0111145 1 
26 22 46 0.000927481 0.008 0.00991131 3 
27 22 46 0 0.002 0.0101069 1 
28 22 46 0.00200914 0.036 0.0160215 2 
29 22 46 0 0.047 0.00655686 1 
30 22 46 0.014325 0.002 0.0107939 22 
31 22 46 0 0.034 0.0124438 1 
32 22 46 0.000483546 0.017 0.0125741 6 
0 22 47 0 0.018 0.0130308 1 
1 22 47 0.000627675 0.004 0.0091664 4 
2 22 47 0 0.027 0.0068246 1 
3 22 47 0 0.013 0.0130948 1 
4 22 47 0.00081241 0.041 0.00925958 5 
5 22 47 0 0.029 0.0114046 1 
6 22 47 0 0.015 0.0106748 1 
7 22 47 0.000585572 0.004 0.0122267 2 
8 22 47 0 0.005 0.0146996 1 
9 22 47 0 0.02 0.00886466 1 
10 22 47 0 0.035 0.00983803 1 
11 22 47 0 0.043 0.008608 1 
12 22 47 0.00332513 0.018 0.0115979 4 
13 22 47 0.0103212 0.002 0.0101234 17 
14 22 47 0 0.021 0.0109486 1 
15 22 47 0 0.03 0.0126629 1 
16 22 47 0 0.015 0.0128041 1 
17 22 47 7.69896e-07 0.007 0.00972332 3 
18 22 47 0 0.007 0.00843366 1 
19 22 47 0 0.005 0.00889375 1 
20 22 47 0.00582794 0.005 0.0112647 12 
21 22 47 0 0.011 0.0125991 1 
22 22 47 0 0.041 0.0145781 1 
23 22 47 0 0.025 0.0107196 1 
24 22 47 0 0.023 0.00952003 1 
25 22 47 0 0.048 0.0118903 1 
26 22 47 0.000324108 0.014 0.0101321 2 
27 22 47 0.0026811 0.022 0.0147383 2 
28 22 47 0.00106081 0.043 0.0123251 2 
29 22 47 0 0.015 0.0121589 1 
30 22 47 0 0.024 0.010892 1 
31 22 47 0 0.04 0.00898006 1 
32 22 47 0 0.006 0.0100947 1 
0 22 48 0.00184795 0.032 0.0102782 2 
1 22 48 3.61498e-05 0.005 0.00959723 2 
2 22 48 1.79535e-06 0.007 0.0112941 2 
3 22 48 0.00602861 0.017 0.0091144 9 
4 22 48 0 0.014 0.0112142 1 
5 22 48 0 0.038 0.0133572 1 
6 22 48 0 0.033 0.0144843 1 
7 22 48 0.00172654 0.029 0.0124817 7 
8 22 48 0 0.029 0.0102314 1 
9 22 48 6.99849e-05 0.026 0.0124289 3 
10 22 48 0 0.034 0.0103632 1 
11 22 48 0 0.032 0.0113154 1 
12 22 48 0 0.009 0.0119224 1 
13 22 48 0.00445949 0.01 0.00801685 16 
14 22 48 0 0.026 0.0123206 1 
15 22 48 0 0.002 0.0118126 1 
16 22 48 0 0.017 0.0159926 1 
17 22 48 0.00623287 0.006 0.0126635 21 
18 22 48 0 0.028 0.012193 1 
19 22 48 0.0106211 0.033 0.00891133 9 
20 22 48 0.00173654 0.032 0.00819211 4 
21 22 48 0 0.043 0.0132189 1 
22 22 48 0 0.008 0.0111427 1 
23 22 48 0.014033 0.009 0.0133808 17 
24 22 48 0 0.03 0.0154529 1 
25 22 48 0 0.003 0.0125652 1 
26 22 48 0.00660969 0.015 0.00994295 5 
27 22 48 0.000513882 0.021 0.0126061 2 
28 22 48 0.00186794 0.006 0.0120224 2 
29 22 48 0.00326905 0.023 0.0104656 3 
30 22 48 0.00213712 0.013 0.0120392 4 
31 22 48 0 0.014 0.0137646 1 
32 22 48 0 0.034 0.00803906 1 
0 22 49 0 0.022 0.011059 1 
1 22 49 0.00130658 0.004 0.0120411 3 
2 22 49 0.00188628 0.042 0.0118422 2 
3 22 49 0 0.034 0.0125632 1 
4 22 49 0 0.024 0.0124183 1 
5 22 49 0 0.038 0.00832602 1 
6 22 49 0 0.024 0.0105102 1 
7 22 49 0 0.001 0.00821028 1 
8 22 49 0 0.009 0.0105631 1 
9 22 49 0 0.047 0.00902902 1 
10 22 49 0 0.013 0.0146429 1 
11 22 49 0 0.04 0.0120285 1 
12 22 49 0.000568804 0.043 0.0106029 2 
13 22 49 0.00869908 0.026 0.0121633 5 
14 22 49 0 0.031 0.00984754 1 
15 22 49 0 0.018 0.0126124 1 
16 22 49 0 0.017 0.0127301 1 
17 22 49 0 0.011 0.011609 1 
18 22 49 0 0.033 0.0127524 1 
19 22 49 0 0.048 0.012587 1 
20 22 49 0.00125002 0.024 0.0106362 3 
21 22 49 0 0.018 0.0126596 1 
22 22 49 0 0.027 0.0116464 1 
23 22 49 0.00168866 0.032 0.0122943 3 
24 22 49 0 0.006 0.0126755 1 
25 22 49 0.020276 0.008 0.00987114 28 
26 22 49 0 0.012 0.00764658 1 
27 22 49 1.51694e-05 0.02 0.00791378 2 
28 22 49 0.00191797 0.003 0.00850234 2 
29 22 49 0 0.037 0.0130106 1 
30 22 49 0.0140783 0.011 0.0127518 22 
31 22 49 0.00506533 0.038 0.0107281 6 
32 22 49 0 0.043 0.0130717 1 
0 22 50 1.45953e-06 0.018 0.0119408 2 
1 22 50 0 0.028 0.0116918 1 
2 22 50 0 0.002 0.0129208 1 
3 22 50 0 0.025 0.0132065 1 
4 22 50 0 0.001 0.0127415 1 
5 22 50 0 0.003 0.0104327 1 
6 22 50 0 0.029 0.0130372 1 
7 22 50 0 0.015 0.0129091 1 
8 22 50 0 0.019 0.0131615 1 
9 22 50 0.00150378 0.007 0.0108129 3 
10 22 50 0.000823651 0.008 0.0125162 2 
11 22 50 0.0020579 0.001 0.0117873 2 
12 22 50 0.00330953 0.016 0.0131888 5 
13 22 50 0.000429453 0.02 0.0104059 3 
14 22 50 0.00141988 0.045 0.0136717 3 
15 22 50 0 0.028 0.011501 1 
16 22 50 0 0.011 0.00960989 1 
17 22 50 0.0217567 0.028 0.0119687 15 
18 22 50 0 0.021 0.0113481 1 
19 22 50 0 0.004 0.00998593 1 
20 22 50 0.000809461 0.018 0.0121105 2 
21 22 50 0 0.013 0.0108204 1 
22 22 50 0 0.012 0.010877 1 
23 22 50 0.00137381 0.008 0.0132302 2 
24 22 50 0 0.015 0.0155724 1 
25 22 50 0 0.037 0.0103342 1 
26 22 50 0.00385401 0.011 0.00848453 4 
27 22 50 0 0.032 0.0138345 1 
28 22 50 0 0.041 0.0130776 1 
29 22 50 0 0.043 0.0101924 1 
30 22 50 0.00782629 0.007 0.00997257 10 
31 22 50 0 0.038 0.0100481 1 
32 22 50 0 0.047 0.0104006 1 
0 22 51 0 0.04 0.00921888 1 
1 22 51 0.00375767 0.041 0.00990019 4 
2 22 51 0 0.002 0.0114089 1 
3 22 51 0 0.022 0.0122524 1 
4 22 51 0 0.011 0.0201663 1 
5 22 51 0 0.036 0.0124503 1 
6 22 51 0 0.035 0.0104022 1 
7 22 51 0 0.006 0.0110241 1 
8 22 51 0.0043342 0.023 0.0117408 6 
9 22 51 0 0.042 0.0101984 1 
10 22 51 0 0.013 0.011002 1 
11 22 51 0 0.025 0.012747 1 
12 22 51 0 0.01 0.00931599 1 
13 22 51 0.00297783 0.005 0.00956267 3 
14 22 51 0.000144127 0.016 0.0102714 3 
15 22 51 0 0.024 0.0103433 1 
16 22 51 0 0.042 0.0130238 1 
17 22 51 0.00258246 0.025 0.0115956 2 
18 22 51 0 0.011 0.0145306 1 
19 22 51 0.0117369 0.012 0.00960041 12 
20 22 51 0 0.004 0.0111765 1 
21 22 51 1.91688e-05 0.014 0.0107485 2 
22 22 51 0 0.04 0.0132465 1 
23 22 51 0 0.014 0.0108958 1 
24 22 51 0 0.005 0.0127966 1 
25 22 51 9.35497e-05 0.011 0.0102987 2 
26 22 51 0 0.013 0.00951421 1 
27 22 51 0.00170864 0.028 0.00978629 3 
28 22 51 0 0.04 0.0124316 1 
29 22 51 0 0.035 0.0128108 1 
30 22 51 0.00162684 0.026 0.0101471 2 
31 22 51 0 0.038 0.0110977 1 
32 22 51 0.00198349 0.016 0.010834 2 
0 22 52 0.00502916 0.013 0.0122048 13 
1 22 52 0 0.027 0.0102566 1 
2 22 52 0 0.048 0.0156823 1 
3 22 52 1.99584e-05 0.003 0.0118037 2 
4 22 52 0 0.013 0.0127427 1 
5 22 52 0.00695219 0.006 0.0110753 10 
6 22 52 0 0.022 0.0115744 1 
7 22 52 0.00893159 0.031 0.0098443 5 
8 22 52 0 0.038 0.0136096 1 
9 22 52 0 0.003 0.0114014 1 
10 22 52 0.000482135 0.042 0.0109451 2 
11 22 52 0 0.021 0.0121345 1 
12 22 52 0 0.034 0.00954549 1 
13 22 52 0 0.019 0.0120612 1 
14 22 52 0.0242891 0.007 0.00987782 38 
15 22 52 0 0.044 0.00989822 1 
16 22 52 0.00199917 0.009 0.0118185 2 
17 22 52 0 0.034 0.0112778 1 
18 22 52 0 0.004 0.0117327 1 
19 22 52 0 0.009 0.011047 1 
20 22 52 0 0.044 0.00860205 1 
21 22 52 0.00219058 0.006 0.0125126 2 
22 22 52 0 0.02 0.0168118 1 
23 22 52 0 0.018 0.0109141 1 
24 22 52 0 0.047 0.0114594 1 
25 22 52 0 0.032 0.00995803 1 
26 22 52 0.00370732 0.024 0.0123972 5 
27 22 52 0 0.007 0.0119072 1 
28 22 52 0 0.029 0.0121293 1 
29 22 52 0.00296376 0.02 0.0107695 2 
30 22 52 0 0.008 0.0124043 1 
31 22 52 0 0.037 0.0110648 1 
32 22 52 0.00199917 0.025 0.0086038 2 
0 22 53 0.00302538 0.044 0.0108539 4 
1 22 53 0.000313315 0.012 0.0108648 2 
2 22 53 0 0.041 0.00908519 1 
3 22 53 0.000658129 0.011 0.0114843 2 
4 22 53 1.88002e-06 0.019 0.0100953 2 
5 22 53 0 0.015 0.0111475 1 
6 22 53 0 0.041 0.0120182 1 
7 22 53 0.00293484 0.012 0.0109295 6 
8 22 53 0 0.024 0.0103299 1 
9 22 53 0 0.049 0.0116966 1 
10 22 53 0.00098335 0.005 0.00896122 2 
11 22 53 0 0.031 0.0106006 1 
12 22 53 0.00211693 0.017 0.00828035 2 
13 22 53 0 0.01 0.00862184 1 
14 22 53 0.00508955 0.017 0.00863125 5 
15 22 53 0 0.016 0.013407 1 
16 22 53 0 0.014 0.0125347 1 
17 22 53 0 0.007 0.0131853 1 
18 22 53 0 0.012 0.00942536 1 
19 22 53 0.000304756 0.018 0.0110729 2 
20 22 53 0 0.028 0.010026 1 
21 22 53 5.52528e-07 0.001 0.00940795 2 
22 22 53 0 0.047 0.00967844 1 
23 22 53 0 0.043 0.0100666 1 
24 22 53 0 0.026 0.0130395 1 
25 22 53 0.00500097 0.042 0.00990757 7 
26 22 53 0 0.002 0.0130107 1 
27 22 53 0 0.048 0.0103238 1 
28 22 53 0 0.025 0.0113522 1 
29 22 53 0.00201831 0.043 0.0114895 2 
30 22 53 0 0.044 0.0113666 1 
31 22 53 0 0.046 0.0135406 1 
32 22 53 6.59869e-05 0.016 0.00846366 2 
0 22 54 0 0.005 0.0138629 1 
1 22 54 0.000543524 0.025 0.010008 2 
2 22 54 0 0.022 0.0137571 1 
3 22 54 0 0.024 0.0121167 1 
4 22 54 0 0.022 0.0143611 1 
5 22 54 0 0.019 0.0129269 1 
6 22 54 0 0.036 0.0112666 1 
7 22 54 0 0.015 0.0118206 1 
8 22 54 0 0.01 0.0144266 1 
9 22 54 0 0.012 0.0111805 1 
10 22 54 0 0.034 0.00812078 1 
11 22 54 0 0.004 0.0124722 1 
12 22 54 0 0.014 0.0117158 1 
13 22 54 0.00048675 0.033 0.0114244 2 
14 22 54 0 0.005 0.0119406 1 
15 22 54 0.0021633 0.016 0.00966557 2 
16 22 54 0 0.008 0.0117476 1 
17 22 54 0 0.036 0.00986563 1 
18 22 54 0 0.009 0.0117195 1 
19 22 54 0 0.004 0.0126238 1 
20 22 54 0.00745135 0.007 0.0103183 8 
21 22 54 0.00236278 0.044 0.0148662 2 
22 22 54 0 0.04 0.0101098 1 
23 22 54 0.000405015 0.003 0.00894759 4 
24 22 54 0 0.035 0.0118211 1 
25 22 54 0 0.009 0.0103311 1 
26 22 54 0 0.03 0.00932927 1 
27 22 54 0 0.002 0.00954037 1 
28 22 54 0 0.009 0.0138516 1 
29 22 54 0.00279329 0.031 0.0131103 2 
30 22 54 0 0.012 0.0139171 1 
31 22 54 0 0.016 0.0113498 1 
32 22 54 0 0.04 0.00894173 1 
0 22 55 0 0.03 0.00946894 1 
1 22 55 0 0.027 0.00860407 1 
2 22 55 0 0.013 0.0095226 1 
3 22 55 0.00766804 0.033 0.0084396 6 
4 22 55 0 0.013 0.0102156 1 
5 22 55 0 0.042 0.0102613 1 
6 22 55 0 0.02 0.011948 1 
7 22 55 6.23359e-05 0.009 0.0113744 2 
8 22 55 0 0.029 0.00934155 1 
9 22 55 0.000279415 0.026 0.0127282 2 
10 22 55 0 0.027 0.0103957 1 
11 22 55 0 0.032 0.0119916 1 
12 22 55 0.00703925 0.009 0.0102316 4 
13 22 55 0 0.021 0.0114601 1 
14 22 55 0.00110826 0.002 0.0109625 2 
15 22 55 0.00212242 0.031 0.0125289 2 
16 22 55 0.00212242 0.044 0.0125336 2 
17 22 55 0.00224093 0.005 0.0102404 9 
18 22 55 0 0.03 0.0118563 1 
19 22 55 0.000202661 0.019 0.012002 4 
20 22 55 0 0.042 0.013237 1 
21 22 55 0 0.007 0.0110628 1 
22 22 55 0 0.03 0.00931368 1 
23 22 55 2.77869e-05 0.031 0.0106445 2 
24 22 55 0.00208972 0.036 0.0128414 2 
25 22 55 0 0.03 0.00892469 1 
26 22 55 0.00111831 0.014 0.0128782 2 
27 22 55 0 0.041 0.0103837 1 
28 22 55 0 0.041 0.0102146 1 
29 22 55 0.00202433 0.014 0.012609 2 
30 22 55 0.0266215 0.007 0.00937942 32 
31 22 55 0 0.002 0.0119803 1 
32 22 55 0.00345015 0.008 0.00927462 2 
0 22 56 0.00370978 0.037 0.00994154 3 
1 22 56 0.00273458 0.022 0.0123546 5 
2 22 56 0 0.002 0.0118329 1 
3 22 56 0 0.021 0.00947677 1 
4 22 56 0 0.003 0.0117707 1 
5 22 56 0 0.019 0.0130004 1 
6 22 56 0 0.038 0.0103561 1 
7 22 56 0.00207399 0.016 0.0150544 5 
8 22 56 0 0.026 0.0117421 1 
9 22 56 0 0.035 0.010698 1 
10 22 56 0 0.033 0.0109082 1 
11 22 56 0.00330453 0.014 0.0142246 3 
12 22 56 0 0.026 0.0106139 1 
13 22 56 0 0.031 0.0102842 1 
14 22 56 0 0.001 0.0107868 1 
15 22 56 0.0020159 0.045 0.0137554 2 
16 22 56 0.0020159 0.023 0.0124191 2 
17 22 56 0 0.028 0.0109063 1 
18 22 56 0.00204806 0.025 0.0124634 2 
19 22 56 0 0.006 0.0112371 1 
20 22 56 0 0.028 0.0136075 1 
21 22 56 0 0.016 0.011755 1 
22 22 56 0.00299764 0.028 0.0108801 6 
23 22 56 0 0.026 0.0107724 1 
24 22 56 0 0.036 0.0124546 1 
25 22 56 0 0.048 0.0128598 1 
26 22 56 0 0.021 0.0109411 1 
27 22 56 0 0.046 0.00955922 1 
28 22 56 0.00204806 0.007 0.0119852 2 
29 22 56 0 0.011 0.0114141 1 
30 22 56 0.0075649 0.027 0.0110437 6 
31 22 56 0 0.02 0.0105744 1 
32 22 56 0 0.003 0.0137251 1 
0 22 57 0.00696232 0.04 0.0133864 4 
1 22 57 0 0.009 0.0113035 1 
2 22 57 0 0.028 0.0128273 1 
3 22 57 0.0314446 0.007 0.0146699 42 
4 22 57 0 0.04 0.00839993 1 
5 22 57 0 0.01 0.0101903 1 
6 22 57 0 0.028 0.013774 1 
7 22 57 0.000909223 0.008 0.0101775 2 
8 22 57 0 0.022 0.012543 1 
9 22 57 0 0.025 0.0149019 1 
10 22 57 0 0.048 0.0150131 1 
11 22 57 0.000704268 0.048 0.00990517 2 
12 22 57 0.0245957 0.02 0.0130058 20 
13 22 57 0 0.027 0.00986777 1 
14 22 57 0 0.015 0.0124608 1 
15 22 57 0 0.006 0.0127103 1 
16 22 57 0.00197632 0.013 0.0122731 2 
17 22 57 0.0383152 0.003 0.0115571 56 
18 22 57 0 0.026 0.010857 1 
19 22 57 0.000873413 0.002 0.0113365 2 
20 22 57 7.42769e-05 0.027 0.0104679 2 
21 22 57 0 0.034 0.0144094 1 
22 22 57 0.00291537 0.031 0.0124515 4 
23 22 57 0 0.032 0.00936167 1 
24 22 57 0 0.003 0.00887369 1 
25 22 57 0.00108972 0.013 0.0115343 2 
26 22 57 0.000456695 0.002 0.00808565 2 
27 22 57 0.0253927 0.012 0.0121718 27 
28 22 57 0 0.036 0.0161638 1 
29 22 57 0 0.032 0.00986318 1 
30 22 57 0.00263929 0.037 0.010659 3 
31 22 57 0 0.028 0.0116833 1 
32 22 57 0.00497829 0.016 0.0111767 6 
0 22 58 0 0.047 0.0125114 1 
1 22 58 0.00169018 0.006 0.0110183 3 
2 22 58 0 0.017 0.013778 1 
3 22 58 0.000814693 0.006 0.0104263 3 
4 22 58 6.52294e-06 0.022 0.00965419 2 
5 22 58 0 0.038 0.0101102 1 
6 22 58 0 0.004 0.012211 1 
7 22 58 0.000213338 0.013 0.0107391 2 
8 22 58 0 0.029 0.0106013 1 
9 22 58 0 0.025 0.014138 1 
10 22 58 0 0.015 0.0139807 1 
11 22 58 0 0.012 0.0112145 1 
12 22 58 0.00926232 0.015 0.00938292 8 
13 22 58 0 0.044 0.012554 1 
14 22 58 0 0.033 0.0116869 1 
15 22 58 0 0.045 0.010741 1 
16 22 58 0.00202141 0.048 0.0125346 2 
17 22 58 0 0.018 0.00926199 1 
18 22 58 0 0.001 0.0141648 1 
19 22 58 0.000325164 0.013 0.0120766 2 
20 22 58 0 0.023 0.00863703 1 
21 22 58 0 0.008 0.0110448 1 
22 22 58 0.00369953 0.012 0.00890405 12 
23 22 58 4.23219e-05 0.016 0.00999252 2 
24 22 58 0.0020534 0.024 0.0150015 2 
25 22 58 0 0.01 0.0111056 1 
26 22 58 0.00600031 0.006 0.0100204 12 
27 22 58 0.000613532 0.026 0.00804552 3 
28 22 58 0 0.039 0.0139766 1 
29 22 58 0.00338387 0.003 0.0114922 2 
30 22 58 0.0261467 0.003 0.00932536 36 
31 22 58 0.00725998 0.046 0.0117721 8 
32 22 58 0.00224245 0.016 0.0132863 3 
0 22 59 0 0.001 0.0138809 1 
1 22 59 0 0.047 0.00970468 1 
2 22 59 0 0.003 0.010425 1 
3 22 59 0.0369606 0.003 0.0123378 29 
4 22 59 0.000305474 0.001 0.00754031 2 
5 22 59 0 0.048 0.0129809 1 
6 22 59 0 0.024 0.0143768 1 
7 22 59 0 0.019 0.0127667 1 
8 22 59 0 0.008 0.0104605 1 
9 22 59 0 0.015 0.0122688 1 
10 22 59 0 0.045 0.0122217 1 
11 22 59 0.00191864 0.022 0.0109741 2 
12 22 59 0 0.032 0.0135063 1 
13 22 59 0.00264934 0.011 0.0105982 4 
14 22 59 0 0.033 0.00987133 1 
15 22 59 0 0.038 0.0100023 1 
16 22 59 0.00198152 0.038 0.0110358 2 
17 22 59 0.0339458 0.001 0.00983916 57 
18 22 59 0 0.035 0.011646 1 
19 22 59 0 0.013 0.00991013 1 
20 22 59 0.00141121 0.037 0.0118189 4 
21 22 59 0.0136945 0.014 0.011373 11 
22 22 59 0 0.028 0.0109544 1 
23 22 59 0 0.003 0.00944447 1 
24 22 59 0.00195008 0.049 0.0132306 2 
25 22 59 0 0.043 0.0112976 1 
26 22 59 0.00229936 0.001 0.0100253 3 
27 22 59 0 0.006 0.0125395 1 
28 22 59 0 0.034 0.0097641 1 
29 22 59 0 0.009 0.00906154 1 
30 22 59 0.00011798 0.03 0.0126483 3 
31 22 59 0 0.045 0.0112544 1 
32 22 59 0.00772002 0.034 0.0090452 7 
0 22 60 0.0100649 0.013 0.0124688 12 
1 22 60 0.00855085 0.008 0.00851459 18 
2 22 60 0.00302661 0.026 0.0111799 3 
3 22 60 0.00896603 0.014 0.0125105 13 
4 22 60 0 0.012 0.0147674 1 
5 22 60 9.7953e-08 0.037 0.00792599 2 
6 22 60 0 0.049 0.0112799 1 
7 22 60 0.0135571 0.026 0.0116909 9 
8 22 60 0 0.003 0.00941463 1 
9 22 60 0 0.042 0.0118655 1 
10 22 60 0 0.004 0.0118818 1 
11 22 60 0.00144608 0.043 0.0118929 3 
12 22 60 0.00532378 0.026 0.0110196 5 
13 22 60 0 0.024 0.0112569 1 
14 22 60 0.00215007 0.029 0.0101437 4 
15 22 60 0.00202694 0.02 0.00891534 2 
16 22 60 0 0.01 0.0138498 1 
17 22 60 0.0314558 0.01 0.0121641 22 
18 22 60 0 0.046 0.0118233 1 
19 22 60 0 0.01 0.010298 1 
20 22 60 0 0.039 0.0111236 1 
21 22 60 0.00216385 0.025 0.0103724 4 
22 22 60 0.00202694 0.018 0.00852054 2 
23 22 60 0.00867941 0.025 0.013293 5 
24 22 60 0 0.047 0.0122815 1 
25 22 60 0.00290582 0.026 0.0106017 3 
26 22 60 0.0010332 0.035 0.0097683 2 
27 22 60 0.0103157 0.025 0.0106404 12 
28 22 60 0 0.029 0.0108565 1 
29 22 60 0.00212239 0.03 0.00964412 2 
30 22 60 0.0238774 0.003 0.00883066 41 
31 22 60 0.00364414 0.008 0.00844304 2 
32 22 60 0.0120086 0.01 0.00950103 10 
