0 23 0 0 0.046 0.0152922 1 
1 23 0 0 0.016 0.012343 1 
2 23 0 0.00457352 0.037 0.0201996 1 
3 23 0 0 0.039 0.0133533 1 
4 23 0 0 0.043 0.0117023 1 
5 23 0 0.0188185 0.029 0.0203676 4 
6 23 0 0 0.015 0.0187239 1 
7 23 0 0.0156547 0.026 0.0158821 8 
8 23 0 0 0.026 0.0145337 1 
9 23 0 0.0203699 0.009 0.018895 22 
10 23 0 0.0269161 0.004 0.0158969 9 
11 23 0 0.00457352 0.007 0.0136291 1 
12 23 0 0.0166649 0.007 0.0158865 18 
13 23 0 0 0.026 0.0105132 1 
14 23 0 0.00165334 0.004 0.0170019 4 
15 23 0 0 0.033 0.0137791 1 
16 23 0 0 0.002 0.0134102 1 
17 23 0 0 0.037 0.0168236 1 
18 23 0 0.00449635 0.027 0.0170285 1 
19 23 0 0 0.038 0.0179008 1 
20 23 0 0 0.046 0.0132836 1 
21 23 0 0.00708763 0.034 0.0142374 4 
22 23 0 0.000786813 0.002 0.0136725 2 
23 23 0 1 0.001 0.0310426 2 
24 23 0 0.00169478 0.021 0.0167807 1 
25 23 0 0 0.001 0.0144297 1 
26 23 0 0 0.047 0.0146778 1 
27 23 0 0.00328068 0.039 0.0139775 2 
28 23 0 0 0.03 0.0171831 1 
29 23 0 0 0.002 0.00860182 1 
30 23 0 0 0.042 0.0130291 2 
31 23 0 0.00170218 0.044 0.0131066 4 
32 23 0 0.0476939 0.004 0.0182782 28 
0 23 1 0 0.032 0.0141629 1 
1 23 1 0 0.002 0.0179885 1 
2 23 1 0.00518258 0.006 0.0156549 1 
3 23 1 0.00320988 0.031 0.0155044 3 
4 23 1 0 0.022 0.0225119 1 
5 23 1 0.0158429 0.037 0.0501326 1 
6 23 1 0 0.047 0.0193697 1 
7 23 1 0.00413662 0.049 0.0113974 3 
8 23 1 0.0140217 0.012 0.0418633 1 
9 23 1 0 0.006 0.0160015 1 
10 23 1 0.015674 0.048 0.0408027 1 
11 23 1 0 0.041 0.0161537 1 
12 23 1 0.00204569 0.005 0.0169499 3 
13 23 1 5.99139e-06 0.022 0.0141498 2 
14 23 1 0.00160988 0.001 0.0140524 4 
15 23 1 0 0.04 0.0112809 1 
16 23 1 0 0.021 0.0174074 1 
17 23 1 0.0107867 0.011 0.0173177 14 
18 23 1 0.00171445 0.02 0.0161228 1 
19 23 1 0 0.028 0.0136117 1 
20 23 1 0.00077509 0.021 0.0125512 2 
21 23 1 0 0.009 0.0159609 1 
22 23 1 0.00601304 0.007 0.0177805 10 
23 23 1 0.00234016 0.027 0.0116974 5 
24 23 1 0 0.008 0.0172468 1 
25 23 1 0.0109575 0.015 0.0115638 3 
26 23 1 0.000158456 0.01 0.0144358 3 
27 23 1 0 0.018 0.0137532 1 
28 23 1 0 0.001 0.0133661 1 
29 23 1 0.00430196 0.004 0.0181273 2 
30 23 1 0 0.025 0.0166159 1 
31 23 1 0 0.022 0.0167661 1 
32 23 1 0 0.04 0.0147795 1 
0 23 2 0 0.028 0.0116885 1 
1 23 2 0.00292025 0.019 0.0143745 2 
2 23 2 0.0067463 0.027 0.0136506 3 
3 23 2 0 0.02 0.01763 1 
4 23 2 0 0.031 0.010405 1 
5 23 2 0.0163811 0.005 0.061208 1 
6 23 2 0.00462577 0.029 0.0149856 1 
7 23 2 0 0.007 0.0145297 1 
8 23 2 0.0109394 0.017 0.030161 1 
9 23 2 0.022164 0.007 0.0167968 13 
10 23 2 0 0.002 0.0183702 1 
11 23 2 0.00572663 0.003 0.013602 1 
12 23 2 0 0.027 0.0114054 1 
13 23 2 0 0.007 0.0192033 1 
14 23 2 0 0.011 0.0169319 1 
15 23 2 0 0.007 0.0186897 1 
16 23 2 0 0.005 0.0157413 1 
17 23 2 0 0.048 0.0141277 1 
18 23 2 0 0.023 0.0156732 1 
19 23 2 0 0.004 0.0135887 1 
20 23 2 0 0.042 0.0133816 1 
21 23 2 0.00536637 0.027 0.0208934 1 
22 23 2 0 0.001 0.0131019 1 
23 23 2 0.00210976 0.021 0.0136962 6 
24 23 2 0 0.029 0.0140385 1 
25 23 2 0 0.045 0.0112144 1 
26 23 2 0 0.004 0.0124445 1 
27 23 2 0.00671775 0.022 0.0166607 7 
28 23 2 0.00171237 0.031 0.0175096 1 
29 23 2 0.00438705 0.034 0.00991384 2 
30 23 2 0 0.004 0.0157567 1 
31 23 2 0 0.042 0.0143688 1 
32 23 2 0.0144053 0.001 0.0136287 16 
0 23 3 0 0.028 0.0138011 1 
1 23 3 0.00135117 0.043 0.0155087 2 
2 23 3 0.000218818 0.01 0.0114546 2 
3 23 3 0 0.02 0.0157388 1 
4 23 3 0 0.003 0.0151923 1 
5 23 3 0.0169193 0.019 0.0728546 1 
6 23 3 0.00517041 0.03 0.0168276 1 
7 23 3 0 0.027 0.0155401 1 
8 23 3 0.0114806 0.037 0.0512279 1 
9 23 3 0 0.028 0.0177498 1 
10 23 3 0 0.042 0.0146497 1 
11 23 3 0.00288363 0.014 0.0123114 1 
12 23 3 0.00269496 0.006 0.0135705 3 
13 23 3 0 0.047 0.0156342 1 
14 23 3 0.00211343 0.018 0.0158575 3 
15 23 3 0 0.004 0.0144022 1 
16 23 3 0 0.047 0.0156223 1 
17 23 3 0 0.007 0.0116977 1 
18 23 3 0 0.045 0.0148359 1 
19 23 3 0.00749134 0.019 0.0144113 9 
20 23 3 0 0.037 0.0153 1 
21 23 3 0 0.002 0.0198456 1 
22 23 3 0.00389731 0.004 0.0119741 5 
23 23 3 0 0.02 0.0195223 1 
24 23 3 0 0.03 0.016356 1 
25 23 3 0.000497878 0.013 0.0156648 2 
26 23 3 0 0.02 0.0115828 1 
27 23 3 0 0.018 0.0136133 1 
28 23 3 0 0.019 0.011948 1 
29 23 3 0.005391 0.034 0.0191423 2 
30 23 3 0.00104287 0.004 0.0144158 4 
31 23 3 0 0.015 0.0134825 1 
32 23 3 0 0.04 0.0175752 1 
0 23 4 0 0.029 0.0129629 1 
1 23 4 0 0.018 0.014534 1 
2 23 4 0.00445948 0.018 0.013115 2 
3 23 4 0.0251682 0.016 0.0147531 18 
4 23 4 0 0.019 0.0151527 1 
5 23 4 0.0174577 0.042 0.0611397 1 
6 23 4 1.89891e-06 0.019 0.0145141 2 
7 23 4 7.11712e-06 0.01 0.0172478 2 
8 23 4 0.0113065 0.024 0.0109807 4 
9 23 4 0.000386034 0.014 0.0134215 4 
10 23 4 0 0.037 0.0164118 1 
11 23 4 0.00445948 0.012 0.0168872 2 
12 23 4 0 0.046 0.0163825 1 
13 23 4 0.00184032 0.021 0.0162581 2 
14 23 4 0.00801054 0.02 0.0144189 5 
15 23 4 0 0.007 0.012084 1 
16 23 4 0 0.049 0.017278 1 
17 23 4 0.00936934 0.004 0.0168385 13 
18 23 4 0 0.041 0.0162084 1 
19 23 4 0 0.009 0.0170491 1 
20 23 4 0 0.021 0.0138226 1 
21 23 4 0.00645501 0.021 0.0146527 1 
22 23 4 0.00194293 0.023 0.0128117 3 
23 23 4 0 0.009 0.0149291 1 
24 23 4 0 0.013 0.0183735 1 
25 23 4 0.00282544 0.005 0.0157069 4 
26 23 4 0 0.011 0.012086 1 
27 23 4 0.0269594 0.001 0.0144632 31 
28 23 4 0 0.028 0.0176723 1 
29 23 4 0 0.045 0.0149567 1 
30 23 4 0 0.03 0.0184582 1 
31 23 4 0.00350781 0.016 0.0144959 1 
32 23 4 0.000436198 0.026 0.0162275 4 
0 23 5 0.00087096 0.005 0.0192669 4 
1 23 5 0 0.042 0.0139565 1 
2 23 5 0.00522879 0.027 0.0143534 3 
3 23 5 0.0268041 0.004 0.0157808 19 
4 23 5 0 0.032 0.016987 1 
5 23 5 0 0.013 0.0156426 1 
6 23 5 0 0.015 0.014207 1 
7 23 5 0 0.032 0.0159436 1 
8 23 5 0.00896359 0.002 0.050379 1 
9 23 5 0.00118077 0.001 0.0150532 3 
10 23 5 0 0.035 0.0155847 1 
11 23 5 0.00530367 0.011 0.0138136 2 
12 23 5 0 0.037 0.0124068 1 
13 23 5 0 0.01 0.0145723 1 
14 23 5 0 0.038 0.0141937 1 
15 23 5 0 0.049 0.0187814 1 
16 23 5 0 0.041 0.0120675 1 
17 23 5 0.0048325 0.001 0.0160337 5 
18 23 5 0 0.031 0.0185843 1 
19 23 5 0 0.006 0.0166042 1 
20 23 5 0 0.019 0.0146362 1 
21 23 5 0 0.033 0.0134155 1 
22 23 5 0 0.023 0.0152548 1 
23 23 5 0.000273728 0.002 0.0171697 3 
24 23 5 0 0.002 0.0141521 1 
25 23 5 0 0.019 0.0149748 1 
26 23 5 0.0138845 0.01 0.0152596 20 
27 23 5 0.00640946 0.038 0.0120497 4 
28 23 5 0 0.039 0.0150385 1 
29 23 5 0 0.008 0.0169094 1 
30 23 5 0 0.023 0.0155133 1 
31 23 5 0 0.033 0.0155308 1 
32 23 5 0 0.022 0.0133708 1 
0 23 6 0.0121795 0.001 0.0113362 12 
1 23 6 0 0.031 0.016736 1 
2 23 6 0 0.007 0.016876 1 
3 23 6 0 0.026 0.0111312 1 
4 23 6 0 0.018 0.0173069 1 
5 23 6 0.0115221 0.043 0.0209687 3 
6 23 6 0.00342166 0.007 0.0182023 1 
7 23 6 0.00539738 0.032 0.0159897 4 
8 23 6 0.00629237 0.022 0.102644 6 
9 23 6 0.0117269 0.005 0.0123821 6 
10 23 6 0 0.029 0.0163639 1 
11 23 6 0 0.03 0.0103832 1 
12 23 6 0 0.005 0.012469 1 
13 23 6 0.0134512 0.003 0.0164636 24 
14 23 6 0 0.044 0.0122482 1 
15 23 6 0 0.042 0.0180291 1 
16 23 6 0 0.001 0.0180497 1 
17 23 6 0 0.046 0.0131463 1 
18 23 6 0 0.003 0.0215451 1 
19 23 6 0 0.043 0.0123284 1 
20 23 6 0 0.029 0.0160283 1 
21 23 6 0.0041229 0.008 0.016715 1 
22 23 6 0 0.017 0.0142086 1 
23 23 6 0.0260884 0.006 0.0185148 9 
24 23 6 0 0.037 0.0168947 1 
25 23 6 0.0127274 0.016 0.0140717 13 
26 23 6 0.00265989 0.028 0.013279 5 
27 23 6 0 0.002 0.0166981 1 
28 23 6 0 0.025 0.0109461 1 
29 23 6 0 0.038 0.0188265 1 
30 23 6 0 0.008 0.0140689 1 
31 23 6 0.00459988 0.007 0.0161438 1 
32 23 6 0 0.007 0.0144653 1 
0 23 7 0.00174868 0.003 0.0133127 3 
1 23 7 0.0233439 0.048 0.0116972 10 
2 23 7 0 0.04 0.0170352 1 
3 23 7 0.000213783 0.002 0.0175085 2 
4 23 7 0 0.028 0.0192773 1 
5 23 7 0 0.026 0.0140657 1 
6 23 7 0.00396837 0.007 0.0157523 1 
7 23 7 0.00430851 0.001 0.0161893 3 
8 23 7 0.0100503 0.037 0.0371416 1 
9 23 7 0 0.03 0.0134656 1 
10 23 7 0 0.027 0.0151205 1 
11 23 7 0 0.012 0.0127576 1 
12 23 7 0 0.01 0.0178573 1 
13 23 7 0.00841575 0.014 0.0146933 10 
14 23 7 0 0.018 0.0133731 1 
15 23 7 0 0.031 0.014806 1 
16 23 7 0 0.03 0.011279 1 
17 23 7 0.0252231 0.005 0.0146215 35 
18 23 7 0 0.019 0.0165984 1 
19 23 7 0.0171793 0.017 0.0137566 7 
20 23 7 0 0.014 0.0133154 1 
21 23 7 0 0.015 0.0149504 1 
22 23 7 0.00142121 0.01 0.0110592 2 
23 23 7 0.00834854 0.003 0.014176 4 
24 23 7 0 0.023 0.0155006 1 
25 23 7 0.00396837 0.011 0.0154262 4 
26 23 7 0 0.028 0.0177256 1 
27 23 7 0 0.034 0.0158393 1 
28 23 7 0 0.01 0.0163789 1 
29 23 7 0 0.017 0.0186094 1 
30 23 7 0 0.037 0.0159923 1 
31 23 7 0 0.002 0.0108826 1 
32 23 7 0 0.016 0.0122143 1 
0 23 8 0 0.044 0.0178061 1 
1 23 8 0 0.001 0.012814 1 
2 23 8 0 0.007 0.0156876 1 
3 23 8 0 0.004 0.0157703 1 
4 23 8 0.0155605 0.026 0.0675018 1 
5 23 8 0 0.01 0.0194422 1 
6 23 8 0.00552051 0.022 0.0107765 2 
7 23 8 0 0.031 0.0138609 1 
8 23 8 0.0108755 0.044 0.0410418 1 
9 23 8 0 0.003 0.0156245 1 
10 23 8 0.0161487 0.027 0.056881 1 
11 23 8 0 0.004 0.0170746 1 
12 23 8 0 0.029 0.0167087 1 
13 23 8 0 0.012 0.0149091 1 
14 23 8 0.0279831 0.009 0.0131579 20 
15 23 8 0 0.026 0.0174288 1 
16 23 8 0.00136943 0.044 0.0211834 2 
17 23 8 0 0.013 0.0138554 1 
18 23 8 0 0.029 0.0142574 1 
19 23 8 0 0.031 0.0146497 1 
20 23 8 0.00459775 0.012 0.0122309 5 
21 23 8 0.00729184 0.045 0.013932 4 
22 23 8 0 0.033 0.0143313 1 
23 23 8 0 0.03 0.0139283 1 
24 23 8 0 0.008 0.0197273 1 
25 23 8 0.0278047 0.008 0.01528 20 
26 23 8 0 0.036 0.0152613 1 
27 23 8 0 0.017 0.0144307 1 
28 23 8 0 0.013 0.0167601 1 
29 23 8 0 0.037 0.0141774 1 
30 23 8 0 0.042 0.0123273 1 
31 23 8 0 0.003 0.0124466 1 
32 23 8 0.00188776 0.046 0.0152227 2 
0 23 9 0 0.035 0.0176778 1 
1 23 9 0 0.044 0.0123347 1 
2 23 9 0 0.043 0.0177458 1 
3 23 9 0.00526951 0.006 0.0212227 3 
4 23 9 0 0.028 0.0140594 1 
5 23 9 0.0131522 0.041 0.0720922 1 
6 23 9 0 0.02 0.014838 1 
7 23 9 0.00699292 0.012 0.014317 9 
8 23 9 0.0114199 0.025 0.0441054 1 
9 23 9 0 0.011 0.0141342 1 
10 23 9 0.000718138 0.024 0.00962945 2 
11 23 9 0 0.04 0.0154478 1 
12 23 9 0.000265563 0.034 0.013336 2 
13 23 9 0.0145228 0.005 0.0147989 25 
14 23 9 0 0.022 0.0170102 1 
15 23 9 0 0.025 0.0161062 1 
16 23 9 0 0.044 0.0152138 1 
17 23 9 0 0.01 0.0168286 1 
18 23 9 0 0.046 0.0158744 1 
19 23 9 0 0.001 0.010881 1 
20 23 9 0 0.044 0.0181284 1 
21 23 9 0.00673737 0.003 0.0125001 4 
22 23 9 0.00167549 0.039 0.0159634 2 
23 23 9 0.00499137 0.001 0.0166476 9 
24 23 9 0 0.045 0.0176738 1 
25 23 9 0 0.044 0.0153265 1 
26 23 9 3.39482e-05 0.012 0.0136171 2 
27 23 9 0 0.027 0.0155311 1 
28 23 9 0 0.008 0.0168098 1 
29 23 9 0 0.041 0.0158671 1 
30 23 9 0 0.048 0.0112519 1 
31 23 9 0 0.017 0.0158151 1 
32 23 9 0 0.012 0.01551 1 
0 23 10 0 0.005 0.0159302 1 
1 23 10 0 0.045 0.014768 1 
2 23 10 0 0.025 0.0144825 1 
3 23 10 0 0.013 0.0152497 1 
4 23 10 0 0.006 0.0167297 1 
5 23 10 0.0140763 0.041 0.0531859 1 
6 23 10 0 0.049 0.0165923 1 
7 23 10 0.00349928 0.005 0.0147867 3 
8 23 10 0 0.048 0.0138019 1 
9 23 10 0 0.015 0.0134626 1 
10 23 10 0.00782692 0.028 0.0152976 3 
11 23 10 0 0.024 0.0122681 1 
12 23 10 0.00635158 0.01 0.0114827 11 
13 23 10 0 0.01 0.0166525 1 
14 23 10 0 0.036 0.0118468 1 
15 23 10 0 0.033 0.0143599 1 
16 23 10 0 0.039 0.0163592 1 
17 23 10 0 0.014 0.0100401 1 
18 23 10 0.0012224 0.043 0.0166726 3 
19 23 10 0 0.019 0.0134396 1 
20 23 10 0 0.037 0.0117971 1 
21 23 10 0.00124585 0.01 0.0163309 5 
22 23 10 0 0.01 0.0137481 1 
23 23 10 0.00586009 0.037 0.0156024 3 
24 23 10 0.00149407 0.011 0.0119929 2 
25 23 10 0 0.048 0.0147257 1 
26 23 10 2.8743e-05 0.002 0.01636 2 
27 23 10 0.00866201 0.018 0.0124942 6 
28 23 10 0 0.011 0.018817 1 
29 23 10 0 0.008 0.0166989 1 
30 23 10 0.00146879 0.009 0.0179692 2 
31 23 10 0.00349459 0.043 0.0128481 1 
32 23 10 0 0.037 0.0166607 1 
0 23 11 0 0.031 0.0161967 1 
1 23 11 0.00425938 0.038 0.0138308 3 
2 23 11 0.000952946 0.02 0.015868 3 
3 23 11 0.0148734 0.011 0.0127712 13 
4 23 11 0.00617098 0.025 0.0361056 3 
5 23 11 0.0146205 0.009 0.0634132 1 
6 23 11 0 0.037 0.0134278 1 
7 23 11 0 0.014 0.0170473 1 
8 23 11 0 0.016 0.0159662 1 
9 23 11 0.0109849 0.009 0.0149304 8 
10 23 11 0 0.044 0.0144285 1 
11 23 11 0 0.031 0.0165079 1 
12 23 11 0 0.014 0.0184129 1 
13 23 11 0.0134755 0.009 0.0144571 10 
14 23 11 0 0.042 0.0129901 1 
15 23 11 0 0.041 0.0144623 1 
16 23 11 0 0.042 0.0142687 1 
17 23 11 0 0.027 0.0179663 1 
18 23 11 0 0.039 0.0126624 1 
19 23 11 0 0.006 0.0144451 1 
20 23 11 0 0.042 0.0157706 1 
21 23 11 8.01643e-06 0.044 0.0146766 2 
22 23 11 0 0.01 0.0186945 1 
23 23 11 0.00730106 0.002 0.0155845 9 
24 23 11 0.00166723 0.022 0.0122566 2 
25 23 11 0 0.008 0.0133817 1 
26 23 11 0 0.016 0.0130847 1 
27 23 11 0 0.006 0.0162964 1 
28 23 11 0.00166723 0.044 0.0145253 2 
29 23 11 0.000907969 0.007 0.0124067 3 
30 23 11 0 0.049 0.010906 1 
31 23 11 3.65948e-05 0.025 0.0150291 2 
32 23 11 0 0.015 0.0205044 1 
0 23 12 0.00272864 0.013 0.0157301 5 
1 23 12 0.00136011 0.046 0.0127039 2 
2 23 12 0.000758923 0.019 0.0152162 2 
3 23 12 0.00549683 0.006 0.0160049 16 
4 23 12 0.0181146 0.008 0.0442761 1 
5 23 12 0.00285923 0.049 0.0159066 2 
6 23 12 0 0.004 0.014649 1 
7 23 12 0.00278611 0.023 0.0134616 2 
8 23 12 0 0.033 0.0154659 1 
9 23 12 0 0.046 0.0159565 1 
10 23 12 0 0.01 0.0140959 1 
11 23 12 0 0.016 0.014331 1 
12 23 12 0 0.041 0.0158176 1 
13 23 12 0.000745079 0.011 0.0151474 3 
14 23 12 0.0105818 0.013 0.0106045 15 
15 23 12 0 0.004 0.0166815 1 
16 23 12 0 0.021 0.016869 1 
17 23 12 0 0.021 0.0143307 1 
18 23 12 0 0.048 0.0127603 1 
19 23 12 0.00387684 0.002 0.0190686 7 
20 23 12 0 0.004 0.0143406 1 
21 23 12 0.00537293 0.034 0.0148791 2 
22 23 12 0.0101511 0.008 0.0123842 10 
23 23 12 0.00116246 0.028 0.0165304 3 
24 23 12 0.00149572 0.027 0.0182613 2 
25 23 12 0 0.042 0.017367 1 
26 23 12 0.0037886 0.018 0.0188348 3 
27 23 12 0 0.025 0.0131838 1 
28 23 12 0 0.003 0.0118929 1 
29 23 12 0.000444633 0.036 0.0164185 2 
30 23 12 0 0.029 0.017466 1 
31 23 12 0 0.005 0.0146082 1 
32 23 12 0 0.023 0.0149964 1 
0 23 13 0.00787643 0.015 0.0155328 14 
1 23 13 1.65741e-05 0.009 0.0187001 2 
2 23 13 0.00176161 0.024 0.0168202 2 
3 23 13 0 0.016 0.0174116 1 
4 23 13 0.00556961 0.033 0.0135936 3 
5 23 13 0.0138864 0.015 0.0171007 4 
6 23 13 0 0.039 0.0200562 1 
7 23 13 0.00182596 0.008 0.0137396 2 
8 23 13 0 0.015 0.0116637 1 
9 23 13 0 0.034 0.0131351 1 
10 23 13 0.000364436 0.047 0.0129434 2 
11 23 13 0 0.045 0.0192136 1 
12 23 13 0 0.017 0.0151179 1 
13 23 13 0 0.021 0.0146742 1 
14 23 13 0 0.031 0.0162345 1 
15 23 13 0 0.037 0.0159166 1 
16 23 13 0 0.039 0.0182887 1 
17 23 13 0.00271391 0.035 0.0164375 2 
18 23 13 0 0.008 0.0143663 1 
19 23 13 0 0.001 0.0157152 1 
20 23 13 0.00551269 0.012 0.0130727 3 
21 23 13 0 0.011 0.0160403 1 
22 23 13 0 0.044 0.0132966 1 
23 23 13 0 0.009 0.0161365 1 
24 23 13 0 0.009 0.0183292 1 
25 23 13 0 0.007 0.013588 1 
26 23 13 0 0.013 0.0164985 1 
27 23 13 0 0.012 0.0145848 1 
28 23 13 0.00166884 0.014 0.0149472 2 
29 23 13 0.00185438 0.017 0.0171365 2 
30 23 13 0.0189687 0.008 0.0123562 17 
31 23 13 0 0.042 0.0177905 1 
32 23 13 0.00163221 0.012 0.0149039 2 
0 23 14 0 0.025 0.0159732 1 
1 23 14 0 0.042 0.0120625 1 
2 23 14 0.00603472 0.025 0.0151492 4 
3 23 14 0.00108308 0.019 0.0137446 3 
4 23 14 0.0195941 0.047 0.0434428 1 
5 23 14 0 0.046 0.0123008 1 
6 23 14 0 0.03 0.0161849 1 
7 23 14 0.00197237 0.001 0.0152334 3 
8 23 14 0 0.043 0.237638 6 
9 23 14 0.000339459 0.025 0.0117472 2 
10 23 14 0 0.042 0.0190931 1 
11 23 14 0.00162488 0.049 0.0151018 2 
12 23 14 0.00841889 0.04 0.0165596 9 
13 23 14 0.0082674 0.005 0.0178274 10 
14 23 14 0 0.032 0.0144694 1 
15 23 14 0 0.038 0.0159868 1 
16 23 14 0 0.023 0.0174159 1 
17 23 14 0 0.034 0.0144555 1 
18 23 14 0.00172356 0.026 0.0214734 2 
19 23 14 0 0.035 0.0121234 1 
20 23 14 0 0.019 0.0132435 1 
21 23 14 0.00675219 0.049 0.0153711 2 
22 23 14 0.00955423 0.005 0.0171666 13 
23 23 14 3.70323e-05 0.046 0.0146237 2 
24 23 14 0 0.015 0.0211532 1 
25 23 14 0.0151609 0.001 0.0151696 14 
26 23 14 0.0193366 0.009 0.0151573 11 
27 23 14 0.00497398 0.01 0.0163349 3 
28 23 14 0 0.029 0.0128991 1 
29 23 14 0 0.022 0.0156075 1 
30 23 14 0.0263411 0.02 0.00969215 9 
31 23 14 0 0.013 0.0132286 1 
32 23 14 0 0.037 0.0153109 1 
0 23 15 0 0.047 0.0154846 1 
1 23 15 0.0143099 0.042 0.0122551 6 
2 23 15 0 0.027 0.0109515 1 
3 23 15 0 0.005 0.0138554 2 
4 23 15 0 0.011 0.0123064 1 
5 23 15 0 0.002 0.0144232 1 
6 23 15 0 0.021 0.0199673 1 
7 23 15 0 0.004 0.0174665 1 
8 23 15 0 0.041 0.012913 1 
9 23 15 0 0.014 0.015424 1 
10 23 15 0 0.033 0.0146077 1 
11 23 15 0 0.049 0.0164866 1 
12 23 15 0 0.027 0.0129375 1 
13 23 15 0.00154633 0.036 0.0195196 2 
14 23 15 0.00306115 0.007 0.0113513 4 
15 23 15 0.00160328 0.026 0.015315 2 
16 23 15 0 0.012 0.01943 1 
17 23 15 0 0.006 0.0133708 1 
18 23 15 0 0.024 0.0161168 1 
19 23 15 0.00179226 0.005 0.0135531 5 
20 23 15 0.00292195 0.019 0.0120872 5 
21 23 15 0 0.009 0.0168916 1 
22 23 15 0.000189515 0.026 0.0172378 2 
23 23 15 0 0.012 0.0133175 1 
24 23 15 0 0.034 0.0158269 1 
25 23 15 0.0046946 0.006 0.0148261 8 
26 23 15 0.0157057 0.009 0.0148253 11 
27 23 15 0.00240856 0.023 0.0178529 2 
28 23 15 0 0.02 0.0163563 1 
29 23 15 0 0.046 0.0136662 1 
30 23 15 0.00160328 0.006 0.0161785 2 
31 23 15 0 0.043 0.0141418 1 
32 23 15 0 0.005 0.0131707 1 
0 23 16 0.0441517 0.003 0.0185423 45 
1 23 16 0 0.044 0.012969 1 
2 23 16 0.00135536 0.036 0.0142501 3 
3 23 16 0 0.044 0.0131296 1 
4 23 16 0.0177009 0.042 0.0534575 1 
5 23 16 0.00200239 0.012 0.0115574 2 
6 23 16 0 0.021 0.0162102 1 
7 23 16 0.00501995 0.044 0.0137523 5 
8 23 16 0 0.013 0.01282 1 
9 23 16 0 0.048 0.0159246 1 
10 23 16 0 0.039 0.0181442 1 
11 23 16 0 0.039 0.0184459 1 
12 23 16 0 0.002 0.0171879 1 
13 23 16 0 0.04 0.0158965 1 
14 23 16 0 0.043 0.0157287 1 
15 23 16 0 0.016 0.021769 1 
16 23 16 0 0.037 0.0163939 1 
17 23 16 0.0190548 0.006 0.0143107 14 
18 23 16 0 0.042 0.0151786 1 
19 23 16 0.00136685 0.008 0.0152646 2 
20 23 16 0.0117487 0.001 0.0179355 11 
21 23 16 0.0030479 0.049 0.019635 1 
22 23 16 0 0.038 0.0129828 1 
23 23 16 0 0.043 0.015721 1 
24 23 16 0 0.014 0.0135192 1 
25 23 16 0 0.037 0.0125355 1 
26 23 16 0.0178869 0.01 0.0108635 11 
27 23 16 0.000450632 0.01 0.0177844 2 
28 23 16 0 0.012 0.015994 1 
29 23 16 0 0.042 0.0164681 1 
30 23 16 0 0.034 0.0168487 1 
31 23 16 0 0.009 0.0172989 1 
32 23 16 0.0122247 0.008 0.0158019 10 
0 23 17 0.00440789 0.025 0.0140753 4 
1 23 17 0 0.046 0.0156795 1 
2 23 17 0.0012002 0.025 0.0199042 3 
3 23 17 0 0.004 0.0139304 1 
4 23 17 0 0.035 0.0156912 1 
5 23 17 0.0149582 0.005 0.0224727 2 
6 23 17 0 0.013 0.0168495 1 
7 23 17 0.00663143 0.014 0.0137618 3 
8 23 17 0.00983947 0.04 0.0479714 1 
9 23 17 0.0154056 0.009 0.016135 14 
10 23 17 0 0.023 0.0144685 1 
11 23 17 0 0.025 0.0133529 1 
12 23 17 0.00169801 0.018 0.0176396 2 
13 23 17 0 0.045 0.0118445 1 
14 23 17 0 0.02 0.0183863 1 
15 23 17 0 0.019 0.0193828 1 
16 23 17 0 0.023 0.0135928 1 
17 23 17 0.0626236 0.003 0.014917 45 
18 23 17 0.000204582 0.032 0.0118203 2 
19 23 17 0 0.046 0.0103938 1 
20 23 17 0.00363276 0.014 0.0116905 5 
21 23 17 0 0.039 0.0165814 1 
22 23 17 0 0.012 0.0128701 1 
23 23 17 0.000139896 0.012 0.0159897 2 
24 23 17 0.00172681 0.008 0.0147542 2 
25 23 17 0.000728457 0.027 0.0142277 2 
26 23 17 0.0150288 0.003 0.0141723 15 
27 23 17 0 0.019 0.0179563 1 
28 23 17 0 0.049 0.018109 1 
29 23 17 0 0.024 0.0201098 1 
30 23 17 0.0243018 0.007 0.0168568 31 
31 23 17 0.00363909 0.03 0.0127894 3 
32 23 17 0 0.037 0.0149165 1 
0 23 18 0.0201192 0.001 0.0129993 55 
1 23 18 0.00418055 0.015 0.0149549 5 
2 23 18 0.0011291 0.003 0.0143795 3 
3 23 18 0.00336082 0.042 0.0152123 2 
4 23 18 0.0153825 0.044 0.0543316 1 
5 23 18 0.00405865 0.02 0.0159855 2 
6 23 18 0 0.019 0.0134249 1 
7 23 18 0.00011199 0.014 0.013076 2 
8 23 18 0 0.03 0.018986 1 
9 23 18 0 0.026 0.0151448 1 
10 23 18 0.0121952 0.014 0.0704148 1 
11 23 18 0.00118172 0.044 0.0129334 3 
12 23 18 0.00162747 0.018 0.0156733 4 
13 23 18 0 0.033 0.0133576 1 
14 23 18 0 0.027 0.0162642 1 
15 23 18 0 0.002 0.0131459 1 
16 23 18 0 0.046 0.0166127 1 
17 23 18 0.00237389 0.003 0.0129121 2 
18 23 18 0.00155099 0.039 0.0184215 2 
19 23 18 0 0.049 0.0150902 1 
20 23 18 0 0.037 0.0163083 1 
21 23 18 0.00420705 0.049 0.0171905 1 
22 23 18 0 0.018 0.014454 1 
23 23 18 0 0.043 0.0152072 1 
24 23 18 0 0.036 0.0171826 1 
25 23 18 0 0.009 0.0166288 1 
26 23 18 0.00221822 0.008 0.0146832 5 
27 23 18 0 0.04 0.0126285 1 
28 23 18 0 0.013 0.0121164 1 
29 23 18 0 0.02 0.0138727 1 
30 23 18 0 0.012 0.0150615 1 
31 23 18 0 0.014 0.0164186 1 
32 23 18 0.00911519 0.01 0.0163835 9 
0 23 19 0.0183044 0.001 0.016449 25 
1 23 19 0 0.005 0.0178738 2 
2 23 19 0 0.039 0.0162208 1 
3 23 19 0.044064 0.004 0.0144588 45 
4 23 19 0.000727861 0.012 0.0175362 2 
5 23 19 0.00204078 0.049 0.0146402 3 
6 23 19 0 0.049 0.0141251 1 
7 23 19 0.0123772 0.01 0.0133391 12 
8 23 19 0 0.043 0.0182135 1 
9 23 19 0.00824826 0.027 0.0127491 7 
10 23 19 0 0.015 0.013088 1 
11 23 19 1.91717e-05 0.032 0.0153353 2 
12 23 19 0 0.005 0.0169233 1 
13 23 19 0.00570456 0.033 0.0129219 5 
14 23 19 0.0149705 0.016 0.0167572 14 
15 23 19 0 0.004 0.0197586 1 
16 23 19 0.00163301 0.005 0.0120621 2 
17 23 19 0 0.013 0.0141762 1 
18 23 19 0 0.006 0.0169049 1 
19 23 19 0 0.037 0.0166014 1 
20 23 19 0.00596774 0.004 0.0122222 4 
21 23 19 0 0.02 0.0169378 1 
22 23 19 0.00190806 0.001 0.0134951 5 
23 23 19 0 0.033 0.0129645 1 
24 23 19 0 0.008 0.0134319 1 
25 23 19 0.00132373 0.007 0.0134241 2 
26 23 19 0.00255415 0.008 0.012532 5 
27 23 19 0 0.044 0.0192443 1 
28 23 19 0 0.034 0.0143531 1 
29 23 19 0 0.029 0.0138471 1 
30 23 19 0 0.048 0.012287 1 
31 23 19 0 0.046 0.0135144 1 
32 23 19 0.00624953 0.023 0.0154187 3 
0 23 20 0.00373985 0.023 0.0176368 3 
1 23 20 0 0.001 0.0173829 1 
2 23 20 0 0.031 0.0157642 1 
3 23 20 0 0.049 0.0175563 1 
4 23 20 0 0.03 0.0185131 1 
5 23 20 0.000984659 0.02 0.0132945 2 
6 23 20 0 0.025 0.0164191 1 
7 23 20 0.000120908 0.022 0.0142737 2 
8 23 20 0.004131 0.024 0.0346543 1 
9 23 20 0.000874471 0.003 0.0122119 3 
10 23 20 0 0.024 0.0118803 1 
11 23 20 4.33469e-07 0.022 0.0119302 2 
12 23 20 0.00100967 0.014 0.0149555 3 
13 23 20 0 0.046 0.0161031 1 
14 23 20 0 0.004 0.016062 1 
15 23 20 0 0.005 0.0174594 1 
16 23 20 0 0.017 0.0134734 1 
17 23 20 0.0140224 0.003 0.0112775 14 
18 23 20 0 0.006 0.0189672 1 
19 23 20 0 0.002 0.0189038 1 
20 23 20 0 0.018 0.0168867 1 
21 23 20 0 0.023 0.0142338 1 
22 23 20 0 0.043 0.0126547 1 
23 23 20 0.00123961 0.012 0.0164576 3 
24 23 20 0 0.045 0.016841 1 
25 23 20 0.00318555 0.002 0.0146334 5 
26 23 20 0.00138104 0.001 0.0113486 3 
27 23 20 0.0153605 0.002 0.0118212 16 
28 23 20 0 0.008 0.0130395 1 
29 23 20 0 0.043 0.0186084 1 
30 23 20 3.03472e-06 0.008 0.0149985 2 
31 23 20 0 0.026 0.0127391 1 
32 23 20 0 0.035 0.0164431 1 
0 23 21 0 0.044 0.014134 1 
1 23 21 0 0.016 0.0185748 1 
2 23 21 0 0.039 0.0143256 1 
3 23 21 0 0.015 0.0174659 1 
4 23 21 0 0.01 0.0139176 1 
5 23 21 0.0182518 0.014 0.0650653 1 
6 23 21 0 0.026 0.0139828 1 
7 23 21 0.00797476 0.02 0.0124664 6 
8 23 21 8.51232e-05 0.046 0.0131463 2 
9 23 21 0.00338485 0.019 0.0117465 4 
10 23 21 0 0.019 0.0144102 1 
11 23 21 0.0016151 0.015 0.0185343 2 
12 23 21 0.00438673 0.005 0.0133057 8 
13 23 21 0.000906155 0.028 0.0164432 2 
14 23 21 0 0.006 0.0157755 1 
15 23 21 0 0.005 0.0186829 1 
16 23 21 0 0.048 0.0175703 1 
17 23 21 0.00125228 0.001 0.0138561 3 
18 23 21 0 0.016 0.0160417 1 
19 23 21 0 0.043 0.0179416 1 
20 23 21 0 0.038 0.0120099 1 
21 23 21 0 0.012 0.0199572 1 
22 23 21 0 0.001 0.0128113 1 
23 23 21 0 0.032 0.0139148 1 
24 23 21 0.00152538 0.026 0.0192092 2 
25 23 21 0 0.005 0.0136249 1 
26 23 21 0.00435279 0.009 0.0144864 11 
27 23 21 0 0.018 0.0178613 1 
28 23 21 0 0.03 0.0201324 1 
29 23 21 0 0.008 0.0155643 1 
30 23 21 0 0.048 0.0147568 1 
31 23 21 0 0.013 0.0155989 1 
32 23 21 0 0.011 0.0146821 1 
0 23 22 0 0.034 0.0134876 1 
1 23 22 0.0127297 0.028 0.0131847 7 
2 23 22 0.000292824 0.035 0.0129611 3 
3 23 22 0.000482512 0.002 0.0143148 2 
4 23 22 0 0.034 0.0124206 1 
5 23 22 0 0.003 0.0112382 1 
6 23 22 0 0.015 0.015355 1 
7 23 22 0.00515871 0.009 0.0141669 6 
8 23 22 0 0.038 0.0132653 1 
9 23 22 0.00226952 0.007 0.0130201 4 
10 23 22 0 0.038 0.011979 1 
11 23 22 0.00127164 0.009 0.0155459 2 
12 23 22 0 0.033 0.0167241 1 
13 23 22 0 0.002 0.0141325 1 
14 23 22 2.37204e-07 0.007 0.0131171 2 
15 23 22 0 0.028 0.0152126 1 
16 23 22 0 0.047 0.0186192 1 
17 23 22 0 0.044 0.0156256 1 
18 23 22 0 0.002 0.016286 1 
19 23 22 0.00105174 0.007 0.0156995 2 
20 23 22 0 0.036 0.0149013 1 
21 23 22 0.00285256 0.049 0.00955068 3 
22 23 22 0 0.043 0.0131166 1 
23 23 22 0.00121534 0.003 0.0137285 2 
24 23 22 0 0.02 0.0126175 1 
25 23 22 0 0.013 0.014617 1 
26 23 22 0 0.006 0.0150913 1 
27 23 22 0 0.037 0.0186044 1 
28 23 22 0.00136031 0.038 0.0133845 2 
29 23 22 0 0.01 0.0159496 1 
30 23 22 0.0156875 0.011 0.0174784 8 
31 23 22 0 0.016 0.0147056 1 
32 23 22 0 0.023 0.0141186 1 
0 23 23 0.0002047 0.008 0.0127834 3 
1 23 23 0.0269441 0.012 0.0150797 17 
2 23 23 0.00126225 0.035 0.0180435 3 
3 23 23 0 0.013 0.0161579 1 
4 23 23 0 0.033 0.0164711 1 
5 23 23 0 0.032 0.0136777 1 
6 23 23 0.0018856 0.012 0.0159229 2 
7 23 23 0 0.022 0.0134549 1 
8 23 23 0.00600569 0.013 0.0404419 1 
9 23 23 0 0.019 0.0175099 1 
10 23 23 0 0.018 0.0146985 1 
11 23 23 0.00161661 0.006 0.0203324 2 
12 23 23 0.0123305 0.003 0.0148643 17 
13 23 23 0.0214946 0.025 0.0179806 10 
14 23 23 0 0.009 0.0111962 1 
15 23 23 0.00143729 0.017 0.0179454 2 
16 23 23 0 0.045 0.014689 1 
17 23 23 0.0333339 0.01 0.0163774 18 
18 23 23 0 0.033 0.0186049 1 
19 23 23 0.00145874 0.007 0.0120967 2 
20 23 23 0 0.033 0.0118632 1 
21 23 23 0 0.014 0.0135168 1 
22 23 23 0.0154623 0.002 0.0136638 21 
23 23 23 0 0.007 0.0179945 1 
24 23 23 0 0.023 0.0157223 1 
25 23 23 0 0.047 0.0127092 1 
26 23 23 0 0.029 0.0136221 1 
27 23 23 0 0.01 0.0157818 1 
28 23 23 0 0.037 0.0134996 1 
29 23 23 0 0.008 0.0107198 1 
30 23 23 0.00260988 0.037 0.0174793 2 
31 23 23 0 0.02 0.0156447 1 
32 23 23 0.000302227 0.031 0.0173138 2 
0 23 24 0 0.028 0.0182669 1 
1 23 24 0.014971 0.018 0.0126583 12 
2 23 24 0 0.012 0.0140214 1 
3 23 24 0 0.007 0.0147031 1 
4 23 24 0 0.018 0.0164275 1 
5 23 24 0.0122809 0.022 0.0670815 1 
6 23 24 0 0.044 0.0174038 1 
7 23 24 0 0.032 0.0138449 1 
8 23 24 0 0.014 0.0178952 1 
9 23 24 0 0.001 0.0143422 1 
10 23 24 0 0.03 0.0133238 1 
11 23 24 0.00127331 0.006 0.0126657 2 
12 23 24 0.00839178 0.002 0.0145223 6 
13 23 24 0.0259128 0.019 0.0151934 4 
14 23 24 0.00332706 0.011 0.0137252 4 
15 23 24 0 0.039 0.0129945 1 
16 23 24 0 0.033 0.0131519 1 
17 23 24 0.0062129 0.003 0.0157003 2 
18 23 24 0.00136192 0.012 0.0115981 2 
19 23 24 0 0.006 0.0154424 1 
20 23 24 0 0.027 0.013806 1 
21 23 24 0 0.006 0.0160324 1 
22 23 24 0.000953009 0.013 0.0121194 2 
23 23 24 0.00127019 0.014 0.0192729 4 
24 23 24 0 0.036 0.0168143 1 
25 23 24 0 0.033 0.0160471 1 
26 23 24 0 0.045 0.0127742 1 
27 23 24 0 0.001 0.0164713 1 
28 23 24 0.00136192 0.002 0.0179752 2 
29 23 24 0 0.033 0.0135718 1 
30 23 24 0 0.03 0.0133346 1 
31 23 24 0 0.017 0.0153769 1 
32 23 24 0 0.007 0.0168333 1 
0 23 25 0.0731291 0.002 0.0157635 56 
1 23 25 0 0.029 0.0129736 1 
2 23 25 0.00023347 0.022 0.0164028 2 
3 23 25 0 0.046 0.0140985 1 
4 23 25 0 0.028 0.0184561 1 
5 23 25 0 0.037 0.0176065 1 
6 23 25 0 0.038 0.0158425 1 
7 23 25 0 0.033 0.0123989 1 
8 23 25 0.00733015 0.02 0.0367462 1 
9 23 25 0 0.006 0.0166208 1 
10 23 25 0.00433313 0.016 0.0168777 4 
11 23 25 0 0.014 0.0139986 1 
12 23 25 0.000369843 0.025 0.0140468 2 
13 23 25 0 0.013 0.0117218 1 
14 23 25 0 0.046 0.0127879 1 
15 23 25 0 0.032 0.0150005 1 
16 23 25 0 0.021 0.0207031 1 
17 23 25 0 0.016 0.0144939 1 
18 23 25 0 0.003 0.0129057 1 
19 23 25 0.00215711 0.011 0.0124826 2 
20 23 25 0.0198635 0.025 0.0131134 6 
21 23 25 9.72984e-06 0.019 0.0169977 2 
22 23 25 0.0170013 0.013 0.0122441 9 
23 23 25 0 0.025 0.0176001 1 
24 23 25 0 0.033 0.0104502 1 
25 23 25 0.00178281 0.016 0.0144665 5 
26 23 25 0 0.009 0.0104858 1 
27 23 25 0.038629 0.005 0.0155528 29 
28 23 25 0 0.04 0.0190058 1 
29 23 25 0 0.028 0.0184387 1 
30 23 25 0 0.03 0.0190099 1 
31 23 25 0 0.019 0.0195259 1 
32 23 25 0 0.042 0.0118388 1 
0 23 26 0 0.033 0.0178889 1 
1 23 26 0 0.022 0.0170401 1 
2 23 26 0.00109764 0.044 0.0171706 2 
3 23 26 0 0.042 0.0218993 1 
4 23 26 0.0177661 0.014 0.0491144 4 
5 23 26 0.0137268 0.037 0.0645571 1 
6 23 26 0.000849264 0.039 0.0137972 2 
7 23 26 0 0.022 0.00993638 1 
8 23 26 0.0104342 0.036 0.0209702 3 
9 23 26 0.0131931 0.026 0.0157602 11 
10 23 26 0 0.002 0.0140812 1 
11 23 26 0 0.002 0.0182626 1 
12 23 26 0.00991915 0.002 0.0181263 9 
13 23 26 0 0.048 0.0141507 1 
14 23 26 0 0.003 0.0145716 1 
15 23 26 0 0.02 0.0171336 1 
16 23 26 0 0.006 0.0141387 1 
17 23 26 0 0.021 0.0140141 1 
18 23 26 0 0.013 0.0197684 1 
19 23 26 0.0141341 0.03 0.0173817 8 
20 23 26 0 0.042 0.0115807 1 
21 23 26 0.00416427 0.01 0.00901069 3 
22 23 26 0 0.006 0.0173665 3 
23 23 26 0.0129975 0.003 0.013397 13 
24 23 26 0.00118043 0.003 0.0171334 2 
25 23 26 0 0.017 0.0175963 1 
26 23 26 0.00535685 0.007 0.0176093 11 
27 23 26 0.00407987 0.044 0.0143133 2 
28 23 26 0 0.047 0.0106902 1 
29 23 26 0 0.022 0.0133257 1 
30 23 26 0.0147068 0.007 0.0106267 12 
31 23 26 0 0.032 0.0184546 1 
32 23 26 0.00135437 0.012 0.0153099 2 
0 23 27 0.000532103 0.005 0.0122901 3 
1 23 27 0.00165509 0.011 0.0128969 4 
2 23 27 0.00585715 0.015 0.0149365 4 
3 23 27 0.00702487 0.016 0.0124696 4 
4 23 27 0.0134486 0.001 0.0582737 1 
5 23 27 0 0.015 0.0177434 1 
6 23 27 0 0.021 0.0146958 1 
7 23 27 0 0.012 0.0148006 1 
8 23 27 0 0.033 0.0162711 1 
9 23 27 0 0.037 0.0140557 1 
10 23 27 0.0102551 0.001 0.0478497 1 
11 23 27 0 0.023 0.0184525 1 
12 23 27 0 0.009 0.0120638 1 
13 23 27 0.0166143 0.005 0.0242034 14 
14 23 27 0 0.045 0.0162774 1 
15 23 27 0 0.017 0.0145366 1 
16 23 27 0 0.028 0.0184428 1 
17 23 27 0 0.008 0.0155604 1 
18 23 27 0.00133584 0.041 0.0186857 2 
19 23 27 0 0.031 0.0189996 1 
20 23 27 0.000166068 0.006 0.0130331 2 
21 23 27 0 0.032 0.0149128 1 
22 23 27 0.0228353 0.002 0.0150898 29 
23 23 27 0.00518195 0.007 0.0184609 6 
24 23 27 0.00133584 0.028 0.00938605 2 
25 23 27 0 0.023 0.0157632 1 
26 23 27 0.00866643 0.026 0.0153334 2 
27 23 27 0.00901846 0.003 0.0105603 12 
28 23 27 0.00133584 0.01 0.0165351 2 
29 23 27 0 0.02 0.0151555 1 
30 23 27 0.00451374 0.044 0.0141557 2 
31 23 27 0.000287887 0.021 0.012468 2 
32 23 27 0 0.003 0.015239 1 
0 23 28 0 0.037 0.0157444 1 
1 23 28 0.00534335 0.035 0.015642 6 
2 23 28 0 0.022 0.0138631 1 
3 23 28 0 0.046 0.0158008 1 
4 23 28 0 0.043 0.0147803 1 
5 23 28 0 0.01 0.0193927 1 
6 23 28 0 0.039 0.017066 1 
7 23 28 0 0.006 0.0178843 1 
8 23 28 0 0.009 0.0159071 1 
9 23 28 0.0118737 0.028 0.0187268 7 
10 23 28 0 0.039 0.0124964 1 
11 23 28 0 0.008 0.0116676 1 
12 23 28 0.00926635 0.018 0.0159173 10 
13 23 28 0.000259939 0.013 0.0140825 2 
14 23 28 0 0.01 0.0172419 1 
15 23 28 0 0.002 0.0168167 1 
16 23 28 0 0.005 0.0182307 1 
17 23 28 0 0.031 0.0166037 1 
18 23 28 0 0.043 0.0142001 1 
19 23 28 0 0.018 0.0144958 2 
20 23 28 0 0.008 0.0182853 1 
21 23 28 0 0.019 0.0143464 1 
22 23 28 0 0.026 0.0222509 1 
23 23 28 0 0.027 0.012378 1 
24 23 28 0 0.04 0.0126368 1 
25 23 28 0 0.048 0.0133184 1 
26 23 28 0 0.023 0.0123232 1 
27 23 28 0 0.049 0.0186079 1 
28 23 28 0.00118189 0.032 0.0125541 2 
29 23 28 0.000742505 0.003 0.0110849 2 
30 23 28 0.0464985 0.002 0.00887023 50 
31 23 28 0 0.016 0.0168454 1 
32 23 28 0 0.029 0.0164203 1 
0 23 29 0.00630211 0.01 0.0169341 5 
1 23 29 0 0.024 0.0141349 1 
2 23 29 0 0.029 0.015709 1 
3 23 29 0 0.046 0.017004 1 
4 23 29 0.0110654 0.005 0.0588421 1 
5 23 29 0 0.001 0.0166758 1 
6 23 29 0 0.017 0.0128445 1 
7 23 29 0 0.022 0.0157499 1 
8 23 29 0 0.029 0.234082 3 
9 23 29 0 0.012 0.0161308 1 
10 23 29 0 0.014 0.0151172 1 
11 23 29 0 0.042 0.0178054 1 
12 23 29 0 0.048 0.0165794 1 
13 23 29 0 0.035 0.0160867 1 
14 23 29 0 0.005 0.0136737 1 
15 23 29 0 0.027 0.009272 1 
16 23 29 0 0.038 0.0183756 1 
17 23 29 0 0.04 0.0121343 1 
18 23 29 0 0.015 0.01261 1 
19 23 29 0.0013231 0.008 0.017457 3 
20 23 29 0.00582827 0.013 0.0165581 3 
21 23 29 0 0.043 0.0119935 1 
22 23 29 0 0.008 0.0192785 1 
23 23 29 0 0.025 0.0167388 1 
24 23 29 0 0.047 0.0148737 1 
25 23 29 0.00539657 0.019 0.0152746 8 
26 23 29 0 0.028 0.013876 1 
27 23 29 0 0.049 0.0140407 1 
28 23 29 0.00115467 0.007 0.017271 2 
29 23 29 0.00131046 0.024 0.0154524 2 
30 23 29 0 0.031 0.0146998 1 
31 23 29 0.00039038 0.025 0.0162289 2 
32 23 29 0 0.039 0.0173709 1 
0 23 30 0 0.039 0.0132473 1 
1 23 30 0 0.043 0.0128365 1 
2 23 30 0 0.026 0.017377 1 
3 23 30 0 0.048 0.0178137 1 
4 23 30 0 0.035 0.0152809 1 
5 23 30 0 0.038 0.0134426 1 
6 23 30 0 0.047 0.0174092 1 
7 23 30 0.00257244 0.046 0.0119506 2 
8 23 30 0.0103424 0.033 0.0356222 1 
9 23 30 0 0.039 0.0159949 1 
10 23 30 0 0.03 0.0129285 1 
11 23 30 0 0.024 0.0143796 1 
12 23 30 0 0.029 0.0120863 1 
13 23 30 0 0.028 0.0123624 1 
14 23 30 0.00989651 0.025 0.0136274 6 
15 23 30 0 0.031 0.0173609 1 
16 23 30 0 0.02 0.016363 1 
17 23 30 0 0.019 0.0137666 1 
18 23 30 0 0.04 0.0164207 1 
19 23 30 0.000507058 0.01 0.013555 2 
20 23 30 0 0.04 0.0168177 1 
21 23 30 0.000627365 0.042 0.0159906 2 
22 23 30 7.98407e-05 0.021 0.0143646 2 
23 23 30 0 0.008 0.0123258 1 
24 23 30 0 0.02 0.0154578 1 
25 23 30 0 0.046 0.0132594 1 
26 23 30 0 0.041 0.015285 1 
27 23 30 0 0.039 0.0153227 1 
28 23 30 0 0.025 0.0139352 1 
29 23 30 0.00132828 0.033 0.0131277 3 
30 23 30 0.00118118 0.004 0.0155927 3 
31 23 30 0 0.005 0.0143275 1 
32 23 30 0.0117082 0.005 0.0143269 11 
0 23 31 0 0.046 0.0159367 1 
1 23 31 0 0.034 0.0139101 1 
2 23 31 0 0.029 0.0171218 1 
3 23 31 0.00161507 0.014 0.0147062 3 
4 23 31 0 0.011 0.0148108 1 
5 23 31 0.0130203 0.022 0.0582251 1 
6 23 31 0 0.041 0.0162178 1 
7 23 31 0 0.004 0.0170479 1 
8 23 31 0.00349593 0.036 0.0155036 4 
9 23 31 0 0.044 0.0160642 1 
10 23 31 0 0.036 0.0133265 1 
11 23 31 0.00165438 0.03 0.0176337 3 
12 23 31 0.000948259 0.019 0.0151397 5 
13 23 31 0 0.009 0.0116793 1 
14 23 31 0.00136964 0.008 0.0181494 5 
15 23 31 0 0.042 0.0179236 1 
16 23 31 0 0.025 0.0122516 1 
17 23 31 0 0.009 0.014908 1 
18 23 31 0 0.006 0.0158857 1 
19 23 31 0.000463404 0.017 0.0143881 2 
20 23 31 0 0.047 0.0145335 1 
21 23 31 0 0.017 0.0131544 1 
22 23 31 0 0.013 0.0152742 1 
23 23 31 0.00121266 0.005 0.0170309 2 
24 23 31 0.00139826 0.036 0.0163028 3 
25 23 31 0.0048334 0.013 0.0153403 7 
26 23 31 0 0.015 0.0170589 1 
27 23 31 0.00706643 0.025 0.014919 6 
28 23 31 0 0.031 0.0162816 1 
29 23 31 0.00166675 0.032 0.0140281 2 
30 23 31 0 0.033 0.0160222 1 
31 23 31 0 0.002 0.0197366 1 
32 23 31 0.00804447 0.037 0.0145972 2 
0 23 32 0.0338053 0.001 0.0141497 27 
1 23 32 0 0.021 0.0149325 1 
2 23 32 0.00124205 0.038 0.0148291 3 
3 23 32 0 0.005 0.0105074 1 
4 23 32 0.00314681 0.034 0.0175232 3 
5 23 32 0.0135796 0.001 0.0646699 1 
6 23 32 0 0.039 0.0149831 1 
7 23 32 0.00697413 0.004 0.0136213 10 
8 23 32 0.00269067 0.012 0.0178195 5 
9 23 32 0.00566188 0.029 0.0157839 5 
10 23 32 0 0.02 0.0193629 1 
11 23 32 0.00124205 0.025 0.0226932 3 
12 23 32 0.0170743 0.001 0.0176411 10 
13 23 32 0 0.005 0.0163971 1 
14 23 32 0 0.028 0.0151704 1 
15 23 32 0 0.027 0.0182432 1 
16 23 32 0 0.04 0.0173992 1 
17 23 32 0 0.013 0.0146335 1 
18 23 32 0 0.022 0.0198011 1 
19 23 32 0 0.029 0.0135316 1 
20 23 32 0 0.025 0.0179165 1 
21 23 32 0 0.035 0.0123188 1 
22 23 32 0 0.006 0.0168628 1 
23 23 32 0.000208829 0.014 0.015095 2 
24 23 32 0 0.048 0.0137531 1 
25 23 32 0 0.013 0.0188531 1 
26 23 32 0 0.029 0.0159486 1 
27 23 32 0 0.008 0.0132349 1 
28 23 32 0 0.019 0.0115364 1 
29 23 32 0.00217098 0.024 0.0149165 2 
30 23 32 0 0.015 0.0154107 1 
31 23 32 0 0.013 0.0129949 1 
32 23 32 0 0.016 0.0144437 1 
0 23 33 0 0.045 0.0168354 1 
1 23 33 0 0.032 0.0169093 1 
2 23 33 0 0.042 0.0133031 1 
3 23 33 0 0.002 0.0156345 1 
4 23 33 0 0.019 0.014063 1 
5 23 33 0 0.003 0.0175225 1 
6 23 33 0 0.011 0.0180974 1 
7 23 33 0 0.011 0.0118035 1 
8 23 33 0 0.011 0.0136958 1 
9 23 33 0 0.006 0.0149445 1 
10 23 33 0.0101106 0.03 0.0570424 1 
11 23 33 0 0.016 0.0155609 1 
12 23 33 5.49404e-05 0.012 0.0148091 2 
13 23 33 0 0.024 0.0145941 1 
14 23 33 0 0.015 0.0148818 1 
15 23 33 0 0.018 0.0154415 1 
16 23 33 0 0.031 0.0174159 1 
17 23 33 0 0.016 0.015341 1 
18 23 33 0 0.037 0.0123913 1 
19 23 33 0 0.033 0.0167155 3 
20 23 33 0 0.016 0.0154073 1 
21 23 33 0 0.029 0.0136884 1 
22 23 33 0 0.049 0.0180066 1 
23 23 33 0 0.008 0.012036 1 
24 23 33 0 0.018 0.0137103 1 
25 23 33 0 0.019 0.0138019 1 
26 23 33 0 0.013 0.0140312 1 
27 23 33 0.000786771 0.024 0.00990078 4 
28 23 33 0.00115699 0.042 0.0159205 2 
29 23 33 0.00131259 0.046 0.0152505 2 
30 23 33 0.0585075 0.001 0.0151564 59 
31 23 33 0 0.017 0.0175695 1 
32 23 33 3.52018e-05 0.008 0.0152057 2 
0 23 34 0.0076322 0.007 0.0142803 8 
1 23 34 0 0.044 0.0153512 1 
2 23 34 0 0.022 0.0145385 1 
3 23 34 0.00615778 0.01 0.0143307 2 
4 23 34 0.0100784 0.039 0.0538827 1 
5 23 34 0 0.012 0.0121516 1 
6 23 34 0.00070702 0.014 0.0168451 2 
7 23 34 0.00700025 0.032 0.0144363 8 
8 23 34 0 0.026 0.0151892 1 
9 23 34 0.0172443 0.006 0.0137606 24 
10 23 34 0.0106723 0.027 0.0683567 1 
11 23 34 0 0.034 0.0147043 1 
12 23 34 0 0.042 0.0165255 1 
13 23 34 0 0.037 0.0155227 1 
14 23 34 0 0.035 0.0149796 1 
15 23 34 0 0.049 0.0153597 1 
16 23 34 0 0.015 0.0144109 1 
17 23 34 0 0.041 0.0140979 1 
18 23 34 0.001014 0.011 0.0172987 2 
19 23 34 0.0017267 0.005 0.0143635 3 
20 23 34 0 0.029 0.0155814 1 
21 23 34 0.00318121 0.039 0.016 3 
22 23 34 0.00855575 0.021 0.0142543 6 
23 23 34 0 0.041 0.0139011 1 
24 23 34 0 0.007 0.0180058 1 
25 23 34 0.00378024 0.01 0.0162244 2 
26 23 34 0 0.04 0.0117017 1 
27 23 34 0 0.017 0.0149178 1 
28 23 34 0.001014 0.025 0.0140263 2 
29 23 34 0 0.018 0.0175511 1 
30 23 34 0.000252941 0.007 0.0144209 3 
31 23 34 0.00294841 0.049 0.0174176 3 
32 23 34 0 0.022 0.0151521 1 
0 23 35 0 0.039 0.013511 1 
1 23 35 0 0.007 0.015531 1 
2 23 35 0 0.032 0.0190515 1 
3 23 35 0.000320673 0.022 0.0139627 2 
4 23 35 0 0.049 0.0133588 1 
5 23 35 0 0.012 0.0159566 1 
6 23 35 0 0.016 0.0183839 1 
7 23 35 0.000420597 0.002 0.0157834 2 
8 23 35 0.00942956 0.011 0.0482202 1 
9 23 35 0 0.042 0.0178672 1 
10 23 35 0.00746802 0.026 0.0710725 1 
11 23 35 0.00123587 0.021 0.0140233 2 
12 23 35 0 0.038 0.0155946 1 
13 23 35 0 0.029 0.0135757 1 
14 23 35 0.0442455 0.003 0.0142902 38 
15 23 35 0 0.021 0.013657 1 
16 23 35 0 0.016 0.0177317 1 
17 23 35 0 0.012 0.0189969 1 
18 23 35 2.15944e-05 0.036 0.0148001 2 
19 23 35 0.0015262 0.009 0.0164937 2 
20 23 35 0.00557352 0.011 0.0157449 9 
21 23 35 0 0.009 0.0123126 1 
22 23 35 0.0044559 0.007 0.0133455 3 
23 23 35 0.00289243 0.012 0.0135194 2 
24 23 35 0 0.041 0.0143356 1 
25 23 35 0 0.04 0.0137733 1 
26 23 35 0.000555332 0.008 0.0156321 2 
27 23 35 0 0.011 0.0159606 4 
28 23 35 0.00115812 0.005 0.0141422 2 
29 23 35 0 0.033 0.0155956 1 
30 23 35 0.00776536 0.001 0.0130662 6 
31 23 35 0 0.024 0.014358 1 
32 23 35 0.0134815 0.017 0.0161486 8 
0 23 36 0.00500513 0.012 0.0180196 4 
1 23 36 0.00166881 0.03 0.0136831 3 
2 23 36 0 0.045 0.0176213 1 
3 23 36 0.000177309 0.011 0.015471 2 
4 23 36 0 0.035 0.0141051 1 
5 23 36 0 0.047 0.0160617 1 
6 23 36 0 0.022 0.0155506 1 
7 23 36 0 0.046 0.0122976 1 
8 23 36 0.00999234 0.009 0.0394328 1 
9 23 36 0 0.033 0.017512 1 
10 23 36 0.00119814 0.02 0.01526 3 
11 23 36 0.000334011 0.015 0.0147963 2 
12 23 36 0.00123311 0.013 0.0144312 2 
13 23 36 0 0.011 0.0130587 1 
14 23 36 0.0139081 0.006 0.0223532 14 
15 23 36 0 0.029 0.0164587 1 
16 23 36 0 0.001 0.0136419 1 
17 23 36 0 0.009 0.0146597 1 
18 23 36 0.00101521 0.015 0.017023 2 
19 23 36 0 0.037 0.0171332 1 
20 23 36 0.00766542 0.022 0.0148956 4 
21 23 36 0 0.037 0.0156287 1 
22 23 36 0 0.021 0.0165512 1 
23 23 36 0.00177851 0.02 0.013738 2 
24 23 36 0 0.017 0.013205 1 
25 23 36 0 0.031 0.0148265 1 
26 23 36 0 0.024 0.0123403 1 
27 23 36 0 0.033 0.014545 1 
28 23 36 0 0.04 0.0151527 1 
29 23 36 0 0.034 0.0149299 1 
30 23 36 0 0.04 0.0155819 1 
31 23 36 0 0.011 0.0125339 1 
32 23 36 0.00333137 0.009 0.0143064 2 
0 23 37 0 0.007 0.014431 1 
1 23 37 0 0.012 0.0122011 1 
2 23 37 0.00625603 0.029 0.0163331 4 
3 23 37 0.0561125 0.002 0.0139166 40 
4 23 37 0 0.033 0.0123183 1 
5 23 37 0 0.041 0.0175457 1 
6 23 37 0 0.046 0.01466 1 
7 23 37 0 0.019 0.0149432 1 
8 23 37 0.00306688 0.032 0.0124071 3 
9 23 37 0.0199983 0.008 0.0182045 19 
10 23 37 0.00137085 0.042 0.0157356 2 
11 23 37 0.0012369 0.021 0.0192855 2 
12 23 37 0 0.012 0.0175915 1 
13 23 37 0 0.023 0.0122369 1 
14 23 37 0.000902689 0.042 0.0157529 2 
15 23 37 0 0.036 0.0214309 1 
16 23 37 0.00108149 0.047 0.0178357 2 
17 23 37 0 0.04 0.0141152 1 
18 23 37 0.0011592 0.013 0.0149346 2 
19 23 37 0 0.009 0.0137888 1 
20 23 37 0.00411134 0.043 0.015605 2 
21 23 37 0 0.033 0.0196064 1 
22 23 37 0.00101677 0.002 0.0161294 3 
23 23 37 0 0.018 0.0135367 1 
24 23 37 0 0.041 0.018751 1 
25 23 37 0 0.024 0.0143635 1 
26 23 37 0.00571844 0.001 0.0129746 5 
27 23 37 0.00438261 0.014 0.0202745 8 
28 23 37 0 0.019 0.016819 1 
29 23 37 0.00156572 0.023 0.0180694 3 
30 23 37 0 0.018 0.0134679 1 
31 23 37 0 0.04 0.0137198 1 
32 23 37 0.022789 0.001 0.0166789 23 
0 23 38 7.90268e-05 0.006 0.0175383 2 
1 23 38 0.00835979 0.007 0.0145692 13 
2 23 38 0 0.035 0.016364 1 
3 23 38 2.00598e-05 0.01 0.0145467 2 
4 23 38 0.00696935 0.013 0.0354082 3 
5 23 38 0.00433084 0.018 0.0221459 2 
6 23 38 0 0.026 0.0156987 1 
7 23 38 0.0170352 0.005 0.0129685 18 
8 23 38 0 0.006 0.015365 1 
9 23 38 0 0.01 0.0159419 1 
10 23 38 0.005417 0.02 0.0547486 1 
11 23 38 0 0.02 0.0162651 1 
12 23 38 0 0.017 0.0136798 1 
13 23 38 0 0.007 0.0198024 1 
14 23 38 0 0.02 0.0119701 1 
15 23 38 0 0.01 0.0137413 1 
16 23 38 0 0.004 0.0138941 1 
17 23 38 0.00938282 0.028 0.013745 4 
18 23 38 0 0.042 0.0167107 1 
19 23 38 0 0.045 0.0147387 1 
20 23 38 0 0.04 0.017951 1 
21 23 38 0 0.032 0.0156575 1 
22 23 38 0.00894424 0.013 0.0144725 10 
23 23 38 0 0.02 0.0126473 1 
24 23 38 0 0.007 0.0141258 1 
25 23 38 0 0.008 0.0165957 1 
26 23 38 0.0124363 0.018 0.0157918 6 
27 23 38 0 0.036 0.0187064 1 
28 23 38 0 0.002 0.0162947 1 
29 23 38 0 0.004 0.0145829 1 
30 23 38 0.000578647 0.001 0.013979 2 
31 23 38 0 0.041 0.0208098 1 
32 23 38 0.00581786 0.009 0.0141706 7 
0 23 39 0 0.036 0.0180258 1 
1 23 39 0 0.02 0.0132092 1 
2 23 39 0 0.001 0.020841 1 
3 23 39 0 0.048 0.0139551 1 
4 23 39 0 0.03 0.0149419 1 
5 23 39 0 0.045 0.0168678 1 
6 23 39 0 0.041 0.0158527 1 
7 23 39 0.00587317 0.002 0.0129402 4 
8 23 39 0 0.027 0.0128866 1 
9 23 39 0.043171 0.001 0.020977 44 
10 23 39 0 0.011 0.0120489 1 
11 23 39 0 0.047 0.0186908 1 
12 23 39 0 0.045 0.0118056 1 
13 23 39 0.000694344 0.026 0.0167378 2 
14 23 39 0 0.031 0.0161363 1 
15 23 39 0 0.003 0.0110165 1 
16 23 39 0 0.045 0.015798 1 
17 23 39 0 0.028 0.0116365 1 
18 23 39 0 0.039 0.015876 1 
19 23 39 0.0123148 0.004 0.014175 18 
20 23 39 1.85344e-05 0.003 0.0132636 2 
21 23 39 0.00222272 0.032 0.0138534 3 
22 23 39 0.000664066 0.02 0.0148292 3 
23 23 39 0 0.045 0.0175674 1 
24 23 39 0 0.018 0.0147561 1 
25 23 39 0 0.017 0.0161369 1 
26 23 39 0.00904283 0.024 0.015365 4 
27 23 39 0.0345042 0.005 0.0169102 31 
28 23 39 0 0.044 0.0158543 1 
29 23 39 0.00131581 0.046 0.0132775 2 
30 23 39 0.00539577 0.04 0.0136144 3 
31 23 39 0 0.046 0.02086 1 
32 23 39 0.00378752 0.015 0.015062 7 
0 23 40 0 0.03 0.0151857 1 
1 23 40 0.00305613 0.035 0.0128049 3 
2 23 40 0 0.009 0.0155867 1 
3 23 40 0.016141 0.014 0.0156408 13 
4 23 40 0 0.042 0.0167007 1 
5 23 40 0 0.016 0.0236501 3 
6 23 40 0 0.046 0.0143438 1 
7 23 40 0 0.019 0.011471 1 
8 23 40 0.0122438 0.041 0.0386438 1 
9 23 40 0 0.004 0.0153903 1 
10 23 40 0 0.036 0.019848 1 
11 23 40 0.000941069 0.044 0.014626 2 
12 23 40 0.00904226 0.013 0.0130396 4 
13 23 40 0 0.003 0.0188589 1 
14 23 40 0.00152251 0.001 0.013528 4 
15 23 40 0 0.044 0.012584 1 
16 23 40 0 0.04 0.017507 1 
17 23 40 0 0.04 0.0147583 1 
18 23 40 0 0.021 0.0146296 1 
19 23 40 0 0.038 0.0163971 1 
20 23 40 0.000378968 0.003 0.0163145 3 
21 23 40 0 0.008 0.0111161 1 
22 23 40 0 0.031 0.0118875 1 
23 23 40 0.00469845 0.035 0.012994 4 
24 23 40 0 0.014 0.0116431 1 
25 23 40 0.00311815 0.019 0.0154378 5 
26 23 40 0.0196353 0.005 0.0141071 11 
27 23 40 0.00434296 0.024 0.0147599 4 
28 23 40 0 0.047 0.0153221 1 
29 23 40 0.00156796 0.018 0.0173204 3 
30 23 40 0.000394135 0.003 0.015374 2 
31 23 40 0 0.016 0.0151784 1 
32 23 40 0 0.011 0.0151518 1 
0 23 41 0 0.029 0.0135583 1 
1 23 41 0 0.034 0.0160481 1 
2 23 41 0 0.03 0.0220601 1 
3 23 41 0 0.049 0.0143913 1 
4 23 41 0.00652191 0.038 0.0435607 1 
5 23 41 0 0.007 0.018898 1 
6 23 41 0 0.039 0.0169622 1 
7 23 41 0 0.014 0.0146325 1 
8 23 41 0 0.045 0.0118872 1 
9 23 41 0 0.044 0.0134776 1 
10 23 41 0.00711548 0.027 0.0641563 1 
11 23 41 0 0.026 0.0141309 1 
12 23 41 0 0.049 0.0168752 1 
13 23 41 0 0.044 0.0149753 1 
14 23 41 0 0.043 0.0156309 1 
15 23 41 0 0.033 0.0187234 1 
16 23 41 0 0.01 0.0205841 1 
17 23 41 0.0119014 0.009 0.0147944 11 
18 23 41 0 0.017 0.0207041 1 
19 23 41 0.00127346 0.042 0.0159856 2 
20 23 41 4.53489e-05 0.007 0.0100417 2 
21 23 41 0 0.03 0.0155789 1 
22 23 41 8.14253e-05 0.007 0.0140913 2 
23 23 41 0 0.017 0.0124678 1 
24 23 41 0.00116161 0.025 0.0143989 2 
25 23 41 0.00510562 0.024 0.0194685 7 
26 23 41 0.000501285 0.002 0.0141301 2 
27 23 41 0 0.034 0.0140224 1 
28 23 41 0 0.022 0.0138857 1 
29 23 41 0 0.022 0.0200265 1 
30 23 41 0 0.012 0.0142529 1 
31 23 41 0.000205127 0.022 0.0141853 2 
32 23 41 0.0102897 0.01 0.0122064 3 
0 23 42 0.0340537 0.001 0.0215187 33 
1 23 42 0.00358613 0.014 0.0167906 3 
2 23 42 0 0.023 0.0152763 1 
3 23 42 0 0.044 0.0114054 1 
4 23 42 0.00708859 0.03 0.0560279 1 
5 23 42 0 0.021 0.0197938 1 
6 23 42 0 0.017 0.0114385 1 
7 23 42 0 0.006 0.014065 1 
8 23 42 0.00968492 0.032 0.0452313 1 
9 23 42 0.0030223 0.016 0.0154982 3 
10 23 42 0.000242482 0.018 0.0147274 2 
11 23 42 0 0.044 0.0165118 1 
12 23 42 0 0.047 0.012632 1 
13 23 42 0.00445161 0.004 0.0152923 6 
14 23 42 0.0171064 0.017 0.0114091 17 
15 23 42 0 0.031 0.0136758 1 
16 23 42 0.00109549 0.025 0.0140175 2 
17 23 42 0 0.037 0.0144254 1 
18 23 42 0 0.023 0.017758 1 
19 23 42 0 0.017 0.0154993 1 
20 23 42 0 0.006 0.0158101 1 
21 23 42 0 0.029 0.0160977 1 
22 23 42 0 0.042 0.0166774 1 
23 23 42 0.000410057 0.003 0.0148234 3 
24 23 42 0.00101894 0.038 0.0114175 2 
25 23 42 0.0195172 0.009 0.0122353 9 
26 23 42 0.00112677 0.008 0.0132273 2 
27 23 42 0.000191344 0.02 0.0145317 3 
28 23 42 0.00101894 0.023 0.0171579 2 
29 23 42 0 0.006 0.0180972 1 
30 23 42 0 0.045 0.0165809 1 
31 23 42 0 0.013 0.0143409 1 
32 23 42 0.00491402 0.015 0.0128513 2 
0 23 43 0 0.011 0.0128626 1 
1 23 43 0.0159407 0.01 0.0139143 14 
2 23 43 0.00163195 0.027 0.02075 3 
3 23 43 0.00347731 0.047 0.013121 3 
4 23 43 0 0.031 0.0156176 1 
5 23 43 0.00467979 0.047 0.0683499 1 
6 23 43 0 0.023 0.0138113 1 
7 23 43 0.00426824 0.005 0.0179687 4 
8 23 43 0.0102501 0.007 0.0456006 1 
9 23 43 0 0.022 0.0216296 1 
10 23 43 0.00258298 0.007 0.0184293 4 
11 23 43 0 0.015 0.0146353 1 
12 23 43 0.00810212 0.025 0.0142344 6 
13 23 43 0.000636243 0.009 0.0118037 2 
14 23 43 0.0220051 0.003 0.0165342 23 
15 23 43 0 0.038 0.0149614 1 
16 23 43 0 0.019 0.011229 1 
17 23 43 0.00458043 0.038 0.0180884 3 
18 23 43 0 0.048 0.019082 1 
19 23 43 0 0.01 0.0190754 1 
20 23 43 0 0.032 0.0117935 1 
21 23 43 0 0.012 0.0135507 1 
22 23 43 0.00087418 0.004 0.0149435 2 
23 23 43 0.000511589 0.017 0.0156551 2 
24 23 43 0 0.012 0.0185545 1 
25 23 43 0.00199258 0.046 0.015372 2 
26 23 43 0.00698064 0.019 0.0119207 8 
27 23 43 0 0.031 0.0158534 1 
28 23 43 0.00116276 0.014 0.0138975 2 
29 23 43 0 0.006 0.0124836 1 
30 23 43 0 0.008 0.0172097 1 
31 23 43 0 0.022 0.0122185 1 
32 23 43 0 0.047 0.0118801 1 
0 23 44 0.0147591 0.01 0.0156287 17 
1 23 44 0.0187455 0.002 0.0128581 9 
2 23 44 0 0.009 0.0152672 1 
3 23 44 0 0.038 0.0125661 1 
4 23 44 0.00843605 0.045 0.0615016 1 
5 23 44 0 0.01 0.0186992 2 
6 23 44 0 0.001 0.0151122 1 
7 23 44 0 0.014 0.016296 1 
8 23 44 0 0.006 0.0125628 1 
9 23 44 0 0.029 0.0129847 1 
10 23 44 0.000861296 0.012 0.0203949 2 
11 23 44 0 0.022 0.0183935 1 
12 23 44 0.00480954 0.036 0.0169004 5 
13 23 44 0.000915152 0.019 0.0112467 2 
14 23 44 0 0.016 0.0147644 1 
15 23 44 0 0.046 0.0129553 1 
16 23 44 0 0.009 0.0128295 1 
17 23 44 0 0.026 0.0128891 1 
18 23 44 0 0.028 0.0147881 1 
19 23 44 0.00102681 0.002 0.013691 4 
20 23 44 0.00119985 0.004 0.0148174 2 
21 23 44 0 0.049 0.0149421 1 
22 23 44 0.0584545 0.002 0.016016 62 
23 23 44 0 0.039 0.0141589 1 
24 23 44 0 0.032 0.0155948 1 
25 23 44 0 0.011 0.0172723 1 
26 23 44 0 0.022 0.0169245 1 
27 23 44 0 0.026 0.0174661 1 
28 23 44 0 0.017 0.0176426 1 
29 23 44 0 0.003 0.0123462 1 
30 23 44 0 0.024 0.016903 1 
31 23 44 0 0.01 0.01315 1 
32 23 44 0 0.033 0.0157101 1 
0 23 45 0 0.026 0.0128194 1 
1 23 45 0.000847078 0.001 0.0112814 3 
2 23 45 0.00145515 0.025 0.0145415 2 
3 23 45 0.00313542 0.008 0.0114368 2 
4 23 45 0.00900371 0.018 0.0492031 1 
5 23 45 0 0.017 0.0151758 1 
6 23 45 0 0.009 0.0167156 1 
7 23 45 0.0143142 0.028 0.0174555 4 
8 23 45 0.00786257 0.031 0.0503313 1 
9 23 45 0 0.049 0.0159241 1 
10 23 45 0 0.025 0.0149312 1 
11 23 45 0 0.045 0.0169728 1 
12 23 45 0 0.038 0.0132601 1 
13 23 45 0.00953123 0.002 0.0173281 7 
14 23 45 0.047438 0.001 0.0172353 50 
15 23 45 0 0.049 0.016081 1 
16 23 45 0 0.013 0.0162022 1 
17 23 45 0 0.02 0.0136128 1 
18 23 45 0 0.044 0.0190008 1 
19 23 45 0 0.006 0.0152231 1 
20 23 45 0 0.016 0.0172583 1 
21 23 45 0 0.042 0.0203332 1 
22 23 45 0 0.034 0.0182314 1 
23 23 45 0 0.017 0.0139139 1 
24 23 45 0 0.019 0.015941 1 
25 23 45 0 0.002 0.017021 1 
26 23 45 0 0.001 0.0143149 1 
27 23 45 0 0.001 0.0170972 1 
28 23 45 0 0.049 0.016196 1 
29 23 45 0.00147202 0.037 0.0160572 2 
30 23 45 0.00519101 0.001 0.0147559 10 
31 23 45 0.000134918 0.04 0.0138542 2 
32 23 45 0 0.013 0.0176505 1 
0 23 46 0.0667708 0.003 0.0197915 48 
1 23 46 0 0.012 0.0122237 1 
2 23 46 0.00113143 0.009 0.0144464 2 
3 23 46 0.00827235 0.019 0.0129983 12 
4 23 46 0 0.035 0.0212813 2 
5 23 46 0.000247479 0.015 0.0235302 4 
6 23 46 0 0.002 0.0120391 1 
7 23 46 0 0.03 0.0162058 1 
8 23 46 0 0.025 0.0161933 2 
9 23 46 0.0078034 0.026 0.0140223 7 
10 23 46 0.0101644 0.034 0.0590816 1 
11 23 46 0 0.024 0.0173098 1 
12 23 46 0 0.048 0.016099 1 
13 23 46 0 0.03 0.0134958 1 
14 23 46 0 0.032 0.0181796 1 
15 23 46 0 0.043 0.0155445 1 
16 23 46 0 0.032 0.0191817 1 
17 23 46 0 0.028 0.0128737 1 
18 23 46 0 0.007 0.0171105 1 
19 23 46 0.000628508 0.001 0.0143628 2 
20 23 46 0.0301746 0.005 0.0171684 21 
21 23 46 0 0.009 0.0159982 1 
22 23 46 0 0.019 0.0145133 1 
23 23 46 0 0.04 0.00964437 1 
24 23 46 0 0.012 0.0162751 1 
25 23 46 0 0.033 0.015236 1 
26 23 46 0.00273495 0.013 0.0124693 5 
27 23 46 0 0.013 0.0151462 1 
28 23 46 0 0.049 0.0168822 1 
29 23 46 0.00104785 0.027 0.0155603 2 
30 23 46 0 0.042 0.0175916 1 
31 23 46 0.000249229 0.025 0.0143742 2 
32 23 46 1.31159e-05 0.015 0.0144677 2 
0 23 47 0 0.005 0.0139367 1 
1 23 47 5.34224e-05 0.024 0.0156041 2 
2 23 47 0.00145646 0.035 0.011484 2 
3 23 47 0 0.01 0.0159747 1 
4 23 47 0 0.042 0.0179944 1 
5 23 47 0.00716533 0.001 0.0796219 1 
6 23 47 0 0.004 0.017471 1 
7 23 47 0.00452636 0.016 0.0134857 4 
8 23 47 0 0.011 0.015758 1 
9 23 47 0.000133043 0.004 0.0138027 2 
10 23 47 0.0107318 0.008 0.0340179 1 
11 23 47 0.00145646 0.039 0.0136309 2 
12 23 47 0.0133634 0.003 0.0117148 10 
13 23 47 0.00243576 0.008 0.0176083 3 
14 23 47 0.00212262 0.027 0.0138818 6 
15 23 47 0 0.014 0.0146758 1 
16 23 47 0 0.026 0.0170107 1 
17 23 47 0 0.023 0.0188001 1 
18 23 47 0 0.04 0.0161829 1 
19 23 47 0 0.042 0.0177178 1 
20 23 47 0.00268286 0.025 0.0126365 2 
21 23 47 0 0.012 0.0121994 1 
22 23 47 0.0272219 0.002 0.0181122 34 
23 23 47 0 0.02 0.0171392 1 
24 23 47 0 0.002 0.0167104 1 
25 23 47 0.0305914 0.002 0.0182 23 
26 23 47 0.00504854 0.001 0.0188568 7 
27 23 47 0 0.019 0.0140875 1 
28 23 47 0 0.022 0.0144002 1 
29 23 47 0.00108002 0.044 0.0131642 2 
30 23 47 0 0.032 0.0159682 1 
31 23 47 0 0.042 0.015033 1 
32 23 47 0 0.025 0.0167225 1 
0 23 48 0 0.036 0.0192006 1 
1 23 48 0 0.039 0.0145888 1 
2 23 48 0 0.037 0.0156255 1 
3 23 48 0 0.008 0.0176176 1 
4 23 48 0 0.018 0.0141415 1 
5 23 48 0.00773483 0.036 0.0599908 1 
6 23 48 0 0.044 0.015884 1 
7 23 48 0 0.044 0.0157523 1 
8 23 48 0.0058986 0.004 0.0149237 1 
9 23 48 0 0.032 0.0164832 1 
10 23 48 0.00226472 0.026 0.0170182 5 
11 23 48 0.00113287 0.027 0.0126904 2 
12 23 48 0.0196039 0.007 0.0175575 13 
13 23 48 0 0.036 0.0165309 1 
14 23 48 0.0229149 0.012 0.013506 17 
15 23 48 0 0.048 0.0183372 1 
16 23 48 0 0.048 0.0173561 1 
17 23 48 0.00921349 0.013 0.0157327 12 
18 23 48 0 0.034 0.0133218 1 
19 23 48 0.00456071 0.01 0.0173038 6 
20 23 48 0 0.046 0.0187573 1 
21 23 48 0 0.046 0.0159649 1 
22 23 48 0 0.042 0.0157058 1 
23 23 48 0 0.009 0.0145301 1 
24 23 48 0 0.003 0.0154673 1 
25 23 48 0.00258441 0.003 0.0138368 3 
26 23 48 0.00703886 0.013 0.0122141 8 
27 23 48 0.00946319 0.015 0.0174398 8 
28 23 48 0 0.011 0.0143685 1 
29 23 48 0.0011026 0.045 0.0150646 2 
30 23 48 0 0.011 0.0100343 1 
31 23 48 0 0.003 0.0155274 1 
32 23 48 0 0.015 0.0180048 1 
0 23 49 9.69502e-05 0.008 0.0153923 2 
1 23 49 0 0.015 0.0171429 1 
2 23 49 0 0.011 0.0182007 1 
3 23 49 0.0125117 0.001 0.0133732 13 
4 23 49 0.000738502 0.044 0.0168745 2 
5 23 49 0.00352144 0.039 0.0172101 2 
6 23 49 0 0.016 0.0213003 1 
7 23 49 0.0133064 0.011 0.0139803 13 
8 23 49 0.00272594 0.04 0.0217098 2 
9 23 49 0 0.011 0.0169291 1 
10 23 49 0.00813417 0.024 0.0567351 1 
11 23 49 0 0.02 0.0100578 1 
12 23 49 0.00830251 0.025 0.0194906 4 
13 23 49 0 0.03 0.0141193 1 
14 23 49 0.0535505 0.005 0.0169487 43 
15 23 49 0 0.001 0.0148404 1 
16 23 49 0 0.005 0.0124103 1 
17 23 49 0 0.038 0.0136465 1 
18 23 49 0 0.004 0.0157713 1 
19 23 49 0 0.016 0.0170056 1 
20 23 49 0.00483436 0.009 0.0150274 4 
21 23 49 0.000986096 0.037 0.0127143 3 
22 23 49 0.0172623 0.003 0.010659 11 
23 23 49 0 0.04 0.0172939 1 
24 23 49 0 0.009 0.0152976 1 
25 23 49 0.00321201 0.017 0.0156846 4 
26 23 49 0.00970323 0.02 0.0114189 7 
27 23 49 0 0.026 0.0171973 1 
28 23 49 0.00137329 0.011 0.0193696 2 
29 23 49 0.00154237 0.024 0.016445 2 
30 23 49 0 0.017 0.0158845 1 
31 23 49 0.00113681 0.018 0.0193542 2 
32 23 49 0 0.039 0.0196853 1 
0 23 50 0.00125716 0.013 0.0117377 2 
1 23 50 0 0.023 0.0134857 1 
2 23 50 0 0.002 0.0148458 1 
3 23 50 0.00211604 0.02 0.0187667 3 
4 23 50 0 0.022 0.0164908 1 
5 23 50 0 0.004 0.0143152 1 
6 23 50 0 0.03 0.0158361 1 
7 23 50 0.000823164 0.037 0.0143067 2 
8 23 50 0 0.012 0.016032 1 
9 23 50 0 0.034 0.012395 1 
10 23 50 0.00870386 0.028 0.0556115 1 
11 23 50 0 0.02 0.0173687 1 
12 23 50 0 0.01 0.0150608 1 
13 23 50 0.00884941 0.004 0.0197747 12 
14 23 50 0.0238773 0.006 0.0157341 17 
15 23 50 0 0.046 0.014688 1 
16 23 50 0 0.028 0.0171325 1 
17 23 50 0 0.044 0.01586 1 
18 23 50 0 0.008 0.0181134 1 
19 23 50 0 0.02 0.0159913 1 
20 23 50 0 0.004 0.0160802 1 
21 23 50 0.00582607 0.032 0.0151536 4 
22 23 50 0 0.047 0.0146633 1 
23 23 50 0.0145319 0.03 0.0167217 4 
24 23 50 0.00121789 0.031 0.0166678 2 
25 23 50 0 0.003 0.0119052 1 
26 23 50 0.00346689 0.017 0.0166433 6 
27 23 50 0.0291937 0.011 0.0169581 17 
28 23 50 0 0.041 0.0132842 1 
29 23 50 0 0.04 0.0151069 1 
30 23 50 0.00400642 0.032 0.0174602 2 
31 23 50 0 0.004 0.0166173 1 
32 23 50 0 0.014 0.0158418 1 
0 23 51 0 0.042 0.0151825 1 
1 23 51 0.0154544 0.017 0.0163551 9 
2 23 51 0 0.036 0.0170215 1 
3 23 51 0 0.021 0.0143476 1 
4 23 51 0 0.033 0.0172654 1 
5 23 51 0.00966249 0.019 0.0517028 1 
6 23 51 0 0.044 0.017488 1 
7 23 51 0.0135178 0.026 0.0134013 8 
8 23 51 0.00773404 0.022 0.0459384 1 
9 23 51 0 0.033 0.0170054 1 
10 23 51 0 0.032 0.0164527 1 
11 23 51 0 0.018 0.0173223 1 
12 23 51 0.00283944 0.006 0.0134669 10 
13 23 51 0 0.046 0.0149125 1 
14 23 51 0 0.002 0.0170172 1 
15 23 51 0 0.016 0.0146577 1 
16 23 51 0 0.04 0.0147397 1 
17 23 51 0.0405124 0.004 0.018691 25 
18 23 51 0 0.017 0.012359 1 
19 23 51 3.99708e-05 0.001 0.0123577 2 
20 23 51 0.00339459 0.019 0.0141059 2 
21 23 51 0.0074434 0.04 0.010408 4 
22 23 51 0.00208772 0.035 0.017079 2 
23 23 51 0.000998474 0.018 0.0157656 2 
24 23 51 0 0.015 0.0184074 1 
25 23 51 0.00421069 0.012 0.0141159 5 
26 23 51 0.00776732 0.008 0.0128545 7 
27 23 51 0 0.018 0.0159963 1 
28 23 51 0.00118704 0.008 0.014113 2 
29 23 51 0 0.022 0.0152908 1 
30 23 51 0 0.022 0.0138228 1 
31 23 51 0.00177947 0.03 0.0146556 2 
32 23 51 0.00051552 0.006 0.0153764 2 
0 23 52 0 0.021 0.0125841 1 
1 23 52 0 0.033 0.0149304 1 
2 23 52 0 0.032 0.0162593 1 
3 23 52 0.000827666 0.01 0.0188811 3 
4 23 52 0.000304368 0.033 0.0165389 2 
5 23 52 0.00167534 0.014 0.0151267 2 
6 23 52 0.000901472 0.039 0.0135673 2 
7 23 52 0.00227116 0.006 0.0154985 6 
8 23 52 0.00472869 0.025 0.0418549 1 
9 23 52 0 0.037 0.0126765 1 
10 23 52 0 0.023 0.012629 1 
11 23 52 0 0.027 0.0183153 1 
12 23 52 0.0097412 0.007 0.0157637 12 
13 23 52 0 0.035 0.0165634 1 
14 23 52 0 0.018 0.0175988 1 
15 23 52 0 0.027 0.0137762 1 
16 23 52 0 0.005 0.0119451 1 
17 23 52 0.0107821 0.022 0.0151092 6 
18 23 52 0 0.025 0.015241 1 
19 23 52 0 0.037 0.0160247 1 
20 23 52 0.000104402 0.001 0.0194814 2 
21 23 52 0 0.021 0.0178196 1 
22 23 52 0 0.012 0.0163638 1 
23 23 52 0 0.007 0.0150117 1 
24 23 52 0 0.049 0.0159481 1 
25 23 52 0.010235 0.019 0.0150857 7 
26 23 52 0.00107992 0.022 0.0200447 3 
27 23 52 0.0320912 0.004 0.0115474 33 
28 23 52 0 0.012 0.0140139 1 
29 23 52 0 0.046 0.014676 1 
30 23 52 0.0103592 0.008 0.0156823 7 
31 23 52 0 0.017 0.0184964 1 
32 23 52 0.000778121 0.002 0.0199848 2 
0 23 53 0.00179855 0.019 0.0146922 3 
1 23 53 0 0.009 0.0121077 1 
2 23 53 0 0.042 0.0155339 1 
3 23 53 0.00442444 0.002 0.0135112 4 
4 23 53 0 0.004 0.0134737 1 
5 23 53 0.00311488 0.025 0.0276404 2 
6 23 53 0 0.03 0.0170711 1 
7 23 53 0 0.008 0.0204184 1 
8 23 53 0.00530365 0.025 0.0425829 1 
9 23 53 0 0.039 0.013039 1 
10 23 53 0.0108103 0.045 0.0663013 1 
11 23 53 0 0.008 0.0211796 1 
12 23 53 0.0100293 0.004 0.0147525 12 
13 23 53 0 0.043 0.0175117 1 
14 23 53 0.00222266 0.035 0.0170666 2 
15 23 53 0 0.03 0.0159716 1 
16 23 53 0 0.021 0.0138292 1 
17 23 53 0.0244648 0.001 0.0164011 22 
18 23 53 0 0.022 0.0147267 1 
19 23 53 0 0.044 0.0137325 1 
20 23 53 0 0.043 0.016339 1 
21 23 53 7.9825e-05 0.008 0.0134903 2 
22 23 53 0.00102668 0.022 0.01293 2 
23 23 53 0.0113911 0.02 0.0139175 5 
24 23 53 0 0.003 0.0182115 1 
25 23 53 0.0021212 0.002 0.0156885 2 
26 23 53 0 0.014 0.0140333 1 
27 23 53 0.000546333 0.014 0.0149059 2 
28 23 53 0 0.041 0.0178557 1 
29 23 53 0.00568204 0.001 0.0152639 4 
30 23 53 0 0.009 0.0162714 1 
31 23 53 0 0.036 0.0162134 1 
32 23 53 0.0150304 0.001 0.0150533 23 
0 23 54 0 0.042 0.0139455 1 
1 23 54 0 0.03 0.0168745 1 
2 23 54 0 0.018 0.0148334 1 
3 23 54 0 0.006 0.0167178 1 
4 23 54 0 0.037 0.0145173 1 
5 23 54 0 0.019 0.0146924 1 
6 23 54 0 0.038 0.0181602 1 
7 23 54 0 0.008 0.0163737 1 
8 23 54 0.00587865 0.006 0.0514687 1 
9 23 54 0.000958789 0.012 0.0177509 4 
10 23 54 0 0.015 0.0120508 1 
11 23 54 0.00115719 0.049 0.0184939 2 
12 23 54 3.00559e-05 0.02 0.0098676 2 
13 23 54 0.011724 0.012 0.0123097 11 
14 23 54 0 0.021 0.0142754 1 
15 23 54 0 0.032 0.0147268 1 
16 23 54 0 0.001 0.0217529 1 
17 23 54 0.0150474 0.02 0.0123954 12 
18 23 54 0.00124189 0.039 0.0173102 2 
19 23 54 0 0.044 0.014656 1 
20 23 54 0.00713906 0.001 0.0158001 6 
21 23 54 0 0.026 0.014006 1 
22 23 54 0 0.044 0.0155837 1 
23 23 54 0 0.006 0.0145951 1 
24 23 54 0 0.007 0.0174423 1 
25 23 54 0.00227738 0.022 0.0182233 2 
26 23 54 0 0.041 0.0156296 1 
27 23 54 0.000733632 0.025 0.0171457 2 
28 23 54 0 0.047 0.012831 1 
29 23 54 0 0.01 0.0161852 1 
30 23 54 0.000661476 0.014 0.0141698 3 
31 23 54 0 0.023 0.0191093 1 
32 23 54 0.00543879 0.004 0.0167455 12 
0 23 55 0 0.049 0.0169765 1 
1 23 55 0.00203739 0.029 0.016957 5 
2 23 55 0.00128938 0.01 0.0174535 2 
3 23 55 0.0113982 0.025 0.0151266 7 
4 23 55 0 0.032 0.0183488 1 
5 23 55 0 0.015 0.02572 3 
6 23 55 0 0.034 0.0192172 1 
7 23 55 0 0.021 0.0160804 1 
8 23 55 0.00655515 0.033 0.0439681 1 
9 23 55 0 0.044 0.0161203 1 
10 23 55 0.000150535 0.027 0.0145494 2 
11 23 55 0 0.038 0.0159785 1 
12 23 55 0 0.043 0.0147594 1 
13 23 55 0.0177173 0.01 0.0179138 12 
14 23 55 0 0.022 0.0164732 1 
15 23 55 0 0.048 0.0195519 1 
16 23 55 0 0.036 0.0154147 1 
17 23 55 0.00751667 0.044 0.0153741 4 
18 23 55 0 0.034 0.0156856 1 
19 23 55 0.00373172 0.01 0.0128538 4 
20 23 55 0 0.032 0.0155318 1 
21 23 55 0.00160839 0.011 0.0140078 2 
22 23 55 0.004791 0.017 0.0140375 3 
23 23 55 0.0059804 0.044 0.0129852 5 
24 23 55 0 0.015 0.013559 1 
25 23 55 0.00626649 0.042 0.0185503 3 
26 23 55 0.0272402 0.012 0.0182801 21 
27 23 55 0.00348411 0.031 0.0154964 4 
28 23 55 0 0.003 0.0176853 1 
29 23 55 0.000580473 0.024 0.0143147 3 
30 23 55 0 0.026 0.0160391 1 
31 23 55 0 0.002 0.0149207 1 
32 23 55 0.0180861 0.008 0.0137866 23 
0 23 56 0 0.044 0.0174594 1 
1 23 56 0 0.035 0.0151296 1 
2 23 56 0.000984815 0.023 0.0184104 2 
3 23 56 0 0.007 0.0125989 1 
4 23 56 0 0.006 0.0173677 1 
5 23 56 0 0.025 0.0192008 1 
6 23 56 0.00145385 0.024 0.0132095 3 
7 23 56 0 0.036 0.0206441 1 
8 23 56 0.000749088 0.026 0.0285771 3 
9 23 56 0 0.016 0.01524 1 
10 23 56 0 0.017 0.00971451 1 
11 23 56 0 0.001 0.0147128 1 
12 23 56 0 0.031 0.0156966 1 
13 23 56 0 0.036 0.0153905 1 
14 23 56 0 0.004 0.0137379 1 
15 23 56 0 0.027 0.0177176 1 
16 23 56 0 0.026 0.012668 1 
17 23 56 0 0.009 0.0150721 1 
18 23 56 0 0.041 0.0111555 1 
19 23 56 0 0.026 0.0166005 1 
20 23 56 0.00883078 0.042 0.0169394 3 
21 23 56 0.00410526 0.029 0.0147322 4 
22 23 56 0 0.015 0.0146488 1 
23 23 56 0 0.039 0.0178051 1 
24 23 56 0 0.024 0.0112342 1 
25 23 56 0.00141682 0.044 0.0123575 2 
26 23 56 0.010172 0.011 0.0118812 7 
27 23 56 0.00870168 0.018 0.0157712 8 
28 23 56 0.00106349 0.013 0.0130575 2 
29 23 56 0.00103017 0.044 0.0153954 3 
30 23 56 0.0207547 0.006 0.0155482 19 
31 23 56 0 0.001 0.0164874 1 
32 23 56 0.0100993 0.044 0.0142496 5 
0 23 57 0 0.048 0.0159581 1 
1 23 57 0.0190042 0.004 0.0126991 14 
2 23 57 0.00129061 0.008 0.0130757 2 
3 23 57 0.00105754 0.015 0.0155669 4 
4 23 57 0 0.03 0.0137215 1 
5 23 57 0 0.037 0.0160842 1 
6 23 57 0.00152972 0.048 0.019288 2 
7 23 57 0.000557849 0.015 0.0158226 2 
8 23 57 0.00400136 0.003 0.0492321 1 
9 23 57 0.0029281 0.022 0.0147021 6 
10 23 57 0.0133045 0.03 0.0490748 1 
11 23 57 0 0.007 0.0148214 1 
12 23 57 0.00465458 0.026 0.0140466 5 
13 23 57 0 0.044 0.0158113 1 
14 23 57 0 0.017 0.0164176 1 
15 23 57 0 0.014 0.0154148 1 
16 23 57 0 0.019 0.012012 1 
17 23 57 0.00414425 0.04 0.0159524 4 
18 23 57 0 0.01 0.0133984 1 
19 23 57 0.000547647 0.017 0.0126607 2 
20 23 57 0.0159859 0.016 0.0141849 10 
21 23 57 0 0.01 0.0154076 1 
22 23 57 0 0.042 0.0130824 1 
23 23 57 0 0.03 0.0136742 1 
24 23 57 0 0.018 0.0172538 1 
25 23 57 0 0.005 0.0128454 1 
26 23 57 0.000414371 0.018 0.0134901 2 
27 23 57 0.00173268 0.018 0.0172836 5 
28 23 57 0 0.016 0.0153175 1 
29 23 57 0 0.028 0.0145972 1 
30 23 57 0 0.01 0.0132038 1 
31 23 57 0.00181173 0.016 0.0160468 2 
32 23 57 0 0.045 0.0115212 1 
0 23 58 0.0303962 0.001 0.0157575 22 
1 23 58 0 0.044 0.0165821 1 
2 23 58 0 0.021 0.0128818 1 
3 23 58 0 0.008 0.0153688 1 
4 23 58 1.87034e-05 0.007 0.0167319 2 
5 23 58 0.0105123 0.032 0.0614317 1 
6 23 58 0 0.013 0.0154214 1 
7 23 58 0 0.022 0.0154793 1 
8 23 58 0 0.02 0.0184878 1 
9 23 58 0 0.026 0.0140333 1 
10 23 58 0 0.004 0.0181414 1 
11 23 58 0 0.041 0.0206648 1 
12 23 58 0 0.024 0.017878 1 
13 23 58 0 0.034 0.0170168 1 
14 23 58 0.000263211 0.01 0.0136051 3 
15 23 58 0 0.006 0.0162519 1 
16 23 58 0 0.01 0.018914 1 
17 23 58 0.000579595 0.004 0.0135603 3 
18 23 58 0 0.004 0.0157977 1 
19 23 58 0.00795703 0.023 0.0108902 8 
20 23 58 0 0.033 0.0137216 1 
21 23 58 0 0.002 0.0150907 1 
22 23 58 0 0.015 0.0122824 1 
23 23 58 0.00429541 0.042 0.0128651 3 
24 23 58 0 0.018 0.0139335 1 
25 23 58 0 0.008 0.0134117 2 
26 23 58 0 0.01 0.0143547 1 
27 23 58 0 0.008 0.0145649 1 
28 23 58 0 0.003 0.0135767 1 
29 23 58 0 0.036 0.018109 1 
30 23 58 0 0.024 0.0161653 1 
31 23 58 0 0.036 0.0154279 1 
32 23 58 0.00066724 0.037 0.0164726 4 
0 23 59 0.0137579 0.002 0.0146896 11 
1 23 59 0.0021607 0.048 0.0139537 5 
2 23 59 0 0.001 0.0130682 1 
3 23 59 0.00959982 0.011 0.0135567 9 
4 23 59 0.00699195 0.03 0.0447605 4 
5 23 59 0.0112966 0.02 0.0566165 1 
6 23 59 0 0.04 0.0156477 1 
7 23 59 0.000311436 0.015 0.0134483 2 
8 23 59 0.00531359 0.001 0.0557223 1 
9 23 59 0.00515785 0.017 0.0163286 4 
10 23 59 0 0.01 0.0167174 1 
11 23 59 0 0.009 0.0142107 1 
12 23 59 0.0043079 0.029 0.0111097 5 
13 23 59 0 0.006 0.0157788 1 
14 23 59 0.0119446 0.009 0.015355 9 
15 23 59 0 0.038 0.0181423 1 
16 23 59 0 0.031 0.0160241 1 
17 23 59 0 0.042 0.0119469 1 
18 23 59 0 0.039 0.01759 1 
19 23 59 0.0177599 0.04 0.0118751 6 
20 23 59 0 0.025 0.017111 1 
21 23 59 0.000110476 0.013 0.0180182 3 
22 23 59 0.0116549 0.006 0.0129837 6 
23 23 59 0 0.012 0.0146135 1 
24 23 59 0 0.019 0.0166536 1 
25 23 59 0 0.042 0.0159666 1 
26 23 59 0.00299147 0.011 0.0150253 2 
27 23 59 0.00980289 0.006 0.0140194 14 
28 23 59 0 0.036 0.0190857 1 
29 23 59 0 0.033 0.0176878 1 
30 23 59 0 0.041 0.0164914 1 
31 23 59 0 0.044 0.0181476 1 
32 23 59 0.0042174 0.022 0.018027 7 
0 23 60 0.00298479 0.045 0.0152068 4 
1 23 60 0.000309924 0.001 0.0197666 2 
2 23 60 0.00112157 0.049 0.0126044 3 
3 23 60 0.00201759 0.038 0.0137666 3 
4 23 60 0.000167425 0.028 0.0168996 2 
5 23 60 0.0118738 0.013 0.0685884 1 
6 23 60 0 0.046 0.0195392 1 
7 23 60 0 0.02 0.0184905 1 
8 23 60 0.00134894 0.025 0.0107319 2 
9 23 60 0 0.016 0.0133658 1 
10 23 60 0.00128592 0.038 0.014498 4 
11 23 60 0 0.005 0.0145113 1 
12 23 60 0.0348635 0.004 0.0132521 27 
13 23 60 0.00420566 0.013 0.0123636 4 
14 23 60 0 0.031 0.0148396 1 
15 23 60 0 0.046 0.0185567 1 
16 23 60 0 0.042 0.0180814 1 
17 23 60 0.0041316 0.005 0.0119344 2 
18 23 60 0 0.003 0.0151995 1 
19 23 60 0 0.012 0.0163084 1 
20 23 60 0.003603 0.006 0.0149063 7 
21 23 60 0.000685739 0.03 0.02225 2 
22 23 60 0 0.049 0.0159213 1 
23 23 60 0.000793271 0.012 0.0149876 2 
24 23 60 0 0.03 0.0142979 1 
25 23 60 0.000281985 0.001 0.014393 2 
26 23 60 0.0306201 0.003 0.0169676 23 
27 23 60 0.0191144 0.01 0.0149967 14 
28 23 60 0 0.023 0.0175787 1 
29 23 60 0 0.014 0.0128049 1 
30 23 60 0 0.037 0.0200721 1 
31 23 60 0 0.046 0.0117182 1 
32 23 60 0 0.018 0.0156365 1 
