0 24 0 0 0.039 0.131112 1 
1 24 0 0 0.041 0.163441 1 
2 24 0 0 0.024 0.200882 1 
3 24 0 0 0.03 0.131112 1 
4 24 0 0 0.036 0.145435 1 
5 24 0 0 0.044 0.191789 1 
6 24 0 0 0.038 0.185624 2 
7 24 0 0 0.024 0.150122 1 
8 24 0 0 0.025 0.156372 1 
9 24 0 0 0.039 0.131112 1 
10 24 0 0 0.022 0.128768 1 
11 24 0 0 0.008 0.230913 1 
12 24 0 0 0.022 0.153117 1 
13 24 0 0 0.04 0.174549 1 
14 24 0 0 0.043 0.152032 1 
15 24 0 0 0.005 0.150643 1 
16 24 0 0 0.038 0.144393 1 
17 24 0 0 0.036 0.144393 1 
18 24 0 0 0.041 0.14417 1 
19 24 0 0 0.011 0.170955 1 
20 24 0 0 0.026 0.150122 1 
21 24 0 0 0.032 0.306968 1 
22 24 0 0.0395289 0.008 0.155591 3 
23 24 0 0 0.037 0.170955 1 
24 24 0 0 0.021 0.178117 1 
25 24 0 0 0.037 0.131372 1 
26 24 0 0 0.031 0.131372 1 
27 24 0 0 0.01 0.153117 1 
28 24 0 0 0.016 0.15042 1 
29 24 0 0 0.021 0.137448 1 
30 24 0 0 0.043 0.156112 1 
31 24 0 0 0.036 0.300544 1 
32 24 0 0 0.044 0.126685 1 
0 24 1 0.144242 0.006 0.195955 3 
1 24 1 0 0.036 0.185539 1 
2 24 1 0 0.047 0.221476 1 
3 24 1 0 0.029 0.185539 1 
4 24 1 0.0913962 0.004 0.175122 2 
5 24 1 0 0.026 0.221476 1 
6 24 1 0.230661 0.021 0.175643 2 
7 24 1 0 0.033 0.147816 1 
8 24 1 0 0.005 0.185539 1 
9 24 1 0 0.026 0.150643 1 
10 24 1 0 0.049 0.175122 1 
11 24 1 0 0.009 0.21106 1 
12 24 1 0.240278 0.004 0.231893 3 
13 24 1 0 0.024 0.149899 1 
14 24 1 0.161716 0.002 0.200643 2 
15 24 1 0 0.037 0.196253 1 
16 24 1 0 0.002 0.175643 1 
17 24 1 0 0.037 0.231893 1 
18 24 1 0 0.042 0.175122 1 
19 24 1 0 0.041 0.213143 1 
20 24 1 0 0.026 0.195955 1 
21 24 1 0 0.028 0.195955 1 
22 24 1 0 0.013 0.198857 1 
23 24 1 0.109233 0.022 0.221476 2 
24 24 1 0 0.027 0.175643 1 
25 24 1 0 0.034 0.18606 1 
26 24 1 0 0.021 0.195955 1 
27 24 1 0 0.01 0.221476 1 
28 24 1 0 0.03 0.185539 1 
29 24 1 0 0.041 0.19474 1 
30 24 1 0 0.003 0.150122 1 
31 24 1 0 0.036 0.196476 1 
32 24 1 0 0.042 0.221476 1 
0 24 2 0 0.004 0.18606 1 
1 24 2 0.230398 0.005 0.221476 3 
2 24 2 0 0.011 0.218202 1 
3 24 2 0 0.049 0.196476 1 
4 24 2 0.0983437 0.003 0.21106 2 
5 24 2 0 0.039 0.195955 1 
6 24 2 0 0.023 0.195955 1 
7 24 2 0 0.018 0.185539 1 
8 24 2 0 0.005 0.18606 1 
9 24 2 0 0.004 0.21106 1 
10 24 2 0 0.004 0.195955 1 
11 24 2 0 0.042 0.18606 1 
12 24 2 0 0.049 0.175122 1 
13 24 2 0 0.006 0.221476 1 
14 24 2 0 0.013 0.200643 1 
15 24 2 0 0.001 0.18606 1 
16 24 2 0 0.024 0.18606 1 
17 24 2 0.0842187 0.007 0.24231 2 
18 24 2 0 0.036 0.175122 1 
19 24 2 0 0.016 0.24231 1 
20 24 2 0 0.038 0.176238 1 
21 24 2 0 0.03 0.21106 1 
22 24 2 0 0.025 0.196476 1 
23 24 2 0.275451 0.024 0.18606 2 
24 24 2 0 0.043 0.185836 1 
25 24 2 0 0.043 0.18606 1 
26 24 2 0 0.015 0.149601 1 
27 24 2 0 0.006 0.175122 1 
28 24 2 0 0.001 0.175643 1 
29 24 2 0 0.021 0.195435 1 
30 24 2 0 0.02 0.221476 1 
31 24 2 0 0.023 0.221476 1 
32 24 2 0 0.029 0.17542 1 
0 24 3 0 0.034 0.196476 1 
1 24 3 0 0.036 0.181719 1 
2 24 3 0 0.006 0.18606 1 
3 24 3 0 0.039 0.196476 1 
4 24 3 0 0.025 0.156372 1 
5 24 3 0 0.042 0.17542 1 
6 24 3 0 0.029 0.18606 1 
7 24 3 0 0.036 0.196476 1 
8 24 3 0 0.015 0.19474 1 
9 24 3 0.132745 0.009 0.185539 2 
10 24 3 0 0.028 0.185836 1 
11 24 3 0 0.018 0.196476 1 
12 24 3 0 0.021 0.21106 1 
13 24 3 0.111045 0.007 0.196476 2 
14 24 3 0 0.042 0.21106 1 
15 24 3 0 0.03 0.196476 1 
16 24 3 0 0.032 0.21106 1 
17 24 3 0 0.036 0.160018 1 
18 24 3 0 0.024 0.175122 1 
19 24 3 0 0.02 0.149601 1 
20 24 3 0 0.025 0.175643 1 
21 24 3 0 0.003 0.196476 1 
22 24 3 0 0.009 0.185539 1 
23 24 3 0 0.021 0.195955 1 
24 24 3 0 0.015 0.18606 1 
25 24 3 0 0.034 0.201164 1 
26 24 3 0.112168 0.002 0.193649 2 
27 24 3 0.140822 0.012 0.221476 2 
28 24 3 0 0.047 0.21106 1 
29 24 3 0 0.013 0.18606 1 
30 24 3 0.128246 0.005 0.221476 2 
31 24 3 0 0.02 0.18606 1 
32 24 3 0.124944 0.004 0.196476 2 
0 24 4 0 0.024 0.196476 1 
1 24 4 0 0.042 0.18606 1 
2 24 4 0 0.018 0.226685 1 
3 24 4 0 0.015 0.221476 1 
4 24 4 0 0.039 0.18606 1 
5 24 4 0 0.009 0.175122 1 
6 24 4 0 0.011 0.18606 1 
7 24 4 0 0.017 0.150122 1 
8 24 4 0 0.006 0.185836 1 
9 24 4 0 0.022 0.185539 1 
10 24 4 0 0.032 0.21106 1 
11 24 4 0 0.019 0.175643 1 
12 24 4 0 0.044 0.18606 1 
13 24 4 0 0.029 0.200643 1 
14 24 4 0 0.003 0.175122 1 
15 24 4 0 0.042 0.16292 1 
16 24 4 0 0.006 0.185539 1 
17 24 4 0 0.02 0.175643 1 
18 24 4 0 0.017 0.175122 1 
19 24 4 0 0.027 0.175643 1 
20 24 4 0 0.024 0.21106 1 
21 24 4 0 0.034 0.195955 1 
22 24 4 0 0.015 0.175643 1 
23 24 4 0 0.03 0.16292 1 
24 24 4 0 0.02 0.158753 1 
25 24 4 0.185673 0.001 0.231893 2 
26 24 4 0 0.018 0.21106 1 
27 24 4 0.166987 0.002 0.196476 2 
28 24 4 0 0.013 0.221476 1 
29 24 4 0 0.013 0.195955 1 
30 24 4 0 0.009 0.196476 1 
31 24 4 0 0.01 0.198857 1 
32 24 4 0 0.031 0.195955 1 
0 24 5 0 0.013 0.209274 1 
1 24 5 0.0348292 0.003 0.196476 2 
2 24 5 0 0.029 0.16292 1 
3 24 5 0 0.014 0.196476 1 
4 24 5 0 0.022 0.195955 1 
5 24 5 0.0884569 0.012 0.21106 2 
6 24 5 0 0.023 0.195955 1 
7 24 5 0 0.025 0.221476 1 
8 24 5 0 0.006 0.195955 1 
9 24 5 0 0.041 0.196476 1 
10 24 5 0 0.031 0.195955 1 
11 24 5 0 0.048 0.209274 1 
12 24 5 0 0.018 0.188441 1 
13 24 5 0 0.045 0.163441 1 
14 24 5 0 0.031 0.231198 1 
15 24 5 0 0.049 0.196476 1 
16 24 5 0 0.049 0.18606 1 
17 24 5 0 0.023 0.196476 1 
18 24 5 0 0.034 0.18606 1 
19 24 5 0 0.019 0.195955 1 
20 24 5 0 0.042 0.196476 1 
21 24 5 0 0.025 0.209274 1 
22 24 5 0 0.029 0.18606 1 
23 24 5 0 0.047 0.209274 1 
24 24 5 0 0.017 0.196476 1 
25 24 5 0 0.04 0.185539 1 
26 24 5 0 0.037 0.163441 1 
27 24 5 0 0.04 0.196476 1 
28 24 5 0 0.031 0.21106 1 
29 24 5 0 0.025 0.196476 1 
30 24 5 0 0.011 0.175122 1 
31 24 5 0 0.041 0.150643 1 
32 24 5 0 0.009 0.163441 1 
0 24 6 0 0.023 0.21106 1 
1 24 6 0.118671 0.002 0.221476 2 
2 24 6 0 0.034 0.172816 1 
3 24 6 0 0.045 0.181719 1 
4 24 6 0 0.006 0.195955 1 
5 24 6 0 0.011 0.195955 1 
6 24 6 0 0.011 0.131149 1 
7 24 6 0 0.013 0.195955 1 
8 24 6 0 0.036 0.177205 1 
9 24 6 0 0.045 0.197369 1 
10 24 6 0 0.039 0.196476 1 
11 24 6 0 0.04 0.172816 1 
12 24 6 0 0.019 0.195955 1 
13 24 6 0 0.027 0.18606 1 
14 24 6 0.147172 0.005 0.221476 3 
15 24 6 0 0.035 0.198857 1 
16 24 6 0 0.009 0.196476 1 
17 24 6 0 0.032 0.18606 1 
18 24 6 0 0.028 0.18606 1 
19 24 6 0 0.017 0.196476 1 
20 24 6 0 0.011 0.221476 1 
21 24 6 0 0.033 0.221476 1 
22 24 6 0.160766 0.005 0.221476 3 
23 24 6 0 0.001 0.221476 1 
24 24 6 0 0.001 0.21106 1 
25 24 6 0 0.004 0.195955 1 
26 24 6 0 0.011 0.209274 1 
27 24 6 0 0.006 0.221476 1 
28 24 6 0 0.025 0.200643 1 
29 24 6 0 0.032 0.231893 1 
30 24 6 0 0.049 0.175122 1 
31 24 6 0 0.002 0.198857 1 
32 24 6 0 0.041 0.175122 1 
0 24 7 0.107882 0.005 0.196476 3 
1 24 7 0 0.034 0.175122 1 
2 24 7 0 0.002 0.195955 1 
3 24 7 0 0.012 0.205851 1 
4 24 7 0 0.003 0.196253 1 
5 24 7 0 0.011 0.21106 1 
6 24 7 0 0.008 0.201685 1 
7 24 7 0 0.015 0.18606 1 
8 24 7 0 0.031 0.188441 1 
9 24 7 0 0.005 0.17542 1 
10 24 7 0 0.026 0.18606 1 
11 24 7 0 0.045 0.221476 1 
12 24 7 0 0.017 0.144988 1 
13 24 7 0 0.014 0.221476 1 
14 24 7 0 0.038 0.195955 1 
15 24 7 0 0.01 0.221476 1 
16 24 7 0 0.047 0.175122 1 
17 24 7 0 0.049 0.196476 1 
18 24 7 0 0.022 0.221476 1 
19 24 7 0 0.009 0.185539 1 
20 24 7 0 0.041 0.195955 1 
21 24 7 0 0.021 0.195955 1 
22 24 7 0 0.039 0.185365 1 
23 24 7 0 0.005 0.231893 1 
24 24 7 0 0.007 0.195955 1 
25 24 7 0 0.039 0.177205 1 
26 24 7 0 0.003 0.150122 1 
27 24 7 0 0.001 0.231893 1 
28 24 7 0 0.012 0.195955 1 
29 24 7 0 0.025 0.221476 1 
30 24 7 0 0.028 0.185836 1 
31 24 7 0 0.012 0.221476 1 
32 24 7 0 0.032 0.196476 1 
0 24 8 0 0.023 0.179531 1 
1 24 8 0 0.015 0.18606 1 
2 24 8 0 0.032 0.221476 1 
3 24 8 0 0.015 0.18606 1 
4 24 8 0 0.01 0.226685 1 
5 24 8 0 0.049 0.149601 1 
6 24 8 0 0.012 0.172369 1 
7 24 8 0.0510478 0.011 0.19555 2 
8 24 8 0 0.03 0.221476 1 
9 24 8 0 0.049 0.172518 1 
10 24 8 0 0.034 0.163441 1 
11 24 8 0 0.013 0.231893 1 
12 24 8 0 0.046 0.18606 1 
13 24 8 0.0385098 0.009 0.196476 2 
14 24 8 0 0.035 0.18606 1 
15 24 8 0 0.031 0.196253 1 
16 24 8 0 0.032 0.196253 1 
17 24 8 0 0.047 0.18606 1 
18 24 8 0 0.045 0.175122 1 
19 24 8 0 0.014 0.221346 1 
20 24 8 0 0.005 0.175643 1 
21 24 8 0 0.003 0.195955 1 
22 24 8 0 0.045 0.17542 1 
23 24 8 0 0.046 0.192136 1 
24 24 8 0 0.01 0.221476 1 
25 24 8 0 0.037 0.185539 1 
26 24 8 0 0.04 0.185539 1 
27 24 8 0 0.049 0.185539 1 
28 24 8 0 0.049 0.195955 1 
29 24 8 0 0.012 0.185539 1 
30 24 8 0 0.022 0.221476 1 
31 24 8 0 0.041 0.195955 1 
32 24 8 0 0.024 0.185836 1 
0 24 9 0 0.011 0.196253 1 
1 24 9 0 0.018 0.177205 1 
2 24 9 0 0.012 0.195955 1 
3 24 9 0 0.017 0.221476 1 
4 24 9 0 0.001 0.175643 1 
5 24 9 0 0.038 0.163441 1 
6 24 9 0 0.016 0.221476 1 
7 24 9 0 0.019 0.175643 1 
8 24 9 0 0.031 0.16292 1 
9 24 9 0 0.001 0.18606 1 
10 24 9 0 0.016 0.195955 1 
11 24 9 0 0.036 0.177205 1 
12 24 9 0 0.028 0.195955 1 
13 24 9 0.0387477 0.006 0.200643 2 
14 24 9 0 0.048 0.195955 1 
15 24 9 0 0.013 0.221476 1 
16 24 9 0 0.02 0.21106 1 
17 24 9 0 0.011 0.156719 1 
18 24 9 0 0.02 0.17542 1 
19 24 9 0 0.035 0.150122 1 
20 24 9 0 0.045 0.150122 1 
21 24 9 0 0.048 0.18606 1 
22 24 9 0 0.013 0.221476 1 
23 24 9 0 0.034 0.163217 1 
24 24 9 0 0.008 0.195955 1 
25 24 9 0 0.018 0.231893 1 
26 24 9 0 0.005 0.18606 1 
27 24 9 0 0.006 0.196476 1 
28 24 9 0 0.039 0.195955 1 
29 24 9 0 0.027 0.175122 1 
30 24 9 0 0.003 0.195955 1 
31 24 9 0 0.003 0.185539 1 
32 24 9 0 0.004 0.185539 1 
0 24 10 0.136717 0.005 0.175643 2 
1 24 10 0 0.047 0.169219 1 
2 24 10 0 0.018 0.196476 1 
3 24 10 0 0.01 0.130851 1 
4 24 10 0 0.03 0.195955 1 
5 24 10 0 0.008 0.196476 1 
6 24 10 0 0.012 0.221476 1 
7 24 10 0 0.044 0.175122 1 
8 24 10 0 0.045 0.212622 1 
9 24 10 0 0.003 0.195955 1 
10 24 10 0 0.041 0.195955 1 
11 24 10 0 0.022 0.196476 1 
12 24 10 0 0.049 0.177205 1 
13 24 10 0.111318 0.004 0.17542 2 
14 24 10 0 0.017 0.258976 1 
15 24 10 0 0.045 0.185539 1 
16 24 10 0 0.04 0.195955 1 
17 24 10 0 0.027 0.175122 1 
18 24 10 0 0.029 0.195955 1 
19 24 10 0 0.003 0.231893 1 
20 24 10 0.000458725 0.013 0.221476 2 
21 24 10 0 0.003 0.193221 1 
22 24 10 0 0.043 0.195955 1 
23 24 10 0 0.027 0.195955 1 
24 24 10 0 0.005 0.219219 1 
25 24 10 0 0.008 0.21106 1 
26 24 10 0 0.015 0.175122 1 
27 24 10 0.138136 0.002 0.185539 2 
28 24 10 0 0.033 0.221476 1 
29 24 10 0 0.015 0.185539 1 
30 24 10 0 0.003 0.21106 1 
31 24 10 0 0.02 0.218202 1 
32 24 10 0 0.046 0.18606 1 
0 24 11 0.143016 0.003 0.200643 3 
1 24 11 0.118921 0.018 0.221476 2 
2 24 11 0 0.046 0.195955 1 
3 24 11 0 0.041 0.175643 1 
4 24 11 0 0.018 0.231893 1 
5 24 11 0 0.042 0.231893 1 
6 24 11 0 0.034 0.150643 1 
7 24 11 0 0.019 0.175643 1 
8 24 11 0 0.017 0.177205 1 
9 24 11 0 0.035 0.221476 1 
10 24 11 0 0.024 0.18606 1 
11 24 11 0 0.03 0.166789 1 
12 24 11 0 0.011 0.214482 1 
13 24 11 0.239902 0.018 0.175643 2 
14 24 11 0 0.023 0.163441 1 
15 24 11 0 0.02 0.195955 1 
16 24 11 0 0.039 0.196253 1 
17 24 11 0 0.02 0.188441 1 
18 24 11 0 0.022 0.175643 1 
19 24 11 0 0.019 0.196476 1 
20 24 11 0 0.049 0.18606 1 
21 24 11 0 0.002 0.21106 1 
22 24 11 0 0.049 0.171848 1 
23 24 11 0 0.049 0.21106 1 
24 24 11 0 0.027 0.18606 1 
25 24 11 0 0.009 0.18606 1 
26 24 11 0.111534 0.008 0.221476 2 
27 24 11 0 0.006 0.231893 1 
28 24 11 0 0.039 0.195955 1 
29 24 11 0 0.002 0.221476 1 
30 24 11 0 0.04 0.196476 1 
31 24 11 0 0.046 0.195955 1 
32 24 11 0 0.047 0.195955 1 
0 24 12 0 0.023 0.17542 1 
1 24 12 0 0.027 0.18606 1 
2 24 12 0 0.016 0.195955 1 
3 24 12 0 0.039 0.196476 1 
4 24 12 0 0.045 0.171848 1 
5 24 12 0 0.02 0.18606 1 
6 24 12 0 0.046 0.196476 1 
7 24 12 0 0.044 0.221476 1 
8 24 12 0 0.006 0.196253 1 
9 24 12 0.131844 0.009 0.196476 2 
10 24 12 0 0.049 0.175643 1 
11 24 12 0 0.005 0.237101 1 
12 24 12 0 0.03 0.175643 1 
13 24 12 0 0.02 0.18606 1 
14 24 12 0 0.012 0.207786 1 
15 24 12 0 0.009 0.195955 1 
16 24 12 0 0.002 0.195955 1 
17 24 12 0 0.013 0.221476 1 
18 24 12 0 0.04 0.19474 1 
19 24 12 0 0.045 0.175643 1 
20 24 12 0 0.043 0.201164 1 
21 24 12 0 0.037 0.196253 1 
22 24 12 0 0.036 0.175122 1 
23 24 12 0 0.039 0.188441 1 
24 24 12 0 0.039 0.195435 1 
25 24 12 0 0.019 0.196253 1 
26 24 12 0 0.034 0.18606 1 
27 24 12 0 0.042 0.149601 1 
28 24 12 0 0.018 0.185539 1 
29 24 12 0 0.014 0.200643 1 
30 24 12 0 0.018 0.196476 1 
31 24 12 0 0.02 0.195955 1 
32 24 12 0 0.044 0.175643 1 
0 24 13 0 0.008 0.185539 1 
1 24 13 0.0328427 0.006 0.21106 2 
2 24 13 0 0.04 0.200643 1 
3 24 13 0 0.026 0.195955 1 
4 24 13 0 0.011 0.195955 1 
5 24 13 0 0.039 0.185018 1 
6 24 13 0 0.038 0.185539 1 
7 24 13 0.106684 0.004 0.196476 2 
8 24 13 0 0.003 0.175643 1 
9 24 13 0.0658528 0.001 0.200643 2 
10 24 13 0 0.037 0.195955 1 
11 24 13 0 0.047 0.175643 1 
12 24 13 0.23119 0.006 0.195955 2 
13 24 13 0 0.007 0.207786 1 
14 24 13 0 0.033 0.195955 1 
15 24 13 0 0.023 0.163441 1 
16 24 13 0 0.016 0.196253 1 
17 24 13 0 0.02 0.175643 1 
18 24 13 0 0.013 0.18606 1 
19 24 13 0 0.043 0.221476 1 
20 24 13 0 0.022 0.150643 1 
21 24 13 0 0.02 0.185539 1 
22 24 13 0 0.001 0.18606 1 
23 24 13 0.000587656 0.001 0.16292 2 
24 24 13 0 0.033 0.175643 1 
25 24 13 0 0.048 0.196476 1 
26 24 13 0 0.013 0.209274 1 
27 24 13 0 0.027 0.196476 1 
28 24 13 0 0.009 0.150122 1 
29 24 13 0 0.049 0.221476 1 
30 24 13 0 0.005 0.200643 1 
31 24 13 0 0.035 0.19474 1 
32 24 13 0 0.023 0.195955 1 
0 24 14 0 0.032 0.195955 1 
1 24 14 0.1194 0.001 0.200643 2 
2 24 14 0 0.043 0.175643 1 
3 24 14 0 0.021 0.205851 1 
4 24 14 0 0.001 0.177205 1 
5 24 14 0 0.008 0.196476 1 
6 24 14 0 0.014 0.195955 1 
7 24 14 0.0525587 0.011 0.175643 2 
8 24 14 0 0.028 0.19474 1 
9 24 14 0.131444 0.007 0.195955 2 
10 24 14 0 0.005 0.197369 1 
11 24 14 0 0.015 0.150122 1 
12 24 14 0 0.038 0.185539 1 
13 24 14 0 0.022 0.163441 1 
14 24 14 0.16198 0.005 0.21106 2 
15 24 14 0 0.015 0.201164 1 
16 24 14 0 0.033 0.18606 1 
17 24 14 0 0.033 0.150122 1 
18 24 14 0 0.04 0.175643 1 
19 24 14 0 0.049 0.21106 1 
20 24 14 0 0.008 0.195955 1 
21 24 14 0 0.031 0.195955 1 
22 24 14 0 0.047 0.196476 1 
23 24 14 0 0.049 0.175122 1 
24 24 14 0 0.038 0.195955 1 
25 24 14 0 0.02 0.221476 1 
26 24 14 0 0.017 0.195955 1 
27 24 14 0.151138 0.006 0.196253 3 
28 24 14 0 0.042 0.195955 1 
29 24 14 0 0.001 0.185539 1 
30 24 14 0 0.016 0.221476 1 
31 24 14 0 0.024 0.196476 1 
32 24 14 0 0.001 0.24231 1 
0 24 15 0.138319 0.004 0.196476 2 
1 24 15 0 0.047 0.196476 1 
2 24 15 0 0.011 0.196476 1 
3 24 15 0 0.033 0.196253 1 
4 24 15 0 0.039 0.21106 1 
5 24 15 0 0.024 0.18606 1 
6 24 15 0 0.004 0.150643 1 
7 24 15 0 0.03 0.172369 1 
8 24 15 0.105481 0.004 0.150122 2 
9 24 15 0 0.006 0.195955 1 
10 24 15 0 0.019 0.21106 1 
11 24 15 0 0.021 0.185539 1 
12 24 15 0 0.019 0.175122 1 
13 24 15 0 0.027 0.147295 1 
14 24 15 0 0.025 0.18606 1 
15 24 15 0 0.016 0.196476 1 
16 24 15 0 0.029 0.175122 1 
17 24 15 0 0.034 0.196476 1 
18 24 15 0 0.02 0.21106 1 
19 24 15 0 0.044 0.196476 1 
20 24 15 0 0.015 0.175122 1 
21 24 15 0 0.03 0.175122 1 
22 24 15 0 0.003 0.197369 1 
23 24 15 0 0.016 0.150643 1 
24 24 15 0 0.005 0.185539 1 
25 24 15 0 0.042 0.149601 1 
26 24 15 0 0.018 0.196476 1 
27 24 15 0 0.017 0.18606 1 
28 24 15 0 0.042 0.200643 1 
29 24 15 0 0.049 0.21106 1 
30 24 15 0 0.037 0.18606 1 
31 24 15 0 0.008 0.177205 1 
32 24 15 0 0.048 0.150122 1 
0 24 16 0 0.029 0.18606 1 
1 24 16 0.119175 0.001 0.185539 2 
2 24 16 0 0.032 0.196476 1 
3 24 16 0 0.03 0.150643 1 
4 24 16 0 0.031 0.196253 1 
5 24 16 0 0.041 0.21106 1 
6 24 16 0 0.032 0.21106 1 
7 24 16 0.0827422 0.002 0.247518 2 
8 24 16 0 0.02 0.196476 1 
9 24 16 0 0.033 0.175643 1 
10 24 16 0 0.042 0.195955 1 
11 24 16 0 0.038 0.200643 1 
12 24 16 0.112976 0.007 0.213143 2 
13 24 16 0 0.046 0.185539 1 
14 24 16 0 0.042 0.18606 1 
15 24 16 0 0.026 0.145435 1 
16 24 16 0 0.026 0.175122 1 
17 24 16 0 0.006 0.21106 1 
18 24 16 0 0.04 0.195955 1 
19 24 16 0.0415588 0.009 0.213143 2 
20 24 16 0 0.015 0.196476 1 
21 24 16 0 0.013 0.18606 1 
22 24 16 0 0.043 0.166789 1 
23 24 16 0 0.007 0.195955 1 
24 24 16 0 0.011 0.231893 1 
25 24 16 0 0.018 0.175643 1 
26 24 16 0 0.022 0.193649 1 
27 24 16 0 0.024 0.225941 1 
28 24 16 0 0.037 0.185018 1 
29 24 16 0 0.003 0.221476 1 
30 24 16 0.182323 0.006 0.221476 2 
31 24 16 0 0.023 0.195435 1 
32 24 16 0 0.004 0.221476 1 
0 24 17 0 0.024 0.185539 1 
1 24 17 0 0.001 0.21106 1 
2 24 17 0 0.046 0.195955 1 
3 24 17 0 0.036 0.185539 1 
4 24 17 0 0.017 0.200643 1 
5 24 17 0 0.006 0.175122 1 
6 24 17 0 0.026 0.172816 1 
7 24 17 0 0.015 0.195955 1 
8 24 17 0 0.002 0.18606 1 
9 24 17 0 0.041 0.175643 1 
10 24 17 0 0.045 0.21106 1 
11 24 17 0 0.023 0.183232 1 
12 24 17 0 0.024 0.18606 1 
13 24 17 0 0.024 0.18606 1 
14 24 17 0 0.017 0.175122 1 
15 24 17 0 0.037 0.131372 1 
16 24 17 0 0.001 0.195955 1 
17 24 17 0 0.018 0.185539 1 
18 24 17 0 0.02 0.198857 1 
19 24 17 0 0.049 0.177205 1 
20 24 17 0 0.004 0.175122 1 
21 24 17 0 0.015 0.17542 1 
22 24 17 0 0.02 0.195955 1 
23 24 17 0 0.011 0.196253 1 
24 24 17 0 0.036 0.21106 1 
25 24 17 0 0.006 0.163217 1 
26 24 17 0.114206 0.001 0.231893 2 
27 24 17 0.137294 0.005 0.221476 2 
28 24 17 0 0.03 0.185539 1 
29 24 17 0 0.014 0.221476 1 
30 24 17 0 0.048 0.200643 1 
31 24 17 0 0.045 0.196253 1 
32 24 17 0 0.009 0.149601 1 
0 24 18 0 0.022 0.195955 1 
1 24 18 0 0.047 0.195955 1 
2 24 18 0 0.008 0.201164 1 
3 24 18 0 0.032 0.221476 1 
4 24 18 0.0981941 0.04 0.150122 2 
5 24 18 0 0.017 0.17542 1 
6 24 18 0 0.007 0.18606 1 
7 24 18 0 0.025 0.160018 1 
8 24 18 0 0.01 0.221476 1 
9 24 18 0 0.031 0.18606 1 
10 24 18 0 0.049 0.231893 1 
11 24 18 0 0.005 0.17542 1 
12 24 18 0.234256 0.015 0.18606 2 
13 24 18 0 0.049 0.200643 1 
14 24 18 0.138554 0.007 0.175643 2 
15 24 18 0 0.02 0.193649 1 
16 24 18 0 0.02 0.196476 1 
17 24 18 0 0.002 0.226685 1 
18 24 18 0 0.037 0.209274 1 
19 24 18 0 0.029 0.175122 1 
20 24 18 0 0.044 0.185539 1 
21 24 18 0 0.002 0.221476 1 
22 24 18 0 0.011 0.200643 1 
23 24 18 0 0.023 0.150643 1 
24 24 18 0 0.029 0.18606 1 
25 24 18 0 0.011 0.195955 1 
26 24 18 0.0406428 0.009 0.221476 2 
27 24 18 0.171994 0.014 0.185539 2 
28 24 18 0 0.042 0.205851 1 
29 24 18 0 0.012 0.196476 1 
30 24 18 0 0.048 0.185836 1 
31 24 18 0 0.045 0.195955 1 
32 24 18 0 0.006 0.175122 1 
0 24 19 0 0.004 0.231893 1 
1 24 19 0 0.029 0.196253 1 
2 24 19 0 0.047 0.15042 1 
3 24 19 0 0.006 0.175643 1 
4 24 19 0.366061 0.009 0.175122 2 
5 24 19 0 0.048 0.149601 1 
6 24 19 0 0.041 0.196476 1 
7 24 19 0 0.023 0.195955 1 
8 24 19 0 0.016 0.188441 1 
9 24 19 0 0.029 0.221476 1 
10 24 19 0 0.033 0.185539 1 
11 24 19 0 0.019 0.195955 1 
12 24 19 0 0.037 0.196476 1 
13 24 19 0 0.019 0.149899 1 
14 24 19 0.149223 0.003 0.24231 3 
15 24 19 0 0.019 0.196253 1 
16 24 19 0 0.038 0.202553 1 
17 24 19 0 0.034 0.221476 1 
18 24 19 0 0.007 0.195955 1 
19 24 19 0 0.02 0.185539 1 
20 24 19 0 0.015 0.21106 1 
21 24 19 0 0.027 0.175122 1 
22 24 19 0 0.014 0.150122 1 
23 24 19 0 0.03 0.175643 1 
24 24 19 0 0.034 0.172369 1 
25 24 19 0 0.049 0.195955 1 
26 24 19 0 0.012 0.231893 1 
27 24 19 0 0.012 0.185539 1 
28 24 19 0 0.028 0.21106 1 
29 24 19 0 0.048 0.196476 1 
30 24 19 0 0.008 0.18606 1 
31 24 19 0 0.002 0.195955 1 
32 24 19 0 0.001 0.185018 1 
0 24 20 0 0.04 0.196476 1 
1 24 20 0.118725 0.006 0.188441 2 
2 24 20 0 0.025 0.185539 1 
3 24 20 0 0.008 0.177205 1 
4 24 20 0 0.041 0.156372 1 
5 24 20 0 0.009 0.196476 1 
6 24 20 0 0.036 0.177205 1 
7 24 20 0 0.023 0.18606 1 
8 24 20 0 0.034 0.181719 1 
9 24 20 0.194164 0.015 0.221476 2 
10 24 20 0 0.043 0.195955 1 
11 24 20 0 0.008 0.195955 1 
12 24 20 0 0.041 0.196476 1 
13 24 20 0 0.03 0.195955 1 
14 24 20 0 0.03 0.175122 1 
15 24 20 0 0.047 0.150196 1 
16 24 20 0 0.03 0.149899 1 
17 24 20 0 0.005 0.195955 1 
18 24 20 0 0.023 0.196476 1 
19 24 20 0.111137 0.007 0.18606 2 
20 24 20 0.05336 0.012 0.201685 2 
21 24 20 0 0.033 0.175643 1 
22 24 20 0 0.019 0.150643 1 
23 24 20 0 0.037 0.175122 1 
24 24 20 0 0.032 0.185167 1 
25 24 20 0 0.031 0.18606 1 
26 24 20 0 0.033 0.175643 1 
27 24 20 0 0.01 0.175122 1 
28 24 20 0 0.001 0.175643 1 
29 24 20 0 0.031 0.175643 1 
30 24 20 0 0.027 0.157804 1 
31 24 20 0 0.019 0.181744 1 
32 24 20 0 0.044 0.195955 1 
0 24 21 0 0.032 0.191466 1 
1 24 21 0.22906 0.012 0.196476 2 
2 24 21 0 0.046 0.195955 1 
3 24 21 0 0.027 0.17542 1 
4 24 21 0 0.025 0.17542 1 
5 24 21 0 0.023 0.209274 1 
6 24 21 0 0.03 0.175643 1 
7 24 21 0 0.046 0.16292 1 
8 24 21 0 0.001 0.196476 1 
9 24 21 0.0591973 0.006 0.175643 2 
10 24 21 0 0.007 0.231893 1 
11 24 21 0 0.049 0.221476 1 
12 24 21 0.238993 0.009 0.17542 3 
13 24 21 0 0.02 0.185539 1 
14 24 21 0 0.027 0.149899 1 
15 24 21 0 0.044 0.195955 1 
16 24 21 0 0.046 0.185539 1 
17 24 21 0 0.048 0.195955 1 
18 24 21 0 0.004 0.198857 1 
19 24 21 0.039727 0.009 0.177205 2 
20 24 21 0 0.006 0.221476 1 
21 24 21 0 0.009 0.15042 1 
22 24 21 0.128828 0.008 0.221476 2 
23 24 21 0 0.006 0.185539 1 
24 24 21 0 0.036 0.183232 1 
25 24 21 0 0.019 0.185539 1 
26 24 21 0 0.031 0.175122 1 
27 24 21 0 0.049 0.130851 1 
28 24 21 0 0.019 0.231893 1 
29 24 21 0 0.045 0.147295 1 
30 24 21 0 0.044 0.195955 1 
31 24 21 0 0.009 0.166789 1 
32 24 21 0 0.026 0.196476 1 
0 24 22 0 0.02 0.185018 1 
1 24 22 0 0.009 0.18606 1 
2 24 22 0 0.044 0.17542 1 
3 24 22 0 0.049 0.175643 1 
4 24 22 0 0.033 0.175122 1 
5 24 22 0 0.005 0.196476 1 
6 24 22 0 0.013 0.221476 1 
7 24 22 0 0.042 0.195955 1 
8 24 22 0 0.008 0.181372 1 
9 24 22 0 0.024 0.195955 1 
10 24 22 0 0.04 0.175122 1 
11 24 22 0 0.041 0.195955 1 
12 24 22 0 0.049 0.21106 1 
13 24 22 0 0.022 0.185539 1 
14 24 22 0.163118 0.013 0.231893 2 
15 24 22 0 0.008 0.193649 1 
16 24 22 0 0.012 0.195955 1 
17 24 22 0 0.01 0.193221 1 
18 24 22 0 0.018 0.150643 1 
19 24 22 0.111003 0.004 0.201685 2 
20 24 22 0 0.011 0.175643 1 
21 24 22 0 0.018 0.175122 1 
22 24 22 0 0.031 0.201685 1 
23 24 22 0.108694 0.027 0.163441 2 
24 24 22 0 0.001 0.205157 1 
25 24 22 0.180493 0.004 0.21106 3 
26 24 22 0 0.046 0.175122 1 
27 24 22 0 0.026 0.16974 1 
28 24 22 0 0.044 0.191789 1 
29 24 22 0 0.009 0.18606 1 
30 24 22 0 0.045 0.195955 1 
31 24 22 0 0.039 0.18606 1 
32 24 22 0 0.046 0.207786 1 
0 24 23 0 0.042 0.150122 1 
1 24 23 0 0.022 0.221476 1 
2 24 23 0 0.019 0.15042 1 
3 24 23 0 0.01 0.200643 1 
4 24 23 0 0.044 0.175122 1 
5 24 23 0 0.022 0.221476 1 
6 24 23 0 0.009 0.185539 1 
7 24 23 0 0.032 0.221476 1 
8 24 23 0.107473 0.01 0.195955 2 
9 24 23 0 0.019 0.175643 1 
10 24 23 0 0.043 0.185018 1 
11 24 23 0 0.008 0.156372 1 
12 24 23 0 0.012 0.195955 1 
13 24 23 0 0.034 0.21106 1 
14 24 23 0 0.015 0.150122 1 
15 24 23 0 0.029 0.175643 1 
16 24 23 0 0.008 0.205851 1 
17 24 23 0 0.015 0.200643 1 
18 24 23 0 0.008 0.196476 1 
19 24 23 0 0.049 0.149899 1 
20 24 23 0 0.011 0.185836 1 
21 24 23 0 0.022 0.128545 1 
22 24 23 0 0.047 0.150122 1 
23 24 23 0.267355 0.004 0.200643 2 
24 24 23 0 0.013 0.185836 1 
25 24 23 0 0.028 0.175643 1 
26 24 23 0 0.009 0.185018 1 
27 24 23 0 0.042 0.196253 1 
28 24 23 0 0.002 0.195955 1 
29 24 23 0 0.001 0.16292 1 
30 24 23 0 0.048 0.200643 1 
31 24 23 0 0.038 0.15042 1 
32 24 23 0 0.013 0.195955 1 
0 24 24 0 0.04 0.150122 1 
1 24 24 0 0.039 0.16292 1 
2 24 24 0 0.004 0.195955 1 
3 24 24 0 0.028 0.157581 1 
4 24 24 0 0.026 0.221476 1 
5 24 24 0 0.042 0.177205 1 
6 24 24 0 0.042 0.18606 1 
7 24 24 0.0247445 0.013 0.193649 2 
8 24 24 0 0.023 0.182804 1 
9 24 24 0 0.009 0.195955 1 
10 24 24 0 0.01 0.185539 1 
11 24 24 0 0.004 0.221476 1 
12 24 24 0 0.039 0.191789 1 
13 24 24 0 0.007 0.221476 1 
14 24 24 0 0.02 0.195955 1 
15 24 24 0 0.015 0.175122 1 
16 24 24 0 0.02 0.175122 1 
17 24 24 0 0.004 0.175643 1 
18 24 24 0 0.034 0.149601 1 
19 24 24 0 0.028 0.175643 1 
20 24 24 0 0.046 0.150122 1 
21 24 24 0 0.024 0.185539 1 
22 24 24 0 0.04 0.18606 1 
23 24 24 0.0216496 0.002 0.175643 2 
24 24 24 0 0.001 0.175643 1 
25 24 24 0 0.043 0.175122 1 
26 24 24 0.000993467 0.009 0.175643 2 
27 24 24 0 0.031 0.196476 1 
28 24 24 0 0.018 0.177205 1 
29 24 24 0 0.028 0.196253 1 
30 24 24 0 0.035 0.196253 1 
31 24 24 0 0.023 0.227581 1 
32 24 24 0 0.033 0.196476 1 
0 24 25 0 0.012 0.185539 1 
1 24 25 0.118978 0.007 0.221476 2 
2 24 25 0 0.03 0.184844 1 
3 24 25 0 0.04 0.221476 1 
4 24 25 0 0.039 0.175122 1 
5 24 25 0 0.039 0.209274 1 
6 24 25 0 0.04 0.175643 1 
7 24 25 0 0.012 0.16292 1 
8 24 25 0 0.027 0.185539 1 
9 24 25 0 0.045 0.196476 1 
10 24 25 0 0.046 0.201164 1 
11 24 25 0 0.04 0.195955 1 
12 24 25 0 0.03 0.18606 1 
13 24 25 0 0.031 0.156198 1 
14 24 25 0.137871 0.008 0.196476 2 
15 24 25 0 0.022 0.196476 1 
16 24 25 0 0.005 0.231893 1 
17 24 25 0 0.017 0.195955 1 
18 24 25 0 0.01 0.18606 1 
19 24 25 0 0.002 0.175643 1 
20 24 25 0 0.013 0.221476 1 
21 24 25 0 0.043 0.195955 1 
22 24 25 0 0.03 0.149601 1 
23 24 25 0.0471671 0.008 0.24231 2 
24 24 25 0 0.027 0.198857 1 
25 24 25 0.00262371 0.008 0.195955 2 
26 24 25 0 0.04 0.175643 1 
27 24 25 0 0.034 0.175122 1 
28 24 25 0 0.007 0.196476 1 
29 24 25 0 0.039 0.226685 1 
30 24 25 0 0.028 0.19474 1 
31 24 25 0 0.013 0.175643 1 
32 24 25 0 0.038 0.175643 1 
0 24 26 0 0.046 0.195955 1 
1 24 26 0 0.014 0.185539 1 
2 24 26 0 0.009 0.200643 1 
3 24 26 0 0.049 0.175643 1 
4 24 26 0.0943251 0.02 0.18606 2 
5 24 26 0 0.005 0.195955 1 
6 24 26 0 0.038 0.21106 1 
7 24 26 0.274762 0.005 0.185365 2 
8 24 26 0 0.038 0.197369 1 
9 24 26 0 0.032 0.175643 1 
10 24 26 0 0.014 0.185539 1 
11 24 26 0 0.031 0.196476 1 
12 24 26 0 0.044 0.175643 1 
13 24 26 0.248969 0.011 0.24231 2 
14 24 26 0.165806 0.013 0.24231 2 
15 24 26 0 0.033 0.15042 1 
16 24 26 0 0.025 0.201164 1 
17 24 26 0 0.043 0.196476 1 
18 24 26 0 0.048 0.191789 1 
19 24 26 0.112299 0.013 0.195955 2 
20 24 26 0 0.005 0.150122 1 
21 24 26 0 0.024 0.16974 1 
22 24 26 0 0.005 0.200643 1 
23 24 26 0 0.02 0.195955 1 
24 24 26 0 0.002 0.175643 1 
25 24 26 0 0.033 0.195955 1 
26 24 26 0 0.024 0.149601 1 
27 24 26 0.135918 0.009 0.183232 2 
28 24 26 0 0.042 0.150122 1 
29 24 26 0 0.037 0.195955 1 
30 24 26 0 0.029 0.175643 1 
31 24 26 0 0.01 0.182804 1 
32 24 26 0 0.02 0.196476 1 
0 24 27 0 0.032 0.175643 1 
1 24 27 0 0.009 0.15042 1 
2 24 27 0 0.009 0.150643 1 
3 24 27 0 0.021 0.185836 1 
4 24 27 4.13687e-05 0.006 0.196476 2 
5 24 27 0 0.017 0.200643 1 
6 24 27 0 0.041 0.185539 1 
7 24 27 0 0.047 0.196476 1 
8 24 27 0 0.042 0.196476 1 
9 24 27 0 0.018 0.195955 1 
10 24 27 0 0.011 0.21106 1 
11 24 27 0 0.035 0.196476 1 
12 24 27 0 0.028 0.172369 1 
13 24 27 0 0.02 0.195955 1 
14 24 27 0 0.024 0.195955 1 
15 24 27 0 0.018 0.18606 1 
16 24 27 0 0.04 0.196476 1 
17 24 27 0 0.038 0.196476 1 
18 24 27 0 0.011 0.221476 1 
19 24 27 0.241678 0.015 0.196476 2 
20 24 27 0 0.022 0.195955 1 
21 24 27 0 0.046 0.213143 1 
22 24 27 0 0.043 0.195304 1 
23 24 27 0 0.003 0.18606 1 
24 24 27 0 0.017 0.221476 1 
25 24 27 0 0.009 0.185539 1 
26 24 27 0 0.02 0.181719 1 
27 24 27 0.175849 0.009 0.150122 2 
28 24 27 0 0.011 0.196476 1 
29 24 27 0 0.023 0.150643 1 
30 24 27 0 0.008 0.17542 1 
31 24 27 0 0.006 0.221476 1 
32 24 27 0 0.032 0.175122 1 
0 24 28 0 0.001 0.18606 1 
1 24 28 0.00180154 0.004 0.195955 2 
2 24 28 0 0.032 0.195955 1 
3 24 28 0.147722 0.001 0.24231 2 
4 24 28 0.0948314 0.018 0.185836 2 
5 24 28 0 0.048 0.195955 1 
6 24 28 0 0.035 0.237622 1 
7 24 28 0 0.014 0.175643 1 
8 24 28 0 0.007 0.175643 1 
9 24 28 0 0.041 0.221476 1 
10 24 28 0.101489 0.005 0.209274 2 
11 24 28 0 0.035 0.196476 1 
12 24 28 0 0.029 0.150122 1 
13 24 28 0 0.01 0.175122 1 
14 24 28 0 0.026 0.196476 1 
15 24 28 0 0.032 0.18606 1 
16 24 28 0 0.046 0.21106 1 
17 24 28 0 0.037 0.150643 1 
18 24 28 0 0.022 0.195955 1 
19 24 28 0 0.044 0.21106 1 
20 24 28 0 0.004 0.200643 1 
21 24 28 0 0.033 0.193221 1 
22 24 28 0 0.002 0.21106 1 
23 24 28 0.000695113 0.01 0.226685 2 
24 24 28 0 0.049 0.200643 1 
25 24 28 0 0.017 0.200643 1 
26 24 28 0 0.043 0.156372 1 
27 24 28 0 0.028 0.185539 1 
28 24 28 0 0.023 0.195955 1 
29 24 28 0 0.044 0.21106 1 
30 24 28 0 0.019 0.196476 1 
31 24 28 0 0.016 0.221476 1 
32 24 28 0.208223 0.016 0.196476 2 
0 24 29 0 0.047 0.196476 1 
1 24 29 0 0.013 0.213143 1 
2 24 29 0 0.026 0.221476 1 
3 24 29 0.162528 0.008 0.196253 2 
4 24 29 0 0.009 0.150122 1 
5 24 29 0 0.047 0.181372 1 
6 24 29 0 0.047 0.175643 1 
7 24 29 0.108923 0.009 0.150643 2 
8 24 29 0.104801 0.003 0.150122 2 
9 24 29 0 0.031 0.156372 1 
10 24 29 0.0873073 0.011 0.18606 2 
11 24 29 0 0.017 0.183232 1 
12 24 29 0 0.013 0.185539 1 
13 24 29 0 0.023 0.185539 1 
14 24 29 0 0.02 0.196476 1 
15 24 29 0 0.028 0.195955 1 
16 24 29 0 0.019 0.195955 1 
17 24 29 0 0.048 0.195955 1 
18 24 29 0 0.029 0.221476 1 
19 24 29 0 0.032 0.177205 1 
20 24 29 0 0.007 0.150122 1 
21 24 29 0 0.023 0.221476 1 
22 24 29 0 0.011 0.18606 1 
23 24 29 0 0.033 0.175122 1 
24 24 29 0 0.028 0.18606 1 
25 24 29 0 0.044 0.201685 1 
26 24 29 0 0.014 0.221476 1 
27 24 29 0 0.004 0.156372 1 
28 24 29 0 0.033 0.200643 1 
29 24 29 0 0.039 0.163441 1 
30 24 29 0.181505 0.014 0.221476 2 
31 24 29 0 0.016 0.221476 1 
32 24 29 0.122933 0.007 0.221476 2 
0 24 30 0 0.007 0.185018 1 
1 24 30 0 0.013 0.196476 1 
2 24 30 0 0.011 0.195955 1 
3 24 30 0 0.026 0.195955 1 
4 24 30 1.79482e-05 0.021 0.202553 2 
5 24 30 9.60412e-05 0.005 0.18606 2 
6 24 30 0 0.023 0.150643 1 
7 24 30 0 0.034 0.196476 1 
8 24 30 0 0.032 0.231893 1 
9 24 30 0.0614447 0.007 0.195435 2 
10 24 30 0 0.045 0.195955 1 
11 24 30 0 0.003 0.21106 1 
12 24 30 0 0.041 0.147816 1 
13 24 30 0 0.031 0.149601 1 
14 24 30 0 0.024 0.18606 1 
15 24 30 0 0.028 0.221476 1 
16 24 30 0 0.044 0.196476 1 
17 24 30 0 0.018 0.238143 1 
18 24 30 0 0.003 0.195955 1 
19 24 30 0.112036 0.005 0.200643 2 
20 24 30 0 0.036 0.131372 1 
21 24 30 0 0.022 0.195955 1 
22 24 30 0.127881 0.011 0.209274 2 
23 24 30 0 0.043 0.221476 1 
24 24 30 0 0.049 0.185539 1 
25 24 30 0 0.021 0.175643 1 
26 24 30 0 0.04 0.175643 1 
27 24 30 0 0.048 0.175643 1 
28 24 30 0 0.005 0.175643 1 
29 24 30 0 0.01 0.196476 1 
30 24 30 0 0.007 0.231893 1 
31 24 30 0 0.015 0.175643 1 
32 24 30 0 0.049 0.18606 1 
0 24 31 0 0.018 0.200643 1 
1 24 31 0 0.04 0.175122 1 
2 24 31 0 0.01 0.163441 1 
3 24 31 0 0.038 0.195955 1 
4 24 31 0.095592 0.003 0.150122 2 
5 24 31 0.0886788 0.02 0.188441 2 
6 24 31 0 0.037 0.201685 1 
7 24 31 0.0923879 0.016 0.185539 2 
8 24 31 0 0.011 0.196253 1 
9 24 31 0 0.01 0.175122 1 
10 24 31 0 0.034 0.185836 1 
11 24 31 0 0.004 0.18606 1 
12 24 31 0 0.018 0.185836 1 
13 24 31 0 0.035 0.159795 1 
14 24 31 0 0.015 0.195955 1 
15 24 31 0 0.024 0.195955 1 
16 24 31 0 0.022 0.175122 1 
17 24 31 0 0.007 0.177205 1 
18 24 31 0 0.043 0.226685 1 
19 24 31 0 0.043 0.175643 1 
20 24 31 0 0.033 0.195955 1 
21 24 31 0 0.032 0.218202 1 
22 24 31 0 0.014 0.283976 1 
23 24 31 0.108906 0.003 0.238143 2 
24 24 31 0 0.047 0.18606 1 
25 24 31 0 0.024 0.160018 1 
26 24 31 0 0.027 0.198857 1 
27 24 31 0 0.017 0.197369 1 
28 24 31 0 0.048 0.16292 1 
29 24 31 0 0.005 0.185539 1 
30 24 31 0 0.009 0.150643 1 
31 24 31 0 0.043 0.185539 1 
32 24 31 0 0.041 0.150122 1 
0 24 32 0 0.039 0.175122 1 
1 24 32 0 0.035 0.185539 1 
2 24 32 0 0.013 0.196476 1 
3 24 32 0 0.03 0.185539 1 
4 24 32 0 0.02 0.196476 1 
5 24 32 0 0.029 0.188837 1 
6 24 32 0 0.021 0.185836 1 
7 24 32 0 0.044 0.195955 1 
8 24 32 6.39506e-05 0.012 0.175122 2 
9 24 32 0.16957 0.006 0.175122 3 
10 24 32 0.000112756 0.027 0.150643 2 
11 24 32 0 0.021 0.196476 1 
12 24 32 0.000838095 0.001 0.21106 2 
13 24 32 0 0.001 0.195955 1 
14 24 32 0 0.029 0.17542 1 
15 24 32 0 0.042 0.195955 1 
16 24 32 0 0.022 0.196476 1 
17 24 32 0 0.045 0.150643 1 
18 24 32 0 0.039 0.21106 1 
19 24 32 0 0.032 0.175643 1 
20 24 32 0 0.014 0.17542 1 
21 24 32 0 0.019 0.218202 1 
22 24 32 0 0.017 0.149601 1 
23 24 32 0.282533 0.01 0.175643 3 
24 24 32 0 0.015 0.131372 1 
25 24 32 0.124653 0.005 0.221476 2 
26 24 32 0 0.028 0.185539 1 
27 24 32 0.177062 0.002 0.16292 2 
28 24 32 0 0.034 0.218202 1 
29 24 32 0 0.043 0.196476 1 
30 24 32 0.129336 0.003 0.200643 2 
31 24 32 0 0.039 0.195955 1 
32 24 32 0 0.044 0.185539 1 
0 24 33 0 0.013 0.18606 1 
1 24 33 0 0.021 0.196476 1 
2 24 33 0 0.017 0.205851 1 
3 24 33 0.163082 0.006 0.196253 2 
4 24 33 0 0.046 0.18606 1 
5 24 33 0 0.042 0.196476 1 
6 24 33 0 0.027 0.195955 1 
7 24 33 0 0.038 0.177205 1 
8 24 33 0.105806 0.024 0.185836 2 
9 24 33 0 0.041 0.172816 1 
10 24 33 0.084512 0.015 0.21106 2 
11 24 33 0 0.037 0.149601 1 
12 24 33 0 0.042 0.150643 1 
13 24 33 0 0.045 0.171848 1 
14 24 33 0 0.011 0.196476 1 
15 24 33 0 0.009 0.193649 1 
16 24 33 0 0.041 0.18606 1 
17 24 33 0 0.036 0.196476 1 
18 24 33 0 0.001 0.196476 1 
19 24 33 0 0.03 0.185539 1 
20 24 33 0 0.042 0.172369 1 
21 24 33 0 0.032 0.196476 1 
22 24 33 0.186906 0.005 0.24231 2 
23 24 33 0 0.029 0.195955 1 
24 24 33 0 0.006 0.221476 1 
25 24 33 0 0.049 0.17542 1 
26 24 33 0 0.03 0.18606 1 
27 24 33 0 0.015 0.18606 1 
28 24 33 0 0.039 0.149601 1 
29 24 33 0 0.031 0.231893 1 
30 24 33 0 0.018 0.185539 1 
31 24 33 0 0.005 0.175122 1 
32 24 33 0 0.002 0.221476 1 
0 24 34 0 0.025 0.17542 1 
1 24 34 0 0.02 0.18606 1 
2 24 34 0 0.048 0.185539 1 
3 24 34 0 0.034 0.195955 1 
4 24 34 0 0.039 0.150122 1 
5 24 34 0 0.046 0.185539 1 
6 24 34 0 0.015 0.177205 1 
7 24 34 0 0.037 0.150643 1 
8 24 34 0 0.027 0.188441 1 
9 24 34 0 0.041 0.196476 1 
10 24 34 0.000116659 0.009 0.201685 2 
11 24 34 0 0.022 0.195955 1 
12 24 34 0 0.028 0.177205 1 
13 24 34 0 0.036 0.185539 1 
14 24 34 0 0.049 0.195955 1 
15 24 34 0 0.03 0.209274 1 
16 24 34 0 0.002 0.21106 1 
17 24 34 0 0.008 0.167682 1 
18 24 34 0 0.004 0.183232 1 
19 24 34 0 0.04 0.175122 1 
20 24 34 0 0.015 0.175122 1 
21 24 34 0 0.012 0.221476 1 
22 24 34 0 0.017 0.221476 1 
23 24 34 0.000656975 0.005 0.195955 2 
24 24 34 0 0.004 0.175122 1 
25 24 34 0 0.038 0.175643 1 
26 24 34 0 0.018 0.196476 1 
27 24 34 0 0.038 0.231198 1 
28 24 34 0 0.018 0.175122 1 
29 24 34 0 0.003 0.185539 1 
30 24 34 0 0.001 0.159497 1 
31 24 34 0 0.027 0.195955 1 
32 24 34 0.121343 0.01 0.201164 2 
0 24 35 0.141131 0.014 0.185539 2 
1 24 35 0 0.016 0.150122 1 
2 24 35 0 0.024 0.185539 1 
3 24 35 0 0.027 0.15042 1 
4 24 35 0.0966015 0.017 0.175122 2 
5 24 35 0 0.035 0.175122 1 
6 24 35 0 0.024 0.172816 1 
7 24 35 0 0.007 0.175122 1 
8 24 35 0 0.018 0.21106 1 
9 24 35 0 0.038 0.196476 1 
10 24 35 0.0850476 0.013 0.221476 2 
11 24 35 0 0.005 0.170602 1 
12 24 35 0 0.012 0.149601 1 
13 24 35 0.0409919 0.005 0.175122 2 
14 24 35 0 0.045 0.175643 1 
15 24 35 0 0.019 0.175643 1 
16 24 35 0 0.024 0.175122 1 
17 24 35 0 0.008 0.185836 1 
18 24 35 0 0.047 0.150122 1 
19 24 35 0 0.007 0.175122 1 
20 24 35 0.106388 0.017 0.195955 2 
21 24 35 0 0.007 0.185539 1 
22 24 35 0 0.046 0.175122 1 
23 24 35 0 0.026 0.149899 1 
24 24 35 0 0.009 0.18606 1 
25 24 35 0 0.028 0.150643 1 
26 24 35 0 0.002 0.150643 1 
27 24 35 0 0.022 0.195955 1 
28 24 35 0 0.033 0.196476 1 
29 24 35 0 0.048 0.166789 1 
30 24 35 0 0.007 0.196476 1 
31 24 35 0 0.004 0.175122 1 
32 24 35 0.210062 0.001 0.196476 2 
0 24 36 0 0.003 0.175122 1 
1 24 36 0 0.02 0.195955 1 
2 24 36 0 0.026 0.195955 1 
3 24 36 0 0.046 0.195955 1 
4 24 36 0 0.037 0.156372 1 
5 24 36 9.12135e-05 0.015 0.177205 2 
6 24 36 0 0.045 0.175643 1 
7 24 36 0 0.029 0.196476 1 
8 24 36 0 0.024 0.175643 1 
9 24 36 0 0.048 0.175122 1 
10 24 36 0.0130904 0.028 0.149601 2 
11 24 36 0 0.018 0.175643 1 
12 24 36 0 0.018 0.195955 1 
13 24 36 0.000788811 0.009 0.175122 2 
14 24 36 0 0.033 0.195955 1 
15 24 36 0 0.007 0.231893 1 
16 24 36 0 0.015 0.195955 1 
17 24 36 0 0.041 0.195955 1 
18 24 36 0 0.031 0.18606 1 
19 24 36 0 0.009 0.188441 1 
20 24 36 0.340607 0.006 0.18606 3 
21 24 36 0 0.003 0.209274 1 
22 24 36 0 0.013 0.195955 1 
23 24 36 0 0.037 0.221476 1 
24 24 36 0 0.005 0.200643 1 
25 24 36 0.124032 0.002 0.215573 2 
26 24 36 0 0.031 0.130851 1 
27 24 36 0 0.025 0.159497 1 
28 24 36 0 0.018 0.150643 1 
29 24 36 0 0.005 0.185539 1 
30 24 36 0 0.04 0.163217 1 
31 24 36 0 0.018 0.209274 1 
32 24 36 0.121045 0.001 0.195955 2 
0 24 37 0 0.031 0.185836 1 
1 24 37 0 0.011 0.195955 1 
2 24 37 0 0.033 0.185539 1 
3 24 37 0 0.049 0.209274 1 
4 24 37 0 0.004 0.150122 1 
5 24 37 0.0902177 0.011 0.195955 2 
6 24 37 0 0.032 0.175122 1 
7 24 37 0 0.013 0.18606 1 
8 24 37 0 0.005 0.175122 1 
9 24 37 0 0.011 0.175122 1 
10 24 37 0.429671 0.033 0.454909 1 
11 24 37 0 0.003 0.177205 1 
12 24 37 0 0.033 0.175643 1 
13 24 37 0 0.023 0.195955 1 
14 24 37 0 0.024 0.177205 1 
15 24 37 0 0.028 0.200643 1 
16 24 37 0 0.007 0.195955 1 
17 24 37 0 0.006 0.185539 1 
18 24 37 0 0.038 0.18606 1 
19 24 37 0 0.016 0.196253 1 
20 24 37 0 0.045 0.150643 1 
21 24 37 0 0.02 0.175122 1 
22 24 37 0 0.038 0.185539 1 
23 24 37 0 0.034 0.185539 1 
24 24 37 0 0.028 0.175122 1 
25 24 37 0 0.041 0.175122 1 
26 24 37 0.112629 0.009 0.175643 2 
27 24 37 0 0.014 0.185836 1 
28 24 37 0 0.038 0.149601 1 
29 24 37 0 0.005 0.197369 1 
30 24 37 0 0.018 0.175122 1 
31 24 37 0 0.031 0.185539 1 
32 24 37 0 0.027 0.18606 1 
0 24 38 0 0.036 0.196253 1 
1 24 38 0.119979 0.004 0.18606 2 
2 24 38 0 0.022 0.177205 1 
3 24 38 0 0.042 0.221476 1 
4 24 38 0 0.017 0.195955 1 
5 24 38 0 0.008 0.166789 1 
6 24 38 0 0.033 0.21106 1 
7 24 38 0 0.035 0.175122 1 
8 24 38 0 0.042 0.19474 1 
9 24 38 0 0.046 0.175643 1 
10 24 38 0.0858502 0.016 0.149601 2 
11 24 38 0 0.005 0.195955 1 
12 24 38 0 0.026 0.175643 1 
13 24 38 0 0.004 0.175122 1 
14 24 38 0 0.032 0.177205 1 
15 24 38 0 0.043 0.175643 1 
16 24 38 0 0.02 0.177205 1 
17 24 38 0 0.045 0.185539 1 
18 24 38 0 0.032 0.175122 1 
19 24 38 0 0.002 0.231893 1 
20 24 38 0 0.026 0.150122 1 
21 24 38 0 0.026 0.175122 1 
22 24 38 0 0.036 0.163441 1 
23 24 38 0 0.028 0.175643 1 
24 24 38 0 0.039 0.175643 1 
25 24 38 0.0562402 0.006 0.195955 2 
26 24 38 0 0.021 0.177726 1 
27 24 38 0 0.021 0.177205 1 
28 24 38 0 0.027 0.196476 1 
29 24 38 0 0.022 0.149601 1 
30 24 38 0 0.044 0.21106 1 
31 24 38 0 0.009 0.175122 1 
32 24 38 0 0.009 0.175643 1 
0 24 39 0 0.016 0.185539 1 
1 24 39 0 0.024 0.221476 1 
2 24 39 0 0.046 0.21106 1 
3 24 39 0 0.021 0.195955 1 
4 24 39 0 0.004 0.231893 1 
5 24 39 0 0.021 0.175122 1 
6 24 39 0 0.012 0.18606 1 
7 24 39 0 0.008 0.231893 1 
8 24 39 0 0.034 0.185539 1 
9 24 39 0 0.034 0.231893 1 
10 24 39 0 0.033 0.195955 1 
11 24 39 0 0.022 0.185539 1 
12 24 39 0 0.048 0.163441 1 
13 24 39 0 0.04 0.196253 1 
14 24 39 0 0.02 0.172816 1 
15 24 39 0 0.016 0.177205 1 
16 24 39 0 0.043 0.195955 1 
17 24 39 0.163981 0.004 0.196476 2 
18 24 39 0 0.029 0.185539 1 
19 24 39 0 0.023 0.156372 1 
20 24 39 0 0.021 0.185539 1 
21 24 39 0 0.048 0.195955 1 
22 24 39 0 0.013 0.200643 1 
23 24 39 0 0.02 0.185539 1 
24 24 39 0 0.017 0.195955 1 
25 24 39 0 0.014 0.185539 1 
26 24 39 0 0.044 0.175643 1 
27 24 39 0 0.048 0.163217 1 
28 24 39 0 0.021 0.192136 1 
29 24 39 0 0.013 0.175122 1 
30 24 39 0 0.025 0.175122 1 
31 24 39 0 0.047 0.196253 1 
32 24 39 0 0.012 0.196476 1 
0 24 40 0 0.023 0.185018 1 
1 24 40 0 0.029 0.18606 1 
2 24 40 0 0.019 0.221476 1 
3 24 40 0 0.024 0.195955 1 
4 24 40 0 0.009 0.150643 1 
5 24 40 0 0.024 0.130851 1 
6 24 40 0 0.046 0.185539 1 
7 24 40 0 0.043 0.175122 1 
8 24 40 0 0.009 0.196476 1 
9 24 40 0 0.01 0.185836 1 
10 24 40 0 0.022 0.185539 1 
11 24 40 0 0.007 0.196253 1 
12 24 40 0 0.034 0.195955 1 
13 24 40 0 0.029 0.175122 1 
14 24 40 0 0.03 0.16292 1 
15 24 40 0 0.014 0.177205 1 
16 24 40 0 0.018 0.175122 1 
17 24 40 0.145089 0.004 0.21106 2 
18 24 40 0 0.028 0.209274 1 
19 24 40 0 0.012 0.166789 1 
20 24 40 0 0.045 0.175122 1 
21 24 40 0 0.034 0.18606 1 
22 24 40 0 0.003 0.188441 1 
23 24 40 0 0.016 0.196476 1 
24 24 40 0 0.014 0.195955 1 
25 24 40 0 0.009 0.175122 1 
26 24 40 0 0.028 0.185539 1 
27 24 40 0 0.002 0.21106 1 
28 24 40 0 0.037 0.175122 1 
29 24 40 0 0.006 0.185018 1 
30 24 40 0.0034109 0.003 0.185836 2 
31 24 40 0 0.031 0.200643 1 
32 24 40 0 0.014 0.175122 1 
0 24 41 0 0.034 0.175122 1 
1 24 41 0 0.049 0.159795 1 
2 24 41 0 0.002 0.18606 1 
3 24 41 0 0.04 0.195955 1 
4 24 41 0 0.04 0.175643 1 
5 24 41 0 0.037 0.195955 1 
6 24 41 0 0.016 0.195955 1 
7 24 41 0 0.01 0.195955 1 
8 24 41 0.100408 0.014 0.18606 2 
9 24 41 0 0.028 0.175643 1 
10 24 41 0 0.001 0.221476 1 
11 24 41 0 0.012 0.195955 1 
12 24 41 0 0.002 0.166789 1 
13 24 41 0 0.032 0.221476 1 
14 24 41 0 0.021 0.18606 1 
15 24 41 0 0.02 0.195955 1 
16 24 41 0 0.035 0.191789 1 
17 24 41 0 0.048 0.200643 1 
18 24 41 0 0.017 0.21106 1 
19 24 41 0 0.014 0.196476 1 
20 24 41 0.0211733 0.008 0.184844 2 
21 24 41 0 0.036 0.18606 1 
22 24 41 0 0.018 0.160018 1 
23 24 41 0 0.027 0.149899 1 
24 24 41 0 0.041 0.196476 1 
25 24 41 0 0.049 0.209274 1 
26 24 41 0 0.028 0.21106 1 
27 24 41 0 0.024 0.215573 1 
28 24 41 0 0.009 0.21106 1 
29 24 41 0 0.014 0.221476 1 
30 24 41 0 0.023 0.175122 1 
31 24 41 0 0.008 0.221476 1 
32 24 41 0.122894 0.005 0.21106 2 
0 24 42 0 0.011 0.185539 1 
1 24 42 0 0.01 0.195435 1 
2 24 42 0 0.015 0.175122 1 
3 24 42 0 0.003 0.195955 1 
4 24 42 0 0.032 0.172146 1 
5 24 42 0 0.018 0.196476 1 
6 24 42 0 0.048 0.185539 1 
7 24 42 0 0.041 0.175122 1 
8 24 42 0.108068 0.015 0.198857 2 
9 24 42 0 0.013 0.175122 1 
10 24 42 0 0.045 0.196253 1 
11 24 42 0 0.012 0.195955 1 
12 24 42 0 0.016 0.177205 1 
13 24 42 0 0.027 0.18606 1 
14 24 42 0 0.036 0.175122 1 
15 24 42 0 0.03 0.196253 1 
16 24 42 0 0.035 0.172816 1 
17 24 42 0 0.02 0.221476 1 
18 24 42 0 0.019 0.177205 1 
19 24 42 0 0.017 0.221476 1 
20 24 42 0 0.035 0.185539 1 
21 24 42 0 0.028 0.192136 1 
22 24 42 0 0.013 0.19474 1 
23 24 42 0 0.027 0.185539 1 
24 24 42 0 0.008 0.149601 1 
25 24 42 0 0.047 0.16292 1 
26 24 42 0 0.038 0.18606 1 
27 24 42 0 0.013 0.195955 1 
28 24 42 0 0.012 0.196476 1 
29 24 42 0 0.037 0.188441 1 
30 24 42 0 0.007 0.195955 1 
31 24 42 0 0.019 0.150122 1 
32 24 42 0 0.003 0.163217 1 
0 24 43 0 0.036 0.175122 1 
1 24 43 0 0.009 0.175122 1 
2 24 43 0 0.029 0.150643 1 
3 24 43 0 0.033 0.21106 1 
4 24 43 0 0.007 0.175643 1 
5 24 43 0 0.043 0.188441 1 
6 24 43 0 0.023 0.196253 1 
7 24 43 0 0.023 0.18606 1 
8 24 43 0 0.042 0.201685 1 
9 24 43 0 0.027 0.195955 1 
10 24 43 0 0.028 0.16292 1 
11 24 43 0 0.023 0.196253 1 
12 24 43 0.0338054 0.004 0.18606 2 
13 24 43 0.111253 0.009 0.21106 2 
14 24 43 0 0.019 0.195955 1 
15 24 43 0 0.016 0.17542 1 
16 24 43 0 0.042 0.175122 1 
17 24 43 0 0.042 0.177205 1 
18 24 43 0 0.033 0.175122 1 
19 24 43 0 0.016 0.15042 1 
20 24 43 0 0.025 0.18606 1 
21 24 43 0 0.009 0.185539 1 
22 24 43 0 0.004 0.18606 1 
23 24 43 0.000520504 0.008 0.185539 2 
24 24 43 0 0.013 0.205851 1 
25 24 43 0 0.047 0.175122 1 
26 24 43 0 0.048 0.150122 1 
27 24 43 0 0.003 0.195955 1 
28 24 43 0 0.011 0.156719 1 
29 24 43 0 0.015 0.195955 1 
30 24 43 0 0.045 0.195955 1 
31 24 43 0 0.033 0.185539 1 
32 24 43 0 0.004 0.171848 1 
0 24 44 0 0.03 0.130851 1 
1 24 44 0.120964 0.004 0.195955 2 
2 24 44 0 0.044 0.171848 1 
3 24 44 0 0.03 0.191941 1 
4 24 44 0 0.021 0.171848 1 
5 24 44 0 0.014 0.201164 1 
6 24 44 0 0.046 0.163441 1 
7 24 44 0 0.044 0.18606 1 
8 24 44 0 0.005 0.172369 1 
9 24 44 0 0.011 0.185539 1 
10 24 44 0 0.036 0.175122 1 
11 24 44 0 0.024 0.196476 1 
12 24 44 0 0.013 0.21106 1 
13 24 44 0.250063 0.016 0.196476 2 
14 24 44 0 0.009 0.166789 1 
15 24 44 0 0.042 0.185539 1 
16 24 44 0 0.004 0.195955 1 
17 24 44 0 0.011 0.196476 1 
18 24 44 0 0.01 0.196476 1 
19 24 44 0 0.043 0.195955 1 
20 24 44 0 0.023 0.18606 1 
21 24 44 0 0.002 0.18606 1 
22 24 44 0 0.019 0.185539 1 
23 24 44 0 0.045 0.177205 1 
24 24 44 0 0.009 0.150643 1 
25 24 44 0 0.003 0.171848 1 
26 24 44 0.11287 0.011 0.175643 2 
27 24 44 0 0.039 0.185539 1 
28 24 44 0 0.013 0.163441 1 
29 24 44 0 0.019 0.18606 1 
30 24 44 0 0.022 0.150122 1 
31 24 44 0 0.017 0.196476 1 
32 24 44 0 0.029 0.196476 1 
0 24 45 0 0.035 0.185539 1 
1 24 45 0 0.029 0.209274 1 
2 24 45 0 0.034 0.192136 1 
3 24 45 0 0.033 0.18606 1 
4 24 45 0.0986782 0.007 0.175643 2 
5 24 45 0 0.045 0.185836 1 
6 24 45 0 0.025 0.18606 1 
7 24 45 0 0.042 0.175122 1 
8 24 45 0 0.034 0.172816 1 
9 24 45 0 0.042 0.195955 1 
10 24 45 0 0.013 0.185539 1 
11 24 45 0 0.048 0.175122 1 
12 24 45 0 0.038 0.196476 1 
13 24 45 0 0.012 0.18606 1 
14 24 45 0 0.019 0.175122 1 
15 24 45 0 0.045 0.150122 1 
16 24 45 0 0.001 0.205157 1 
17 24 45 0 0.031 0.192136 1 
18 24 45 0 0.048 0.196253 1 
19 24 45 0 0.04 0.195955 1 
20 24 45 0.0862224 0.004 0.18606 2 
21 24 45 0 0.013 0.172816 1 
22 24 45 0 0.002 0.195955 1 
23 24 45 0 0.004 0.196253 1 
24 24 45 0 0.03 0.184844 1 
25 24 45 0 0.026 0.231893 1 
26 24 45 0.245976 0.017 0.185539 2 
27 24 45 0 0.049 0.185539 1 
28 24 45 0 0.038 0.195955 1 
29 24 45 0 0.047 0.196476 1 
30 24 45 0 0.027 0.195955 1 
31 24 45 0 0.021 0.175643 1 
32 24 45 0.122306 0.017 0.200643 2 
0 24 46 0 0.017 0.163441 1 
1 24 46 0 0.003 0.175122 1 
2 24 46 0 0.018 0.193649 1 
3 24 46 0 0.045 0.175122 1 
4 24 46 0 0.031 0.150122 1 
5 24 46 0 0.035 0.150122 1 
6 24 46 0 0.023 0.196476 1 
7 24 46 0 0.047 0.175643 1 
8 24 46 0 0.035 0.175643 1 
9 24 46 0 0.036 0.196476 1 
10 24 46 0.000111572 0.005 0.185539 2 
11 24 46 0 0.034 0.200643 1 
12 24 46 0.2399 0.001 0.200643 3 
13 24 46 0 0.019 0.195955 1 
14 24 46 0 0.02 0.185539 1 
15 24 46 0 0.001 0.195955 1 
16 24 46 0 0.037 0.18606 1 
17 24 46 0 0.015 0.175643 1 
18 24 46 0 0.006 0.221476 1 
19 24 46 0 0.021 0.18606 1 
20 24 46 0 0.025 0.175122 1 
21 24 46 0 0.048 0.175122 1 
22 24 46 0 0.004 0.195955 1 
23 24 46 0 0.02 0.177205 1 
24 24 46 0 0.029 0.196476 1 
25 24 46 0 0.018 0.175643 1 
26 24 46 0 0.042 0.150122 1 
27 24 46 0 0.015 0.18606 1 
28 24 46 0 0.028 0.14417 1 
29 24 46 0 0.039 0.18606 1 
30 24 46 0 0.037 0.175122 1 
31 24 46 0 0.042 0.195955 1 
32 24 46 0 0.035 0.150122 1 
0 24 47 0 0.033 0.21106 1 
1 24 47 0 0.015 0.175122 1 
2 24 47 0 0.021 0.196253 1 
3 24 47 0 0.039 0.185539 1 
4 24 47 0 0.005 0.150122 1 
5 24 47 0 0.025 0.175122 1 
6 24 47 0 0.02 0.18606 1 
7 24 47 0 0.032 0.150643 1 
8 24 47 0 0.025 0.177205 1 
9 24 47 0 0.018 0.21106 1 
10 24 47 0 0.039 0.163441 1 
11 24 47 0 0.002 0.17542 1 
12 24 47 0 0.046 0.21106 1 
13 24 47 0 0.048 0.196476 1 
14 24 47 0 0.009 0.21106 1 
15 24 47 0 0.004 0.193649 1 
16 24 47 0 0.004 0.213143 1 
17 24 47 0 0.038 0.207786 1 
18 24 47 0 0.001 0.196476 1 
19 24 47 0 0.009 0.150643 1 
20 24 47 0 0.026 0.185539 1 
21 24 47 0 0.042 0.149601 1 
22 24 47 0.186768 0.011 0.175122 2 
23 24 47 0.0491218 0.007 0.149601 2 
24 24 47 0 0.022 0.163441 1 
25 24 47 0 0.006 0.221476 1 
26 24 47 0 0.033 0.196476 1 
27 24 47 0 0.013 0.200643 1 
28 24 47 0 0.017 0.21106 1 
29 24 47 0 0.049 0.185836 1 
30 24 47 0 0.002 0.18606 1 
31 24 47 0 0.044 0.185539 1 
32 24 47 0 0.047 0.149899 1 
0 24 48 0 0.016 0.156496 1 
1 24 48 0 0.043 0.147816 1 
2 24 48 0 0.041 0.149601 1 
3 24 48 0 0.003 0.175122 1 
4 24 48 0 0.022 0.205851 1 
5 24 48 0 0.013 0.196476 1 
6 24 48 0 0.003 0.195955 1 
7 24 48 0 0.012 0.175122 1 
8 24 48 0 0.031 0.195955 1 
9 24 48 0 0.026 0.175122 1 
10 24 48 0 0.029 0.175122 1 
11 24 48 0 0.027 0.18606 1 
12 24 48 0 0.034 0.21106 1 
13 24 48 0 0.016 0.16292 1 
14 24 48 0 0.005 0.201461 1 
15 24 48 0 0.007 0.195955 1 
16 24 48 0 0.021 0.175643 1 
17 24 48 0 0.005 0.188441 1 
18 24 48 0 0.013 0.201164 1 
19 24 48 0 0.015 0.175643 1 
20 24 48 0 0.047 0.183232 1 
21 24 48 0 0.004 0.18606 1 
22 24 48 0 0.025 0.163441 1 
23 24 48 0.0259572 0.008 0.196476 2 
24 24 48 0 0.037 0.185539 1 
25 24 48 0 0.03 0.16974 1 
26 24 48 0 0.029 0.150643 1 
27 24 48 0 0.024 0.175643 1 
28 24 48 0 0.022 0.185539 1 
29 24 48 0 0.011 0.157284 1 
30 24 48 0 0.026 0.193649 1 
31 24 48 0 0.02 0.185539 1 
32 24 48 0 0.033 0.193221 1 
0 24 49 0.161888 0.002 0.237101 2 
1 24 49 0 0.037 0.19474 1 
2 24 49 0 0.029 0.185539 1 
3 24 49 0 0.013 0.185539 1 
4 24 49 0 0.036 0.18606 1 
5 24 49 0 0.048 0.175643 1 
6 24 49 0 0.019 0.149601 1 
7 24 49 0 0.045 0.16974 1 
8 24 49 0 0.011 0.195955 1 
9 24 49 0.19227 0.005 0.16292 2 
10 24 49 0 0.017 0.195955 1 
11 24 49 0 0.001 0.182804 1 
12 24 49 0.230798 0.019 0.196253 2 
13 24 49 0 0.019 0.205851 1 
14 24 49 0 0.008 0.175122 1 
15 24 49 0 0.034 0.130851 1 
16 24 49 0 0.034 0.195955 1 
17 24 49 0 0.032 0.175643 1 
18 24 49 0 0.036 0.175643 1 
19 24 49 0.113159 0.006 0.196476 2 
20 24 49 0.0570186 0.008 0.150643 2 
21 24 49 0 0.039 0.18606 1 
22 24 49 0 0.027 0.175122 1 
23 24 49 0 0.049 0.175122 1 
24 24 49 0 0.027 0.21106 1 
25 24 49 0 0.016 0.150122 1 
26 24 49 0 0.007 0.150122 1 
27 24 49 0.179968 0.013 0.24231 2 
28 24 49 0 0.026 0.175122 1 
29 24 49 0 0.019 0.150643 1 
30 24 49 0 0.023 0.175122 1 
31 24 49 0 0.017 0.185539 1 
32 24 49 0 0.048 0.185539 1 
0 24 50 0.140478 0.008 0.21106 2 
1 24 50 0 0.026 0.195955 1 
2 24 50 0 0.04 0.175643 1 
3 24 50 0 0.006 0.185539 1 
4 24 50 0 0.02 0.24231 1 
5 24 50 0 0.047 0.169219 1 
6 24 50 0 0.009 0.18606 1 
7 24 50 0 0.026 0.195955 1 
8 24 50 0 0.028 0.175122 1 
9 24 50 0 0.04 0.195955 1 
10 24 50 0 0.02 0.195955 1 
11 24 50 0 0.004 0.175122 1 
12 24 50 0 0.013 0.231893 1 
13 24 50 0 0.038 0.200643 1 
14 24 50 0 0.001 0.193649 1 
15 24 50 0 0.017 0.21106 1 
16 24 50 0 0.01 0.231893 1 
17 24 50 0 0.045 0.177205 1 
18 24 50 0 0.023 0.195955 1 
19 24 50 0 0.034 0.14417 1 
20 24 50 0.000391875 0.007 0.231893 2 
21 24 50 0 0.009 0.185539 1 
22 24 50 0 0.023 0.175122 1 
23 24 50 0 0.017 0.175122 1 
24 24 50 0 0.045 0.213143 1 
25 24 50 0.0898633 0.003 0.185018 3 
26 24 50 0 0.021 0.21106 1 
27 24 50 0 0.046 0.201164 1 
28 24 50 0 0.029 0.150122 1 
29 24 50 0 0.003 0.196476 1 
30 24 50 0 0.003 0.196253 1 
31 24 50 0 0.007 0.196253 1 
32 24 50 0 0.046 0.149899 1 
0 24 51 0 0.039 0.16292 1 
1 24 51 0.0390006 0.008 0.196476 2 
2 24 51 0 0.044 0.163441 1 
3 24 51 0 0.02 0.175122 1 
4 24 51 3.01589e-05 0.005 0.175643 2 
5 24 51 0 0.013 0.201164 1 
6 24 51 0 0.047 0.213589 1 
7 24 51 0 0.037 0.196476 1 
8 24 51 0 0.045 0.195955 1 
9 24 51 0 0.031 0.188441 1 
10 24 51 0.102008 0.008 0.195955 2 
11 24 51 0 0.048 0.196476 1 
12 24 51 0 0.038 0.198857 1 
13 24 51 0 0.004 0.175643 1 
14 24 51 0 0.011 0.149899 1 
15 24 51 0 0.029 0.209274 1 
16 24 51 0 0.029 0.175643 1 
17 24 51 0 0.024 0.185539 1 
18 24 51 0 0.016 0.175643 1 
19 24 51 0 0.023 0.185539 1 
20 24 51 0 0.039 0.209274 1 
21 24 51 0 0.007 0.195955 1 
22 24 51 0 0.026 0.195955 1 
23 24 51 0.0482366 0.005 0.175643 2 
24 24 51 0 0.009 0.200643 1 
25 24 51 0 0.039 0.205851 1 
26 24 51 0 0.046 0.172369 1 
27 24 51 0 0.002 0.16974 1 
28 24 51 0 0.046 0.18606 1 
29 24 51 0 0.021 0.131372 1 
30 24 51 0 0.04 0.195955 1 
31 24 51 0 0.049 0.195955 1 
32 24 51 0.193614 0.001 0.221476 3 
0 24 52 0.140015 0.001 0.200643 2 
1 24 52 0 0.001 0.150122 1 
2 24 52 0 0.004 0.196476 1 
3 24 52 0 0.045 0.185018 1 
4 24 52 0 0.034 0.200643 1 
5 24 52 0 0.019 0.195955 1 
6 24 52 0 0.006 0.221476 1 
7 24 52 0 0.008 0.185539 1 
8 24 52 0 0.016 0.201164 1 
9 24 52 0 0.049 0.188441 1 
10 24 52 0 0.022 0.195955 1 
11 24 52 0 0.013 0.172369 1 
12 24 52 0.000978817 0.002 0.171848 2 
13 24 52 0 0.02 0.195955 1 
14 24 52 0 0.006 0.195955 1 
15 24 52 0 0.047 0.185018 1 
16 24 52 0 0.016 0.201685 1 
17 24 52 0 0.016 0.18606 1 
18 24 52 0 0.034 0.195955 1 
19 24 52 0 0.049 0.18606 1 
20 24 52 0 0.003 0.175122 1 
21 24 52 0 0.034 0.196253 1 
22 24 52 0 0.001 0.175643 1 
23 24 52 0 0.015 0.195955 1 
24 24 52 0 0.047 0.21106 1 
25 24 52 0 0.028 0.195955 1 
26 24 52 0 0.006 0.17542 1 
27 24 52 0 0.047 0.150122 1 
28 24 52 0 0.002 0.185836 1 
29 24 52 0 0.048 0.221476 1 
30 24 52 0.129378 0.016 0.150643 2 
31 24 52 0 0.01 0.196476 1 
32 24 52 0 0.021 0.21106 1 
0 24 53 0 0.028 0.221476 1 
1 24 53 0 0.037 0.175122 1 
2 24 53 0 0.045 0.195955 1 
3 24 53 0 0.029 0.147816 1 
4 24 53 2.9431e-05 0.023 0.169219 2 
5 24 53 0.101055 0.004 0.196476 2 
6 24 53 0 0.011 0.175643 1 
7 24 53 0 0.029 0.195955 1 
8 24 53 0 0.031 0.195955 1 
9 24 53 0.0606379 0.007 0.175122 2 
10 24 53 0 0.039 0.175122 1 
11 24 53 0 0.012 0.149601 1 
12 24 53 0 0.009 0.149601 1 
13 24 53 0 0.019 0.175122 1 
14 24 53 0 0.048 0.195955 1 
15 24 53 0 0.003 0.182804 1 
16 24 53 0 0.03 0.182414 1 
17 24 53 0 0.01 0.185539 1 
18 24 53 0 0.041 0.18606 1 
19 24 53 0 0.044 0.18606 1 
20 24 53 0 0.016 0.17542 1 
21 24 53 0 0.03 0.195955 1 
22 24 53 0 0.021 0.18606 1 
23 24 53 0 0.03 0.21106 1 
24 24 53 0 0.012 0.196476 1 
25 24 53 0 0.019 0.21106 1 
26 24 53 0 0.025 0.196476 1 
27 24 53 0.180537 0.003 0.221476 2 
28 24 53 0 0.016 0.15042 1 
29 24 53 0 0.016 0.195955 1 
30 24 53 0.183266 0.002 0.175643 2 
31 24 53 0 0.007 0.196253 1 
32 24 53 0 0.025 0.175643 1 
0 24 54 0 0.015 0.182414 1 
1 24 54 0 0.009 0.195955 1 
2 24 54 0 0.022 0.175122 1 
3 24 54 0 0.028 0.149601 1 
4 24 54 0.0912414 0.02 0.196476 2 
5 24 54 0.0945616 0.011 0.203638 2 
6 24 54 0 0.023 0.160018 1 
7 24 54 0.0482243 0.012 0.195955 2 
8 24 54 5.11182e-05 0.023 0.175643 2 
9 24 54 0 0.01 0.18606 1 
10 24 54 0 0.018 0.15042 1 
11 24 54 0 0.032 0.150122 1 
12 24 54 0 0.005 0.15042 1 
13 24 54 0.111232 0.001 0.195955 2 
14 24 54 0 0.015 0.175122 1 
15 24 54 0 0.017 0.195955 1 
16 24 54 0 0.027 0.201685 1 
17 24 54 0 0.016 0.196476 1 
18 24 54 0 0.04 0.18606 1 
19 24 54 0.0370472 0.006 0.193649 2 
20 24 54 0 0.045 0.149601 1 
21 24 54 0 0.015 0.195955 1 
22 24 54 0 0.036 0.21106 1 
23 24 54 0 0.032 0.195955 1 
24 24 54 0 0.042 0.150643 1 
25 24 54 0 0.026 0.150122 1 
26 24 54 0.0376436 0.005 0.221476 2 
27 24 54 0 0.01 0.196476 1 
28 24 54 0 0.011 0.156719 1 
29 24 54 0 0.006 0.201164 1 
30 24 54 0 0.011 0.221476 1 
31 24 54 0 0.008 0.175643 1 
32 24 54 0.12358 0.008 0.16292 2 
0 24 55 0 0.021 0.185836 1 
1 24 55 0 0.009 0.181719 1 
2 24 55 0 0.038 0.172816 1 
3 24 55 0 0.026 0.169542 1 
4 24 55 2.6752e-05 0.021 0.195955 2 
5 24 55 0 0.036 0.195955 1 
6 24 55 0 0.04 0.185539 1 
7 24 55 0 0.031 0.193649 1 
8 24 55 0 0.038 0.221476 1 
9 24 55 0 0.031 0.209274 1 
10 24 55 0 0.004 0.172816 1 
11 24 55 0 0.028 0.196476 1 
12 24 55 0 0.012 0.175122 1 
13 24 55 0 0.023 0.226685 1 
14 24 55 0 0.037 0.185539 1 
15 24 55 0 0.026 0.177205 1 
16 24 55 0 0.044 0.200643 1 
17 24 55 0 0.002 0.175643 1 
18 24 55 0 0.024 0.150643 1 
19 24 55 0 0.036 0.145435 1 
20 24 55 0.000310956 0.007 0.175643 2 
21 24 55 0 0.002 0.149601 1 
22 24 55 0 0.041 0.195955 1 
23 24 55 0 0.003 0.175122 1 
24 24 55 0 0.047 0.17542 1 
25 24 55 0 0.002 0.21106 1 
26 24 55 0 0.002 0.163441 1 
27 24 55 0 0.027 0.21106 1 
28 24 55 0 0.013 0.198857 1 
29 24 55 0 0.015 0.21106 1 
30 24 55 0 0.016 0.185539 1 
31 24 55 0 0.036 0.175643 1 
32 24 55 0 0.046 0.18606 1 
0 24 56 0 0.029 0.150122 1 
1 24 56 0.0327982 0.008 0.195955 2 
2 24 56 0 0.007 0.130851 1 
3 24 56 0.165786 0.006 0.195955 2 
4 24 56 0 0.045 0.185018 1 
5 24 56 0 0.026 0.196476 1 
6 24 56 0 0.034 0.185539 1 
7 24 56 0 0.043 0.201685 1 
8 24 56 0 0.014 0.21106 1 
9 24 56 0 0.022 0.159497 1 
10 24 56 0.000104642 0.019 0.221476 2 
11 24 56 0 0.03 0.175643 1 
12 24 56 0 0.016 0.175643 1 
13 24 56 0 0.04 0.209274 1 
14 24 56 0 0.028 0.175643 1 
15 24 56 0 0.02 0.195955 1 
16 24 56 0 0.044 0.21106 1 
17 24 56 0 0.029 0.188441 1 
18 24 56 0 0.003 0.130851 1 
19 24 56 0 0.001 0.175643 1 
20 24 56 0 0.017 0.195955 1 
21 24 56 0 0.001 0.185167 1 
22 24 56 0 0.021 0.149899 1 
23 24 56 0.000645358 0.007 0.185539 2 
24 24 56 0 0.028 0.175122 1 
25 24 56 0 0.024 0.18606 1 
26 24 56 0.111885 0.018 0.21106 2 
27 24 56 0 0.033 0.18606 1 
28 24 56 0 0.032 0.196253 1 
29 24 56 0 0.011 0.169219 1 
30 24 56 0 0.015 0.21106 1 
31 24 56 0 0.021 0.18606 1 
32 24 56 0 0.023 0.196476 1 
0 24 57 0 0.041 0.177205 1 
1 24 57 0 0.04 0.175122 1 
2 24 57 0 0.007 0.221476 1 
3 24 57 0.146594 0.007 0.145955 2 
4 24 57 0.088468 0.006 0.18606 2 
5 24 57 0 0.037 0.193649 1 
6 24 57 0 0.021 0.196476 1 
7 24 57 0 0.018 0.185539 1 
8 24 57 0 0.001 0.18606 1 
9 24 57 0 0.036 0.21106 1 
10 24 57 0.0870453 0.008 0.195955 2 
11 24 57 0 0.042 0.156198 1 
12 24 57 0 0.041 0.185539 1 
13 24 57 0 0.021 0.221476 1 
14 24 57 0 0.026 0.200643 1 
15 24 57 0 0.04 0.185167 1 
16 24 57 0 0.013 0.21292 1 
17 24 57 0 0.026 0.195955 1 
18 24 57 0 0.042 0.16292 1 
19 24 57 0 0.003 0.175122 1 
20 24 57 0 0.042 0.193649 1 
21 24 57 0 0.031 0.150122 1 
22 24 57 0 0.018 0.166789 1 
23 24 57 0.0478779 0.011 0.21106 2 
24 24 57 0 0.005 0.175643 1 
25 24 57 0 0.046 0.193649 1 
26 24 57 0.242676 0.02 0.231893 2 
27 24 57 0 0.022 0.150643 1 
28 24 57 0 0.042 0.205851 1 
29 24 57 0 0.018 0.16292 1 
30 24 57 0 0.047 0.195955 1 
31 24 57 0 0.019 0.175122 1 
32 24 57 0 0.023 0.196476 1 
0 24 58 0 0.023 0.200643 1 
1 24 58 0 0.047 0.185539 1 
2 24 58 0 0.009 0.175122 1 
3 24 58 0 0.009 0.221476 1 
4 24 58 0 0.006 0.205851 1 
5 24 58 0 0.021 0.205721 1 
6 24 58 0 0.032 0.175122 1 
7 24 58 0 0.039 0.195955 1 
8 24 58 0 0.04 0.175643 1 
9 24 58 0 0.003 0.201685 1 
10 24 58 0 0.004 0.194095 1 
11 24 58 0 0.006 0.200643 1 
12 24 58 0 0.014 0.188441 1 
13 24 58 0 0.024 0.163441 1 
14 24 58 0 0.003 0.195955 1 
15 24 58 0 0.027 0.203638 1 
16 24 58 0 0.038 0.185539 1 
17 24 58 0 0.03 0.185539 1 
18 24 58 0 0.027 0.185539 1 
19 24 58 0.242359 0.017 0.185836 2 
20 24 58 0 0.011 0.196997 1 
21 24 58 0 0.04 0.18606 1 
22 24 58 0 0.032 0.196476 1 
23 24 58 0 0.02 0.185539 1 
24 24 58 0 0.04 0.175643 1 
25 24 58 0.127602 0.007 0.196476 2 
26 24 58 0 0.032 0.221476 1 
27 24 58 0 0.047 0.18606 1 
28 24 58 0 0.035 0.175643 1 
29 24 58 0 0.001 0.175643 1 
30 24 58 0 0.03 0.18606 1 
31 24 58 0 0.025 0.18606 1 
32 24 58 0.0463769 0.005 0.221476 2 
0 24 59 0 0.047 0.150643 1 
1 24 59 0 0.032 0.175122 1 
2 24 59 0 0.018 0.188441 1 
3 24 59 0 0.01 0.175122 1 
4 24 59 0 0.008 0.195955 1 
5 24 59 0 0.033 0.175122 1 
6 24 59 0 0.027 0.175122 1 
7 24 59 0 0.025 0.131372 1 
8 24 59 0 0.015 0.181719 1 
9 24 59 0 0.016 0.185539 1 
10 24 59 0 0.048 0.18606 1 
11 24 59 0 0.006 0.16292 1 
12 24 59 0 0.003 0.195955 1 
13 24 59 0 0.02 0.195955 1 
14 24 59 0.0127936 0.001 0.149601 2 
15 24 59 0 0.009 0.221476 1 
16 24 59 0 0.048 0.16974 1 
17 24 59 0 0.001 0.195955 1 
18 24 59 0 0.049 0.185539 1 
19 24 59 0 0.03 0.197369 1 
20 24 59 0 0.026 0.150643 1 
21 24 59 0 0.049 0.150122 1 
22 24 59 0.00341482 0.005 0.175122 2 
23 24 59 0.0464261 0.011 0.231893 2 
24 24 59 0 0.007 0.149601 1 
25 24 59 0 0.02 0.18606 1 
26 24 59 0 0.028 0.196476 1 
27 24 59 0.0935487 0.006 0.196476 3 
28 24 59 0 0.047 0.195955 1 
29 24 59 0 0.048 0.150643 1 
30 24 59 0 0.045 0.193649 1 
31 24 59 0 0.033 0.185539 1 
32 24 59 0 0.005 0.185539 1 
0 24 60 0 0.035 0.156198 1 
1 24 60 0.12081 0.005 0.200643 2 
2 24 60 0 0.001 0.196476 1 
3 24 60 0 0.003 0.177205 1 
4 24 60 0.0617982 0.004 0.175122 3 
5 24 60 0.09609 0.016 0.175122 2 
6 24 60 0 0.005 0.18606 1 
7 24 60 0 0.047 0.207786 1 
8 24 60 0 0.04 0.18606 1 
9 24 60 0 0.01 0.221476 1 
10 24 60 0 0.043 0.196476 1 
11 24 60 0 0.031 0.195955 1 
12 24 60 0 0.026 0.18606 1 
13 24 60 0.112402 0.016 0.209274 2 
14 24 60 0 0.048 0.177205 1 
15 24 60 0 0.017 0.195955 1 
16 24 60 0 0.008 0.195955 1 
17 24 60 0 0.025 0.196476 1 
18 24 60 0 0.005 0.166789 1 
19 24 60 0 0.002 0.195955 1 
20 24 60 0 0.049 0.188441 1 
21 24 60 0 0.004 0.185539 1 
22 24 60 0 0.005 0.231893 1 
23 24 60 0 0.026 0.195955 1 
24 24 60 0 0.017 0.175122 1 
25 24 60 0 0.044 0.150122 1 
26 24 60 0 0.023 0.185539 1 
27 24 60 0 0.044 0.183232 1 
28 24 60 0 0.009 0.196476 1 
29 24 60 0 0.034 0.150122 1 
30 24 60 0 0.045 0.175643 1 
31 24 60 0 0.045 0.195955 1 
32 24 60 0.212919 0.003 0.200643 2 
