0 25 0 0.00492008 0.018 0.00899298 6 
1 25 0 0.000672874 0.045 0.0117697 1 
2 25 0 0.00262372 0.043 0.0085769 2 
3 25 0 0.00435108 0.016 0.00958336 3 
4 25 0 0.00381603 0.035 0.0242843 1 
5 25 0 0.00309898 0.012 0.0250156 1 
6 25 0 0.00206135 0.045 0.00722631 1 
7 25 0 0.00543043 0.022 0.0110137 2 
8 25 0 0.000672874 0.025 0.0100837 1 
9 25 0 0.000672874 0.011 0.0113792 1 
10 25 0 0.00418181 0.007 0.024128 1 
11 25 0 0.00282043 0.043 0.00993899 2 
12 25 0 0.000900436 0.006 0.0121235 2 
13 25 0 0.00920255 0.026 0.00985726 7 
14 25 0 0.00379586 0.013 0.0118246 4 
15 25 0 0.00134964 0.002 0.014296 1 
16 25 0 0.00139301 0.015 0.0109003 2 
17 25 0 0.000672874 0.037 0.0110816 1 
18 25 0 0.000672874 0.011 0.0117022 1 
19 25 0 0.000704369 0.006 0.0108178 2 
20 25 0 0.000672874 0.023 0.0100357 1 
21 25 0 0.000672874 0.016 0.0112606 1 
22 25 0 0.0218257 0.008 0.0122614 30 
23 25 0 0.00495063 0.014 0.0100954 8 
24 25 0 0.00205156 0.038 0.01101 2 
25 25 0 1 0.001 0.0447175 2 
26 25 0 0.00383845 0.047 0.0106341 5 
27 25 0 0.000672874 0.037 0.0115412 1 
28 25 0 0.00237778 0.019 0.0149372 1 
29 25 0 0.000870142 0.049 0.01055 3 
30 25 0 0.000672874 0.003 0.0131793 1 
31 25 0 0.00179746 0.026 0.0138281 3 
32 25 0 0.00187648 0.044 0.0122444 2 
0 25 1 0.00263751 0.02 0.0115718 9 
1 25 1 0 0.026 0.00986141 1 
2 25 1 0.00122286 0.015 0.0118435 2 
3 25 1 0.0105262 0.009 0.00868767 17 
4 25 1 0.00426316 0.031 0.0292698 1 
5 25 1 0 0.013 0.0125039 1 
6 25 1 0.00242058 0.034 0.0109358 1 
7 25 1 0 0.001 0.00978826 1 
8 25 1 0.000331173 0.034 0.010484 2 
9 25 1 3.02449e-05 0.019 0.0115719 2 
10 25 1 0 0.047 0.0125367 1 
11 25 1 0.00336337 0.028 0.0126401 3 
12 25 1 0.0073549 0.026 0.00969549 10 
13 25 1 0 0.016 0.00959514 1 
14 25 1 0 0.045 0.0134246 1 
15 25 1 0.000677223 0.019 0.0098727 1 
16 25 1 0 0.029 0.0139181 1 
17 25 1 0 0.013 0.0159533 1 
18 25 1 0.00204343 0.024 0.0107288 1 
19 25 1 0 0.013 0.0119561 1 
20 25 1 0.00805475 0.025 0.00790894 8 
21 25 1 0 0.038 0.0101486 1 
22 25 1 0 0.043 0.0122079 5 
23 25 1 0 0.021 0.0117477 1 
24 25 1 0.00139078 0.043 0.0131995 2 
25 25 1 0.00127561 0.015 0.0129047 3 
26 25 1 0 0.041 0.0102943 1 
27 25 1 0.00386301 0.033 0.00859128 14 
28 25 1 0 0.007 0.0136566 1 
29 25 1 0.00300823 0.009 0.01288 3 
30 25 1 5.50704e-05 0.013 0.0127606 2 
31 25 1 8.10048e-06 0.044 0.0123303 2 
32 25 1 0 0.007 0.0139665 1 
0 25 2 0.0302303 0.011 0.0119098 31 
1 25 2 0.00478911 0.035 0.00912872 4 
2 25 2 0.00348711 0.014 0.0103702 2 
3 25 2 0 0.014 0.0100165 1 
4 25 2 0.00467587 0.025 0.00955894 9 
5 25 2 2.2221e-05 0.033 0.00907504 2 
6 25 2 0.00275402 0.046 0.0123822 1 
7 25 2 0.0137719 0.037 0.0113677 8 
8 25 2 1.14501e-05 0.009 0.0161878 2 
9 25 2 0.00839543 0.015 0.0107231 11 
10 25 2 0 0.001 0.00983352 1 
11 25 2 0.00382974 0.03 0.0099451 3 
12 25 2 0 0.04 0.00974254 1 
13 25 2 0.00287977 0.027 0.0126544 8 
14 25 2 0 0.011 0.0106759 1 
15 25 2 2.35311e-05 0.048 0.0116742 2 
16 25 2 0 0.007 0.0120395 1 
17 25 2 0 0.047 0.00905168 1 
18 25 2 0.00135588 0.007 0.0113404 1 
19 25 2 0 0.002 0.0132965 1 
20 25 2 0.0235677 0.005 0.0115511 36 
21 25 2 0.00430836 0.03 0.0104441 8 
22 25 2 0 0.021 0.00996503 1 
23 25 2 0 0.043 0.0113798 1 
24 25 2 0 0.013 0.0111388 1 
25 25 2 0.00061939 0.023 0.011053 5 
26 25 2 0.00123061 0.02 0.0109372 2 
27 25 2 0 0.035 0.0123494 1 
28 25 2 0.00203973 0.036 0.0142309 1 
29 25 2 0.000229977 0.007 0.0104432 2 
30 25 2 0.000426175 0.027 0.0107088 2 
31 25 2 1.3917e-05 0.019 0.0123439 2 
32 25 2 0 0.031 0.0148724 1 
0 25 3 0.00387418 0.044 0.010559 3 
1 25 3 0 0.014 0.0115205 1 
2 25 3 0 0.01 0.0114985 1 
3 25 3 0.0084502 0.04 0.0140531 11 
4 25 3 0.00804802 0.013 0.009816 9 
5 25 3 0 0.036 0.0109833 1 
6 25 3 0.00308724 0.029 0.0148038 1 
7 25 3 0.00135595 0.027 0.0119567 2 
8 25 3 8.84666e-06 0.006 0.0108422 2 
9 25 3 0 0.006 0.0129399 1 
10 25 3 0 0.028 0.0114893 1 
11 25 3 0 0.029 0.0115256 1 
12 25 3 0 0.009 0.0122871 1 
13 25 3 0 0.017 0.00983278 1 
14 25 3 0 0.035 0.010662 1 
15 25 3 0 0.029 0.0118777 1 
16 25 3 0 0.032 0.00962591 1 
17 25 3 0.0236887 0.007 0.0116984 35 
18 25 3 0 0.007 0.0125684 1 
19 25 3 0 0.013 0.0138611 1 
20 25 3 0.00285802 0.027 0.0119151 2 
21 25 3 0.000503028 0.028 0.00865351 2 
22 25 3 0 0.049 0.0114539 1 
23 25 3 0.00135019 0.026 0.0117962 3 
24 25 3 0 0.048 0.0119929 1 
25 25 3 0 0.037 0.0109404 1 
26 25 3 0 0.028 0.0112274 1 
27 25 3 0 0.031 0.012543 1 
28 25 3 0.00167789 0.007 0.0151727 3 
29 25 3 0.0024333 0.026 0.0152923 2 
30 25 3 0 0.032 0.0109081 1 
31 25 3 0 0.048 0.0105121 1 
32 25 3 0 0.029 0.0116011 1 
0 25 4 0 0.024 0.0141118 1 
1 25 4 0.00385815 0.041 0.011894 3 
2 25 4 0 0.015 0.0105225 1 
3 25 4 0 0.006 0.0119994 1 
4 25 4 0 0.048 0.0112773 1 
5 25 4 0.00342734 0.041 0.0312778 1 
6 25 4 0 0.047 0.0116791 1 
7 25 4 0.0145688 0.016 0.0131422 9 
8 25 4 0 0.022 0.0114232 1 
9 25 4 0.00538146 0.015 0.0102405 6 
10 25 4 0.000511202 0.033 0.0125981 2 
11 25 4 0.0030982 0.01 0.0132639 2 
12 25 4 0.0172812 0.003 0.0107415 28 
13 25 4 0 0.006 0.0140512 1 
14 25 4 0 0.036 0.0115979 1 
15 25 4 0 0.045 0.0162911 1 
16 25 4 2.3582e-05 0.011 0.0116885 2 
17 25 4 0 0.001 0.0134123 1 
18 25 4 0 0.042 0.0121884 1 
19 25 4 0.00115079 0.025 0.00964636 3 
20 25 4 0 0.027 0.0128607 1 
21 25 4 0 0.036 0.00885187 1 
22 25 4 0 0.028 0.0140423 1 
23 25 4 0.00814417 0.007 0.0120395 12 
24 25 4 0 0.01 0.0140526 1 
25 25 4 0 0.01 0.0107509 1 
26 25 4 0.0121113 0.023 0.013799 12 
27 25 4 0 0.031 0.00827678 1 
28 25 4 0.000438898 0.026 0.0117338 2 
29 25 4 0.00272653 0.008 0.0107396 2 
30 25 4 0.00876247 0.027 0.00943655 6 
31 25 4 0 0.043 0.0107522 1 
32 25 4 0 0.021 0.00930122 1 
0 25 5 0 0.037 0.0120564 1 
1 25 5 0 0.04 0.0105843 1 
2 25 5 0 0.049 0.0121528 1 
3 25 5 0 0.037 0.0139799 1 
4 25 5 0 0.038 0.0102474 1 
5 25 5 0 0.033 0.0134125 1 
6 25 5 0.00272309 0.046 0.0107369 1 
7 25 5 0.0134665 0.012 0.0101505 12 
8 25 5 0.00402033 0.026 0.0148853 1 
9 25 5 0 0.026 0.0128828 1 
10 25 5 0 0.029 0.0156034 1 
11 25 5 0 0.029 0.0124905 1 
12 25 5 0 0.006 0.00852845 1 
13 25 5 0 0.001 0.0116842 1 
14 25 5 0 0.029 0.0118588 1 
15 25 5 0 0.008 0.0115441 1 
16 25 5 2.67686e-05 0.015 0.0141359 2 
17 25 5 0.0472242 0.002 0.00881189 72 
18 25 5 0 0.037 0.0109954 1 
19 25 5 0.00253305 0.027 0.0100221 6 
20 25 5 0 0.033 0.0118802 1 
21 25 5 0.00328718 0.009 0.01308 2 
22 25 5 0 0.004 0.0103463 1 
23 25 5 0.00507285 0.009 0.00970429 12 
24 25 5 0 0.016 0.0105222 1 
25 25 5 4.16765e-05 0.003 0.0113555 2 
26 25 5 0 0.014 0.010172 1 
27 25 5 0 0.002 0.0111498 1 
28 25 5 0.000277537 0.002 0.0111687 2 
29 25 5 0.00241545 0.014 0.0107311 3 
30 25 5 0.0012564 0.003 0.0125337 2 
31 25 5 0 0.028 0.0123834 1 
32 25 5 0 0.04 0.0127713 1 
0 25 6 0 0.016 0.00884119 1 
1 25 6 0 0.038 0.00926048 1 
2 25 6 0 0.031 0.00939544 1 
3 25 6 0 0.021 0.0116725 1 
4 25 6 0 0.004 0.0130671 1 
5 25 6 0 0.01 0.0117191 1 
6 25 6 0.00308265 0.021 0.00971628 1 
7 25 6 0.00211146 0.018 0.0113353 4 
8 25 6 0.0044461 0.033 0.0146327 1 
9 25 6 0 0.037 0.0110623 1 
10 25 6 0.000110839 0.015 0.0111347 2 
11 25 6 0.000152285 0.033 0.0118989 2 
12 25 6 0.00103105 0.042 0.0110725 2 
13 25 6 0 0.016 0.0125246 1 
14 25 6 0 0.032 0.0111163 1 
15 25 6 0 0.033 0.0121285 1 
16 25 6 4.35301e-05 0.016 0.0130907 2 
17 25 6 0 0.012 0.0101438 1 
18 25 6 0 0.048 0.0107956 1 
19 25 6 0 0.003 0.012517 1 
20 25 6 0 0.015 0.0107609 1 
21 25 6 0 0.028 0.00954209 1 
22 25 6 0.000893877 0.003 0.0107465 2 
23 25 6 0.000364078 0.026 0.0131635 2 
24 25 6 0 0.003 0.0116658 1 
25 25 6 0.00828948 0.014 0.0112014 10 
26 25 6 3.36506e-05 0.001 0.00801783 2 
27 25 6 0.00104624 0.04 0.0113966 2 
28 25 6 3.67709e-05 0.013 0.012676 2 
29 25 6 0 0.037 0.0126598 1 
30 25 6 0 0.021 0.0130472 1 
31 25 6 0 0.022 0.0115776 1 
32 25 6 0 0.041 0.0125067 1 
0 25 7 0.000732923 0.034 0.00942827 2 
1 25 7 0 0.017 0.0114467 1 
2 25 7 0 0.049 0.0124972 1 
3 25 7 0.00087329 0.01 0.0137943 2 
4 25 7 0.000274279 0.039 0.010916 2 
5 25 7 0.00353377 0.016 0.0264495 1 
6 25 7 0.00240762 0.037 0.0118097 1 
7 25 7 1.26663e-05 0.006 0.0100152 2 
8 25 7 0 0.008 0.0128135 1 
9 25 7 0.00209143 0.024 0.00994419 3 
10 25 7 0.00574357 0.042 0.0151348 1 
11 25 7 0.00207789 0.035 0.0138482 2 
12 25 7 0.0193874 0.021 0.00956962 18 
13 25 7 0 0.008 0.013084 1 
14 25 7 0 0.016 0.0131417 1 
15 25 7 0 0.02 0.0121875 1 
16 25 7 2.69299e-05 0.004 0.0110872 2 
17 25 7 0.0588726 0.001 0.0134846 86 
18 25 7 0 0.023 0.00993283 1 
19 25 7 0.000567697 0.023 0.0111748 4 
20 25 7 0.000595706 0.002 0.0113284 2 
21 25 7 0 0.008 0.0111237 1 
22 25 7 0 0.027 0.0106904 1 
23 25 7 0 0.031 0.0113027 1 
24 25 7 3.24884e-05 0.026 0.0112032 2 
25 25 7 0.00368092 0.027 0.011297 5 
26 25 7 0.00167538 0.039 0.00998619 3 
27 25 7 0.0257177 0.001 0.0117014 45 
28 25 7 0 0.005 0.0120707 1 
29 25 7 0 0.024 0.0133319 1 
30 25 7 0.00801349 0.018 0.0110833 7 
31 25 7 0 0.048 0.0104741 1 
32 25 7 0.00204654 0.032 0.010938 2 
0 25 8 0.0447936 0.004 0.0118694 42 
1 25 8 0 0.034 0.0110211 1 
2 25 8 0.00136348 0.014 0.00966507 1 
3 25 8 0 0.014 0.0110062 1 
4 25 8 0 0.023 0.00919404 1 
5 25 8 0.00404059 0.049 0.0126878 2 
6 25 8 0.00274293 0.018 0.00921558 1 
7 25 8 0.0133014 0.035 0.0114754 10 
8 25 8 0.00520981 0.011 0.0230551 1 
9 25 8 0 0.037 0.0115373 1 
10 25 8 6.67805e-05 0.034 0.010196 2 
11 25 8 0 0.003 0.0111685 1 
12 25 8 0 0.011 0.0120524 1 
13 25 8 0.00062849 0.015 0.00768284 2 
14 25 8 0.0165749 0.008 0.0108028 35 
15 25 8 0 0.005 0.0138395 1 
16 25 8 0 0.008 0.0128972 1 
17 25 8 0 0.014 0.0102078 1 
18 25 8 0 0.014 0.0102137 1 
19 25 8 0 0.006 0.0114906 1 
20 25 8 0.00176392 0.025 0.0116828 4 
21 25 8 0.00314093 0.011 0.0119929 1 
22 25 8 0.000842973 0.017 0.00959727 3 
23 25 8 0.000715047 0.045 0.00962047 2 
24 25 8 0 0.042 0.0101624 1 
25 25 8 0 0.008 0.0106029 1 
26 25 8 0.00165709 0.02 0.00998863 2 
27 25 8 0 0.009 0.00806323 1 
28 25 8 0 0.023 0.0108591 1 
29 25 8 0 0.028 0.0117318 1 
30 25 8 0 0.044 0.0140909 1 
31 25 8 0.00103643 0.035 0.0106968 3 
32 25 8 0.0128732 0.008 0.0110721 23 
0 25 9 0.00966578 0.013 0.0100146 6 
1 25 9 0 0.023 0.00876653 1 
2 25 9 0 0.011 0.0125793 1 
3 25 9 0 0.039 0.010731 1 
4 25 9 0 0.009 0.0126011 1 
5 25 9 0.0042034 0.002 0.0232015 1 
6 25 9 0.00204752 0.004 0.0106453 1 
7 25 9 0 0.008 0.0120633 1 
8 25 9 0.00554406 0.018 0.0165218 1 
9 25 9 0 0.019 0.0105882 1 
10 25 9 0 0.042 0.0130698 1 
11 25 9 0.000678542 0.012 0.0129684 1 
12 25 9 0.0234749 0.005 0.0122482 27 
13 25 9 0 0.033 0.010187 1 
14 25 9 0.00832866 0.019 0.00990369 11 
15 25 9 0 0.024 0.011167 1 
16 25 9 0 0.023 0.0138892 1 
17 25 9 0.0162457 0.013 0.0108978 24 
18 25 9 0 0.016 0.00524074 1 
19 25 9 0.000239902 0.001 0.0113712 3 
20 25 9 0.00067609 0.029 0.00964737 3 
21 25 9 0 0.023 0.0104396 1 
22 25 9 0 0.028 0.0100094 1 
23 25 9 0 0.033 0.0119408 1 
24 25 9 0 0.01 0.0116094 1 
25 25 9 0 0.041 0.0140515 1 
26 25 9 0 0.046 0.00939165 1 
27 25 9 0 0.03 0.00960322 1 
28 25 9 0 0.025 0.0122836 1 
29 25 9 0 0.049 0.0120013 1 
30 25 9 0.0241002 0.012 0.0141154 26 
31 25 9 0 0.035 0.0111053 1 
32 25 9 0 0.028 0.0109583 1 
0 25 10 0.00147233 0.023 0.0096455 3 
1 25 10 0.00268679 0.004 0.0097159 2 
2 25 10 0 0.018 0.0101942 1 
3 25 10 0.0155225 0.007 0.00834556 27 
4 25 10 0.00536869 0.024 0.0216447 1 
5 25 10 0 0.046 0.0114225 1 
6 25 10 0.00137971 0.008 0.0137142 2 
7 25 10 0 0.047 0.0122463 1 
8 25 10 0.00597899 0.007 0.0176145 1 
9 25 10 0 0.043 0.011562 1 
10 25 10 0 0.021 0.00791997 1 
11 25 10 3.03202e-05 0.023 0.0121922 2 
12 25 10 0 0.04 0.00953169 1 
13 25 10 0 0.012 0.0107769 1 
14 25 10 0 0.029 0.00994341 1 
15 25 10 0 0.022 0.0119949 1 
16 25 10 0 0.043 0.0135688 1 
17 25 10 0 0.03 0.0125077 1 
18 25 10 0 0.018 0.0105836 1 
19 25 10 0.0144239 0.014 0.0116606 20 
20 25 10 0.00304039 0.037 0.00854393 6 
21 25 10 0 0.011 0.0114697 1 
22 25 10 0 0.019 0.00977157 1 
23 25 10 8.89957e-07 0.013 0.0107317 2 
24 25 10 3.71372e-05 0.014 0.0114023 2 
25 25 10 0.011121 0.014 0.0107752 12 
26 25 10 0 0.042 0.0116349 1 
27 25 10 0 0.009 0.0131993 1 
28 25 10 3.71372e-05 0.045 0.0123561 2 
29 25 10 2.35031e-05 0.023 0.0121364 2 
30 25 10 0.000183468 0.013 0.0104084 2 
31 25 10 0.00235465 0.035 0.0106268 4 
32 25 10 0.000276841 0.004 0.0122134 2 
0 25 11 0 0.026 0.00825321 1 
1 25 11 0 0.006 0.0110834 1 
2 25 11 0 0.037 0.0119802 1 
3 25 11 0.00822052 0.021 0.0123184 8 
4 25 11 0.000475573 0.045 0.0126259 2 
5 25 11 0 0.007 0.0112105 1 
6 25 11 0 0.014 0.0100408 1 
7 25 11 0.0034021 0.033 0.0156832 7 
8 25 11 0 0.015 0.0101723 1 
9 25 11 7.36653e-05 0.001 0.0120473 2 
10 25 11 0.006254 0.039 0.0112997 5 
11 25 11 0 0.041 0.0162183 1 
12 25 11 0.00654296 0.003 0.0132569 7 
13 25 11 0.0059259 0.043 0.0106564 4 
14 25 11 0.0346188 0.005 0.0114584 45 
15 25 11 4.82146e-05 0.01 0.0125476 2 
16 25 11 0 0.026 0.0159902 1 
17 25 11 0 0.032 0.00976801 1 
18 25 11 0 0.03 0.0100118 1 
19 25 11 0 0.043 0.00938833 1 
20 25 11 0.00223044 0.032 0.0118498 9 
21 25 11 0.00209165 0.019 0.0169633 1 
22 25 11 0.00112261 0.045 0.0107645 2 
23 25 11 0 0.048 0.0103477 1 
24 25 11 5.56366e-05 0.011 0.0122414 2 
25 25 11 0.0106501 0.018 0.0118882 11 
26 25 11 0 0.033 0.0106726 1 
27 25 11 0 0.021 0.0105112 1 
28 25 11 0.000530955 0.019 0.0145895 3 
29 25 11 0.000558302 0.028 0.0153004 3 
30 25 11 0.013094 0.008 0.0128067 17 
31 25 11 0.00220974 0.044 0.00942723 4 
32 25 11 0.00250655 0.048 0.0114185 3 
0 25 12 0.0148975 0.025 0.0103948 8 
1 25 12 0 0.023 0.0107241 1 
2 25 12 0 0.011 0.0102447 1 
3 25 12 0.000799821 0.003 0.0135969 3 
4 25 12 0 0.004 0.00999822 1 
5 25 12 0 0.004 0.0144482 1 
6 25 12 0 0.036 0.0145311 1 
7 25 12 0.00229618 0.045 0.00980552 6 
8 25 12 2.80873e-05 0.04 0.00796037 2 
9 25 12 0.0137088 0.015 0.0104863 14 
10 25 12 2.35267e-07 0.007 0.0115456 2 
11 25 12 0 0.005 0.00923774 1 
12 25 12 0.00224008 0.001 0.0114525 5 
13 25 12 0 0.012 0.0104047 1 
14 25 12 0 0.016 0.0117008 1 
15 25 12 4.4042e-05 0.016 0.0107513 2 
16 25 12 4.4042e-05 0.014 0.00864076 2 
17 25 12 0.0198544 0.001 0.0134867 26 
18 25 12 0 0.024 0.0136886 1 
19 25 12 0.0381016 0.002 0.00716562 36 
20 25 12 0.0222615 0.01 0.0108628 26 
21 25 12 0.00242788 0.021 0.0133998 1 
22 25 12 0 0.009 0.00974317 1 
23 25 12 0 0.022 0.00968466 1 
24 25 12 0 0.043 0.0116454 1 
25 25 12 0.00655755 0.017 0.0112873 13 
26 25 12 0.00937571 0.033 0.0101058 8 
27 25 12 0 0.015 0.0114572 1 
28 25 12 0 0.027 0.0119041 1 
29 25 12 0 0.002 0.0106012 1 
30 25 12 0.0132767 0.021 0.0104321 18 
31 25 12 0.0027457 0.029 0.0150084 1 
32 25 12 0 0.009 0.00995375 1 
0 25 13 0.0038035 0.003 0.00875713 11 
1 25 13 0 0.047 0.0128262 1 
2 25 13 0 0.026 0.0105965 1 
3 25 13 0.000196139 0.001 0.0115531 2 
4 25 13 0 0.043 0.0098377 1 
5 25 13 0.00577988 0.013 0.0222127 1 
6 25 13 5.52044e-05 0.032 0.0111843 2 
7 25 13 0.00287154 0.039 0.0118262 3 
8 25 13 0 0.046 0.00652893 1 
9 25 13 0 0.046 0.0100333 1 
10 25 13 0 0.042 0.0106242 1 
11 25 13 0.000478643 0.006 0.01054 3 
12 25 13 0 0.033 0.0107109 1 
13 25 13 0 0.049 0.0108979 1 
14 25 13 0.000296381 0.013 0.0119992 3 
15 25 13 2.72553e-05 0.042 0.0156269 2 
16 25 13 2.72553e-05 0.03 0.012544 2 
17 25 13 0.00292454 0.014 0.00979987 14 
18 25 13 0 0.017 0.0130011 1 
19 25 13 0.00143044 0.036 0.0111431 3 
20 25 13 0.0019771 0.011 0.0122046 7 
21 25 13 0.00105199 0.043 0.0113204 3 
22 25 13 0 0.049 0.0149502 1 
23 25 13 0 0.038 0.010765 1 
24 25 13 0 0.012 0.00725213 1 
25 25 13 0 0.032 0.0105606 1 
26 25 13 0.00118891 0.031 0.00987083 3 
27 25 13 0 0.008 0.00972532 1 
28 25 13 0 0.013 0.00976064 1 
29 25 13 4.40248e-05 0.031 0.0104117 2 
30 25 13 0.0251342 0.01 0.0116867 27 
31 25 13 0 0.039 0.0114283 1 
32 25 13 0.00728685 0.017 0.00911706 15 
0 25 14 0 0.041 0.0118067 1 
1 25 14 0.00117491 0.007 0.00912446 2 
2 25 14 3.06023e-05 0.033 0.0121197 2 
3 25 14 0 0.046 0.00998456 1 
4 25 14 0.00468045 0.021 0.0233524 1 
5 25 14 0 0.02 0.0112228 1 
6 25 14 9.97584e-06 0.041 0.0113887 2 
7 25 14 0 0.047 0.0131253 1 
8 25 14 0.000712286 0.033 0.0097403 2 
9 25 14 0.00170589 0.031 0.00730793 2 
10 25 14 3.21827e-07 0.022 0.0125114 2 
11 25 14 0.000519658 0.01 0.0108737 3 
12 25 14 0 0.019 0.0116426 1 
13 25 14 0 0.014 0.0112844 1 
14 25 14 0.00385806 0.021 0.0123275 9 
15 25 14 4.43533e-05 0.031 0.0115113 2 
16 25 14 0 0.035 0.0101115 1 
17 25 14 4.86693e-05 0.005 0.0101079 2 
18 25 14 3.74778e-05 0.027 0.0118122 2 
19 25 14 0 0.039 0.0119282 1 
20 25 14 4.76242e-06 0.01 0.00980036 2 
21 25 14 0.00128919 0.029 0.0119873 3 
22 25 14 0.00402619 0.016 0.00915134 5 
23 25 14 2.1912e-05 0.016 0.0097642 2 
24 25 14 0 0.005 0.0103164 1 
25 25 14 0 0.046 0.0118183 1 
26 25 14 0 0.008 0.0123373 1 
27 25 14 0 0.016 0.0105224 1 
28 25 14 0 0.007 0.01024 1 
29 25 14 2.37268e-05 0.03 0.0148033 2 
30 25 14 0 0.031 0.0129841 1 
31 25 14 4.2536e-06 0.001 0.0100186 2 
32 25 14 0.0059526 0.003 0.00881661 6 
0 25 15 0.00237175 0.017 0.0112774 6 
1 25 15 0 0.031 0.00936741 1 
2 25 15 0 0.003 0.008319 1 
3 25 15 0.00617589 0.025 0.00940271 6 
4 25 15 1.91216e-05 0.029 0.0118132 2 
5 25 15 0 0.02 0.0120655 1 
6 25 15 5.5679e-05 0.039 0.0117627 2 
7 25 15 0.0118176 0.026 0.0105671 13 
8 25 15 0 0.011 0.0133682 1 
9 25 15 0 0.033 0.0119204 1 
10 25 15 0 0.032 0.0109444 1 
11 25 15 0.000285981 0.009 0.0111562 2 
12 25 15 0 0.009 0.0102571 1 
13 25 15 0.0360489 0.007 0.0124453 44 
14 25 15 0 0.035 0.0114019 1 
15 25 15 2.74171e-05 0.048 0.0131628 2 
16 25 15 0 0.003 0.0122253 1 
17 25 15 0 0.004 0.0119624 1 
18 25 15 3.30695e-05 0.011 0.0115566 2 
19 25 15 0 0.036 0.0103041 1 
20 25 15 0 0.037 0.00938674 1 
21 25 15 0.00103606 0.006 0.00933074 3 
22 25 15 0.00272814 0.001 0.0133126 4 
23 25 15 0 0.015 0.0137237 1 
24 25 15 0 0.003 0.0154433 1 
25 25 15 0.0253887 0.007 0.0114632 26 
26 25 15 0.000134947 0.02 0.00976706 2 
27 25 15 0 0.018 0.011116 1 
28 25 15 0 0.034 0.0118046 1 
29 25 15 0 0.007 0.0128117 1 
30 25 15 0 0.018 0.0129764 1 
31 25 15 0 0.034 0.0114567 1 
32 25 15 0.00423176 0.011 0.0084651 9 
0 25 16 0 0.039 0.0119634 1 
1 25 16 0 0.001 0.012494 1 
2 25 16 0 0.045 0.0136026 1 
3 25 16 0.00110622 0.003 0.0115485 2 
4 25 16 0 0.03 0.0110121 1 
5 25 16 0.00307279 0.02 0.0109171 4 
6 25 16 0 0.01 0.0145738 1 
7 25 16 0 0.016 0.0123712 1 
8 25 16 0 0.021 0.00990664 1 
9 25 16 0.00163721 0.006 0.00957103 4 
10 25 16 0 0.022 0.0138151 1 
11 25 16 0.000313463 0.003 0.0101051 2 
12 25 16 0 0.003 0.0132558 1 
13 25 16 0.00859774 0.03 0.0147943 10 
14 25 16 0 0.038 0.0139732 1 
15 25 16 2.4291e-05 0.047 0.0127969 2 
16 25 16 0 0.033 0.0112407 1 
17 25 16 0 0.033 0.0108815 1 
18 25 16 1.92676e-05 0.028 0.0104874 2 
19 25 16 0.00400481 0.011 0.013527 10 
20 25 16 0 0.006 0.0104188 1 
21 25 16 0.000908713 0.049 0.0107908 3 
22 25 16 0 0.025 0.0103439 1 
23 25 16 0 0.01 0.0110868 1 
24 25 16 0 0.037 0.0127519 1 
25 25 16 0.00272279 0.017 0.00841614 6 
26 25 16 0 0.036 0.0160179 1 
27 25 16 0.0630199 0.003 0.00955191 70 
28 25 16 0 0.021 0.0102374 1 
29 25 16 9.22094e-06 0.013 0.0120567 2 
30 25 16 0.0356056 0.002 0.00918933 57 
31 25 16 4.39324e-05 0.005 0.0121861 2 
32 25 16 0 0.027 0.00944848 1 
0 25 17 0 0.02 0.012309 1 
1 25 17 0 0.006 0.0103191 1 
2 25 17 0 0.02 0.014743 1 
3 25 17 0 0.034 0.0136152 1 
4 25 17 0 0.026 0.0118798 1 
5 25 17 0.00395605 0.001 0.0321589 1 
6 25 17 0 0.009 0.0130286 1 
7 25 17 0 0.011 0.0133816 1 
8 25 17 0.00576385 0.048 0.0112609 6 
9 25 17 0 0.036 0.0100604 1 
10 25 17 0.00617448 0.014 0.0205188 1 
11 25 17 0 0.003 0.0097321 1 
12 25 17 0 0.003 0.00997086 1 
13 25 17 0.00507367 0.021 0.0104584 14 
14 25 17 0.0313012 0.003 0.0104045 60 
15 25 17 2.74488e-05 0.032 0.0134098 2 
16 25 17 2.74488e-05 0.033 0.0145236 2 
17 25 17 0 0.041 0.0129011 1 
18 25 17 0 0.047 0.0101481 1 
19 25 17 0.000921417 0.013 0.0119959 4 
20 25 17 6.11077e-05 0.022 0.0109078 2 
21 25 17 0 0.024 0.0101011 1 
22 25 17 0 0.01 0.0106898 1 
23 25 17 0.000465113 0.017 0.0101466 3 
24 25 17 0 0.001 0.0134979 1 
25 25 17 0 0.021 0.00956971 1 
26 25 17 0.0205648 0.004 0.0107375 31 
27 25 17 9.88005e-05 0.021 0.00616616 2 
28 25 17 0 0.035 0.012669 1 
29 25 17 0.00676391 0.033 0.0120447 4 
30 25 17 4.07914e-05 0.008 0.0144928 2 
31 25 17 5.83938e-05 0.008 0.0112375 2 
32 25 17 0 0.004 0.0101393 1 
0 25 18 0 0.009 0.0102049 1 
1 25 18 0 0.005 0.0110676 1 
2 25 18 0.000543853 0.011 0.0167176 3 
3 25 18 0.0093091 0.002 0.0100314 18 
4 25 18 5.68075e-05 0.032 0.010457 2 
5 25 18 0 0.003 0.0115399 1 
6 25 18 0 0.034 0.013632 1 
7 25 18 0.00605255 0.027 0.010213 10 
8 25 18 0.00340681 0.044 0.0205926 1 
9 25 18 0.0162469 0.012 0.01257 24 
10 25 18 0.000721397 0.046 0.0112183 2 
11 25 18 0 0.016 0.0134046 1 
12 25 18 0.0195222 0.005 0.0122616 25 
13 25 18 0.00878108 0.022 0.0123705 3 
14 25 18 0 0.004 0.0125878 1 
15 25 18 0 0.048 0.0151993 1 
16 25 18 0 0.034 0.0129046 1 
17 25 18 0.000153381 0.002 0.00865653 2 
18 25 18 0 0.046 0.0128916 1 
19 25 18 0.00289087 0.023 0.0111245 4 
20 25 18 0 0.011 0.0118769 1 
21 25 18 0.00243366 0.019 0.0138774 2 
22 25 18 0.0102161 0.015 0.00911847 16 
23 25 18 0.025275 0.005 0.0140815 21 
24 25 18 0 0.023 0.00973785 1 
25 25 18 0 0.002 0.0123853 1 
26 25 18 0 0.03 0.0105196 1 
27 25 18 0 0.014 0.0100473 1 
28 25 18 0.000523125 0.048 0.0125097 3 
29 25 18 0.00131809 0.001 0.0116729 4 
30 25 18 0.000645103 0.001 0.0111638 2 
31 25 18 0 0.021 0.0137553 1 
32 25 18 0.00777646 0.016 0.00980686 4 
0 25 19 0 0.025 0.0113544 1 
1 25 19 0 0.023 0.0117537 1 
2 25 19 0.000402232 0.048 0.0119761 3 
3 25 19 0 0.005 0.0104659 1 
4 25 19 0.00648095 0.029 0.0295526 1 
5 25 19 0.00117175 0.019 0.0106245 2 
6 25 19 5.56394e-05 0.004 0.0105323 2 
7 25 19 0.00199676 0.043 0.0119571 4 
8 25 19 0 0.028 0.0125304 1 
9 25 19 0.0024402 0.035 0.00876809 3 
10 25 19 0 0.021 0.00934078 1 
11 25 19 9.89065e-05 0.021 0.00830309 2 
12 25 19 0.00418185 0.025 0.00839656 4 
13 25 19 0 0.026 0.0117128 1 
14 25 19 0.00245017 0.022 0.0114722 2 
15 25 19 0 0.009 0.0114366 1 
16 25 19 0 0.022 0.0139296 1 
17 25 19 0.0017392 0.004 0.00862533 3 
18 25 19 0 0.042 0.0117237 1 
19 25 19 0.0263016 0.007 0.0116497 23 
20 25 19 0.000476395 0.026 0.00999775 2 
21 25 19 0 0.027 0.0109639 1 
22 25 19 0 0.045 0.0112392 1 
23 25 19 0.0062025 0.027 0.00901309 7 
24 25 19 3.31536e-05 0.029 0.0145438 2 
25 25 19 0.0159192 0.01 0.0119936 18 
26 25 19 0.0215858 0.011 0.0111386 20 
27 25 19 0 0.018 0.0112325 1 
28 25 19 4.09022e-05 0.026 0.0104739 2 
29 25 19 0 0.007 0.00980517 1 
30 25 19 0 0.002 0.0119335 1 
31 25 19 0 0.032 0.0112687 1 
32 25 19 0.000101524 0.004 0.0121253 2 
0 25 20 0.0293897 0.007 0.0136324 39 
1 25 20 0.0172324 0.009 0.0110257 21 
2 25 20 0 0.035 0.00940797 1 
3 25 20 0 0.007 0.0101249 1 
4 25 20 0.000627307 0.049 0.00988135 2 
5 25 20 0 0.032 0.0119711 1 
6 25 20 0 0.036 0.0139436 2 
7 25 20 0.00230868 0.016 0.012492 5 
8 25 20 0 0.049 0.00814246 1 
9 25 20 0 0.047 0.00875865 1 
10 25 20 0.00492957 0.017 0.0194542 1 
11 25 20 1.43568e-05 0.012 0.0099572 2 
12 25 20 0.0113921 0.015 0.00983907 12 
13 25 20 0.0124901 0.003 0.00972431 21 
14 25 20 0 0.034 0.0131468 1 
15 25 20 0 0.002 0.00995622 1 
16 25 20 2.43437e-05 0.01 0.0121506 2 
17 25 20 0 0.006 0.0138941 1 
18 25 20 1.93503e-05 0.02 0.0132533 2 
19 25 20 0.0018335 0.032 0.0107562 4 
20 25 20 0 0.046 0.0112354 1 
21 25 20 0.0020747 0.005 0.00988351 1 
22 25 20 0 0.03 0.01305 1 
23 25 20 0 0.049 0.00912154 1 
24 25 20 0 0.023 0.00735719 1 
25 25 20 0 0.009 0.0127808 1 
26 25 20 0 0.02 0.0117859 1 
27 25 20 0 0.015 0.0123422 1 
28 25 20 1.93503e-05 0.001 0.0120227 2 
29 25 20 0 0.026 0.0154337 1 
30 25 20 0 0.044 0.0125693 1 
31 25 20 0 0.024 0.0119969 1 
32 25 20 0 0.031 0.0160849 1 
0 25 21 0.00179822 0.013 0.0109798 8 
1 25 21 0 0.039 0.00981835 1 
2 25 21 0.000558981 0.01 0.0122181 3 
3 25 21 0.0519174 0.001 0.00906835 49 
4 25 21 0.000278361 0.041 0.00923851 2 
5 25 21 0.000562731 0.043 0.0123886 2 
6 25 21 5.55933e-05 0.036 0.0113294 2 
7 25 21 0 0.038 0.0118563 1 
8 25 21 0.00332686 0.026 0.019972 1 
9 25 21 0.00609608 0.033 0.0112748 8 
10 25 21 0 0.026 0.0104129 1 
11 25 21 0.0015409 0.004 0.0140262 4 
12 25 21 0.00776168 0.007 0.0119207 17 
13 25 21 0.0133136 0.009 0.0127827 14 
14 25 21 0 0.009 0.0103972 1 
15 25 21 0 0.021 0.014628 1 
16 25 21 0 0.017 0.0121516 1 
17 25 21 0 0.049 0.0134892 1 
18 25 21 0 0.032 0.0130776 1 
19 25 21 0.0176856 0.002 0.0100347 16 
20 25 21 0 0.01 0.0111299 1 
21 25 21 0.00137655 0.048 0.0105557 1 
22 25 21 0 0.009 0.0127028 1 
23 25 21 1.03073e-05 0.036 0.00990474 2 
24 25 21 0 0.003 0.0110425 1 
25 25 21 0 0.009 0.0126544 1 
26 25 21 0 0.03 0.0078821 1 
27 25 21 0.00603084 0.041 0.0104336 5 
28 25 21 0 0.034 0.0126011 1 
29 25 21 0 0.011 0.0128318 1 
30 25 21 0 0.041 0.0137781 1 
31 25 21 0 0.029 0.00877489 1 
32 25 21 0 0.022 0.0105844 1 
0 25 22 0 0.011 0.0109684 1 
1 25 22 0.0211657 0.005 0.00924577 25 
2 25 22 0 0.029 0.0143315 1 
3 25 22 0 0.045 0.0114176 1 
4 25 22 0.00113198 0.023 0.0130216 2 
5 25 22 0.00564775 0.028 0.025617 1 
6 25 22 0 0.01 0.0168793 2 
7 25 22 0 0.036 0.0140291 1 
8 25 22 0 0.026 0.0143531 1 
9 25 22 0.000449559 0.004 0.0125713 2 
10 25 22 0 0.023 0.00876376 1 
11 25 22 0.000969681 0.015 0.0123646 3 
12 25 22 0 0.033 0.0112907 2 
13 25 22 0 0.017 0.00830528 1 
14 25 22 0 0.028 0.0131835 1 
15 25 22 0 0.022 0.0139825 1 
16 25 22 0 0.008 0.0103126 1 
17 25 22 0 0.007 0.0089915 1 
18 25 22 0 0.024 0.0169375 1 
19 25 22 0 0.033 0.012591 1 
20 25 22 0.00373865 0.039 0.0117229 7 
21 25 22 0.000684946 0.021 0.0110187 1 
22 25 22 0.00811818 0.009 0.0131621 12 
23 25 22 0.00411672 0.041 0.0111367 5 
24 25 22 0 0.024 0.0119236 1 
25 25 22 0.00712493 0.018 0.0128865 13 
26 25 22 0 0.035 0.0125046 1 
27 25 22 0.0197378 0.012 0.0115541 22 
28 25 22 1.93892e-05 0.018 0.0133306 2 
29 25 22 0 0.021 0.0118219 1 
30 25 22 0 0.032 0.0137656 1 
31 25 22 0 0.003 0.0132915 1 
32 25 22 0.00960802 0.002 0.012024 18 
0 25 23 0.029068 0.01 0.0111769 29 
1 25 23 0.00835738 0.028 0.0119106 12 
2 25 23 0 0.019 0.00896488 1 
3 25 23 0 0.017 0.0112743 1 
4 25 23 0.000279631 0.024 0.0108074 2 
5 25 23 0 0.049 0.0116286 1 
6 25 23 0 0.025 0.0134735 1 
7 25 23 0.00023701 0.043 0.0115721 2 
8 25 23 0 0.036 0.0126695 1 
9 25 23 0.00104895 0.03 0.0129132 2 
10 25 23 0 0.044 0.0134726 1 
11 25 23 0.000559727 0.021 0.0119253 3 
12 25 23 0.00363172 0.037 0.00979347 10 
13 25 23 3.83828e-06 0.017 0.0125837 2 
14 25 23 0 0.006 0.0157035 1 
15 25 23 0 0.032 0.0118002 1 
16 25 23 0 0.027 0.0120923 1 
17 25 23 0.018103 0.006 0.0133694 31 
18 25 23 0 0.044 0.0124714 1 
19 25 23 0 0.047 0.00864966 1 
20 25 23 0.00103871 0.041 0.00938703 5 
21 25 23 0 0.009 0.0119343 1 
22 25 23 0 0.025 0.0127136 1 
23 25 23 0.0242735 0.002 0.00925991 25 
24 25 23 0 0.023 0.0114139 1 
25 25 23 0 0.005 0.0088021 1 
26 25 23 0.000127091 0.027 0.0144071 3 
27 25 23 0 0.003 0.0115589 1 
28 25 23 0 0.034 0.0133522 1 
29 25 23 0 0.002 0.0138572 1 
30 25 23 0.000737092 0.036 0.0122069 2 
31 25 23 0 0.031 0.0135216 1 
32 25 23 0.00213308 0.048 0.0127832 4 
0 25 24 0 0.005 0.0112042 1 
1 25 24 0 0.032 0.0139874 1 
2 25 24 0 0.006 0.0126196 1 
3 25 24 0.00786801 0.008 0.010654 22 
4 25 24 0 0.026 0.0120157 1 
5 25 24 0 0.024 0.0130214 1 
6 25 24 0 0.033 0.010434 1 
7 25 24 0 0.011 0.0131279 1 
8 25 24 0 0.045 0.0137166 1 
9 25 24 0.000327043 0.009 0.0113391 2 
10 25 24 0 0.026 0.0108177 1 
11 25 24 0 0.029 0.0112846 1 
12 25 24 0.00774376 0.001 0.00919734 18 
13 25 24 0 0.042 0.0106172 1 
14 25 24 0.00813691 0.015 0.0104936 21 
15 25 24 0 0.042 0.0134047 1 
16 25 24 0 0.039 0.0121483 1 
17 25 24 0 0.046 0.0119472 1 
18 25 24 0.000491699 0.014 0.0133153 3 
19 25 24 0.00862237 0.019 0.0119102 13 
20 25 24 0.0176782 0.007 0.0097101 34 
21 25 24 0 0.014 0.0107977 1 
22 25 24 0.0228215 0.01 0.0111084 34 
23 25 24 0.000451073 0.021 0.0116096 2 
24 25 24 0 0.018 0.011699 1 
25 25 24 0 0.039 0.0094594 1 
26 25 24 0 0.041 0.011313 1 
27 25 24 0 0.017 0.0118744 1 
28 25 24 0 0.034 0.0108885 1 
29 25 24 0.000159437 0.008 0.0116605 2 
30 25 24 0.00607757 0.018 0.012539 10 
31 25 24 0 0.027 0.0124123 1 
32 25 24 0 0.017 0.0126632 1 
0 25 25 0 0.048 0.00975549 1 
1 25 25 0 0.034 0.0116202 1 
2 25 25 0 0.048 0.0127681 1 
3 25 25 0.0235754 0.006 0.0119798 38 
4 25 25 0 0.038 0.01205 1 
5 25 25 0 0.033 0.0142781 1 
6 25 25 0 0.023 0.0146284 1 
7 25 25 0.0230169 0.006 0.0114103 26 
8 25 25 0 0.02 0.0114678 1 
9 25 25 0 0.009 0.010686 1 
10 25 25 0.00571383 0.032 0.0105803 6 
11 25 25 0 0.039 0.0151184 1 
12 25 25 0.0147216 0.004 0.0128358 24 
13 25 25 0 0.045 0.0124457 1 
14 25 25 0.0301047 0.007 0.0120986 35 
15 25 25 0 0.047 0.0137107 1 
16 25 25 0 0.016 0.011116 1 
17 25 25 0.0254042 0.006 0.011473 27 
18 25 25 0.000520382 0.014 0.0112753 3 
19 25 25 0.0242134 0.006 0.0123296 23 
20 25 25 0.00191386 0.031 0.0123784 5 
21 25 25 0 0.043 0.0115926 1 
22 25 25 0.00476296 0.015 0.0105979 12 
23 25 25 0 0.011 0.00955873 1 
24 25 25 0 0.048 0.0121953 1 
25 25 25 0 0.013 0.0146423 1 
26 25 25 0 0.049 0.0109834 1 
27 25 25 0.0269088 0.004 0.0110969 51 
28 25 25 0 0.048 0.0107546 1 
29 25 25 2.35434e-05 0.033 0.0073142 2 
30 25 25 0 0.026 0.0106638 1 
31 25 25 0.000229828 0.03 0.0089245 2 
32 25 25 0 0.044 0.0115202 1 
0 25 26 0 0.045 0.0111154 1 
1 25 26 0.000465294 0.002 0.0157373 4 
2 25 26 0.000525009 0.048 0.00970387 3 
3 25 26 0.00516861 0.026 0.0125614 6 
4 25 26 0.0056756 0.029 0.0183202 1 
5 25 26 0.00496045 0.03 0.01779 1 
6 25 26 0 0.004 0.0147352 1 
7 25 26 0 0.012 0.0114976 1 
8 25 26 0 0.043 0.00913315 1 
9 25 26 0 0.048 0.01356 1 
10 25 26 0.00604387 0.048 0.0249808 1 
11 25 26 0 0.044 0.0122224 1 
12 25 26 0.00797018 0.014 0.010531 12 
13 25 26 0.00484939 0.009 0.0114507 6 
14 25 26 0 0.008 0.0101387 1 
15 25 26 0 0.039 0.0157279 1 
16 25 26 0 0.016 0.0119611 1 
17 25 26 0 0.049 0.0102282 1 
18 25 26 0 0.014 0.0101266 1 
19 25 26 0.00698851 0.014 0.0101111 12 
20 25 26 0 0.015 0.011867 1 
21 25 26 2.98723e-05 0.046 0.0118137 2 
22 25 26 0 0.002 0.0114486 1 
23 25 26 0 0.041 0.0104987 1 
24 25 26 0.000509872 0.035 0.0145788 3 
25 25 26 0.0236632 0.001 0.0130269 28 
26 25 26 2.94625e-05 0.003 0.00941421 4 
27 25 26 0 0.008 0.0103486 1 
28 25 26 1.95982e-05 0.018 0.0112835 2 
29 25 26 0.00016085 0.032 0.0123554 2 
30 25 26 0 0.041 0.0101908 1 
31 25 26 0 0.024 0.011345 1 
32 25 26 1.29259e-05 0.005 0.0115038 2 
0 25 27 0 0.04 0.0114672 1 
1 25 27 0.0014168 0.006 0.00876195 4 
2 25 27 0 0.035 0.00876164 1 
3 25 27 0.0217741 0.007 0.0112888 29 
4 25 27 0.000340804 0.028 0.0112224 2 
5 25 27 0 0.015 0.0119811 1 
6 25 27 3.13812e-05 0.022 0.0103033 2 
7 25 27 0 0.046 0.0150505 1 
8 25 27 0.00296587 0.033 0.0142092 2 
9 25 27 0.000955572 0.021 0.00985401 2 
10 25 27 0.00333787 0.012 0.00931684 3 
11 25 27 0.00164077 0.02 0.0124246 4 
12 25 27 0.00298791 0.011 0.00982074 2 
13 25 27 0 0.002 0.0110357 1 
14 25 27 0 0.049 0.0108112 1 
15 25 27 0 0.027 0.0109019 1 
16 25 27 0 0.045 0.0164333 1 
17 25 27 0.000229128 0.027 0.00931164 2 
18 25 27 0 0.033 0.0105812 1 
19 25 27 0 0.046 0.00976559 1 
20 25 27 0 0.032 0.00915553 1 
21 25 27 1.33955e-05 0.019 0.00962344 2 
22 25 27 0.000615466 0.016 0.0126236 2 
23 25 27 0.0160325 0.026 0.0121312 9 
24 25 27 0.000137624 0.041 0.0115347 2 
25 25 27 0 0.012 0.0109033 1 
26 25 27 0.00388553 0.045 0.0109341 3 
27 25 27 0.00108217 0.027 0.00907556 5 
28 25 27 1.62413e-05 0.043 0.0123729 2 
29 25 27 0 0.045 0.0107272 1 
30 25 27 0.0247845 0.008 0.0123451 31 
31 25 27 0 0.04 0.0130489 1 
32 25 27 0 0.03 0.011055 1 
0 25 28 0 0.034 0.0125395 1 
1 25 28 0 0.039 0.0112275 1 
2 25 28 0 0.011 0.0107079 1 
3 25 28 0.00380357 0.004 0.0132032 3 
4 25 28 0.0010556 0.042 0.00909858 2 
5 25 28 0.0047128 0.048 0.0116055 1 
6 25 28 0 0.006 0.0135505 2 
7 25 28 0.0117734 0.004 0.0106345 20 
8 25 28 0 0.032 0.0155255 1 
9 25 28 0.0409116 0.001 0.00927854 73 
10 25 28 0 0.044 0.0107649 1 
11 25 28 0.00175189 0.008 0.0119633 4 
12 25 28 0.00371635 0.002 0.0094505 2 
13 25 28 0.00636392 0.006 0.0101057 14 
14 25 28 0 0.032 0.0134435 1 
15 25 28 0 0.011 0.0109505 1 
16 25 28 2.48491e-05 0.011 0.00996845 2 
17 25 28 0.00554315 0.023 0.00860158 12 
18 25 28 0 0.002 0.0131132 1 
19 25 28 0 0.027 0.0115742 1 
20 25 28 0 0.046 0.0116604 1 
21 25 28 0 0.002 0.0113806 1 
22 25 28 0 0.048 0.0078464 1 
23 25 28 0.000947556 0.018 0.0131821 2 
24 25 28 1.97679e-05 0.025 0.0128595 2 
25 25 28 0 0.014 0.0143727 1 
26 25 28 0.00210376 0.021 0.0107622 7 
27 25 28 0.00233226 0.028 0.010906 2 
28 25 28 0.00162076 0.011 0.0110613 4 
29 25 28 9.6056e-06 0.02 0.0118199 2 
30 25 28 0.00498524 0.018 0.0118272 13 
31 25 28 0 0.017 0.0128167 1 
32 25 28 0 0.034 0.0131523 1 
0 25 29 0.00861813 0.029 0.00952367 7 
1 25 29 0.000197614 0.022 0.0123485 2 
2 25 29 0 0.033 0.0146706 1 
3 25 29 0.0369844 0.003 0.0153831 39 
4 25 29 0.000339904 0.006 0.0114497 2 
5 25 29 0.00515723 0.009 0.022114 1 
6 25 29 0 0.002 0.0148507 1 
7 25 29 0.000559917 0.043 0.0125185 2 
8 25 29 0.00199045 0.034 0.0292628 1 
9 25 29 0 0.015 0.014226 1 
10 25 29 0 0.016 0.0123892 1 
11 25 29 0 0.047 0.0126786 1 
12 25 29 0 0.029 0.00985951 1 
13 25 29 0.00297665 0.009 0.0129731 3 
14 25 29 0 0.035 0.0123311 1 
15 25 29 0 0.045 0.011909 1 
16 25 29 0 0.039 0.0116332 1 
17 25 29 0 0.022 0.0117299 1 
18 25 29 0 0.029 0.0101844 1 
19 25 29 0.0058918 0.005 0.0103015 3 
20 25 29 0.0151336 0.036 0.00984162 5 
21 25 29 0 0.009 0.014309 1 
22 25 29 0 0.009 0.0105714 1 
23 25 29 0 0.009 0.0103889 1 
24 25 29 0 0.001 0.0122812 1 
25 25 29 0 0.035 0.010544 1 
26 25 29 0 0.003 0.0106784 1 
27 25 29 0 0.01 0.0100326 1 
28 25 29 0.00167645 0.027 0.0151292 4 
29 25 29 0.000197966 0.044 0.0131227 2 
30 25 29 0.00253737 0.034 0.010972 8 
31 25 29 0 0.008 0.00994436 1 
32 25 29 0.000711556 0.02 0.0111122 2 
0 25 30 0.049493 0.005 0.0096751 51 
1 25 30 0 0.016 0.009497 1 
2 25 30 0.000558936 0.006 0.0147411 3 
3 25 30 0 0.008 0.0120735 1 
4 25 30 0 0.031 0.00884532 1 
5 25 30 0 0.035 0.0156949 1 
6 25 30 0 0.027 0.0155819 1 
7 25 30 0 0.031 0.0123791 1 
8 25 30 0.00340112 0.005 0.0137221 3 
9 25 30 0 0.027 0.00703219 1 
10 25 30 0.000209893 0.028 0.00935489 2 
11 25 30 0.00151536 0.043 0.014467 4 
12 25 30 0 0.014 0.0112853 1 
13 25 30 0 0.007 0.0111046 1 
14 25 30 0 0.003 0.00858279 1 
15 25 30 0 0.022 0.0133843 1 
16 25 30 0 0.002 0.0129259 1 
17 25 30 1.20447e-05 0.012 0.0101366 2 
18 25 30 0 0.039 0.0150941 1 
19 25 30 0.00560652 0.025 0.0092501 5 
20 25 30 0.00118995 0.022 0.0108822 2 
21 25 30 0 0.013 0.00986722 1 
22 25 30 0 0.017 0.0124655 1 
23 25 30 0.000491189 0.013 0.00923357 2 
24 25 30 1.99142e-05 0.001 0.0144722 2 
25 25 30 0 0.045 0.0108207 1 
26 25 30 0 0.032 0.011714 1 
27 25 30 0 0.001 0.0125544 1 
28 25 30 0.000119868 0.026 0.0112118 2 
29 25 30 9.63182e-06 0.008 0.011735 2 
30 25 30 0.0015085 0.027 0.00912501 3 
31 25 30 0 0.012 0.0145114 1 
32 25 30 0 0.047 0.00932849 1 
0 25 31 0.00638402 0.026 0.0112777 9 
1 25 31 0.00767261 0.014 0.0124965 15 
2 25 31 0.000413883 0.027 0.0130021 3 
3 25 31 0.0083273 0.004 0.01147 19 
4 25 31 0.00112634 0.021 0.00932184 2 
5 25 31 0.00595026 0.041 0.0302341 1 
6 25 31 0 0.012 0.0138232 1 
7 25 31 0.00222737 0.013 0.0130919 8 
8 25 31 0.00163253 0.042 0.0171666 1 
9 25 31 0 0.005 0.0124485 1 
10 25 31 0.000342495 0.02 0.00990071 4 
11 25 31 0.00175125 0.029 0.0134524 4 
12 25 31 0.00405321 0.004 0.00989568 3 
13 25 31 5.87696e-05 0.017 0.00981396 2 
14 25 31 0.0110915 0.007 0.00868749 27 
15 25 31 0 0.025 0.0165031 1 
16 25 31 0 0.03 0.0121791 1 
17 25 31 0 0.04 0.00968405 1 
18 25 31 0 0.043 0.0134776 1 
19 25 31 0.00666273 0.008 0.0103277 7 
20 25 31 0.0031186 0.042 0.0105287 5 
21 25 31 0 0.026 0.0125023 1 
22 25 31 0 0.014 0.0139457 1 
23 25 31 9.6797e-06 0.016 0.007782 2 
24 25 31 0 0.02 0.0110697 1 
25 25 31 0 0.048 0.00947048 1 
26 25 31 0 0.027 0.0128547 1 
27 25 31 0.0151896 0.046 0.0142702 10 
28 25 31 0.000100374 0.034 0.010184 2 
29 25 31 0 0.018 0.0139433 1 
30 25 31 0 0.018 0.0123911 1 
31 25 31 0 0.001 0.014429 1 
32 25 31 0.00581792 0.001 0.00829838 4 
0 25 32 0.0122423 0.026 0.0111396 9 
1 25 32 0.00965037 0.01 0.0123482 12 
2 25 32 0 0.042 0.00834879 1 
3 25 32 0 0.041 0.010209 1 
4 25 32 0.000962882 0.045 0.0109569 2 
5 25 32 0.0064031 0.031 0.025077 1 
6 25 32 1.06799e-05 0.048 0.0119938 2 
7 25 32 0 0.011 0.0125404 1 
8 25 32 0 0.019 0.0121092 1 
9 25 32 0.000205521 0.006 0.0139045 2 
10 25 32 0 0.015 0.0121864 1 
11 25 32 0.00325922 0.032 0.0159988 5 
12 25 32 0 0.015 0.0111535 1 
13 25 32 0 0.021 0.0106215 1 
14 25 32 0.00158551 0.009 0.012395 5 
15 25 32 0 0.007 0.00859589 1 
16 25 32 0 0.025 0.0119022 1 
17 25 32 0 0.026 0.0135089 1 
18 25 32 0 0.036 0.013634 1 
19 25 32 0 0.035 0.0118972 1 
20 25 32 0.00449723 0.035 0.00869528 9 
21 25 32 0 0.027 0.0143601 1 
22 25 32 0.000279757 0.006 0.0102792 4 
23 25 32 0.000870874 0.031 0.010815 3 
24 25 32 0 0.026 0.0116894 1 
25 25 32 0 0.031 0.0113623 1 
26 25 32 0 0.006 0.0138148 1 
27 25 32 0 0.014 0.0121375 1 
28 25 32 3.90681e-05 0.002 0.0115503 2 
29 25 32 0 0.031 0.0103193 1 
30 25 32 0 0.038 0.00819332 1 
31 25 32 0 0.016 0.0114559 1 
32 25 32 0.00272782 0.012 0.00986117 6 
0 25 33 0 0.018 0.0112134 1 
1 25 33 0 0.045 0.0131375 1 
2 25 33 0.00219066 0.027 0.0125887 2 
3 25 33 0.00107373 0.034 0.0114087 2 
4 25 33 0 0.015 0.00966374 1 
5 25 33 0 0.039 0.0108659 1 
6 25 33 0 0.037 0.00906872 1 
7 25 33 0 0.032 0.0108299 1 
8 25 33 0.000987682 0.008 0.00837531 2 
9 25 33 0 0.002 0.010666 1 
10 25 33 0.000111978 0.033 0.0112235 2 
11 25 33 0 0.001 0.00995163 1 
12 25 33 0.0130583 0.001 0.0115423 16 
13 25 33 0.00301105 0.037 0.0105709 3 
14 25 33 0 0.004 0.0123002 1 
15 25 33 0 0.007 0.0141717 1 
16 25 33 0 0.04 0.00963918 1 
17 25 33 0.00218147 0.028 0.0112045 5 
18 25 33 0 0.045 0.0121936 1 
19 25 33 0 0.022 0.00914385 1 
20 25 33 0.0298439 0.003 0.00991506 34 
21 25 33 0.00107275 0.021 0.011528 3 
22 25 33 0 0.024 0.0127713 1 
23 25 33 0.0007802 0.016 0.00722007 5 
24 25 33 3.43293e-05 0.048 0.0117614 2 
25 25 33 0.00128268 0.042 0.0143749 3 
26 25 33 0.00487062 0.032 0.0117201 8 
27 25 33 0 0.008 0.0135146 1 
28 25 33 0 0.046 0.0135203 1 
29 25 33 0 0.036 0.0137339 1 
30 25 33 0.000344944 0.025 0.0107027 2 
31 25 33 0.00275318 0.042 0.0111557 5 
32 25 33 0 0.025 0.0134648 1 
0 25 34 0.000509733 0.002 0.0111959 2 
1 25 34 0 0.009 0.0102991 1 
2 25 34 1.49192e-05 0.02 0.0104706 2 
3 25 34 0 0.012 0.0106265 1 
4 25 34 6.3269e-05 0.006 0.0127489 2 
5 25 34 0 0.026 0.010435 1 
6 25 34 0 0.036 0.013114 1 
7 25 34 0.000451191 0.023 0.0123921 3 
8 25 34 0 0.01 0.0150712 1 
9 25 34 0 0.013 0.015676 1 
10 25 34 0 0.004 0.00823053 1 
11 25 34 0 0.026 0.0100091 1 
12 25 34 0 0.002 0.0117847 1 
13 25 34 0.00508122 0.015 0.00807686 7 
14 25 34 0.0105117 0.036 0.0154423 11 
15 25 34 0 0.037 0.0114158 1 
16 25 34 2.52925e-05 0.028 0.0105446 2 
17 25 34 0.00229216 0.005 0.00935299 2 
18 25 34 0 0.01 0.00900753 1 
19 25 34 0.00830697 0.026 0.0111856 9 
20 25 34 0.00116495 0.001 0.00915589 6 
21 25 34 0 0.047 0.00938211 1 
22 25 34 0.000342896 0.014 0.0110725 2 
23 25 34 0.00387605 0.007 0.0110238 6 
24 25 34 0 0.033 0.0102362 1 
25 25 34 0 0.014 0.0114205 1 
26 25 34 0 0.008 0.0148223 1 
27 25 34 0.00171566 0.019 0.00991701 3 
28 25 34 0 0.047 0.0109786 1 
29 25 34 0 0.019 0.0119152 1 
30 25 34 0 0.028 0.00864929 1 
31 25 34 0 0.025 0.00818619 1 
32 25 34 0 0.003 0.011541 1 
0 25 35 0 0.018 0.00940609 1 
1 25 35 0 0.029 0.00881942 1 
2 25 35 0.000733131 0.013 0.00803021 3 
3 25 35 3.48086e-05 0.002 0.0121029 2 
4 25 35 0 0.009 0.0096879 1 
5 25 35 0.00416943 0.04 0.0267043 1 
6 25 35 3.22205e-05 0.018 0.00936844 2 
7 25 35 0 0.049 0.0140228 1 
8 25 35 0.00206618 0.038 0.0190017 1 
9 25 35 0.00569663 0.015 0.0116791 10 
10 25 35 0 0.018 0.0130557 1 
11 25 35 0 0.017 0.0137166 1 
12 25 35 0.000889098 0.004 0.0130463 3 
13 25 35 0 0.043 0.011461 1 
14 25 35 0.00109467 0.019 0.0103578 2 
15 25 35 0 0.038 0.0103252 1 
16 25 35 0 0.038 0.0102964 1 
17 25 35 0 0.027 0.0116513 1 
18 25 35 0 0.049 0.0117694 1 
19 25 35 0.00809624 0.048 0.012382 5 
20 25 35 0 0.011 0.011743 1 
21 25 35 0 0.049 0.010196 1 
22 25 35 0 0.011 0.0136935 1 
23 25 35 0.000319513 0.046 0.0102272 2 
24 25 35 1.66018e-05 0.003 0.0118143 2 
25 25 35 2.41448e-05 0.004 0.00928592 2 
26 25 35 0 0.023 0.0118777 1 
27 25 35 0.02029 0.006 0.0102475 26 
28 25 35 1.66018e-05 0.011 0.0142427 2 
29 25 35 0.00153757 0.032 0.00969235 4 
30 25 35 0 0.002 0.0106092 1 
31 25 35 0 0.014 0.0119954 1 
32 25 35 0 0.002 0.0114981 1 
0 25 36 0.0119598 0.002 0.0109402 21 
1 25 36 0.00779243 0.045 0.0138457 7 
2 25 36 0.000383595 0.009 0.0124097 3 
3 25 36 0 0.02 0.0102928 1 
4 25 36 0 0.046 0.0145471 1 
5 25 36 0 0.046 0.0114305 1 
6 25 36 0 0.01 0.0122427 1 
7 25 36 0 0.009 0.0107772 1 
8 25 36 0 0.028 0.0121763 1 
9 25 36 0.00243999 0.021 0.00866601 2 
10 25 36 0.000377483 0.015 0.013542 2 
11 25 36 0 0.049 0.0101041 1 
12 25 36 0 0.038 0.014505 1 
13 25 36 0 0.048 0.0118074 1 
14 25 36 0 0.032 0.0129627 1 
15 25 36 0 0.012 0.0137467 1 
16 25 36 0 0.038 0.0120284 1 
17 25 36 0 0.016 0.0125713 1 
18 25 36 0 0.041 0.00812241 1 
19 25 36 0.000701966 0.046 0.0113281 3 
20 25 36 0.00017573 0.022 0.0114553 2 
21 25 36 0 0.001 0.0111814 1 
22 25 36 0.000285927 0.006 0.00974146 3 
23 25 36 0 0.049 0.0143648 1 
24 25 36 0 0.027 0.0164517 1 
25 25 36 0 0.048 0.0079883 1 
26 25 36 0 0.006 0.0132583 1 
27 25 36 0.0147457 0.015 0.0108752 23 
28 25 36 3.21806e-05 0.028 0.012293 2 
29 25 36 0 0.016 0.0104911 1 
30 25 36 8.80119e-05 0.041 0.00999747 2 
31 25 36 0 0.02 0.0144714 1 
32 25 36 0.00856239 0.008 0.0120471 16 
0 25 37 0.0160117 0.02 0.0125636 15 
1 25 37 0.00682419 0.045 0.0110441 5 
2 25 37 0 0.014 0.011889 1 
3 25 37 0.000745166 0.009 0.0109183 2 
4 25 37 0 0.046 0.0101381 1 
5 25 37 0 0.009 0.00872624 1 
6 25 37 0 0.022 0.00938308 1 
7 25 37 0 0.026 0.0126719 1 
8 25 37 0.00127182 0.009 0.151752 5 
9 25 37 0.0124764 0.001 0.00818393 26 
10 25 37 0 0.039 0.012708 1 
11 25 37 0 0.022 0.0123135 1 
12 25 37 0 0.022 0.0114748 1 
13 25 37 0 0.008 0.00978493 1 
14 25 37 0 0.033 0.0107291 1 
15 25 37 0 0.025 0.0130345 1 
16 25 37 0 0.008 0.012713 1 
17 25 37 1.00745e-06 0.002 0.0117439 2 
18 25 37 0 0.016 0.0132149 1 
19 25 37 0 0.03 0.0118946 1 
20 25 37 0 0.006 0.011685 1 
21 25 37 0 0.041 0.0112855 1 
22 25 37 0 0.002 0.0110335 1 
23 25 37 0.00312627 0.001 0.0100892 5 
24 25 37 0 0.012 0.00904236 1 
25 25 37 0.00982243 0.016 0.0119847 11 
26 25 37 0 0.015 0.00769325 1 
27 25 37 0 0.028 0.0111435 1 
28 25 37 5.15436e-06 0.006 0.0105804 2 
29 25 37 0 0.009 0.0104809 1 
30 25 37 0.00508434 0.003 0.0128089 10 
31 25 37 0 0.034 0.0104625 1 
32 25 37 0.00374751 0.031 0.0104701 3 
0 25 38 0.00435861 0.009 0.0103663 7 
1 25 38 0.00350034 0.036 0.0097643 3 
2 25 38 0 0.021 0.0123098 1 
3 25 38 0 0.048 0.0113096 1 
4 25 38 0.00379363 0.016 0.0235295 1 
5 25 38 0.00423861 0.006 0.0167793 1 
6 25 38 0 0.007 0.010217 1 
7 25 38 0.00210657 0.002 0.00836008 3 
8 25 38 0.00209537 0.011 0.0168242 1 
9 25 38 0.00900436 0.014 0.0150504 15 
10 25 38 0 0.012 0.0111429 1 
11 25 38 0 0.044 0.0124691 1 
12 25 38 0 0.049 0.0111729 1 
13 25 38 5.39906e-05 0.01 0.0109669 2 
14 25 38 0 0.015 0.0104724 1 
15 25 38 0 0.032 0.00945475 1 
16 25 38 0 0.024 0.0112399 1 
17 25 38 0.00730705 0.006 0.0128124 12 
18 25 38 0 0.022 0.0128439 1 
19 25 38 0.00060981 0.001 0.0112293 3 
20 25 38 0.0112321 0.013 0.0118058 11 
21 25 38 0 0.023 0.0139372 1 
22 25 38 0.00407532 0.024 0.0105655 5 
23 25 38 0.0101959 0.012 0.0124719 19 
24 25 38 7.38142e-06 0.03 0.0122254 2 
25 25 38 0 0.01 0.0101695 1 
26 25 38 0.000422501 0.001 0.00894804 2 
27 25 38 0.00426467 0.003 0.0116146 2 
28 25 38 0 0.019 0.00990476 1 
29 25 38 0 0.007 0.0113924 1 
30 25 38 0 0.034 0.011472 1 
31 25 38 0.00173708 0.017 0.00787531 2 
32 25 38 0 0.046 0.00914837 1 
0 25 39 0 0.009 0.0130975 1 
1 25 39 0.00874551 0.01 0.0123306 9 
2 25 39 0 0.03 0.0102905 1 
3 25 39 0 0.048 0.0129799 1 
4 25 39 0 0.024 0.0108341 1 
5 25 39 0.00467967 0.01 0.0173884 1 
6 25 39 0 0.005 0.0113226 1 
7 25 39 7.53824e-06 0.008 0.0098305 2 
8 25 39 0.00136666 0.038 0.0148756 1 
9 25 39 0.00076102 0.003 0.012497 2 
10 25 39 0 0.008 0.0105544 1 
11 25 39 0 0.013 0.00969039 1 
12 25 39 0 0.002 0.0131594 1 
13 25 39 0.00663962 0.021 0.012157 12 
14 25 39 0 0.006 0.00854899 1 
15 25 39 0 0.013 0.0112769 1 
16 25 39 3.19084e-06 0.047 0.0115571 2 
17 25 39 0 0.043 0.0138288 1 
18 25 39 0 0.019 0.0120877 1 
19 25 39 0 0.016 0.0119665 1 
20 25 39 0 0.017 0.0149976 1 
21 25 39 0 0.027 0.0102286 1 
22 25 39 0 0.04 0.0108236 1 
23 25 39 0.00012069 0.017 0.0107344 2 
24 25 39 5.17396e-06 0.014 0.0126753 2 
25 25 39 0 0.033 0.0118531 1 
26 25 39 0 0.034 0.00937816 1 
27 25 39 0 0.002 0.0120652 1 
28 25 39 0.000372244 0.018 0.0108825 3 
29 25 39 0 0.021 0.0147068 1 
30 25 39 0 0.02 0.0105332 1 
31 25 39 0 0.035 0.0114947 1 
32 25 39 0 0.037 0.0087251 1 
0 25 40 0 0.011 0.0149998 1 
1 25 40 0.00455668 0.007 0.0127212 2 
2 25 40 0.00029086 0.039 0.0128248 3 
3 25 40 0.0237653 0.004 0.0118185 31 
4 25 40 0 0.031 0.00748561 1 
5 25 40 0 0.011 0.0151061 1 
6 25 40 0 0.022 0.0107504 1 
7 25 40 0.00226772 0.046 0.0145601 3 
8 25 40 0.00172042 0.002 0.0190667 1 
9 25 40 0.00575109 0.021 0.0106412 7 
10 25 40 5.25294e-05 0.019 0.00925083 2 
11 25 40 0.000271561 0.022 0.00874331 3 
12 25 40 0 0.017 0.00891686 1 
13 25 40 0 0.047 0.012216 1 
14 25 40 0.0241225 0.005 0.01023 29 
15 25 40 2.14326e-06 0.004 0.0116921 2 
16 25 40 2.14326e-06 0.034 0.0111861 2 
17 25 40 0 0.046 0.0146378 1 
18 25 40 0 0.006 0.0144557 1 
19 25 40 0.00202579 0.002 0.00870317 3 
20 25 40 0.00784595 0.019 0.0125098 14 
21 25 40 0 0.017 0.00942025 1 
22 25 40 0.0101087 0.032 0.014074 5 
23 25 40 0 0.016 0.00921784 1 
24 25 40 0 0.048 0.0113703 1 
25 25 40 0.00172745 0.001 0.0116371 3 
26 25 40 0.00113181 0.005 0.0131634 5 
27 25 40 0.0126175 0.02 0.00832591 8 
28 25 40 2.57669e-08 0.03 0.00886479 2 
29 25 40 0 0.033 0.0104604 2 
30 25 40 0 0.045 0.00982701 1 
31 25 40 0 0.039 0.0129842 1 
32 25 40 0 0.019 0.0118612 1 
0 25 41 0.00219584 0.029 0.00840268 4 
1 25 41 0.00590931 0.007 0.0122176 6 
2 25 41 0.00316767 0.019 0.0106208 2 
3 25 41 0.00114469 0.007 0.0118609 3 
4 25 41 0 0.045 0.0139764 1 
5 25 41 0 0.036 0.0137456 1 
6 25 41 0 0.044 0.010451 1 
7 25 41 0.00495572 0.032 0.0111115 9 
8 25 41 0 0.024 0.015243 1 
9 25 41 0 0.011 0.011075 1 
10 25 41 0.00306222 0.003 0.0176575 1 
11 25 41 0 0.039 0.0139567 1 
12 25 41 0.00915265 0.002 0.00989403 21 
13 25 41 0.00144439 0.004 0.0102313 3 
14 25 41 0 0.025 0.0124495 1 
15 25 41 0 0.03 0.0108363 2 
16 25 41 0 0.038 0.0099302 2 
17 25 41 0.028834 0.008 0.00872493 30 
18 25 41 0 0.033 0.0112289 1 
19 25 41 0 0.04 0.0103268 1 
20 25 41 0.0129058 0.001 0.0141489 18 
21 25 41 0 0.012 0.00823163 1 
22 25 41 0 0.047 0.0142609 1 
23 25 41 0.00367526 0.039 0.0122814 3 
24 25 41 0 0.02 0.0116959 1 
25 25 41 0 0.03 0.00936745 1 
26 25 41 0.00218485 0.009 0.0108216 4 
27 25 41 0.000114164 0.024 0.00756588 2 
28 25 41 0 0.039 0.0114783 2 
29 25 41 0 0.029 0.013527 2 
30 25 41 0.00370202 0.02 0.0105032 3 
31 25 41 0.00136769 0.045 0.0121039 2 
32 25 41 0 0.01 0.0106163 1 
0 25 42 0 0.048 0.0101001 1 
1 25 42 0.00172549 0.011 0.0104156 4 
2 25 42 0.00302599 0.047 0.0118939 2 
3 25 42 0.00586533 0.02 0.0119698 8 
4 25 42 0.00304257 0.038 0.0239909 1 
5 25 42 0.00364735 0.042 0.00957636 5 
6 25 42 0 0.033 0.015521 1 
7 25 42 0.0280836 0.001 0.015059 22 
8 25 42 0.00152208 0.031 0.0123723 6 
9 25 42 0 0.034 0.0125198 1 
10 25 42 8.00371e-05 0.027 0.0129226 2 
11 25 42 0 0.036 0.0114094 1 
12 25 42 0.00248895 0.025 0.00887435 2 
13 25 42 0.000212261 0.009 0.0118329 4 
14 25 42 0.00566302 0.029 0.0134455 8 
15 25 42 2.72747e-08 0.025 0.0111755 2 
16 25 42 0 0.047 0.0122456 1 
17 25 42 0.00124193 0.035 0.00930832 6 
18 25 42 0 0.017 0.0148957 1 
19 25 42 0.00393466 0.023 0.0111312 4 
20 25 42 0 0.02 0.0142983 1 
21 25 42 0 0.016 0.0123715 1 
22 25 42 0.0152996 0.016 0.00798637 19 
23 25 42 0.00285988 0.011 0.00916098 3 
24 25 42 0 0.011 0.0105424 1 
25 25 42 0 0.027 0.0100979 1 
26 25 42 0.00366505 0.044 0.0128946 3 
27 25 42 0 0.012 0.0101901 1 
28 25 42 0.00171691 0.022 0.00807944 4 
29 25 42 0 0.018 0.010894 1 
30 25 42 0.00122263 0.042 0.0109627 2 
31 25 42 0 0.038 0.0116794 1 
32 25 42 0 0.037 0.00759063 1 
0 25 43 0 0.043 0.0150228 1 
1 25 43 0 0.036 0.0107254 1 
2 25 43 0 0.013 0.0109544 2 
3 25 43 0 0.006 0.0143357 1 
4 25 43 0.00212303 0.027 0.0132332 2 
5 25 43 0 0.008 0.00925053 1 
6 25 43 0 0.047 0.0139631 2 
7 25 43 0 0.007 0.0123262 1 
8 25 43 0 0.031 0.00974226 1 
9 25 43 0.0018294 0.002 0.0154768 2 
10 25 43 0 0.007 0.0114404 1 
11 25 43 0 0.043 0.00914613 1 
12 25 43 0 0.023 0.0123988 1 
13 25 43 0 0.047 0.0123983 1 
14 25 43 0 0.031 0.0113957 1 
15 25 43 3.21822e-06 0.007 0.0138765 2 
16 25 43 0 0.033 0.0157615 1 
17 25 43 0.000575757 0.002 0.0116463 3 
18 25 43 0 0.013 0.0128048 1 
19 25 43 0 0.022 0.0112293 1 
20 25 43 0 0.006 0.0114671 1 
21 25 43 0 0.035 0.00944541 1 
22 25 43 0 0.046 0.0130648 1 
23 25 43 0 0.034 0.0153484 1 
24 25 43 0 0.004 0.0110317 1 
25 25 43 0.0286325 0.01 0.00875622 33 
26 25 43 0 0.003 0.0106433 1 
27 25 43 0 0.04 0.01151 1 
28 25 43 0 0.025 0.00894012 1 
29 25 43 0 0.013 0.0122443 2 
30 25 43 0 0.021 0.011135 1 
31 25 43 0 0.006 0.0116198 1 
32 25 43 0.00233216 0.014 0.0119561 2 
0 25 44 0 0.036 0.00964092 1 
1 25 44 0 0.005 0.014023 1 
2 25 44 0.00205699 0.046 0.0119181 4 
3 25 44 0.0214549 0.014 0.00832323 20 
4 25 44 0 0.04 0.0111656 1 
5 25 44 0 0.032 0.011177 1 
6 25 44 0 0.019 0.0133197 1 
7 25 44 0 0.048 0.0145322 1 
8 25 44 0 0.026 0.010444 1 
9 25 44 0 0.011 0.0114837 1 
10 25 44 0.00307432 0.023 0.011519 3 
11 25 44 0 0.022 0.0117906 1 
12 25 44 0 0.034 0.0137931 1 
13 25 44 0 0.019 0.00833264 1 
14 25 44 0.000483756 0.002 0.0156532 2 
15 25 44 4.31202e-06 0.046 0.00943441 2 
16 25 44 0 0.026 0.0136964 1 
17 25 44 0.0350302 0.004 0.013168 39 
18 25 44 0 0.009 0.0145 1 
19 25 44 0.000233105 0.005 0.00973842 2 
20 25 44 0.00624015 0.025 0.0132564 8 
21 25 44 0 0.025 0.00949848 1 
22 25 44 0 0.029 0.0130321 1 
23 25 44 0 0.011 0.0113305 1 
24 25 44 0 0.031 0.0110343 1 
25 25 44 0.0129195 0.03 0.00864547 6 
26 25 44 0.0124452 0.011 0.0115891 15 
27 25 44 0 0.008 0.0124613 1 
28 25 44 0.000358653 0.015 0.0125129 3 
29 25 44 8.95972e-05 0.023 0.0113747 2 
30 25 44 4.27482e-05 0.003 0.00884166 2 
31 25 44 0.000897909 0.037 0.00963936 2 
32 25 44 0 0.013 0.0119609 1 
0 25 45 0.00451433 0.045 0.0125721 3 
1 25 45 0 0.015 0.0119494 1 
2 25 45 0.00184793 0.019 0.0104895 4 
3 25 45 0.0411736 0.004 0.0135712 56 
4 25 45 0.0027075 0.012 0.018372 4 
5 25 45 1.42844e-05 0.029 0.0121042 2 
6 25 45 0 0.012 0.0126365 1 
7 25 45 0.000638788 0.009 0.00961959 2 
8 25 45 0.00413739 0.024 0.0112801 2 
9 25 45 0.00603482 0.008 0.0117561 10 
10 25 45 0 0.005 0.0149255 1 
11 25 45 0 0.042 0.0109144 1 
12 25 45 0 0.019 0.0126262 12 
13 25 45 0.00376524 0.027 0.0111058 4 
14 25 45 0.0015375 0.036 0.0111537 2 
15 25 45 0 0.002 0.0163732 1 
16 25 45 0 0.046 0.0091842 1 
17 25 45 0 0.024 0.0117945 1 
18 25 45 0 0.023 0.0137216 1 
19 25 45 0 0.02 0.0137527 1 
20 25 45 0 0.009 0.0123008 1 
21 25 45 0 0.034 0.010496 1 
22 25 45 7.16857e-06 0.001 0.0125862 2 
23 25 45 0.0172442 0.019 0.0147296 8 
24 25 45 0 0.025 0.011632 1 
25 25 45 0.0125311 0.01 0.0100095 13 
26 25 45 0.0079498 0.026 0.0101916 9 
27 25 45 0.0267463 0.012 0.0136563 26 
28 25 45 0 0.036 0.0129123 1 
29 25 45 0 0.021 0.0157818 2 
30 25 45 0 0.048 0.00861957 1 
31 25 45 0 0.033 0.0101684 1 
32 25 45 0.000869301 0.04 0.0120015 3 
0 25 46 0.00218463 0.028 0.0109301 3 
1 25 46 0.004792 0.022 0.0115173 3 
2 25 46 0 0.001 0.0105975 1 
3 25 46 0.00520375 0.019 0.0116611 8 
4 25 46 0.00222177 0.028 0.0205632 1 
5 25 46 2.30844e-07 0.007 0.0121392 2 
6 25 46 0 0.03 0.0110894 1 
7 25 46 0.00161976 0.035 0.010233 2 
8 25 46 0 0.049 0.00971154 1 
9 25 46 0.00577133 0.026 0.0142103 7 
10 25 46 0 0.043 0.0109991 1 
11 25 46 0 0.014 0.0113755 1 
12 25 46 0.00208444 0.024 0.0128987 4 
13 25 46 0.00101283 0.028 0.0127286 3 
14 25 46 0 0.019 0.00966498 1 
15 25 46 0 0.047 0.0125636 1 
16 25 46 0 0.024 0.015225 1 
17 25 46 0.0202551 0.009 0.0134834 25 
18 25 46 0 0.008 0.00798718 1 
19 25 46 4.36444e-06 0.038 0.0105975 2 
20 25 46 0.00763853 0.007 0.0109242 9 
21 25 46 2.02198e-05 0.008 0.0112814 2 
22 25 46 0 0.033 0.0115665 1 
23 25 46 0 0.01 0.0115827 1 
24 25 46 0 0.033 0.0143902 1 
25 25 46 0 0.035 0.0110679 1 
26 25 46 0.00512868 0.02 0.0107679 10 
27 25 46 0.0316487 0.001 0.00914264 24 
28 25 46 0 0.037 0.0149975 1 
29 25 46 1.22921e-05 0.02 0.00811967 2 
30 25 46 0.00819269 0.013 0.00956813 11 
31 25 46 0.000899663 0.001 0.0103754 2 
32 25 46 0.0167751 0.002 0.0140586 18 
0 25 47 0 0.002 0.0156657 1 
1 25 47 0.00307004 0.023 0.00899002 2 
2 25 47 0 0.036 0.0106907 1 
3 25 47 2.29965e-05 0.004 0.012083 2 
4 25 47 0.00143238 0.015 0.0157798 1 
5 25 47 1.44789e-05 0.001 0.0127281 2 
6 25 47 0 0.032 0.0126002 1 
7 25 47 0.00405456 0.002 0.0142351 4 
8 25 47 0.00451337 0.024 0.0107913 5 
9 25 47 0.000257302 0.011 0.0114733 2 
10 25 47 0 0.035 0.011508 1 
11 25 47 0 0.037 0.00915283 1 
12 25 47 0 0.027 0.0127527 1 
13 25 47 0 0.027 0.0117697 1 
14 25 47 0.00332086 0.041 0.0105734 4 
15 25 47 3.23219e-06 0.024 0.0129705 2 
16 25 47 3.23219e-06 0.036 0.0128426 2 
17 25 47 0 0.013 0.0115207 1 
18 25 47 0 0.028 0.0129178 1 
19 25 47 0.0019158 0.005 0.0115833 2 
20 25 47 0.0076091 0.023 0.0100775 14 
21 25 47 0 0.018 0.0103168 2 
22 25 47 0 0.04 0.0122117 1 
23 25 47 0.013895 0.042 0.0101811 10 
24 25 47 0 0.036 0.0105969 1 
25 25 47 0 0.044 0.0133558 1 
26 25 47 0 0.011 0.00984237 1 
27 25 47 0.00462212 0.026 0.012004 4 
28 25 47 0 0.033 0.0130071 1 
29 25 47 0 0.015 0.0111677 1 
30 25 47 0.00201387 0.039 0.0120468 2 
31 25 47 0 0.03 0.0128589 1 
32 25 47 0 0.043 0.0100551 1 
0 25 48 0.00616326 0.014 0.0116818 6 
1 25 48 0 0.04 0.0137934 1 
2 25 48 0 0.036 0.0153203 1 
3 25 48 0 0.007 0.00648122 1 
4 25 48 0.00228128 0.02 0.0112901 2 
5 25 48 0 0.008 0.0122048 1 
6 25 48 0 0.006 0.011777 1 
7 25 48 0.000423189 0.042 0.0114711 2 
8 25 48 0 0.041 0.0126551 1 
9 25 48 0.0104995 0.005 0.011373 7 
10 25 48 0.00055496 0.032 0.01002 2 
11 25 48 0 0.03 0.0132476 1 
12 25 48 0.000940322 0.012 0.0120205 2 
13 25 48 0 0.013 0.0117129 1 
14 25 48 0 0.005 0.014028 2 
15 25 48 0 0.041 0.0116716 1 
16 25 48 8.17075e-09 0.018 0.0119474 2 
17 25 48 0.000253562 0.008 0.0122153 2 
18 25 48 0 0.012 0.00822655 1 
19 25 48 0.000213013 0.026 0.00992533 3 
20 25 48 0 0.015 0.0106182 1 
21 25 48 0 0.008 0.0123784 2 
22 25 48 0.0049115 0.022 0.00792873 5 
23 25 48 0 0.01 0.0126323 1 
24 25 48 0 0.028 0.0103216 1 
25 25 48 0 0.018 0.00767911 1 
26 25 48 0.00100136 0.006 0.00855396 2 
27 25 48 0.0197041 0.014 0.00824657 23 
28 25 48 0.00178291 0.049 0.0118623 4 
29 25 48 0 0.011 0.0115381 1 
30 25 48 0 0.015 0.0124486 1 
31 25 48 0 0.016 0.0109545 1 
32 25 48 0 0.019 0.00924262 1 
0 25 49 0 0.011 0.010621 1 
1 25 49 0 0.04 0.012135 1 
2 25 49 0 0.013 0.0141249 1 
3 25 49 0 0.039 0.011663 1 
4 25 49 0 0.003 0.0130484 2 
5 25 49 3.11165e-05 0.011 0.0102581 2 
6 25 49 0 0.048 0.0137144 2 
7 25 49 0.00053488 0.028 0.00973063 7 
8 25 49 0.000238363 0.026 0.0120403 2 
9 25 49 0 0.028 0.0129736 1 
10 25 49 0 0.02 0.0117885 1 
11 25 49 0 0.003 0.00942071 1 
12 25 49 0 0.004 0.0105718 1 
13 25 49 0.000674265 0.046 0.0120423 2 
14 25 49 0.0042881 0.001 0.00916351 2 
15 25 49 0 0.042 0.0131017 1 
16 25 49 0 0.018 0.0128009 2 
17 25 49 0 0.018 0.0129822 1 
18 25 49 0 0.042 0.0119204 2 
19 25 49 0 0.037 0.0112289 1 
20 25 49 0 0.033 0.00870794 1 
21 25 49 0 0.032 0.0118487 2 
22 25 49 0.0102474 0.001 0.0101162 16 
23 25 49 0.000463444 0.033 0.0117197 2 
24 25 49 0 0.034 0.0127592 1 
25 25 49 0.0141079 0.012 0.0112094 22 
26 25 49 0 0.034 0.0100948 1 
27 25 49 0.0214271 0.011 0.0136535 20 
28 25 49 0 0.021 0.0125436 1 
29 25 49 0 0.029 0.0107731 1 
30 25 49 0.0125773 0.015 0.0122125 11 
31 25 49 0.00112916 0.032 0.011856 2 
32 25 49 0 0.006 0.0121039 1 
0 25 50 0 0.006 0.0142243 1 
1 25 50 0.034026 0.002 0.0123341 39 
2 25 50 0 0.018 0.0114451 1 
3 25 50 0 0.009 0.0123318 1 
4 25 50 0.00142622 0.043 0.0112501 3 
5 25 50 0 0.009 0.011138 1 
6 25 50 0 0.018 0.0135112 1 
7 25 50 0 0.01 0.0106353 1 
8 25 50 0 0.047 0.0108872 1 
9 25 50 0.00171891 0.009 0.0106139 2 
10 25 50 0 0.015 0.00893107 1 
11 25 50 0 0.013 0.0110414 1 
12 25 50 0.000343378 0.031 0.0116398 2 
13 25 50 0 0.048 0.010977 1 
14 25 50 0 0.024 0.0124782 1 
15 25 50 0 0.027 0.0127665 1 
16 25 50 0 0.049 0.0123451 1 
17 25 50 0.00582132 0.026 0.0117352 4 
18 25 50 8.88581e-07 0.03 0.0110447 2 
19 25 50 0.00543155 0.001 0.0115721 5 
20 25 50 0 0.014 0.00946167 1 
21 25 50 0.00175353 0.031 0.0126024 4 
22 25 50 0 0.005 0.0107363 1 
23 25 50 0 0.026 0.0133113 1 
24 25 50 8.88581e-07 0.016 0.0119026 2 
25 25 50 0 0.04 0.0145541 1 
26 25 50 0 0.011 0.0114399 1 
27 25 50 0 0.024 0.0148489 1 
28 25 50 0.0016841 0.037 0.0110242 4 
29 25 50 0 0.006 0.0107078 1 
30 25 50 0 0.016 0.0125924 1 
31 25 50 0 0.025 0.0114621 1 
32 25 50 0 0.018 0.0113648 1 
0 25 51 0.0177892 0.001 0.0138461 31 
1 25 51 0 0.017 0.0132004 1 
2 25 51 0 0.021 0.0132284 1 
3 25 51 0.0102632 0.03 0.0117858 7 
4 25 51 0.000632865 0.007 0.0119511 2 
5 25 51 0 0.017 0.00973298 1 
6 25 51 0 0.04 0.00958339 1 
7 25 51 0 0.031 0.0116913 1 
8 25 51 4.11086e-05 0.038 0.0102531 2 
9 25 51 0.0083063 0.001 0.0116679 10 
10 25 51 0.00142669 0.023 0.00960236 2 
11 25 51 0 0.022 0.0141788 1 
12 25 51 0 0.034 0.011964 1 
13 25 51 0.0151256 0.011 0.0113773 21 
14 25 51 0 0.003 0.0122003 1 
15 25 51 0 0.039 0.0119364 1 
16 25 51 0 0.038 0.0108293 1 
17 25 51 0.00368359 0.007 0.0097581 7 
18 25 51 0 0.032 0.0107402 2 
19 25 51 0.0112559 0.017 0.0126775 11 
20 25 51 0 0.003 0.0103716 1 
21 25 51 0.00290882 0.045 0.00981784 6 
22 25 51 0 0.032 0.0138342 1 
23 25 51 0.00548307 0.027 0.0156043 9 
24 25 51 0 0.015 0.0119129 1 
25 25 51 0.00424492 0.029 0.0140664 4 
26 25 51 0.00702359 0.032 0.0126431 7 
27 25 51 0 0.023 0.0125499 1 
28 25 51 0 0.017 0.0105434 1 
29 25 51 0 0.046 0.0122859 1 
30 25 51 0.0023661 0.004 0.0124898 2 
31 25 51 0 0.023 0.00888101 1 
32 25 51 0 0.047 0.00877621 1 
0 25 52 0 0.034 0.0139686 1 
1 25 52 0 0.027 0.0114359 1 
2 25 52 0 0.009 0.0108369 1 
3 25 52 0.00253034 0.015 0.0126137 2 
4 25 52 9.28892e-05 0.041 0.00992617 2 
5 25 52 0 0.049 0.0115622 1 
6 25 52 0 0.038 0.0111947 1 
7 25 52 0.0113842 0.009 0.0114733 16 
8 25 52 0.00283565 0.019 0.0150842 1 
9 25 52 0 0.039 0.0120654 1 
10 25 52 0.00116083 0.048 0.0101263 5 
11 25 52 0 0.013 0.0121431 1 
12 25 52 0 0.046 0.0103037 1 
13 25 52 0.00221697 0.046 0.0108072 3 
14 25 52 0.00179616 0.014 0.0104689 3 
15 25 52 0 0.023 0.0128303 1 
16 25 52 0 0.034 0.0125696 1 
17 25 52 0.00464434 0.018 0.00974748 10 
18 25 52 8.68353e-07 0.04 0.0109363 2 
19 25 52 0 0.034 0.0129979 1 
20 25 52 0 0.017 0.0120891 1 
21 25 52 0 0.045 0.0122893 1 
22 25 52 0.0303527 0.007 0.0110637 27 
23 25 52 0 0.028 0.00990057 1 
24 25 52 0 0.039 0.0113934 1 
25 25 52 0 0.033 0.0130635 1 
26 25 52 0.000809033 0.026 0.0105009 2 
27 25 52 0 0.008 0.0122127 1 
28 25 52 0 0.003 0.0124847 1 
29 25 52 0 0.001 0.0137449 1 
30 25 52 0 0.038 0.00968125 1 
31 25 52 0 0.033 0.0126236 1 
32 25 52 0 0.01 0.0137861 1 
0 25 53 0.0048679 0.016 0.0130715 6 
1 25 53 0.000397918 0.01 0.0132924 2 
2 25 53 0 0.004 0.0136287 1 
3 25 53 0 0.042 0.010612 1 
4 25 53 0.00264312 0.027 0.0257264 1 
5 25 53 0.0012163 0.04 0.0107581 2 
6 25 53 0 0.033 0.012244 1 
7 25 53 0 0.029 0.00992929 1 
8 25 53 0.00319588 0.027 0.015976 1 
9 25 53 0 0.021 0.0112388 1 
10 25 53 0.00185614 0.011 0.0311557 1 
11 25 53 0.000422808 0.031 0.0151937 3 
12 25 53 0.00199575 0.001 0.00965686 5 
13 25 53 0.00210168 0.007 0.0107017 2 
14 25 53 0 0.005 0.0128699 1 
15 25 53 0 0.019 0.0119281 1 
16 25 53 3.29013e-06 0.001 0.0154064 2 
17 25 53 0.00912933 0.002 0.0119664 30 
18 25 53 5.32043e-06 0.048 0.0120934 2 
19 25 53 0.00310541 0.001 0.011926 4 
20 25 53 0.0124495 0.007 0.00984208 17 
21 25 53 0 0.025 0.0108595 1 
22 25 53 0.00165682 0.015 0.00997239 4 
23 25 53 0 0.027 0.0106772 1 
24 25 53 0 0.034 0.0116767 1 
25 25 53 0.00268301 0.027 0.0127447 4 
26 25 53 0 0.01 0.0123246 1 
27 25 53 0 0.04 0.0120736 1 
28 25 53 0 0.016 0.0109782 1 
29 25 53 0.000427582 0.037 0.0120522 3 
30 25 53 0 0.009 0.0106125 1 
31 25 53 0.00231791 0.042 0.0132797 5 
32 25 53 0 0.014 0.0127888 1 
0 25 54 0.00280836 0.007 0.0114113 5 
1 25 54 0 0.043 0.00885026 1 
2 25 54 0 0.023 0.00679787 1 
3 25 54 0 0.006 0.0116975 1 
4 25 54 0.00184979 0.028 0.0105021 2 
5 25 54 0.000553759 0.029 0.0126264 2 
6 25 54 0 0.045 0.0125591 2 
7 25 54 0 0.009 0.0115917 1 
8 25 54 0 0.033 0.0108587 1 
9 25 54 0.0120775 0.032 0.0128595 9 
10 25 54 0.00148654 0.023 0.0101255 2 
11 25 54 3.17964e-05 0.015 0.012323 3 
12 25 54 0 0.042 0.011714 1 
13 25 54 0.00410195 0.042 0.0112086 3 
14 25 54 0.0017003 0.005 0.0126297 2 
15 25 54 0 0.025 0.011044 1 
16 25 54 0 0.029 0.0132602 1 
17 25 54 0 0.018 0.00970387 1 
18 25 54 0 0.041 0.00910836 1 
19 25 54 0 0.03 0.0113681 1 
20 25 54 0 0.034 0.0104329 1 
21 25 54 0 0.009 0.0158948 1 
22 25 54 0 0.033 0.0116337 1 
23 25 54 0 0.021 0.0107119 1 
24 25 54 0 0.03 0.0138776 1 
25 25 54 0.0442592 0.006 0.0145273 27 
26 25 54 0 0.026 0.0100933 1 
27 25 54 0.017559 0.023 0.0132116 11 
28 25 54 0 0.008 0.0130733 1 
29 25 54 0.000402135 0.011 0.0152526 3 
30 25 54 0.0498495 0.003 0.00964837 54 
31 25 54 0 0.041 0.0096785 1 
32 25 54 0 0.049 0.0160982 1 
0 25 55 0 0.036 0.0117779 1 
1 25 55 0 0.005 0.0109506 1 
2 25 55 0 0.038 0.00896112 1 
3 25 55 0 0.016 0.00890655 1 
4 25 55 0 0.011 0.00916602 1 
5 25 55 0.00158847 0.027 0.0367885 1 
6 25 55 1.36121e-05 0.002 0.0106924 2 
7 25 55 0 0.025 0.0108238 1 
8 25 55 0 0.04 0.0150278 1 
9 25 55 0.00249063 0.001 0.00926222 4 
10 25 55 0 0.023 0.0178413 1 
11 25 55 0 0.032 0.0110127 1 
12 25 55 0.00580202 0.014 0.0106581 8 
13 25 55 0 0.01 0.0119681 1 
14 25 55 0 0.031 0.0138546 1 
15 25 55 0 0.026 0.0118051 1 
16 25 55 0 0.021 0.00929616 1 
17 25 55 0.00145706 0.012 0.0107067 2 
18 25 55 0 0.033 0.0106305 1 
19 25 55 0 0.049 0.010266 1 
20 25 55 0 0.003 0.00860597 1 
21 25 55 0 0.042 0.0102443 1 
22 25 55 0 0.033 0.011995 1 
23 25 55 0 0.009 0.0100212 1 
24 25 55 5.3973e-06 0.043 0.013837 2 
25 25 55 0.000479859 0.007 0.0107519 2 
26 25 55 0.00387605 0.017 0.0113154 2 
27 25 55 0 0.044 0.0116831 1 
28 25 55 0 0.044 0.0104744 1 
29 25 55 0 0.002 0.0137111 1 
30 25 55 0.0222034 0.004 0.0101489 28 
31 25 55 0 0.038 0.0104609 1 
32 25 55 0.000233247 0.004 0.0125703 3 
0 25 56 7.77333e-05 0.001 0.0124402 2 
1 25 56 0 0.031 0.0132581 1 
2 25 56 0 0.012 0.0123356 2 
3 25 56 0.00104177 0.003 0.0103899 4 
4 25 56 0.00111087 0.033 0.0109945 4 
5 25 56 0 0.043 0.0110123 1 
6 25 56 0 0.009 0.0124138 2 
7 25 56 0 0.016 0.00931516 1 
8 25 56 0 0.005 0.00843853 1 
9 25 56 0.00184183 0.031 0.00778877 6 
10 25 56 0 0.04 0.0101843 1 
11 25 56 0.000539765 0.017 0.0115296 3 
12 25 56 0.00960675 0.024 0.012398 9 
13 25 56 0.000646977 0.015 0.0110367 2 
14 25 56 0.0257583 0.007 0.0111223 35 
15 25 56 0 0.043 0.0106568 1 
16 25 56 0 0.041 0.0151442 1 
17 25 56 0.00100906 0.047 0.0116586 2 
18 25 56 0 0.047 0.0113523 1 
19 25 56 0 0.048 0.0117942 1 
20 25 56 0.00259112 0.017 0.00904942 2 
21 25 56 0 0.014 0.0117168 1 
22 25 56 0.00969066 0.02 0.0105396 11 
23 25 56 0 0.044 0.0140057 1 
24 25 56 0 0.016 0.013315 1 
25 25 56 0.0253363 0.009 0.0123987 35 
26 25 56 0 0.036 0.0120298 1 
27 25 56 0 0.008 0.0126964 1 
28 25 56 0 0.022 0.0120755 1 
29 25 56 0.0018959 0.037 0.0121949 4 
30 25 56 0 0.037 0.012199 1 
31 25 56 0 0.022 0.0112162 1 
32 25 56 0 0.001 0.0111884 1 
0 25 57 0 0.026 0.0122803 1 
1 25 57 0.0173721 0.009 0.0102704 18 
2 25 57 0 0.018 0.0130565 1 
3 25 57 0 0.017 0.0103297 1 
4 25 57 0 0.003 0.00956824 1 
5 25 57 0 0.018 0.0135687 1 
6 25 57 0 0.028 0.0114536 1 
7 25 57 0.00242723 0.012 0.00876043 6 
8 25 57 0.00045422 0.04 0.00931896 2 
9 25 57 0 0.018 0.0135084 1 
10 25 57 0 0.005 0.0157657 1 
11 25 57 0.000387602 0.028 0.0121101 2 
12 25 57 0.00974562 0.01 0.0134815 9 
13 25 57 0 0.029 0.0101028 1 
14 25 57 0.00373304 0.002 0.0134 6 
15 25 57 0 0.03 0.00805077 1 
16 25 57 0 0.014 0.0108551 2 
17 25 57 0 0.023 0.0113984 1 
18 25 57 0 0.016 0.0115352 1 
19 25 57 0 0.004 0.0106228 1 
20 25 57 0.000479068 0.009 0.0101166 4 
21 25 57 0.000130056 0.019 0.00926004 2 
22 25 57 0 0.046 0.0112086 1 
23 25 57 0 0.038 0.0129171 1 
24 25 57 0 0.002 0.0107665 1 
25 25 57 0.00810068 0.017 0.0113413 6 
26 25 57 0.000359477 0.001 0.0111121 2 
27 25 57 0 0.024 0.0126383 1 
28 25 57 0 0.018 0.0120945 1 
29 25 57 0 0.015 0.0136836 1 
30 25 57 0.0106312 0.018 0.0138433 11 
31 25 57 0 0.038 0.0105878 1 
32 25 57 5.10925e-05 0.001 0.0140922 2 
0 25 58 0.00957939 0.027 0.0117217 6 
1 25 58 0.00277094 0.003 0.012117 2 
2 25 58 0 0.045 0.00952966 1 
3 25 58 0 0.022 0.0120802 1 
4 25 58 0.00272269 0.034 0.0119404 4 
5 25 58 0 0.038 0.0142531 1 
6 25 58 0 0.041 0.00899465 1 
7 25 58 0.00318377 0.017 0.0119429 2 
8 25 58 0.00283988 0.032 0.0128145 1 
9 25 58 0.0166829 0.01 0.0130253 21 
10 25 58 0 0.044 0.00979453 1 
11 25 58 0 0.02 0.0124213 2 
12 25 58 0 0.011 0.0125496 1 
13 25 58 0 0.016 0.0115317 1 
14 25 58 0 0.016 0.0113341 1 
15 25 58 2.31337e-06 0.041 0.0147137 2 
16 25 58 0 0.025 0.0138358 1 
17 25 58 0 0.025 0.0101551 1 
18 25 58 9.07613e-07 0.012 0.0104314 2 
19 25 58 0 0.007 0.0104883 1 
20 25 58 0.0149289 0.008 0.0113042 13 
21 25 58 0.000161661 0.002 0.0107603 2 
22 25 58 0.0204595 0.004 0.0122878 24 
23 25 58 0 0.023 0.0102114 1 
24 25 58 0 0.001 0.0149086 1 
25 25 58 0.00633078 0.016 0.00800481 7 
26 25 58 0 0.047 0.0121574 1 
27 25 58 0.0106775 0.012 0.0121238 16 
28 25 58 0 0.015 0.0108815 1 
29 25 58 0 0.033 0.0139236 1 
30 25 58 0 0.033 0.0124852 1 
31 25 58 0 0.002 0.0109557 1 
32 25 58 0 0.003 0.0119292 1 
0 25 59 0.00859933 0.03 0.0139206 10 
1 25 59 0.00460795 0.017 0.0102207 6 
2 25 59 0.0026469 0.035 0.0111429 5 
3 25 59 0 0.02 0.013133 1 
4 25 59 0.00150515 0.048 0.0215278 1 
5 25 59 0 0.036 0.0122098 1 
6 25 59 0 0.048 0.0164164 1 
7 25 59 0 0.013 0.0102668 1 
8 25 59 0 0.012 0.0128082 1 
9 25 59 0 0.045 0.00837433 1 
10 25 59 0 0.042 0.0131629 1 
11 25 59 0.00251148 0.01 0.0113267 5 
12 25 59 0 0.048 0.0120039 1 
13 25 59 0.000238891 0.038 0.0113846 2 
14 25 59 0 0.018 0.0129569 1 
15 25 59 0 0.029 0.0136784 1 
16 25 59 0 0.046 0.0132137 1 
17 25 59 0.0156806 0.014 0.0132885 25 
18 25 59 0 0.007 0.0130936 1 
19 25 59 0 0.032 0.0116604 1 
20 25 59 0 0.012 0.0119399 1 
21 25 59 0.000287653 0.008 0.0104 2 
22 25 59 0.0187014 0.014 0.00912386 19 
23 25 59 0.000631184 0.007 0.0140816 3 
24 25 59 0 0.021 0.0110284 1 
25 25 59 0 0.011 0.0127224 1 
26 25 59 0 0.003 0.0140011 1 
27 25 59 0.00350694 0.03 0.0130905 4 
28 25 59 0 0.037 0.0107929 1 
29 25 59 0 0.045 0.0122625 1 
30 25 59 0 0.026 0.0148693 1 
31 25 59 0 0.048 0.0109723 1 
32 25 59 0 0.027 0.0135105 1 
0 25 60 0.00213935 0.002 0.00922569 6 
1 25 60 0 0.011 0.0121761 1 
2 25 60 0 0.026 0.0109818 1 
3 25 60 0.0395272 0.002 0.0134831 49 
4 25 60 0 0.008 0.0100458 1 
5 25 60 0.00233501 0.045 0.0220292 1 
6 25 60 0 0.005 0.0139929 1 
7 25 60 0 0.014 0.011089 1 
8 25 60 0 0.006 0.011881 1 
9 25 60 0 0.039 0.0115919 1 
10 25 60 0.000349805 0.022 0.0116872 2 
11 25 60 0.00172449 0.032 0.0113479 4 
12 25 60 0 0.004 0.00979053 1 
13 25 60 0 0.003 0.0127993 1 
14 25 60 0.046632 0.004 0.00946297 51 
15 25 60 0 0.013 0.0126496 1 
16 25 60 0 0.034 0.0127353 1 
17 25 60 0 0.007 0.00994583 1 
18 25 60 9.158e-07 0.006 0.0121765 2 
19 25 60 0.00929378 0.007 0.0110152 10 
20 25 60 0.0046655 0.025 0.00950207 8 
21 25 60 0.000269529 0.043 0.0133053 2 
22 25 60 0.021228 0.006 0.0106041 37 
23 25 60 0.00787388 0.011 0.0133876 8 
24 25 60 0 0.022 0.0123881 1 
25 25 60 0 0.035 0.0121558 1 
26 25 60 0.0106954 0.03 0.0100988 11 
27 25 60 0 0.045 0.00950973 1 
28 25 60 0.000205 0.007 0.010918 2 
29 25 60 0 0.005 0.0121821 1 
30 25 60 0.00442521 0.029 0.00664922 12 
31 25 60 0 0.008 0.0149798 1 
32 25 60 0.0110172 0.001 0.0120213 19 
