0 26 0 0.00015844 0.004 0.0128318 2 
1 26 0 0 0.026 0.0111363 1 
2 26 0 0 0.046 0.00985228 1 
3 26 0 0.283365 0.047 0.0137525 3 
4 26 0 0.0027573 0.026 0.0170471 1 
5 26 0 0 0.033 0.0152489 1 
6 26 0 0 0.007 0.0118132 1 
7 26 0 0.00260549 0.004 0.0142468 4 
8 26 0 0.000961692 0.031 0.0148489 1 
9 26 0 0 0.04 0.0119049 1 
10 26 0 0.00118129 0.015 0.00934736 2 
11 26 0 0 0.024 0.0110913 2 
12 26 0 0.00878284 0.023 0.0105358 5 
13 26 0 0 0.025 0.0141714 2 
14 26 0 5.01226e-05 0.012 0.0133811 2 
15 26 0 0 0.022 0.0140778 1 
16 26 0 0 0.002 0.017244 2 
17 26 0 0 0.039 0.0158387 1 
18 26 0 0 0.026 0.0124113 1 
19 26 0 0 0.006 0.0158548 1 
20 26 0 0.00136801 0.04 0.0164798 3 
21 26 0 0 0.016 0.0142433 1 
22 26 0 0.0300557 0.014 0.0156903 19 
23 26 0 0.00315362 0.003 0.0159584 3 
24 26 0 0 0.047 0.0112515 1 
25 26 0 0 0.045 0.0159711 1 
26 26 0 1 0.008 0.0120823 2 
27 26 0 0 0.033 0.0134249 1 
28 26 0 2.81883e-05 0.023 0.016524 1 
29 26 0 0 0.001 0.0144782 3 
30 26 0 0 0.031 0.0115487 1 
31 26 0 0 0.03 0.00999281 2 
32 26 0 0 0.007 0.0113333 1 
0 26 1 0 0.033 0.0172685 1 
1 26 1 0.0105818 0.007 0.0160188 12 
2 26 1 0 0.011 0.0163228 1 
3 26 1 0 0.029 0.0166063 1 
4 26 1 0.000474493 0.036 0.0166546 1 
5 26 1 0.000504976 0.043 0.0125591 1 
6 26 1 0 0.018 0.0165182 1 
7 26 1 0.00819529 0.007 0.0162344 9 
8 26 1 0 0.012 0.0122354 1 
9 26 1 0 0.023 0.013894 1 
10 26 1 0.00222432 0.015 0.0132562 4 
11 26 1 0 0.01 0.0149725 2 
12 26 1 0 0.013 0.0138394 1 
13 26 1 0 0.023 0.0126688 1 
14 26 1 0 0.028 0.0128357 1 
15 26 1 0 0.008 0.0142316 1 
16 26 1 0 0.038 0.0132446 1 
17 26 1 0 0.03 0.011856 1 
18 26 1 0 0.048 0.0148971 1 
19 26 1 0 0.006 0.0149366 1 
20 26 1 0 0.019 0.0142571 1 
21 26 1 0 0.04 0.0113555 1 
22 26 1 0 0.019 0.015414 1 
23 26 1 0.000989955 0.013 0.0135425 2 
24 26 1 0 0.001 0.0151462 1 
25 26 1 0.00171719 0.004 0.010913 2 
26 26 1 0.0131172 0.001 0.0121678 8 
27 26 1 0.00119278 0.013 0.0117827 3 
28 26 1 0 0.025 0.0156369 1 
29 26 1 0 0.031 0.0147893 1 
30 26 1 0 0.01 0.0136004 1 
31 26 1 0 0.028 0.0136122 1 
32 26 1 0.0124701 0.012 0.0135563 16 
0 26 2 0 0.009 0.0191395 1 
1 26 2 0.00416242 0.026 0.0127225 5 
2 26 2 0 0.016 0.0149837 1 
3 26 2 0.000871386 0.024 0.0181677 2 
4 26 2 0 0.028 0.0145674 1 
5 26 2 0 0.031 0.0170693 1 
6 26 2 0 0.003 0.0120589 1 
7 26 2 0.00293344 0.015 0.0132812 9 
8 26 2 0 0.006 0.0170606 1 
9 26 2 0 0.042 0.0133717 1 
10 26 2 0.000183364 0.045 0.0123364 2 
11 26 2 0 0.026 0.0136564 2 
12 26 2 0 0.047 0.0160983 1 
13 26 2 0 0.025 0.014999 1 
14 26 2 0 0.023 0.0151899 1 
15 26 2 0 0.028 0.0122763 1 
16 26 2 0 0.03 0.0156054 1 
17 26 2 0 0.033 0.0140057 1 
18 26 2 0 0.005 0.0137385 1 
19 26 2 0.00341105 0.038 0.0114258 5 
20 26 2 0 0.044 0.0150302 1 
21 26 2 0.00352709 0.004 0.0150098 3 
22 26 2 0 0.008 0.0146778 1 
23 26 2 0 0.028 0.0144787 1 
24 26 2 0 0.022 0.0116323 1 
25 26 2 0.0109985 0.039 0.013975 6 
26 26 2 0 0.034 0.0173652 1 
27 26 2 0.00307541 0.011 0.00913003 5 
28 26 2 0 0.035 0.0118484 1 
29 26 2 0 0.029 0.0114675 1 
30 26 2 0.00413622 0.003 0.018306 4 
31 26 2 0.00358075 0.026 0.0121232 3 
32 26 2 0 0.04 0.0140246 1 
0 26 3 0 0.048 0.0199421 1 
1 26 3 0 0.02 0.00972967 1 
2 26 3 0 0.041 0.0123415 1 
3 26 3 0.00403542 0.005 0.014911 3 
4 26 3 2.3367e-06 0.036 0.012476 2 
5 26 3 0 0.004 0.0133156 1 
6 26 3 0 0.006 0.0149128 1 
7 26 3 0 0.028 0.0118526 1 
8 26 3 0 0.028 0.0130574 1 
9 26 3 0.00124661 0.031 0.0131237 3 
10 26 3 0 0.009 0.013591 1 
11 26 3 0 0.017 0.0124136 1 
12 26 3 0.00343156 0.046 0.0120675 3 
13 26 3 0.00171539 0.014 0.0121168 4 
14 26 3 0 0.021 0.0155194 1 
15 26 3 0 0.025 0.0136355 1 
16 26 3 0 0.009 0.0122435 1 
17 26 3 0 0.019 0.0149203 1 
18 26 3 0 0.03 0.0140712 1 
19 26 3 0.00190878 0.01 0.011941 2 
20 26 3 0.000165469 0.007 0.011968 2 
21 26 3 0.00326851 0.042 0.012539 3 
22 26 3 0.000660745 0.021 0.0111825 2 
23 26 3 0.00209071 0.027 0.0144876 3 
24 26 3 0 0.004 0.0123244 1 
25 26 3 0.00359368 0.018 0.0122784 6 
26 26 3 0 0.03 0.01292 1 
27 26 3 0.0346012 0.007 0.0146655 38 
28 26 3 0 0.045 0.0165151 1 
29 26 3 2.12061e-05 0.011 0.0147332 1 
30 26 3 0.00680181 0.023 0.0137441 10 
31 26 3 0.00378386 0.02 0.0116248 3 
32 26 3 0 0.005 0.0120321 1 
0 26 4 0.0200723 0.009 0.0105872 11 
1 26 4 0 0.041 0.010928 1 
2 26 4 0 0.02 0.0124932 1 
3 26 4 0.000370116 0.024 0.0170895 5 
4 26 4 0 0.019 0.0172286 1 
5 26 4 7.2625e-05 0.045 0.0118516 2 
6 26 4 0 0.014 0.0112692 1 
7 26 4 0 0.041 0.0153624 1 
8 26 4 0.00283966 0.044 0.0139087 3 
9 26 4 0.0128914 0.023 0.0171673 8 
10 26 4 0 0.043 0.0103937 1 
11 26 4 0 0.046 0.0111213 1 
12 26 4 0 0.015 0.0120049 1 
13 26 4 0 0.006 0.0139514 1 
14 26 4 0 0.033 0.0111446 1 
15 26 4 0 0.018 0.0135571 1 
16 26 4 0 0.026 0.014352 1 
17 26 4 0 0.019 0.0123976 1 
18 26 4 0 0.046 0.0158699 1 
19 26 4 0 0.008 0.0143983 1 
20 26 4 0.000304763 0.009 0.014156 3 
21 26 4 0.00238166 0.009 0.00874317 3 
22 26 4 0 0.039 0.0139563 1 
23 26 4 0 0.049 0.00858492 1 
24 26 4 0 0.025 0.0170486 1 
25 26 4 0 0.019 0.0135034 1 
26 26 4 0.00225287 0.031 0.0122108 3 
27 26 4 0 0.018 0.0148101 1 
28 26 4 0 0.003 0.008482 1 
29 26 4 0 0.041 0.0131339 1 
30 26 4 0.00455505 0.031 0.0126866 7 
31 26 4 0 0.014 0.0133617 1 
32 26 4 0 0.008 0.0122044 1 
0 26 5 0 0.004 0.012452 1 
1 26 5 0.0165097 0.019 0.0146005 13 
2 26 5 0 0.002 0.0114754 1 
3 26 5 0 0.016 0.0108853 1 
4 26 5 0 0.013 0.0181974 1 
5 26 5 0.00307269 0.038 0.0145622 4 
6 26 5 0 0.006 0.0153801 1 
7 26 5 0 0.009 0.0104939 1 
8 26 5 0 0.007 0.0148621 1 
9 26 5 0 0.005 0.0162713 1 
10 26 5 0 0.018 0.0161966 1 
11 26 5 2.62398e-05 0.049 0.0123235 2 
12 26 5 0.00450752 0.019 0.011014 4 
13 26 5 0 0.031 0.014467 1 
14 26 5 0 0.038 0.0152843 1 
15 26 5 0 0.031 0.0105285 1 
16 26 5 0 0.025 0.0142099 1 
17 26 5 0 0.039 0.0126529 1 
18 26 5 0 0.009 0.0171748 1 
19 26 5 0 0.041 0.010296 1 
20 26 5 0 0.045 0.0173321 1 
21 26 5 0.00161736 0.021 0.0134144 3 
22 26 5 0.00309977 0.034 0.0135672 5 
23 26 5 0 0.023 0.00942978 1 
24 26 5 0 0.025 0.0159489 1 
25 26 5 0 0.042 0.010651 1 
26 26 5 0 0.03 0.0119853 1 
27 26 5 0.00376489 0.008 0.0112856 5 
28 26 5 0 0.009 0.0168656 2 
29 26 5 0 0.026 0.0157749 1 
30 26 5 0 0.049 0.0111204 1 
31 26 5 0 0.038 0.0148768 1 
32 26 5 0 0.005 0.0146509 1 
0 26 6 0 0.037 0.010783 1 
1 26 6 0.000567096 0.011 0.0142918 3 
2 26 6 0 0.029 0.0151074 1 
3 26 6 0 0.032 0.0114761 1 
4 26 6 0.000503024 0.014 0.0134438 2 
5 26 6 0.000479165 0.026 0.0157483 1 
6 26 6 0 0.049 0.0151844 1 
7 26 6 0 0.007 0.0148798 1 
8 26 6 6.02421e-05 0.007 0.0127918 2 
9 26 6 0.00274584 0.032 0.01673 2 
10 26 6 0 0.032 0.013012 1 
11 26 6 0 0.028 0.0126176 2 
12 26 6 0.00796737 0.017 0.0135015 11 
13 26 6 0 0.036 0.013159 1 
14 26 6 0 0.021 0.0111154 1 
15 26 6 0 0.028 0.0162805 1 
16 26 6 0 0.034 0.0169884 1 
17 26 6 0 0.022 0.0124517 1 
18 26 6 0 0.029 0.0126535 1 
19 26 6 0.000654051 0.021 0.0149215 2 
20 26 6 0 0.017 0.0169521 1 
21 26 6 0.00109335 0.031 0.0159543 2 
22 26 6 0 0.022 0.011503 1 
23 26 6 0.0314555 0.015 0.0178985 18 
24 26 6 0 0.029 0.0118255 1 
25 26 6 0 0.029 0.0111894 1 
26 26 6 0.00846908 0.04 0.01546 3 
27 26 6 0 0.041 0.0146467 1 
28 26 6 0.002873 0.04 0.0119376 4 
29 26 6 0 0.035 0.0119737 1 
30 26 6 0 0.005 0.0148102 1 
31 26 6 0.00143982 0.045 0.0129285 2 
32 26 6 0 0.004 0.0141219 1 
0 26 7 0 0.035 0.0135025 1 
1 26 7 0.00329491 0.03 0.0134185 4 
2 26 7 0 0.016 0.0169805 1 
3 26 7 0.00741339 0.016 0.0188439 6 
4 26 7 0 0.04 0.0127794 1 
5 26 7 0 0.002 0.0197063 1 
6 26 7 2.37458e-05 0.005 0.0120415 1 
7 26 7 0.00356208 0.017 0.0127051 4 
8 26 7 0.000961827 0.016 0.0122969 5 
9 26 7 0 0.009 0.0137835 1 
10 26 7 0 0.022 0.0147481 1 
11 26 7 0 0.019 0.0142774 2 
12 26 7 0 0.008 0.0134513 1 
13 26 7 0.00166285 0.039 0.0118715 2 
14 26 7 0.0162054 0.01 0.0126785 23 
15 26 7 0 0.043 0.0134129 1 
16 26 7 0 0.005 0.0107876 1 
17 26 7 0.031131 0.016 0.0142564 16 
18 26 7 0 0.008 0.0146777 2 
19 26 7 0 0.029 0.0145699 1 
20 26 7 0.00268829 0.04 0.0113123 3 
21 26 7 0.00217184 0.016 0.0120608 2 
22 26 7 0 0.031 0.0132438 1 
23 26 7 0.0154762 0.012 0.0108938 14 
24 26 7 0 0.034 0.0146938 1 
25 26 7 0.00225214 0.024 0.0109434 2 
26 26 7 0.00496642 0.044 0.0132241 4 
27 26 7 0 0.025 0.0131571 1 
28 26 7 0 0.016 0.012868 1 
29 26 7 0.000302147 0.03 0.0122713 3 
30 26 7 0 0.016 0.0150344 1 
31 26 7 0 0.038 0.0150021 1 
32 26 7 0 0.021 0.0140722 1 
0 26 8 0.0319878 0.008 0.0125195 33 
1 26 8 0.00278352 0.01 0.0126771 2 
2 26 8 0 0.005 0.0186663 1 
3 26 8 0 0.012 0.0143446 1 
4 26 8 0.000432084 0.01 0.0147265 3 
5 26 8 0 0.025 0.0154446 1 
6 26 8 0 0.032 0.0204482 1 
7 26 8 0 0.032 0.0153804 1 
8 26 8 0 0.024 0.0151035 1 
9 26 8 1.68712e-05 0.033 0.0120576 2 
10 26 8 0 0.022 0.0176425 1 
11 26 8 0 0.013 0.0153733 2 
12 26 8 0.00738281 0.022 0.0145703 9 
13 26 8 0.0153177 0.005 0.00934398 15 
14 26 8 0 0.001 0.0114348 1 
15 26 8 0 0.046 0.0124629 1 
16 26 8 0 0.013 0.0131067 2 
17 26 8 0.0137698 0.013 0.010242 12 
18 26 8 6.58512e-07 0.012 0.0134037 2 
19 26 8 0 0.046 0.015462 1 
20 26 8 0 0.004 0.0115348 1 
21 26 8 0.000857978 0.022 0.0157027 5 
22 26 8 0 0.04 0.0125568 1 
23 26 8 2.73063e-05 0.003 0.011126 2 
24 26 8 6.58512e-07 0.038 0.018135 2 
25 26 8 0.00896931 0.007 0.014451 8 
26 26 8 0.00128282 0.033 0.0132437 2 
27 26 8 0 0.004 0.0120378 1 
28 26 8 0.00221108 0.033 0.0145988 2 
29 26 8 0.00027615 0.042 0.0120177 2 
30 26 8 0 0.006 0.0119038 1 
31 26 8 0 0.017 0.0141915 1 
32 26 8 0.00087548 0.017 0.01023 2 
0 26 9 0.00696463 0.035 0.0146186 3 
1 26 9 0 0.017 0.0128453 1 
2 26 9 0.000492406 0.015 0.0138848 3 
3 26 9 0.00461826 0.021 0.0108211 3 
4 26 9 0 0.026 0.0188453 1 
5 26 9 0 0.035 0.0112165 1 
6 26 9 0 0.029 0.0150935 1 
7 26 9 0.00378384 0.045 0.0129529 5 
8 26 9 0 0.031 0.0120811 1 
9 26 9 0.0171204 0.007 0.00990391 19 
10 26 9 0.000440247 0.03 0.00951262 2 
11 26 9 0 0.011 0.0118651 2 
12 26 9 0 0.01 0.017687 1 
13 26 9 0.00544203 0.005 0.0150915 3 
14 26 9 0 0.034 0.0165172 1 
15 26 9 0 0.011 0.0124755 1 
16 26 9 0 0.039 0.0144207 1 
17 26 9 0 0.018 0.0105207 1 
18 26 9 0 0.03 0.0135841 1 
19 26 9 0 0.049 0.0159287 1 
20 26 9 0 0.041 0.0143571 1 
21 26 9 0.00130412 0.027 0.0126739 2 
22 26 9 0.00223528 0.021 0.0106953 3 
23 26 9 0 0.024 0.0111111 1 
24 26 9 0 0.025 0.0182824 2 
25 26 9 0.00127558 0.024 0.0133535 7 
26 26 9 0.000104638 0.01 0.014149 2 
27 26 9 0.0140287 0.019 0.0159263 11 
28 26 9 0 0.035 0.0173782 2 
29 26 9 0.000247748 0.005 0.0129581 2 
30 26 9 0.00470538 0.014 0.0120955 7 
31 26 9 0 0.043 0.0112734 1 
32 26 9 0.00117145 0.001 0.0156295 2 
0 26 10 0.0309493 0.006 0.0135837 31 
1 26 10 0.00147415 0.009 0.0104131 2 
2 26 10 0.000909052 0.019 0.0125573 3 
3 26 10 0.00297064 0.023 0.0129717 4 
4 26 10 0 0.031 0.0110633 1 
5 26 10 0.00275582 0.016 0.0115369 3 
6 26 10 0 0.012 0.0125064 1 
7 26 10 0 0.01 0.0125329 1 
8 26 10 0 0.025 0.0144374 1 
9 26 10 0 0.007 0.0154977 1 
10 26 10 0 0.046 0.0144247 1 
11 26 10 0 0.013 0.0149955 1 
12 26 10 0 0.01 0.011152 1 
13 26 10 0.045773 0.006 0.0115574 34 
14 26 10 0 0.034 0.0165651 1 
15 26 10 0 0.036 0.0114276 1 
16 26 10 0 0.009 0.0172489 1 
17 26 10 5.28713e-05 0.003 0.01121 2 
18 26 10 0 0.027 0.0131329 1 
19 26 10 0.00526017 0.036 0.0137429 3 
20 26 10 0.00174874 0.004 0.0133737 5 
21 26 10 0 0.034 0.015083 2 
22 26 10 0.00380426 0.031 0.0140232 2 
23 26 10 0 0.037 0.0154032 1 
24 26 10 6.5253e-07 0.041 0.0123039 2 
25 26 10 0.0187296 0.005 0.0179826 21 
26 26 10 0.00572825 0.037 0.013079 3 
27 26 10 0.0137594 0.01 0.0129749 14 
28 26 10 0 0.011 0.017479 1 
29 26 10 2.51833e-06 0.006 0.0135921 2 
30 26 10 0 0.026 0.0202768 1 
31 26 10 0 0.005 0.0120095 1 
32 26 10 0 0.006 0.0156706 1 
0 26 11 0 0.013 0.0132998 1 
1 26 11 0 0.031 0.0124209 1 
2 26 11 0.000819993 0.042 0.0136008 3 
3 26 11 0 0.029 0.00885151 1 
4 26 11 0 0.026 0.0166546 1 
5 26 11 0.00196253 0.004 0.0142687 4 
6 26 11 0 0.034 0.0157621 1 
7 26 11 0.00141546 0.018 0.0133511 3 
8 26 11 0.00126208 0.01 0.0162562 1 
9 26 11 0.0273098 0.008 0.0104467 26 
10 26 11 0 0.002 0.0183401 1 
11 26 11 0 0.005 0.0132452 2 
12 26 11 0 0.041 0.0150715 4 
13 26 11 0.00234898 0.043 0.0160106 3 
14 26 11 0 0.033 0.0125316 1 
15 26 11 0 0.011 0.0132429 1 
16 26 11 0 0.044 0.0152149 2 
17 26 11 0.0254733 0.008 0.0154526 23 
18 26 11 0.000576371 0.028 0.0118331 2 
19 26 11 0.000258423 0.029 0.0138353 3 
20 26 11 0.00381665 0.017 0.012387 3 
21 26 11 0.00208177 0.044 0.0111662 3 
22 26 11 0 0.004 0.00977313 1 
23 26 11 0 0.015 0.0115686 1 
24 26 11 0 0.01 0.0136729 1 
25 26 11 0 0.003 0.0156904 1 
26 26 11 0.000219906 0.015 0.0122983 3 
27 26 11 0 0.016 0.0122007 1 
28 26 11 0 0.027 0.0154783 1 
29 26 11 0 0.03 0.0133283 2 
30 26 11 0 0.004 0.0134585 1 
31 26 11 0.00152352 0.038 0.0114898 4 
32 26 11 0.00373967 0.025 0.0138413 3 
0 26 12 0.00110558 0.012 0.0134018 3 
1 26 12 0 0.024 0.0130703 1 
2 26 12 0.000605027 0.007 0.0127472 3 
3 26 12 0.00101352 0.007 0.0142496 3 
4 26 12 0 0.012 0.0157129 1 
5 26 12 0 0.02 0.0114707 1 
6 26 12 0 0.022 0.0129802 1 
7 26 12 0.000841908 0.023 0.0109445 2 
8 26 12 0 0.025 0.0133269 1 
9 26 12 0.0223224 0.006 0.0156508 21 
10 26 12 0 0.002 0.0159294 1 
11 26 12 5.40072e-05 0.022 0.0153779 2 
12 26 12 0.000123359 0.034 0.012173 3 
13 26 12 0.00734651 0.009 0.010899 11 
14 26 12 0 0.04 0.0148657 1 
15 26 12 0 0.039 0.0140396 1 
16 26 12 0 0.045 0.0097887 1 
17 26 12 0 0.039 0.0136066 1 
18 26 12 6.46541e-07 0.022 0.0135997 2 
19 26 12 0.00619424 0.001 0.0148871 7 
20 26 12 0.00230326 0.018 0.0127823 2 
21 26 12 0.00179577 0.02 0.014459 2 
22 26 12 0 0.041 0.0104823 1 
23 26 12 0.00263571 0.022 0.0116336 3 
24 26 12 0 0.039 0.0113818 1 
25 26 12 0.0112221 0.029 0.0131034 7 
26 26 12 0 0.042 0.0124758 1 
27 26 12 0 0.017 0.0137945 1 
28 26 12 0 0.037 0.0125789 1 
29 26 12 2.51407e-06 0.029 0.0131163 2 
30 26 12 0.0183758 0.028 0.0149649 6 
31 26 12 0.000582561 0.01 0.0157629 2 
32 26 12 0 0.018 0.0117922 1 
0 26 13 0 0.006 0.0141692 1 
1 26 13 0.0143222 0.016 0.0170292 14 
2 26 13 0.000878852 0.035 0.0134017 3 
3 26 13 0 0.049 0.0157896 1 
4 26 13 0 0.024 0.0136457 1 
5 26 13 0 0.03 0.0173805 1 
6 26 13 0 0.033 0.0135257 1 
7 26 13 0.028941 0.006 0.0104619 22 
8 26 13 0 0.006 0.0152486 1 
9 26 13 0.0100157 0.004 0.0103821 19 
10 26 13 0 0.012 0.0189931 1 
11 26 13 0 0.017 0.0129435 1 
12 26 13 0 0.011 0.0128334 1 
13 26 13 0 0.019 0.0137456 1 
14 26 13 0.00872925 0.013 0.0113679 7 
15 26 13 0 0.048 0.0113557 1 
16 26 13 0 0.015 0.0173583 1 
17 26 13 0.00627672 0.02 0.01696 4 
18 26 13 0.000820568 0.038 0.0144547 2 
19 26 13 0 0.01 0.0123139 1 
20 26 13 0 0.03 0.0153945 1 
21 26 13 0 0.019 0.0141323 1 
22 26 13 0.0428859 0.008 0.0130624 26 
23 26 13 0.00634382 0.034 0.0110506 6 
24 26 13 0 0.014 0.0194502 1 
25 26 13 0.00394778 0.014 0.0107955 4 
26 26 13 0 0.002 0.00955613 1 
27 26 13 0 0.026 0.0145558 1 
28 26 13 0 0.045 0.0145541 1 
29 26 13 0 0.044 0.0111833 1 
30 26 13 0.00938236 0.011 0.0144292 8 
31 26 13 0 0.046 0.0122783 1 
32 26 13 0 0.011 0.0137861 1 
0 26 14 0.00506154 0.016 0.0127156 7 
1 26 14 0 0.04 0.0192203 1 
2 26 14 0.000397316 0.038 0.0119464 3 
3 26 14 0 0.019 0.0142417 1 
4 26 14 0 0.042 0.0146917 1 
5 26 14 0.00355483 0.027 0.0143267 3 
6 26 14 4.40759e-06 0.037 0.0130612 2 
7 26 14 0 0.012 0.0124013 1 
8 26 14 0.00279452 0.049 0.0164625 1 
9 26 14 0 0.044 0.0132448 1 
10 26 14 0 0.027 0.0225373 1 
11 26 14 1.60311e-06 0.025 0.0102602 2 
12 26 14 0 0.023 0.00959041 1 
13 26 14 0 0.004 0.0127337 1 
14 26 14 0 0.024 0.0134289 1 
15 26 14 0 0.033 0.0115913 1 
16 26 14 0 0.004 0.01497 1 
17 26 14 0 0.01 0.0134185 1 
18 26 14 6.68283e-07 0.035 0.0135756 2 
19 26 14 0 0.018 0.0131155 1 
20 26 14 0 0.011 0.011372 1 
21 26 14 0.00266913 0.044 0.0122613 2 
22 26 14 9.06437e-05 0.013 0.0131764 2 
23 26 14 0.0054521 0.025 0.016494 2 
24 26 14 6.68283e-07 0.013 0.0126044 2 
25 26 14 0.00900315 0.041 0.012878 6 
26 26 14 0 0.024 0.0125596 1 
27 26 14 0 0.004 0.0101064 1 
28 26 14 0 0.02 0.0131109 1 
29 26 14 0 0.003 0.00996862 1 
30 26 14 0.00190391 0.047 0.011917 2 
31 26 14 0 0.048 0.0134269 1 
32 26 14 0 0.011 0.014845 1 
0 26 15 0 0.022 0.0125157 1 
1 26 15 0 0.016 0.0153947 1 
2 26 15 0.00100217 0.011 0.0137306 3 
3 26 15 0 0.044 0.0140003 1 
4 26 15 4.47059e-07 0.024 0.0125785 2 
5 26 15 0.00285703 0.037 0.0130997 3 
6 26 15 0 0.041 0.0145615 2 
7 26 15 0.000160427 0.027 0.0138273 2 
8 26 15 0.00330537 0.034 0.0158775 1 
9 26 15 0 0.005 0.0125824 1 
10 26 15 7.11269e-05 0.047 0.0184714 1 
11 26 15 0 0.032 0.0133432 1 
12 26 15 0 0.021 0.0110012 1 
13 26 15 0 0.007 0.0135089 1 
14 26 15 0 0.001 0.0117734 1 
15 26 15 0 0.046 0.0118706 1 
16 26 15 0 0.04 0.0135367 1 
17 26 15 0.00660038 0.046 0.0139452 4 
18 26 15 0.000821647 0.017 0.0152341 2 
19 26 15 0 0.022 0.016035 1 
20 26 15 0 0.009 0.0140347 1 
21 26 15 0 0.007 0.0142645 2 
22 26 15 0 0.027 0.0125345 1 
23 26 15 0 0.004 0.0120774 1 
24 26 15 0 0.01 0.0118174 1 
25 26 15 0.0162909 0.013 0.0156283 14 
26 26 15 0 0.001 0.0112721 1 
27 26 15 0.00324309 0.014 0.0137961 5 
28 26 15 0 0.03 0.0140271 1 
29 26 15 0 0.047 0.00975605 1 
30 26 15 0 0.041 0.0145815 1 
31 26 15 0 0.015 0.0167528 1 
32 26 15 0.00204324 0.034 0.013653 2 
0 26 16 0.00190601 0.024 0.0139128 2 
1 26 16 0 0.01 0.0139651 1 
2 26 16 0.00053887 0.006 0.0135068 3 
3 26 16 0 0.028 0.0111821 1 
4 26 16 3.54766e-05 0.019 0.0155229 1 
5 26 16 0 0.037 0.0156078 1 
6 26 16 0 0.029 0.0129689 1 
7 26 16 0.00529444 0.044 0.0158266 5 
8 26 16 0.00110687 0.049 0.01323 1 
9 26 16 0.000832302 0.021 0.0144453 3 
10 26 16 0.000583573 0.009 0.0183573 1 
11 26 16 1.59804e-06 0.017 0.0145421 2 
12 26 16 0 0.033 0.016746 1 
13 26 16 0.0231754 0.002 0.0166843 19 
14 26 16 0.00168188 0.014 0.0139856 2 
15 26 16 0 0.026 0.015787 2 
16 26 16 0 0.042 0.0151317 1 
17 26 16 0.0555493 0.001 0.0169472 66 
18 26 16 6.62354e-07 0.029 0.0145203 2 
19 26 16 0 0.016 0.0133992 1 
20 26 16 0 0.009 0.0157153 1 
21 26 16 0 0.011 0.0117816 1 
22 26 16 0.00505831 0.027 0.0124727 2 
23 26 16 0.0072315 0.02 0.0116043 6 
24 26 16 0 0.029 0.0147637 1 
25 26 16 0.000116985 0.001 0.0129691 2 
26 26 16 0 0.012 0.0136131 1 
27 26 16 0.00118617 0.046 0.0167883 2 
28 26 16 0 0.03 0.0130749 1 
29 26 16 0 0.011 0.0143564 1 
30 26 16 0.00739583 0.018 0.0122685 11 
31 26 16 0.00010551 0.026 0.0131977 2 
32 26 16 0.0197739 0.008 0.0158629 19 
0 26 17 0.00757213 0.019 0.0126411 5 
1 26 17 0.0125204 0.006 0.0187033 14 
2 26 17 0.00063142 0.028 0.0149138 3 
3 26 17 0 0.038 0.0144701 1 
4 26 17 0.000548224 0.005 0.0157496 1 
5 26 17 0 0.02 0.0155979 1 
6 26 17 0 0.048 0.0132674 1 
7 26 17 0 0.02 0.0131204 1 
8 26 17 0 0.026 0.0129295 1 
9 26 17 0.00102459 0.03 0.0148292 3 
10 26 17 0.00109604 0.015 0.0182086 1 
11 26 17 0.00012267 0.045 0.0126113 2 
12 26 17 0 0.002 0.00955039 1 
13 26 17 0 0.016 0.0106609 1 
14 26 17 0 0.012 0.0139309 1 
15 26 17 0 0.024 0.0138546 2 
16 26 17 0 0.029 0.0133227 1 
17 26 17 0.000450333 0.013 0.0134389 2 
18 26 17 0 0.034 0.0106684 2 
19 26 17 0.00251157 0.003 0.012014 2 
20 26 17 0 0.015 0.0153007 1 
21 26 17 0 0.038 0.0132599 1 
22 26 17 0 0.046 0.00977792 1 
23 26 17 0 0.002 0.0105783 1 
24 26 17 0 0.026 0.0119947 2 
25 26 17 0 0.043 0.0119705 1 
26 26 17 0 0.038 0.0121191 1 
27 26 17 0 0.024 0.0113844 1 
28 26 17 0 0.043 0.0135148 1 
29 26 17 0 0.04 0.0118506 2 
30 26 17 0 0.036 0.0152324 1 
31 26 17 0.000166309 0.042 0.010904 2 
32 26 17 0 0.041 0.0125402 1 
0 26 18 0 0.025 0.0134089 1 
1 26 18 0.020011 0.004 0.0140137 26 
2 26 18 0 0.012 0.0160272 1 
3 26 18 0 0.021 0.0113489 1 
4 26 18 0 0.04 0.0141692 1 
5 26 18 0 0.023 0.0160836 1 
6 26 18 0 0.025 0.0149594 1 
7 26 18 0.0150854 0.01 0.0118891 10 
8 26 18 0.00209385 0.028 0.0133834 2 
9 26 18 0.000223221 0.023 0.0135194 3 
10 26 18 0 0.044 0.0121873 1 
11 26 18 1.64852e-06 0.031 0.0174848 2 
12 26 18 0 0.046 0.0154363 1 
13 26 18 0.000745049 0.004 0.0120052 2 
14 26 18 0.0163164 0.011 0.0110306 17 
15 26 18 0 0.002 0.0179656 1 
16 26 18 0 0.009 0.0146997 1 
17 26 18 0 0.025 0.0201705 1 
18 26 18 7.11891e-07 0.013 0.01518 2 
19 26 18 0 0.007 0.0163429 1 
20 26 18 0.00141384 0.025 0.0120996 4 
21 26 18 0.00218061 0.047 0.0135852 3 
22 26 18 0.0031125 0.023 0.0129809 8 
23 26 18 0.00725677 0.043 0.0109983 3 
24 26 18 7.11891e-07 0.02 0.0170286 2 
25 26 18 0 0.011 0.0145034 1 
26 26 18 0.000733944 0.023 0.0120853 2 
27 26 18 0.019017 0.001 0.0142412 19 
28 26 18 7.11891e-07 0.049 0.0153477 2 
29 26 18 0 0.019 0.0168804 1 
30 26 18 0.000933547 0.012 0.0131965 2 
31 26 18 0 0.013 0.0156846 1 
32 26 18 0 0.033 0.0126718 1 
0 26 19 0.0720497 0.001 0.015516 69 
1 26 19 0.00423939 0.002 0.0126832 2 
2 26 19 0 0.018 0.0111697 1 
3 26 19 0 0.023 0.0133222 1 
4 26 19 0 0.033 0.0186718 1 
5 26 19 0 0.014 0.0167495 1 
6 26 19 0 0.036 0.0129517 1 
7 26 19 0 0.027 0.0147704 1 
8 26 19 0 0.017 0.0144999 1 
9 26 19 7.82458e-05 0.014 0.0144022 2 
10 26 19 0 0.036 0.014141 1 
11 26 19 0 0.014 0.0174367 1 
12 26 19 0.0163508 0.002 0.0133512 19 
13 26 19 0.000778942 0.006 0.0146694 2 
14 26 19 0 0.045 0.0151874 1 
15 26 19 0 0.042 0.0125764 1 
16 26 19 0 0.017 0.0152709 1 
17 26 19 0 0.012 0.0134442 1 
18 26 19 0 0.003 0.0138574 2 
19 26 19 0 0.001 0.0174312 1 
20 26 19 0 0.008 0.0143194 1 
21 26 19 0 0.044 0.0134752 1 
22 26 19 0 0.015 0.0157266 1 
23 26 19 0.00149671 0.032 0.0120162 2 
24 26 19 0.000816792 0.026 0.0128576 3 
25 26 19 0.00406916 0.033 0.0117367 3 
26 26 19 0 0.028 0.0126256 1 
27 26 19 0 0.041 0.0139872 1 
28 26 19 0 0.006 0.0128717 1 
29 26 19 0 0.022 0.00925643 1 
30 26 19 0 0.033 0.0173759 1 
31 26 19 0.000951508 0.02 0.0135009 2 
32 26 19 0.00349122 0.006 0.0109042 3 
0 26 20 0.00347583 0.031 0.017905 4 
1 26 20 0 0.006 0.0132266 1 
2 26 20 0 0.02 0.0112166 1 
3 26 20 0 0.03 0.0121008 1 
4 26 20 0.00658027 0.042 0.0133611 4 
5 26 20 0 0.04 0.015326 1 
6 26 20 0 0.02 0.0120435 1 
7 26 20 1.07873e-05 0.033 0.0132443 2 
8 26 20 0.000463748 0.021 0.0145945 1 
9 26 20 0 0.048 0.0162913 1 
10 26 20 0.000468783 0.023 0.0132747 3 
11 26 20 0 0.048 0.00922846 1 
12 26 20 0.00339356 0.017 0.0163987 2 
13 26 20 0.00606468 0.024 0.0128778 5 
14 26 20 0 0.034 0.0138315 1 
15 26 20 0 0.007 0.0152554 1 
16 26 20 0 0.037 0.0160101 1 
17 26 20 0 0.005 0.0138392 1 
18 26 20 7.06214e-07 0.003 0.0135168 2 
19 26 20 0 0.034 0.0132623 1 
20 26 20 0.00714434 0.005 0.0161802 6 
21 26 20 0 0.028 0.0147266 1 
22 26 20 0.00656093 0.012 0.0155272 6 
23 26 20 0 0.031 0.0124561 1 
24 26 20 0 0.025 0.0101675 1 
25 26 20 0.0431742 0.002 0.0135976 48 
26 26 20 0.0175384 0.001 0.0130211 26 
27 26 20 0.00369346 0.008 0.011052 2 
28 26 20 7.06214e-07 0.026 0.0145012 2 
29 26 20 0 0.037 0.0132926 1 
30 26 20 0 0.013 0.0141324 1 
31 26 20 0 0.001 0.00985743 1 
32 26 20 0 0.003 0.0132982 1 
0 26 21 0 0.026 0.0119064 1 
1 26 21 0.0057384 0.038 0.0157457 3 
2 26 21 0 0.002 0.00995403 1 
3 26 21 0 0.005 0.0169516 1 
4 26 21 0 0.004 0.0147242 1 
5 26 21 0 0.004 0.0169739 1 
6 26 21 0 0.021 0.0165753 1 
7 26 21 0 0.01 0.0193493 1 
8 26 21 0 0.006 0.0135467 2 
9 26 21 0.00526874 0.018 0.0118781 6 
10 26 21 0.00180107 0.024 0.0164337 3 
11 26 21 0.00100541 0.04 0.0137523 3 
12 26 21 0.0134598 0.013 0.0110065 9 
13 26 21 0.0106212 0.038 0.0118198 6 
14 26 21 0.00361151 0.001 0.013819 5 
15 26 21 0 0.034 0.0117173 1 
16 26 21 0 0.04 0.0129585 1 
17 26 21 0 0.001 0.0163261 1 
18 26 21 0 0.048 0.0127084 1 
19 26 21 0 0.019 0.0151251 1 
20 26 21 0 0.019 0.0142321 1 
21 26 21 0.0079721 0.03 0.008603 4 
22 26 21 0.00980228 0.005 0.0118983 16 
23 26 21 0 0.03 0.0131602 1 
24 26 21 0 0.015 0.0149795 1 
25 26 21 0 0.011 0.0116775 1 
26 26 21 0 0.03 0.014471 1 
27 26 21 0 0.008 0.0185629 1 
28 26 21 0 0.033 0.018709 1 
29 26 21 0 0.048 0.0170836 1 
30 26 21 0.00371916 0.04 0.0109846 2 
31 26 21 0 0.021 0.0113219 1 
32 26 21 0 0.012 0.013549 1 
0 26 22 0 0.039 0.0131311 1 
1 26 22 0 0.035 0.0183827 1 
2 26 22 1.61095e-06 0.049 0.0139712 2 
3 26 22 0 0.016 0.0159693 1 
4 26 22 0 0.03 0.0128607 1 
5 26 22 0 0.002 0.0120892 1 
6 26 22 0 0.017 0.0159534 1 
7 26 22 0 0.006 0.0121983 1 
8 26 22 0 0.006 0.0118004 1 
9 26 22 0 0.042 0.0169363 1 
10 26 22 0 0.013 0.0137458 1 
11 26 22 0 0.02 0.0130329 1 
12 26 22 0.0255815 0.009 0.0126575 12 
13 26 22 0.00126375 0.011 0.0127489 3 
14 26 22 0.00055259 0.008 0.00833721 3 
15 26 22 0 0.044 0.0141721 1 
16 26 22 0 0.007 0.0149381 1 
17 26 22 0 0.031 0.0160481 1 
18 26 22 0 0.017 0.0101427 1 
19 26 22 0 0.035 0.0146151 1 
20 26 22 0 0.012 0.0127807 1 
21 26 22 0 0.029 0.0123634 1 
22 26 22 0 0.044 0.0120778 1 
23 26 22 0.00671577 0.026 0.0149277 2 
24 26 22 0 0.045 0.0127459 1 
25 26 22 0 0.023 0.0135506 1 
26 26 22 0.000382406 0.043 0.0131516 2 
27 26 22 0 0.018 0.0134678 1 
28 26 22 0 0.04 0.0121002 1 
29 26 22 0 0.045 0.0138255 1 
30 26 22 0.0451257 0.003 0.0120871 54 
31 26 22 0 0.012 0.0110053 1 
32 26 22 0 0.006 0.012754 1 
0 26 23 0 0.036 0.0134708 1 
1 26 23 0 0.027 0.0136658 1 
2 26 23 5.55052e-05 0.024 0.0169406 2 
3 26 23 0 0.043 0.0124181 1 
4 26 23 0.00416908 0.045 0.0176662 3 
5 26 23 0 0.039 0.0153845 1 
6 26 23 0 0.021 0.0150355 2 
7 26 23 5.88123e-07 0.002 0.0115788 2 
8 26 23 0 0.047 0.0158337 1 
9 26 23 0.0243349 0.005 0.0127356 23 
10 26 23 0 0.037 0.0133867 1 
11 26 23 0 0.015 0.0142138 1 
12 26 23 0 0.025 0.0130787 1 
13 26 23 0 0.041 0.0125181 1 
14 26 23 0.00460939 0.014 0.0111992 13 
15 26 23 0 0.016 0.0112993 1 
16 26 23 0 0.022 0.0125895 1 
17 26 23 0 0.025 0.0182571 1 
18 26 23 0 0.043 0.0160707 1 
19 26 23 0.00313778 0.006 0.0107883 3 
20 26 23 0.0099104 0.007 0.0180067 6 
21 26 23 0 0.047 0.0114947 1 
22 26 23 0 0.048 0.0126554 1 
23 26 23 0.00799046 0.01 0.0136429 3 
24 26 23 0 0.027 0.0113254 2 
25 26 23 0.00427952 0.013 0.0143259 4 
26 26 23 0 0.02 0.0159417 1 
27 26 23 0 0.046 0.01084 1 
28 26 23 0 0.015 0.0125447 1 
29 26 23 0 0.029 0.00970867 1 
30 26 23 4.39859e-06 0.009 0.0163882 2 
31 26 23 0 0.018 0.0185859 1 
32 26 23 0 0.01 0.0135095 1 
0 26 24 0 0.042 0.0127313 1 
1 26 24 0 0.025 0.0144362 1 
2 26 24 1.57807e-06 0.039 0.0141839 2 
3 26 24 0.00209931 0.024 0.0110044 2 
4 26 24 0 0.049 0.013866 1 
5 26 24 0 0.017 0.0149336 1 
6 26 24 0 0.026 0.0177903 1 
7 26 24 0 0.025 0.0143716 1 
8 26 24 8.98069e-06 0.022 0.0136573 2 
9 26 24 0.0267941 0.011 0.0114546 25 
10 26 24 0.00253295 0.015 0.0153898 4 
11 26 24 0 0.04 0.0161252 1 
12 26 24 0 0.042 0.0145566 1 
13 26 24 0 0.047 0.0145151 1 
14 26 24 0 0.014 0.0172059 1 
15 26 24 0 0.036 0.0164147 1 
16 26 24 0 0.027 0.0155809 1 
17 26 24 0.0429146 0.005 0.0149331 40 
18 26 24 6.38596e-07 0.004 0.0163953 2 
19 26 24 0.0076357 0.016 0.0119974 10 
20 26 24 0 0.015 0.0144561 1 
21 26 24 0.000602267 0.036 0.0152227 3 
22 26 24 9.72335e-06 0.012 0.013855 2 
23 26 24 0 0.024 0.0138249 1 
24 26 24 0 0.002 0.0178275 1 
25 26 24 0 0.03 0.0155926 1 
26 26 24 0 0.031 0.0109861 1 
27 26 24 0.00331756 0.005 0.0133463 5 
28 26 24 0 0.022 0.0114322 1 
29 26 24 2.51754e-06 0.032 0.014633 2 
30 26 24 1.20843e-05 0.022 0.0135352 2 
31 26 24 0 0.02 0.0108857 1 
32 26 24 0.00356758 0.034 0.0124482 2 
0 26 25 0 0.042 0.0171272 1 
1 26 25 0 0.042 0.0126389 1 
2 26 25 0 0.049 0.0169303 1 
3 26 25 0 0.025 0.0128324 1 
4 26 25 0 0.02 0.0109603 1 
5 26 25 0 0.034 0.0125473 1 
6 26 25 0 0.029 0.0144264 1 
7 26 25 0 0.015 0.0154506 1 
8 26 25 0.000358176 0.037 0.0153982 1 
9 26 25 0.0459971 0.004 0.0105572 41 
10 26 25 0 0.047 0.0147397 1 
11 26 25 0.000880229 0.016 0.0152071 2 
12 26 25 0.00180016 0.004 0.013052 3 
13 26 25 0.0151431 0.048 0.0113733 5 
14 26 25 0 0.009 0.0151926 1 
15 26 25 0 0.047 0.0113885 1 
16 26 25 0 0.002 0.0141354 1 
17 26 25 0.0270485 0.007 0.0156639 19 
18 26 25 0 0.032 0.0229076 1 
19 26 25 0 0.036 0.0168213 1 
20 26 25 0.0050924 0.013 0.0121968 3 
21 26 25 0 0.025 0.0134321 1 
22 26 25 0 0.024 0.0141527 1 
23 26 25 0 0.045 0.0157772 1 
24 26 25 0 0.042 0.0131123 1 
25 26 25 0 0.011 0.00966195 1 
26 26 25 0.00200023 0.038 0.0115097 3 
27 26 25 0 0.033 0.0117476 1 
28 26 25 0 0.029 0.0165043 1 
29 26 25 0 0.033 0.0118827 1 
30 26 25 0.00768206 0.027 0.00954899 4 
31 26 25 0 0.024 0.0138664 1 
32 26 25 0 0.036 0.0133562 1 
0 26 26 0.00982896 0.005 0.0150705 22 
1 26 26 0.00591837 0.001 0.0146378 10 
2 26 26 0 0.014 0.0187712 1 
3 26 26 0.00075764 0.005 0.0126439 2 
4 26 26 0 0.021 0.0137563 1 
5 26 26 0 0.04 0.0146052 1 
6 26 26 0 0.03 0.0171017 2 
7 26 26 0 0.017 0.0129957 1 
8 26 26 0.000986843 0.042 0.0119365 1 
9 26 26 0 0.03 0.0141025 1 
10 26 26 0 0.049 0.0106703 1 
11 26 26 0 0.017 0.0146241 2 
12 26 26 0.00471105 0.029 0.0140992 9 
13 26 26 0.00313789 0.008 0.0120004 8 
14 26 26 0 0.009 0.0132804 1 
15 26 26 0 0.029 0.0158934 1 
16 26 26 0 0.043 0.0144265 1 
17 26 26 0.00195032 0.001 0.0119855 5 
18 26 26 0 0.023 0.0177159 1 
19 26 26 0 0.004 0.0131321 1 
20 26 26 0.000806358 0.046 0.0126706 2 
21 26 26 0 0.033 0.0155817 1 
22 26 26 0 0.001 0.0138163 1 
23 26 26 0.00215032 0.036 0.0125779 2 
24 26 26 1.61547e-06 0.03 0.0107337 2 
25 26 26 0 0.041 0.0193741 1 
26 26 26 0.0292118 0.003 0.0162408 34 
27 26 26 0.00632043 0.017 0.013636 12 
28 26 26 1.61547e-06 0.028 0.0126565 2 
29 26 26 0 0.018 0.0177389 1 
30 26 26 0.0110065 0.006 0.0135903 6 
31 26 26 0 0.018 0.0130753 1 
32 26 26 0 0.026 0.0129783 1 
0 26 27 0 0.026 0.0130397 1 
1 26 27 0.0159385 0.02 0.012165 10 
2 26 27 0 0.002 0.0145924 1 
3 26 27 0 0.026 0.0132521 1 
4 26 27 0 0.015 0.0171145 1 
5 26 27 0.000735875 0.048 0.0140556 4 
6 26 27 0 0.011 0.0160717 1 
7 26 27 0 0.032 0.0151066 1 
8 26 27 0.00150274 0.021 0.0210298 1 
9 26 27 0 0.01 0.00887652 1 
10 26 27 0 0.047 0.0115724 1 
11 26 27 1.47698e-05 0.027 0.014774 2 
12 26 27 0 0.006 0.0151423 1 
13 26 27 0 0.001 0.0125099 1 
14 26 27 0.00518274 0.017 0.0154129 4 
15 26 27 0 0.001 0.0158472 1 
16 26 27 0 0.028 0.0136113 1 
17 26 27 0 0.011 0.011887 1 
18 26 27 1.00771e-05 0.003 0.0148517 2 
19 26 27 0 0.004 0.01494 1 
20 26 27 0 0.009 0.0124544 1 
21 26 27 0 0.036 0.0154119 1 
22 26 27 0.0248056 0.004 0.0113603 29 
23 26 27 0 0.036 0.0145636 1 
24 26 27 0 0.028 0.0193885 1 
25 26 27 0.0072284 0.02 0.0123344 5 
26 26 27 0 0.012 0.011811 1 
27 26 27 0.000192152 0.006 0.0136737 2 
28 26 27 0.00149677 0.002 0.0149029 2 
29 26 27 0 0.024 0.0109178 1 
30 26 27 0.00564356 0.02 0.0133613 7 
31 26 27 0 0.026 0.0137197 1 
32 26 27 0.0508872 0.003 0.0143694 58 
0 26 28 0 0.001 0.0151081 1 
1 26 28 0 0.029 0.0151882 1 
2 26 28 0 0.007 0.0162228 1 
3 26 28 0 0.027 0.015357 1 
4 26 28 0 0.028 0.0144031 1 
5 26 28 0 0.047 0.014094 1 
6 26 28 0 0.018 0.0154371 1 
7 26 28 0.00107274 0.044 0.0170228 7 
8 26 28 0 0.048 0.0174263 1 
9 26 28 0.000264863 0.01 0.0115651 2 
10 26 28 0.00335931 0.041 0.0148035 4 
11 26 28 0 0.008 0.0151967 1 
12 26 28 0 0.006 0.0119137 1 
13 26 28 0 0.025 0.00916765 1 
14 26 28 8.35172e-07 0.008 0.0151204 2 
15 26 28 0 0.04 0.0154079 1 
16 26 28 0 0.042 0.0136918 1 
17 26 28 0.00558497 0.042 0.012809 3 
18 26 28 0 0.007 0.0115635 1 
19 26 28 0.00316521 0.047 0.0140075 2 
20 26 28 0 0.012 0.0146301 1 
21 26 28 0 0.028 0.0149096 1 
22 26 28 0 0.049 0.0145112 1 
23 26 28 0.0784319 0.002 0.0163155 46 
24 26 28 0 0.013 0.0171879 1 
25 26 28 0 0.007 0.0132988 1 
26 26 28 0.00497305 0.001 0.0153535 8 
27 26 28 0 0.012 0.0124705 1 
28 26 28 1.60759e-06 0.042 0.017357 2 
29 26 28 0 0.021 0.0136334 2 
30 26 28 0 0.038 0.0159387 1 
31 26 28 0 0.029 0.0134131 1 
32 26 28 0 0.006 0.0148112 1 
0 26 29 0 0.022 0.0145514 1 
1 26 29 0 0.042 0.0163638 1 
2 26 29 0 0.025 0.0144527 1 
3 26 29 0 0.009 0.0151848 1 
4 26 29 0 0.007 0.0168562 1 
5 26 29 0 0.001 0.0200482 1 
6 26 29 0 0.049 0.0145162 1 
7 26 29 6.51927e-05 0.04 0.0157299 2 
8 26 29 0 0.028 0.0169911 1 
9 26 29 0 0.033 0.00932133 1 
10 26 29 0 0.021 0.0155157 1 
11 26 29 0 0.036 0.0155333 1 
12 26 29 0 0.04 0.011349 1 
13 26 29 0.00391493 0.035 0.0109679 4 
14 26 29 0.00904814 0.002 0.0128309 10 
15 26 29 0 0.004 0.0141925 1 
16 26 29 0 0.026 0.0127745 1 
17 26 29 0.0610387 0.009 0.0136756 25 
18 26 29 0 0.044 0.00980638 1 
19 26 29 0 0.003 0.012557 1 
20 26 29 0 0.028 0.0161782 1 
21 26 29 3.35606e-05 0.028 0.0135711 2 
22 26 29 0 0.022 0.0157399 1 
23 26 29 0 0.01 0.0133901 1 
24 26 29 0 0.035 0.0142335 1 
25 26 29 0.0160359 0.009 0.0130133 18 
26 26 29 0 0.043 0.0114095 1 
27 26 29 0 0.002 0.0137712 1 
28 26 29 0 0.031 0.0136614 1 
29 26 29 1.94946e-05 0.034 0.0147144 2 
30 26 29 0 0.009 0.0166574 1 
31 26 29 0 0.023 0.0154367 1 
32 26 29 0.00977105 0.039 0.0135348 5 
0 26 30 0 0.047 0.0133873 1 
1 26 30 0 0.048 0.0115722 1 
2 26 30 0 0.026 0.0132173 1 
3 26 30 0 0.014 0.0135313 1 
4 26 30 0.00305667 0.036 0.0150093 4 
5 26 30 0 0.013 0.0178271 1 
6 26 30 0.00155528 0.012 0.0146709 3 
7 26 30 0.0512378 0.003 0.0151082 37 
8 26 30 0.0030506 0.016 0.0124698 1 
9 26 30 0 0.011 0.0108248 1 
10 26 30 0 0.015 0.0130737 1 
11 26 30 0 0.012 0.0111824 1 
12 26 30 0 0.025 0.0123536 1 
13 26 30 0.012728 0.012 0.0141835 12 
14 26 30 0.0292406 0.005 0.0129479 31 
15 26 30 0 0.013 0.013823 1 
16 26 30 0 0.035 0.0177636 1 
17 26 30 0.00987078 0.01 0.0137913 13 
18 26 30 1.62648e-06 0.025 0.0138357 2 
19 26 30 0 0.026 0.012666 1 
20 26 30 0 0.006 0.0136299 1 
21 26 30 0 0.025 0.0145213 2 
22 26 30 0 0.004 0.0143527 1 
23 26 30 0.00536138 0.001 0.011229 6 
24 26 30 0 0.005 0.0125089 1 
25 26 30 0 0.043 0.0132342 1 
26 26 30 0.000726157 0.013 0.0110123 2 
27 26 30 0 0.022 0.0142286 1 
28 26 30 0 0.026 0.00816971 1 
29 26 30 0 0.025 0.0120585 1 
30 26 30 0.00817345 0.01 0.012306 10 
31 26 30 0 0.012 0.0172144 1 
32 26 30 0.00182976 0.01 0.0130948 2 
0 26 31 0 0.003 0.0136944 1 
1 26 31 0 0.027 0.0131799 1 
2 26 31 0 0.022 0.0132084 1 
3 26 31 0.00457448 0.012 0.0140364 3 
4 26 31 0 0.04 0.0127913 1 
5 26 31 0 0.023 0.0155163 1 
6 26 31 0 0.006 0.0152363 1 
7 26 31 0 0.003 0.0134713 1 
8 26 31 0 0.019 0.0124872 1 
9 26 31 0 0.025 0.0121967 1 
10 26 31 0 0.023 0.0147732 1 
11 26 31 1.47591e-05 0.021 0.0162863 2 
12 26 31 5.47524e-05 0.018 0.0126787 2 
13 26 31 5.3899e-06 0.043 0.0105219 2 
14 26 31 0 0.049 0.0150548 1 
15 26 31 0 0.04 0.015501 1 
16 26 31 0 0.018 0.0122365 1 
17 26 31 0 0.04 0.0110694 1 
18 26 31 1.00745e-05 0.002 0.0189098 2 
19 26 31 0 0.039 0.0139226 1 
20 26 31 0.00278619 0.031 0.013343 4 
21 26 31 0 0.031 0.0125778 1 
22 26 31 0.00405936 0.012 0.0141853 2 
23 26 31 0 0.013 0.0140161 1 
24 26 31 0 0.035 0.0120346 1 
25 26 31 0.00243326 0.019 0.0126448 2 
26 26 31 0 0.047 0.0135106 1 
27 26 31 0.00431711 0.021 0.0152476 4 
28 26 31 0 0.04 0.0142101 1 
29 26 31 0 0.007 0.0121705 1 
30 26 31 0.00532814 0.016 0.0132327 5 
31 26 31 0 0.017 0.0148632 1 
32 26 31 0 0.047 0.017457 1 
0 26 32 0.00127253 0.01 0.0170178 2 
1 26 32 0.00383163 0.042 0.0177587 5 
2 26 32 0 0.043 0.0139262 1 
3 26 32 0.00539532 0.023 0.013826 3 
4 26 32 0.00297675 0.023 0.017147 1 
5 26 32 0 0.011 0.0154987 1 
6 26 32 0 0.045 0.0134826 1 
7 26 32 0.00973497 0.016 0.0122741 12 
8 26 32 0 0.046 0.0153618 1 
9 26 32 0 0.047 0.0111172 1 
10 26 32 0.000811913 0.045 0.0146602 1 
11 26 32 0 0.047 0.0126591 1 
12 26 32 0 0.026 0.00705463 1 
13 26 32 0.000910604 0.009 0.0147258 2 
14 26 32 0.00212874 0.002 0.0158488 10 
15 26 32 0 0.045 0.0143317 1 
16 26 32 0 0.011 0.0124827 1 
17 26 32 0 0.014 0.0133594 1 
18 26 32 0 0.021 0.0141201 1 
19 26 32 0 0.007 0.0122189 1 
20 26 32 0.00397154 0.016 0.0133817 3 
21 26 32 0.000472824 0.038 0.0153003 2 
22 26 32 0.000719616 0.012 0.0137201 2 
23 26 32 0.00143912 0.048 0.0142326 3 
24 26 32 0 0.008 0.013467 1 
25 26 32 0 0.001 0.0148256 1 
26 26 32 0.00235219 0.048 0.0105754 5 
27 26 32 0 0.036 0.0148811 1 
28 26 32 0 0.015 0.0121039 1 
29 26 32 0 0.011 0.0166719 1 
30 26 32 0 0.021 0.0105548 1 
31 26 32 0 0.008 0.0113093 1 
32 26 32 0 0.006 0.0111145 1 
0 26 33 0 0.019 0.0139982 1 
1 26 33 0.00506035 0.029 0.0120048 4 
2 26 33 1.48039e-05 0.001 0.0145211 2 
3 26 33 0.00289789 0.002 0.0132277 2 
4 26 33 0 0.025 0.0172607 1 
5 26 33 0.000760196 0.047 0.0175206 1 
6 26 33 0 0.012 0.0157676 1 
7 26 33 0.0160494 0.001 0.0134109 11 
8 26 33 0.00192923 0.037 0.0132539 1 
9 26 33 0 0.031 0.0146058 1 
10 26 33 0.00136192 0.014 0.0115402 4 
11 26 33 0 0.043 0.0117983 1 
12 26 33 0.000915614 0.003 0.0135255 3 
13 26 33 0.0180753 0.021 0.0147423 9 
14 26 33 0 0.007 0.0166308 1 
15 26 33 0 0.016 0.012326 1 
16 26 33 0 0.047 0.011541 1 
17 26 33 0.0170215 0.001 0.011345 22 
18 26 33 0 0.04 0.0112441 1 
19 26 33 0 0.02 0.0131439 1 
20 26 33 0 0.037 0.0143491 1 
21 26 33 0.000407707 0.031 0.0139264 2 
22 26 33 0 0.048 0.0161251 1 
23 26 33 0 0.002 0.0108857 1 
24 26 33 0 0.036 0.0144461 1 
25 26 33 0 0.042 0.0162208 1 
26 26 33 0.0094838 0.013 0.0102169 8 
27 26 33 0 0.005 0.0130571 1 
28 26 33 0 0.012 0.0166178 1 
29 26 33 0 0.048 0.0187704 1 
30 26 33 0 0.01 0.0148663 1 
31 26 33 0 0.033 0.0173466 1 
32 26 33 0.00110264 0.003 0.0148927 3 
0 26 34 0 0.026 0.0127086 1 
1 26 34 0 0.013 0.0135017 1 
2 26 34 0 0.009 0.0174305 1 
3 26 34 0 0.025 0.0120688 1 
4 26 34 0 0.028 0.0113081 1 
5 26 34 0.0059309 0.044 0.0119358 8 
6 26 34 0 0.011 0.0183941 1 
7 26 34 0.00361372 0.006 0.0128717 3 
8 26 34 3.8162e-05 0.031 0.0142389 2 
9 26 34 0.00133947 0.006 0.0150508 4 
10 26 34 0 0.024 0.0142512 1 
11 26 34 0 0.011 0.011891 1 
12 26 34 0.00541309 0.025 0.0123391 3 
13 26 34 0 0.015 0.0151865 1 
14 26 34 0 0.033 0.0155751 1 
15 26 34 2.20805e-05 0.034 0.0165877 2 
16 26 34 0 0.014 0.0120626 1 
17 26 34 0.0176372 0.004 0.0141267 22 
18 26 34 0 0.005 0.0211229 1 
19 26 34 0 0.006 0.0136986 1 
20 26 34 0.00151995 0.024 0.0145659 4 
21 26 34 0 0.011 0.0141055 2 
22 26 34 0.0537773 0.001 0.0120763 53 
23 26 34 0.0174291 0.028 0.016547 8 
24 26 34 1.36077e-05 0.01 0.0125144 2 
25 26 34 0 0.017 0.013503 1 
26 26 34 0.00820197 0.029 0.0124204 5 
27 26 34 0 0.032 0.014582 1 
28 26 34 0 0.027 0.0162442 1 
29 26 34 0 0.011 0.0189728 2 
30 26 34 0 0.031 0.0119589 1 
31 26 34 0.0015198 0.017 0.01509 4 
32 26 34 0.00061225 0.025 0.0144042 2 
0 26 35 0 0.049 0.0139186 1 
1 26 35 0.000489196 0.033 0.0155967 3 
2 26 35 0 0.017 0.0151543 1 
3 26 35 0 0.011 0.0118319 1 
4 26 35 0 0.042 0.0113269 1 
5 26 35 0.00195235 0.038 0.0149598 1 
6 26 35 0 0.019 0.0152443 1 
7 26 35 0 0.024 0.0153098 1 
8 26 35 0.000156494 0.028 0.0165406 2 
9 26 35 0 0.049 0.0117287 1 
10 26 35 0 0.038 0.0160172 1 
11 26 35 0 0.027 0.0122175 1 
12 26 35 0.0039593 0.011 0.0115057 7 
13 26 35 0.00751889 0.008 0.0159515 7 
14 26 35 0.00210776 0.024 0.0101815 3 
15 26 35 0 0.028 0.015434 1 
16 26 35 0 0.008 0.0153679 1 
17 26 35 0.0226986 0.007 0.0163653 34 
18 26 35 0 0.017 0.0187306 1 
19 26 35 0 0.037 0.0141097 1 
20 26 35 0 0.031 0.0111761 1 
21 26 35 0 0.006 0.015426 1 
22 26 35 0.0255269 0.009 0.0142867 21 
23 26 35 0 0.027 0.0160162 1 
24 26 35 0 0.004 0.0147838 1 
25 26 35 0 0.01 0.0103738 1 
26 26 35 0 0.017 0.00942543 1 
27 26 35 0.0480924 0.001 0.0148125 69 
28 26 35 0 0.031 0.0148975 1 
29 26 35 0 0.006 0.0174661 1 
30 26 35 0.00676925 0.043 0.00924105 4 
31 26 35 0 0.048 0.0122533 1 
32 26 35 0 0.04 0.0136954 1 
0 26 36 0.00125844 0.019 0.0144328 5 
1 26 36 0.000142237 0.034 0.013338 2 
2 26 36 0 0.045 0.0145501 1 
3 26 36 0.000976647 0.006 0.0104571 7 
4 26 36 0 0.012 0.015534 1 
5 26 36 0 0.041 0.0132575 1 
6 26 36 0 0.027 0.0182542 1 
7 26 36 0 0.038 0.0170957 1 
8 26 36 0.0010062 0.016 0.0152826 1 
9 26 36 0 0.033 0.0149355 1 
10 26 36 0 0.022 0.0126316 1 
11 26 36 0.00103165 0.043 0.0143944 3 
12 26 36 0 0.025 0.0119534 1 
13 26 36 0.00401816 0.016 0.015291 5 
14 26 36 0 0.043 0.015387 1 
15 26 36 0 0.041 0.0154665 1 
16 26 36 0 0.007 0.017805 1 
17 26 36 0 0.009 0.014725 1 
18 26 36 0 0.024 0.0159349 1 
19 26 36 0 0.031 0.0157396 1 
20 26 36 0.0058154 0.005 0.0119756 9 
21 26 36 0.000161361 0.036 0.0117238 3 
22 26 36 0.00232863 0.011 0.0115118 2 
23 26 36 0.000808102 0.029 0.0133068 2 
24 26 36 0 0.024 0.0161748 1 
25 26 36 0.00257159 0.001 0.0081219 4 
26 26 36 0.00681878 0.009 0.0151056 8 
27 26 36 0 0.032 0.0146458 1 
28 26 36 0.000967431 0.018 0.0147439 3 
29 26 36 0 0.04 0.0146814 1 
30 26 36 0.00033282 0.024 0.0135535 2 
31 26 36 0 0.031 0.0121637 1 
32 26 36 0 0.004 0.013196 1 
0 26 37 0.0646678 0.005 0.0151681 45 
1 26 37 0 0.008 0.0114671 1 
2 26 37 7.81842e-05 0.023 0.0156908 2 
3 26 37 0.00530378 0.009 0.0109264 4 
4 26 37 0.000418573 0.014 0.0180238 1 
5 26 37 0 0.027 0.0128874 1 
6 26 37 0 0.014 0.016566 1 
7 26 37 0.0124927 0.023 0.0135768 9 
8 26 37 0 0.045 0.0121212 1 
9 26 37 0.032868 0.002 0.0168417 49 
10 26 37 0 0.003 0.0138951 1 
11 26 37 0.00312711 0.039 0.0141566 2 
12 26 37 0.000824614 0.002 0.0161674 4 
13 26 37 0 0.037 0.015979 1 
14 26 37 0.0328587 0.005 0.0176243 38 
15 26 37 0 0.008 0.0144883 1 
16 26 37 0 0.049 0.0132637 1 
17 26 37 0 0.011 0.0145523 1 
18 26 37 0 0.022 0.0148918 1 
19 26 37 0.0084892 0.019 0.0117829 8 
20 26 37 0 0.016 0.0116169 1 
21 26 37 0.000416049 0.022 0.0170692 2 
22 26 37 0.00656375 0.001 0.0132113 16 
23 26 37 0 0.029 0.0133575 1 
24 26 37 0 0.022 0.0121279 1 
25 26 37 0.0543733 0.004 0.0154777 38 
26 26 37 0 0.029 0.0129075 1 
27 26 37 0 0.012 0.0157516 1 
28 26 37 0 0.032 0.0133268 1 
29 26 37 0 0.042 0.0149277 1 
30 26 37 0 0.036 0.0152909 1 
31 26 37 0.00236938 0.014 0.0139094 4 
32 26 37 0.0155891 0.008 0.0166234 21 
0 26 38 0 0.004 0.0154003 1 
1 26 38 0 0.024 0.0126922 1 
2 26 38 0.00058018 0.029 0.014144 2 
3 26 38 0 0.02 0.0113354 1 
4 26 38 0.000939899 0.034 0.0164473 1 
5 26 38 0 0.031 0.0158018 1 
6 26 38 0 0.019 0.0105399 1 
7 26 38 0 0.009 0.0144674 1 
8 26 38 8.38402e-07 0.003 0.0123255 2 
9 26 38 0 0.041 0.0128183 1 
10 26 38 0 0.024 0.0124471 1 
11 26 38 2.36691e-05 0.013 0.0153656 2 
12 26 38 0 0.023 0.0161723 1 
13 26 38 0 0.038 0.013276 1 
14 26 38 0 0.01 0.0151251 1 
15 26 38 0 0.038 0.0135315 1 
16 26 38 0 0.015 0.0128344 1 
17 26 38 0 0.016 0.0123687 1 
18 26 38 0 0.03 0.0139794 1 
19 26 38 0.00721872 0.009 0.0113336 3 
20 26 38 2.80651e-08 0.001 0.015598 2 
21 26 38 0 0.043 0.0128876 1 
22 26 38 0 0.006 0.0106282 1 
23 26 38 0 0.015 0.0136707 1 
24 26 38 0 0.032 0.0181124 1 
25 26 38 0.00830158 0.022 0.0117975 5 
26 26 38 0.0162536 0.005 0.00782731 14 
27 26 38 0.0272044 0.002 0.0131143 17 
28 26 38 3.6921e-05 0.032 0.0129976 2 
29 26 38 0 0.012 0.0155722 1 
30 26 38 0.0342282 0.006 0.0113964 35 
31 26 38 0 0.028 0.0162207 1 
32 26 38 0 0.045 0.0154595 1 
0 26 39 0.0490904 0.002 0.016735 62 
1 26 39 0.000908037 0.005 0.0153626 3 
2 26 39 0 0.01 0.0153755 1 
3 26 39 0 0.037 0.0160539 1 
4 26 39 0 0.004 0.0118147 1 
5 26 39 0.000128972 0.048 0.0121812 2 
6 26 39 0.000120727 0.039 0.0148693 2 
7 26 39 0 0.032 0.011905 1 
8 26 39 0.00256854 0.033 0.019478 1 
9 26 39 0.00298684 0.023 0.0132582 2 
10 26 39 0 0.01 0.0132801 1 
11 26 39 0 0.047 0.017474 1 
12 26 39 0 0.015 0.0170651 1 
13 26 39 0 0.046 0.0121514 1 
14 26 39 0 0.002 0.0131698 1 
15 26 39 0 0.024 0.013218 1 
16 26 39 0 0.033 0.0113504 1 
17 26 39 0 0.001 0.0148353 1 
18 26 39 0 0.023 0.0131002 1 
19 26 39 0 0.01 0.0080215 1 
20 26 39 0 0.045 0.011909 1 
21 26 39 0 0.008 0.0136375 1 
22 26 39 0.00319375 0.018 0.0151705 8 
23 26 39 0.0021747 0.002 0.0106663 3 
24 26 39 0 0.026 0.0126905 1 
25 26 39 0.00440754 0.029 0.0141549 4 
26 26 39 0.0380504 0.005 0.0163193 26 
27 26 39 0 0.039 0.0158123 1 
28 26 39 6.39354e-05 0.005 0.0131793 2 
29 26 39 0 0.021 0.0106375 1 
30 26 39 0.0108023 0.018 0.012857 7 
31 26 39 0.00164755 0.043 0.0129059 4 
32 26 39 0.000457526 0.005 0.011404 2 
0 26 40 0.0159306 0.003 0.0157367 20 
1 26 40 0 0.04 0.012693 1 
2 26 40 2.37314e-05 0.003 0.0132058 2 
3 26 40 0 0.008 0.0102397 1 
4 26 40 0 0.032 0.0129071 1 
5 26 40 0 0.028 0.0117447 1 
6 26 40 0 0.028 0.0167623 1 
7 26 40 0 0.019 0.0163754 1 
8 26 40 0.00579032 0.004 0.0133112 2 
9 26 40 0 0.042 0.0152717 1 
10 26 40 0 0.011 0.0123987 1 
11 26 40 0 0.03 0.0163132 1 
12 26 40 0.00187071 0.013 0.0115838 2 
13 26 40 8.83612e-05 0.023 0.0115979 4 
14 26 40 0.0193455 0.008 0.0160132 24 
15 26 40 0 0.003 0.0174269 1 
16 26 40 0 0.033 0.0142182 1 
17 26 40 0.0163483 0.001 0.0134098 28 
18 26 40 3.69699e-05 0.008 0.0163029 2 
19 26 40 0.000439047 0.024 0.0125484 3 
20 26 40 0.00144067 0.005 0.0123573 2 
21 26 40 0 0.038 0.0147829 1 
22 26 40 0 0.023 0.0146092 1 
23 26 40 1.94014e-05 0.028 0.0149671 3 
24 26 40 0 0.029 0.00942741 1 
25 26 40 0.0123374 0.025 0.00996529 10 
26 26 40 0.00559092 0.037 0.0131555 11 
27 26 40 0.00432148 0.045 0.0147872 3 
28 26 40 3.69699e-05 0.027 0.0113948 2 
29 26 40 1.04928e-05 0.044 0.00864024 2 
30 26 40 0 0.019 0.0116782 1 
31 26 40 0 0.007 0.0141683 1 
32 26 40 0.000200758 0.012 0.0143129 3 
0 26 41 0.00199489 0.021 0.0128061 6 
1 26 41 0 0.005 0.0124324 1 
2 26 41 0 0.037 0.0143362 1 
3 26 41 0 0.023 0.0128348 1 
4 26 41 0.00351947 0.02 0.0114029 2 
5 26 41 0 0.009 0.0128074 3 
6 26 41 0 0.043 0.0153203 1 
7 26 41 0 0.03 0.0142946 1 
8 26 41 0 0.036 0.0140082 1 
9 26 41 0 0.049 0.0138997 1 
10 26 41 0.0007907 0.002 0.0142321 2 
11 26 41 0 0.034 0.0143295 1 
12 26 41 0.00780063 0.017 0.0117034 13 
13 26 41 0 0.022 0.0163677 1 
14 26 41 0 0.04 0.011375 1 
15 26 41 0 0.034 0.0155878 1 
16 26 41 0 0.026 0.0114118 1 
17 26 41 0 0.023 0.0155577 1 
18 26 41 0.00252267 0.026 0.0171597 4 
19 26 41 0.0176949 0.02 0.0121315 7 
20 26 41 0 0.037 0.0136354 1 
21 26 41 0 0.014 0.0150891 1 
22 26 41 0.0075306 0.002 0.0140274 3 
23 26 41 0 0.027 0.015018 1 
24 26 41 6.39801e-05 0.002 0.0150705 2 
25 26 41 0.00318495 0.002 0.0138387 4 
26 26 41 0.00910276 0.015 0.0115459 6 
27 26 41 0.00582901 0.038 0.0129569 8 
28 26 41 6.39801e-05 0.01 0.014877 2 
29 26 41 9.23511e-05 0.01 0.0129562 2 
30 26 41 0.0258731 0.014 0.0148349 13 
31 26 41 3.59252e-05 0.041 0.0121522 2 
32 26 41 0.000108908 0.022 0.011967 2 
0 26 42 0 0.043 0.0146218 1 
1 26 42 0.00168349 0.002 0.0140227 6 
2 26 42 2.38768e-05 0.045 0.0133723 2 
3 26 42 0 0.02 0.017066 1 
4 26 42 0.000315214 0.032 0.0113437 1 
5 26 42 0 0.02 0.0103408 1 
6 26 42 0 0.033 0.013552 1 
7 26 42 5.03271e-05 0.047 0.0129101 2 
8 26 42 0.00413094 0.04 0.0146281 1 
9 26 42 0 0.017 0.0156931 1 
10 26 42 0.00142398 0.003 0.0130963 2 
11 26 42 0 0.049 0.0109144 1 
12 26 42 0.0122238 0.015 0.0152526 7 
13 26 42 0 0.046 0.0148917 1 
14 26 42 0 0.038 0.0148847 1 
15 26 42 0 0.008 0.0178402 1 
16 26 42 0 0.033 0.0145424 1 
17 26 42 0 0.002 0.0147798 1 
18 26 42 0 0.002 0.00984356 1 
19 26 42 0 0.005 0.0102565 1 
20 26 42 0 0.048 0.0125845 1 
21 26 42 0 0.035 0.0124853 1 
22 26 42 0 0.048 0.0139325 1 
23 26 42 0 0.045 0.0143661 1 
24 26 42 0 0.02 0.0164043 1 
25 26 42 0.00102655 0.001 0.0143474 5 
26 26 42 0 0.049 0.013555 1 
27 26 42 0 0.035 0.00941851 1 
28 26 42 3.7102e-05 0.002 0.0128277 2 
29 26 42 0 0.006 0.0123034 1 
30 26 42 0.0024938 0.039 0.0133739 3 
31 26 42 6.51805e-05 0.034 0.0119329 2 
32 26 42 5.04451e-05 0.015 0.0144495 2 
0 26 43 0 0.042 0.0151887 1 
1 26 43 0 0.032 0.0136189 1 
2 26 43 0.000335252 0.036 0.0152992 2 
3 26 43 0 0.036 0.0153553 1 
4 26 43 0.00164045 0.018 0.014403 2 
5 26 43 0.000301913 0.042 0.0150561 3 
6 26 43 0 0.027 0.0133182 1 
7 26 43 0.00456093 0.003 0.0157457 5 
8 26 43 0 0.012 0.0134578 1 
9 26 43 0 0.031 0.0134128 1 
10 26 43 0.000548622 0.049 0.0147826 2 
11 26 43 0 0.035 0.0151736 1 
12 26 43 0.000575532 0.02 0.0139503 2 
13 26 43 0.00241341 0.014 0.0128805 4 
14 26 43 0.00524917 0.038 0.0108793 3 
15 26 43 0 0.018 0.0157059 1 
16 26 43 4.99157e-05 0.042 0.0129175 2 
17 26 43 0 0.048 0.0144299 1 
18 26 43 0 0.018 0.0155765 1 
19 26 43 0.00205968 0.018 0.0102817 2 
20 26 43 0 0.029 0.0114916 1 
21 26 43 0 0.036 0.0101599 1 
22 26 43 0 0.022 0.0135665 1 
23 26 43 0 0.027 0.0114271 1 
24 26 43 0 0.022 0.0109151 1 
25 26 43 0 0.038 0.0137475 1 
26 26 43 0 0.012 0.0128351 1 
27 26 43 0.0013309 0.001 0.0140244 4 
28 26 43 6.40887e-05 0.027 0.0129454 2 
29 26 43 9.24349e-05 0.017 0.0182358 2 
30 26 43 0.000551112 0.005 0.014653 4 
31 26 43 0 0.012 0.0128444 1 
32 26 43 0 0.043 0.0125147 1 
0 26 44 0.000972465 0.018 0.0127035 3 
1 26 44 0 0.004 0.0152099 1 
2 26 44 5.38467e-05 0.005 0.0140791 2 
3 26 44 0 0.025 0.0162746 1 
4 26 44 0 0.038 0.0132612 1 
5 26 44 0.00622261 0.003 0.0144762 4 
6 26 44 0 0.022 0.0133111 1 
7 26 44 0.00778962 0.019 0.0144125 9 
8 26 44 0 0.024 0.0145148 1 
9 26 44 0.0254201 0.006 0.0192797 19 
10 26 44 0 0.038 0.012802 1 
11 26 44 0 0.003 0.016622 1 
12 26 44 0.00758427 0.025 0.0138497 2 
13 26 44 0.00266592 0.021 0.0122361 7 
14 26 44 0.0270056 0.004 0.0122227 22 
15 26 44 8.99723e-05 0.022 0.013797 2 
16 26 44 8.99723e-05 0.028 0.0125193 2 
17 26 44 0 0.02 0.0135021 1 
18 26 44 0 0.019 0.0132168 1 
19 26 44 0.00290006 0.011 0.0139888 2 
20 26 44 0.00812129 0.023 0.012337 4 
21 26 44 0 0.018 0.0135996 1 
22 26 44 0 0.025 0.0121615 1 
23 26 44 0.00211601 0.001 0.0172235 5 
24 26 44 0 0.032 0.0160081 1 
25 26 44 0 0.038 0.0138904 1 
26 26 44 0 0.042 0.0111864 1 
27 26 44 0 0.031 0.013792 1 
28 26 44 7.19095e-05 0.035 0.0125453 2 
29 26 44 0 0.025 0.0150718 1 
30 26 44 0 0.001 0.0137353 1 
31 26 44 0.000231403 0.013 0.01487 2 
32 26 44 0 0.038 0.0125233 1 
0 26 45 0 0.004 0.0170028 1 
1 26 45 0 0.01 0.0130158 1 
2 26 45 0.000429846 0.021 0.0139443 2 
3 26 45 0 0.027 0.0138577 1 
4 26 45 0 0.042 0.0151847 1 
5 26 45 0 0.032 0.0119264 1 
6 26 45 0 0.028 0.0173284 1 
7 26 45 0 0.031 0.0125033 1 
8 26 45 0 0.037 0.0131004 1 
9 26 45 0 0.033 0.0163094 1 
10 26 45 0.000138835 0.043 0.0126698 2 
11 26 45 0 0.038 0.0191723 1 
12 26 45 0.015354 0.011 0.0151498 8 
13 26 45 0.00742563 0.018 0.0121189 12 
14 26 45 0 0.003 0.0135092 1 
15 26 45 0 0.04 0.0163178 1 
16 26 45 0 0.034 0.0165772 1 
17 26 45 0 0.014 0.014322 1 
18 26 45 0 0.003 0.0150374 1 
19 26 45 0.000159988 0.024 0.0166278 2 
20 26 45 0 0.012 0.013936 1 
21 26 45 0 0.039 0.0130197 1 
22 26 45 0 0.004 0.0106133 1 
23 26 45 0 0.008 0.0163337 1 
24 26 45 0 0.04 0.0143697 1 
25 26 45 0.0119028 0.008 0.0165594 9 
26 26 45 0 0.04 0.0141664 1 
27 26 45 0 0.03 0.0140961 1 
28 26 45 0.000108407 0.044 0.0147388 2 
29 26 45 0.00014643 0.027 0.0149067 2 
30 26 45 0.0036847 0.047 0.0147895 3 
31 26 45 0.000171541 0.047 0.0123035 2 
32 26 45 0 0.002 0.0124141 1 
0 26 46 0 0.023 0.0141456 1 
1 26 46 0.00256967 0.034 0.011834 2 
2 26 46 5.39738e-05 0.027 0.0160133 2 
3 26 46 0 0.003 0.0146616 1 
4 26 46 0 0.013 0.011886 1 
5 26 46 0.0062769 0.007 0.0125629 3 
6 26 46 0 0.022 0.015341 1 
7 26 46 0.000832282 0.007 0.0120013 3 
8 26 46 0.000960531 0.027 0.0205707 1 
9 26 46 0.0186506 0.01 0.0158041 15 
10 26 46 0 0.029 0.0123092 1 
11 26 46 0 0.03 0.010801 1 
12 26 46 0.00241826 0.029 0.0117053 2 
13 26 46 0.00103707 0.006 0.0141405 2 
14 26 46 0 0.048 0.0148363 1 
15 26 46 0 0.031 0.0209664 1 
16 26 46 0 0.017 0.0136218 1 
17 26 46 0.0097329 0.012 0.0116681 13 
18 26 46 0 0.045 0.012586 1 
19 26 46 0 0.035 0.0152424 1 
20 26 46 0 0.038 0.0131276 1 
21 26 46 0 0.02 0.014323 1 
22 26 46 0.00942786 0.022 0.0182571 3 
23 26 46 0 0.026 0.0143515 1 
24 26 46 0 0.005 0.0158541 1 
25 26 46 0 0.024 0.0136249 1 
26 26 46 0.00168194 0.021 0.0144874 4 
27 26 46 0.0043651 0.013 0.0169285 13 
28 26 46 0 0.006 0.014671 1 
29 26 46 3.59287e-05 0.023 0.0137851 2 
30 26 46 0.0119431 0.001 0.0121451 10 
31 26 46 3.31748e-05 0.013 0.0115944 2 
32 26 46 0.008179 0.031 0.0121308 6 
0 26 47 0.0129574 0.013 0.0147704 11 
1 26 47 0 0.039 0.00976031 1 
2 26 47 0.000914815 0.027 0.0144333 3 
3 26 47 0 0.037 0.010903 1 
4 26 47 0 0.036 0.0141173 1 
5 26 47 0.000432476 0.045 0.0177567 1 
6 26 47 0 0.012 0.0154395 1 
7 26 47 0 0.018 0.0158303 1 
8 26 47 0.000294535 0.02 0.01345 2 
9 26 47 0 0.006 0.0132748 1 
10 26 47 0 0.04 0.0134248 1 
11 26 47 0 0.03 0.014883 1 
12 26 47 0 0.02 0.0103912 1 
13 26 47 0 0.015 0.0140193 1 
14 26 47 0.0145581 0.015 0.0138595 15 
15 26 47 0 0.002 0.0136628 1 
16 26 47 0 0.048 0.0166798 1 
17 26 47 0 0.045 0.0124655 1 
18 26 47 0 0.008 0.0118043 1 
19 26 47 0 0.004 0.0108711 1 
20 26 47 0.00160131 0.035 0.0113634 3 
21 26 47 0 0.049 0.0126733 1 
22 26 47 0 0.009 0.0118629 1 
23 26 47 0 0.021 0.0159293 1 
24 26 47 0 0.004 0.0144958 1 
25 26 47 0.00767234 0.01 0.0132905 8 
26 26 47 0.00472786 0.022 0.0150666 6 
27 26 47 0.00198416 0.028 0.0102202 4 
28 26 47 0 0.034 0.0116479 1 
29 26 47 9.37092e-05 0.016 0.011096 2 
30 26 47 0 0.046 0.0135659 1 
31 26 47 0 0.023 0.0130786 1 
32 26 47 0.00104808 0.01 0.0121085 2 
0 26 48 0 0.024 0.0131357 1 
1 26 48 0 0.024 0.0167453 1 
2 26 48 0.00129029 0.022 0.0147437 3 
3 26 48 0 0.033 0.0138965 1 
4 26 48 0 0.015 0.0137272 1 
5 26 48 0 0.02 0.0173825 1 
6 26 48 0 0.025 0.0155642 1 
7 26 48 0 0.035 0.013577 1 
8 26 48 0 0.041 0.017098 1 
9 26 48 0 0.008 0.0106933 1 
10 26 48 0.00151585 0.015 0.0172254 1 
11 26 48 0 0.049 0.0105859 1 
12 26 48 0 0.039 0.0137843 1 
13 26 48 0.000528028 0.013 0.0137599 5 
14 26 48 0.0369731 0.005 0.0156809 37 
15 26 48 0 0.029 0.0148593 1 
16 26 48 0 0.048 0.0142582 1 
17 26 48 0 0.011 0.0125063 1 
18 26 48 0 0.021 0.01253 1 
19 26 48 0.000153121 0.02 0.0109674 2 
20 26 48 0 0.005 0.0117433 1 
21 26 48 2.22553e-06 0.027 0.0130572 2 
22 26 48 0.0113739 0.001 0.0150882 12 
23 26 48 0.00909144 0.022 0.015144 12 
24 26 48 0 0.005 0.011282 1 
25 26 48 1.33544e-06 0.005 0.0152649 2 
26 26 48 0.00805944 0.046 0.0145637 4 
27 26 48 0 0.044 0.0120593 1 
28 26 48 0 0.026 0.0134069 1 
29 26 48 0 0.045 0.0170912 1 
30 26 48 0.00852485 0.021 0.0116418 15 
31 26 48 0 0.014 0.0156594 1 
32 26 48 0 0.048 0.0114067 1 
0 26 49 0.00181666 0.023 0.0126141 8 
1 26 49 0 0.004 0.0158002 1 
2 26 49 0 0.022 0.0135898 1 
3 26 49 0 0.005 0.0112079 1 
4 26 49 5.47089e-05 0.045 0.0139356 2 
5 26 49 0.001485 0.029 0.0153797 1 
6 26 49 0 0.025 0.0140919 1 
7 26 49 0.00139098 0.013 0.0135358 10 
8 26 49 0 0.025 0.00987961 1 
9 26 49 0 0.02 0.0161516 1 
10 26 49 0.00020291 0.046 0.0140805 2 
11 26 49 0.00125099 0.036 0.0124189 3 
12 26 49 0 0.038 0.0117192 1 
13 26 49 0.0134912 0.003 0.0156754 16 
14 26 49 0 0.033 0.0118983 1 
15 26 49 0 0.049 0.0172661 1 
16 26 49 0 0.019 0.0105785 1 
17 26 49 0.00491311 0.035 0.0155962 4 
18 26 49 6.5011e-05 0.002 0.0120878 2 
19 26 49 0.000656744 0.015 0.0139646 2 
20 26 49 0 0.023 0.0100949 1 
21 26 49 0 0.03 0.0121542 1 
22 26 49 0.0237692 0.008 0.015281 16 
23 26 49 0 0.007 0.0159577 1 
24 26 49 0 0.002 0.018316 1 
25 26 49 0 0.042 0.015798 1 
26 26 49 0 0.01 0.0121734 1 
27 26 49 0 0.045 0.0161776 1 
28 26 49 0 0.046 0.0131825 1 
29 26 49 0 0.007 0.0117987 1 
30 26 49 0 0.044 0.0147472 1 
31 26 49 0 0.013 0.013718 1 
32 26 49 0.0013081 0.01 0.0153535 2 
0 26 50 0.00178915 0.018 0.0118124 3 
1 26 50 0.0158573 0.002 0.0142559 17 
2 26 50 0 0.028 0.0121456 1 
3 26 50 0 0.033 0.0161689 1 
4 26 50 0 0.014 0.0135208 1 
5 26 50 0.00201137 0.041 0.0163942 1 
6 26 50 0 0.044 0.0174825 1 
7 26 50 0 0.02 0.0134321 1 
8 26 50 0.00412933 0.032 0.0119147 5 
9 26 50 0 0.037 0.0139448 1 
10 26 50 0 0.014 0.0170089 1 
11 26 50 0 0.006 0.0117325 1 
12 26 50 0 0.02 0.0148924 1 
13 26 50 0 0.016 0.0136039 1 
14 26 50 0.00445908 0.023 0.0102618 5 
15 26 50 0 0.025 0.0124673 1 
16 26 50 0 0.017 0.0133906 1 
17 26 50 0.00204834 0.001 0.0147806 6 
18 26 50 0 0.014 0.0156713 1 
19 26 50 0 0.035 0.0139389 1 
20 26 50 0.000830276 0.008 0.0145236 2 
21 26 50 0 0.01 0.0145644 1 
22 26 50 0 0.001 0.0121581 1 
23 26 50 0.0316205 0.003 0.0113987 24 
24 26 50 0 0.023 0.0160396 1 
25 26 50 0 0.026 0.0149798 1 
26 26 50 0.000572611 0.014 0.0106817 2 
27 26 50 0 0.002 0.0167343 1 
28 26 50 0 0.023 0.0111348 1 
29 26 50 1.109e-05 0.043 0.0143175 2 
30 26 50 0 0.038 0.0142781 1 
31 26 50 1.1716e-05 0.033 0.0138722 2 
32 26 50 0.00368411 0.02 0.0148522 5 
0 26 51 0.0141737 0.016 0.0166109 19 
1 26 51 0 0.034 0.0128584 1 
2 26 51 0 0.029 0.0136241 1 
3 26 51 0 0.003 0.013936 1 
4 26 51 0.00254842 0.043 0.0106479 1 
5 26 51 0.00987961 0.035 0.0176205 4 
6 26 51 0 0.01 0.014095 1 
7 26 51 0 0.019 0.0152643 1 
8 26 51 0 0.041 0.0127439 1 
9 26 51 0 0.025 0.0130011 1 
10 26 51 0.00309388 0.018 0.0179475 1 
11 26 51 0.00127767 0.006 0.0142524 3 
12 26 51 0 0.014 0.011563 1 
13 26 51 0 0.01 0.0122508 1 
14 26 51 0 0.033 0.01475 1 
15 26 51 0 0.042 0.0134572 1 
16 26 51 5.07926e-05 0.004 0.0130891 2 
17 26 51 0.0336965 0.006 0.0168697 44 
18 26 51 0 0.006 0.015951 1 
19 26 51 0.00049921 0.027 0.0125038 3 
20 26 51 0.00306205 0.005 0.0141118 9 
21 26 51 0 0.014 0.0116135 1 
22 26 51 0 0.046 0.0143253 1 
23 26 51 0.0111651 0.01 0.0121569 14 
24 26 51 0 0.013 0.0111441 1 
25 26 51 0 0.021 0.0129065 1 
26 26 51 0.00749313 0.008 0.0118683 13 
27 26 51 0 0.002 0.0129927 1 
28 26 51 0 0.029 0.0136752 1 
29 26 51 0 0.001 0.0154425 1 
30 26 51 0 0.032 0.0133891 1 
31 26 51 3.61851e-05 0.03 0.0167905 2 
32 26 51 0 0.046 0.013025 1 
0 26 52 0.0576043 0.002 0.0143681 60 
1 26 52 0 0.037 0.0164599 1 
2 26 52 2.45809e-05 0.032 0.0148354 2 
3 26 52 0 0.046 0.0128236 1 
4 26 52 0 0.041 0.0119316 1 
5 26 52 0.00306395 0.011 0.012189 1 
6 26 52 0 0.039 0.0131887 1 
7 26 52 0.0021843 0.033 0.0149771 2 
8 26 52 0 0.03 0.0139932 1 
9 26 52 0.03443 0.012 0.0139682 18 
10 26 52 0.00091013 0.012 0.0169514 1 
11 26 52 0 0.03 0.0151313 1 
12 26 52 0.00632275 0.048 0.014347 3 
13 26 52 0.00482725 0.031 0.0120005 8 
14 26 52 0 0.017 0.0159649 1 
15 26 52 0 0.043 0.0133926 1 
16 26 52 0 0.016 0.016716 1 
17 26 52 0 0.042 0.0169412 1 
18 26 52 0 0.046 0.0121344 1 
19 26 52 0.000970422 0.005 0.0117721 2 
20 26 52 0 0.025 0.0103616 1 
21 26 52 0 0.002 0.0137889 1 
22 26 52 0 0.004 0.0128776 1 
23 26 52 0 0.026 0.011567 1 
24 26 52 0 0.004 0.0135109 1 
25 26 52 0.00519536 0.013 0.00989414 12 
26 26 52 0.00966473 0.009 0.0164639 12 
27 26 52 0 0.01 0.0154289 1 
28 26 52 0 0.048 0.0171918 1 
29 26 52 0 0.027 0.0166062 1 
30 26 52 0 0.026 0.0138835 1 
31 26 52 0.000853214 0.026 0.0127256 3 
32 26 52 0 0.042 0.0166615 1 
0 26 53 0 0.046 0.0130537 1 
1 26 53 0.00992732 0.011 0.0149067 12 
2 26 53 0 0.018 0.0158604 1 
3 26 53 0.0148996 0.023 0.0134188 14 
4 26 53 0.00349583 0.035 0.0142669 4 
5 26 53 0 0.032 0.0147139 1 
6 26 53 0 0.016 0.015631 1 
7 26 53 0 0.047 0.0119511 1 
8 26 53 0.00203714 0.034 0.0175684 1 
9 26 53 0 0.003 0.0124358 1 
10 26 53 0.00143756 0.039 0.0145709 1 
11 26 53 0 0.025 0.0158092 1 
12 26 53 0 0.048 0.0135888 1 
13 26 53 0.000817079 0.031 0.0129675 2 
14 26 53 0 0.004 0.014995 1 
15 26 53 0 0.048 0.0111637 1 
16 26 53 0 0.015 0.0149588 1 
17 26 53 0.0052133 0.023 0.013252 5 
18 26 53 0 0.027 0.0152908 1 
19 26 53 0 0.005 0.015864 1 
20 26 53 0 0.011 0.0118971 1 
21 26 53 0 0.006 0.0118248 1 
22 26 53 0.00745628 0.015 0.0157762 6 
23 26 53 0 0.028 0.013677 1 
24 26 53 6.52315e-05 0.049 0.0139153 2 
25 26 53 0 0.042 0.0138107 1 
26 26 53 0 0.019 0.0152487 1 
27 26 53 0.0215628 0.009 0.0165591 20 
28 26 53 6.52315e-05 0.003 0.0114318 2 
29 26 53 0 0.025 0.0166151 1 
30 26 53 0.00133362 0.038 0.0137587 2 
31 26 53 0.000702949 0.041 0.0108964 3 
32 26 53 0.000383211 0.01 0.0112217 2 
0 26 54 0 0.004 0.0160234 1 
1 26 54 0.0048293 0.023 0.0135303 5 
2 26 54 0 0.049 0.0126451 1 
3 26 54 0.00113398 0.029 0.0114926 2 
4 26 54 0.00142006 0.019 0.0188859 1 
5 26 54 0.00249018 0.006 0.0115898 2 
6 26 54 0 0.006 0.0118476 1 
7 26 54 0.0050112 0.005 0.012784 5 
8 26 54 0 0.009 0.0166452 1 
9 26 54 0 0.048 0.0128343 1 
10 26 54 0 0.04 0.0103784 1 
11 26 54 0 0.038 0.0163008 1 
12 26 54 0 0.02 0.0129258 1 
13 26 54 0.00115243 0.032 0.0137306 3 
14 26 54 0.0603689 0.001 0.0132203 54 
15 26 54 0 0.019 0.0138265 1 
16 26 54 5.12254e-05 0.001 0.0123107 2 
17 26 54 0.00382798 0.01 0.0130962 2 
18 26 54 3.78892e-05 0.028 0.0125107 2 
19 26 54 0 0.026 0.0152393 1 
20 26 54 0.000607375 0.042 0.0144912 2 
21 26 54 0 0.039 0.0135507 2 
22 26 54 0.000292403 0.009 0.0142221 2 
23 26 54 0 0.022 0.0127092 1 
24 26 54 3.78892e-05 0.001 0.016765 2 
25 26 54 0 0.039 0.01405 1 
26 26 54 0 0.022 0.0160555 1 
27 26 54 0 0.011 0.0138333 1 
28 26 54 3.78892e-05 0.042 0.0119338 2 
29 26 54 0 0.044 0.014874 1 
30 26 54 0 0.008 0.013654 1 
31 26 54 1.16749e-05 0.03 0.0101403 2 
32 26 54 0 0.035 0.016892 1 
0 26 55 0.000923293 0.018 0.0119108 3 
1 26 55 0 0.026 0.0104363 1 
2 26 55 0 0.011 0.0114279 1 
3 26 55 0 0.042 0.0136169 1 
4 26 55 0 0.013 0.0145789 1 
5 26 55 0.000411223 0.046 0.0132163 3 
6 26 55 0 0.027 0.0171656 1 
7 26 55 0 0.001 0.0121453 1 
8 26 55 0 0.023 0.0151195 1 
9 26 55 0.000624768 0.007 0.0138875 2 
10 26 55 0 0.005 0.0180682 1 
11 26 55 0.00572732 0.021 0.0129363 2 
12 26 55 0 0.005 0.0125816 1 
13 26 55 0 0.045 0.0152244 1 
14 26 55 0 0.037 0.0131903 1 
15 26 55 5.09473e-05 0.016 0.0151696 2 
16 26 55 0 0.027 0.0118663 1 
17 26 55 0.00733512 0.021 0.0143338 16 
18 26 55 6.52413e-05 0.044 0.0131157 2 
19 26 55 0 0.005 0.012647 1 
20 26 55 1.55492e-06 0.013 0.0138246 2 
21 26 55 0 0.017 0.0157528 1 
22 26 55 0 0.037 0.0137032 1 
23 26 55 0 0.021 0.0127859 1 
24 26 55 6.52413e-05 0.02 0.0130496 2 
25 26 55 0 0.014 0.0115528 1 
26 26 55 0.0472601 0.001 0.00903013 60 
27 26 55 0.0114485 0.018 0.0114495 10 
28 26 55 6.52413e-05 0.049 0.0122785 2 
29 26 55 9.38293e-05 0.04 0.01344 2 
30 26 55 0.00179298 0.04 0.0145143 2 
31 26 55 0 0.009 0.0136247 1 
32 26 55 0 0.003 0.0129811 1 
0 26 56 0 0.006 0.0164318 1 
1 26 56 0.00150078 0.005 0.0113145 2 
2 26 56 0 0.035 0.0152782 1 
3 26 56 0.00331127 0.013 0.0153866 10 
4 26 56 0 0.015 0.0102445 1 
5 26 56 0.00245134 0.047 0.0142001 1 
6 26 56 0 0.025 0.0133904 1 
7 26 56 0.000791084 0.001 0.0137008 5 
8 26 56 0 0.019 0.017113 1 
9 26 56 0 0.042 0.0130951 1 
10 26 56 0 0.044 0.0183561 1 
11 26 56 2.47543e-05 0.043 0.0103957 2 
12 26 56 0 0.03 0.0145307 1 
13 26 56 0 0.044 0.014007 1 
14 26 56 0 0.031 0.0128104 3 
15 26 56 0 0.026 0.0135007 1 
16 26 56 0 0.01 0.0159844 1 
17 26 56 0 0.032 0.0131943 1 
18 26 56 0 0.023 0.0156167 1 
19 26 56 0.00204529 0.028 0.0128097 3 
20 26 56 0 0.026 0.0132128 1 
21 26 56 0 0.03 0.0131742 1 
22 26 56 0 0.007 0.0139029 1 
23 26 56 0 0.013 0.0131098 1 
24 26 56 0 0.033 0.0148286 1 
25 26 56 0.0391145 0.006 0.0159668 24 
26 26 56 0.00642331 0.046 0.0102092 9 
27 26 56 0 0.033 0.0125662 1 
28 26 56 0 0.009 0.0120629 1 
29 26 56 0 0.016 0.0140467 1 
30 26 56 0.0624391 0.001 0.0197221 55 
31 26 56 0 0.011 0.0146554 1 
32 26 56 0.0122666 0.031 0.0109075 6 
0 26 57 0 0.044 0.0129337 1 
1 26 57 0 0.005 0.0142599 1 
2 26 57 7.95698e-05 0.002 0.0113883 2 
3 26 57 0 0.024 0.0125847 1 
4 26 57 0.00300313 0.017 0.0187463 1 
5 26 57 0 0.02 0.0132494 1 
6 26 57 0 0.006 0.012834 1 
7 26 57 0.00125903 0.009 0.0143539 2 
8 26 57 0 0.022 0.0130248 1 
9 26 57 0 0.032 0.0137528 1 
10 26 57 0.00600335 0.02 0.0122029 3 
11 26 57 0 0.044 0.0161278 1 
12 26 57 0.00544932 0.025 0.0113744 2 
13 26 57 8.87988e-05 0.037 0.013404 2 
14 26 57 0 0.027 0.0150206 1 
15 26 57 0 0.011 0.0125055 1 
16 26 57 0 0.036 0.0203192 1 
17 26 57 0.0197651 0.014 0.0128173 9 
18 26 57 0 0.043 0.0140495 1 
19 26 57 0.000891875 0.002 0.0155502 3 
20 26 57 0.000600336 0.045 0.0109045 2 
21 26 57 0 0.032 0.0129317 1 
22 26 57 0.00367962 0.024 0.00782606 3 
23 26 57 0 0.004 0.0159633 1 
24 26 57 0 0.025 0.0169311 1 
25 26 57 0.000124254 0.003 0.013785 2 
26 26 57 0 0.007 0.0142987 1 
27 26 57 0 0.023 0.0140991 1 
28 26 57 0 0.005 0.0181164 1 
29 26 57 0 0.025 0.0128921 1 
30 26 57 0.00404303 0.028 0.0143347 4 
31 26 57 0.000817395 0.015 0.0159739 3 
32 26 57 0.00715087 0.019 0.0137689 10 
0 26 58 0.0093686 0.005 0.0156834 14 
1 26 58 0 0.042 0.0170715 1 
2 26 58 0.00121852 0.039 0.0134882 3 
3 26 58 0 0.033 0.0105714 1 
4 26 58 0.000469193 0.048 0.0202285 2 
5 26 58 0 0.025 0.0107398 1 
6 26 58 0 0.035 0.0137906 2 
7 26 58 0.00160093 0.039 0.0142603 2 
8 26 58 0 0.015 0.0154329 1 
9 26 58 0 0.002 0.0132622 1 
10 26 58 0 0.003 0.0131825 4 
11 26 58 0 0.032 0.012298 1 
12 26 58 0 0.031 0.0162458 1 
13 26 58 0 0.023 0.0124021 1 
14 26 58 0 0.005 0.01518 1 
15 26 58 5.13814e-05 0.012 0.0125697 2 
16 26 58 0 0.043 0.0174804 1 
17 26 58 0.00225511 0.024 0.0113471 2 
18 26 58 3.80728e-05 0.007 0.0133992 2 
19 26 58 0.00234754 0.001 0.0149877 6 
20 26 58 0 0.049 0.0118077 1 
21 26 58 0 0.003 0.0145719 1 
22 26 58 0 0.009 0.0130601 1 
23 26 58 0 0.038 0.0169104 1 
24 26 58 0 0.015 0.0170867 1 
25 26 58 0 0.01 0.0130113 1 
26 26 58 0 0.046 0.0140247 1 
27 26 58 0.000870391 0.039 0.0115413 2 
28 26 58 0 0.023 0.0116564 1 
29 26 58 0 0.021 0.0139968 1 
30 26 58 0 0.041 0.0136571 1 
31 26 58 0 0.048 0.011622 1 
32 26 58 0 0.005 0.0123645 1 
0 26 59 0 0.039 0.010692 1 
1 26 59 0.0009804 0.021 0.0146293 3 
2 26 59 0.000925421 0.035 0.0131594 3 
3 26 59 0 0.031 0.011686 1 
4 26 59 0 0.028 0.0143977 1 
5 26 59 0 0.016 0.0137872 1 
6 26 59 0.000122418 0.037 0.00747151 2 
7 26 59 0 0.005 0.0135403 1 
8 26 59 0.00675762 0.007 0.0174637 4 
9 26 59 0 0.049 0.013191 1 
10 26 59 0.000482992 0.02 0.0125405 2 
11 26 59 0 0.041 0.0125893 1 
12 26 59 0 0.012 0.0144155 1 
13 26 59 0.00113243 0.023 0.0154131 2 
14 26 59 0.00785571 0.003 0.0126667 6 
15 26 59 0 0.038 0.0160921 1 
16 26 59 0 0.037 0.0150407 1 
17 26 59 0 0.046 0.0152651 1 
18 26 59 6.53448e-05 0.036 0.0119995 2 
19 26 59 0 0.01 0.011424 1 
20 26 59 0 0.043 0.0132532 1 
21 26 59 0 0.035 0.016637 1 
22 26 59 0 0.045 0.0117281 1 
23 26 59 0.000101306 0.044 0.0140446 2 
24 26 59 0 0.042 0.0155942 1 
25 26 59 0.000319487 0.019 0.0135203 2 
26 26 59 0.0032081 0.047 0.0165264 3 
27 26 59 0.00265625 0.021 0.0149717 5 
28 26 59 0 0.004 0.016018 1 
29 26 59 0 0.015 0.0139716 1 
30 26 59 0 0.01 0.0121502 2 
31 26 59 0 0.036 0.0132803 1 
32 26 59 0.00339106 0.032 0.0108231 2 
0 26 60 0 0.049 0.0152041 1 
1 26 60 0.0115651 0.001 0.0142039 12 
2 26 60 0.000386348 0.039 0.00874205 2 
3 26 60 0 0.024 0.0151891 1 
4 26 60 2.45542e-06 0.003 0.0107376 2 
5 26 60 0.00013821 0.013 0.0132543 2 
6 26 60 0 0.019 0.0181057 1 
7 26 60 0.00394474 0.004 0.0105131 4 
8 26 60 0 0.011 0.0136748 1 
9 26 60 0.00272964 0.045 0.0146771 2 
10 26 60 0 0.033 0.014374 1 
11 26 60 0 0.046 0.0194143 1 
12 26 60 0.00114259 0.002 0.0135098 3 
13 26 60 0.000115954 0.008 0.0120999 2 
14 26 60 0 0.049 0.0115264 1 
15 26 60 0 0.031 0.0171237 1 
16 26 60 0 0.044 0.0170485 1 
17 26 60 0.0123694 0.001 0.0152346 16 
18 26 60 0 0.014 0.0137759 1 
19 26 60 0.000767073 0.023 0.0160581 3 
20 26 60 0.00246651 0.026 0.012653 5 
21 26 60 0 0.012 0.0129172 1 
22 26 60 0 0.038 0.014038 1 
23 26 60 0 0.016 0.0121038 1 
24 26 60 0 0.007 0.0146327 1 
25 26 60 0 0.018 0.00995135 1 
26 26 60 0.000521275 0.028 0.018241 2 
27 26 60 0 0.045 0.0110232 1 
28 26 60 0 0.037 0.0156918 1 
29 26 60 0 0.021 0.0129616 1 
30 26 60 0 0.001 0.0175384 1 
31 26 60 0 0.041 0.0158009 1 
32 26 60 0.000881717 0.049 0.0137536 3 
