0 27 0 0 0.007 0.010793 1 
1 27 0 0 0.04 0.0109056 1 
2 27 0 0 0.038 0.0114273 1 
3 27 0 0.000187746 0.019 0.0108186 2 
4 27 0 0.068595 0.012 0.0103707 4 
5 27 0 0.000792894 0.039 0.0108769 2 
6 27 0 0 0.013 0.0125903 1 
7 27 0 0 0.01 0.00899819 1 
8 27 0 0 0.002 0.00901294 1 
9 27 0 0 0.032 0.0113767 1 
10 27 0 0 0.013 0.0103402 1 
11 27 0 0 0.001 0.00879317 1 
12 27 0 0.000422871 0.012 0.0104253 3 
13 27 0 0.00365045 0.002 0.0122174 6 
14 27 0 0.0293911 0.007 0.010394 32 
15 27 0 0 0.039 0.0118191 2 
16 27 0 0 0.029 0.0112148 1 
17 27 0 0.0146268 0.034 0.0126643 14 
18 27 0 0 0.045 0.0111319 2 
19 27 0 0 0.007 0.0110897 1 
20 27 0 0 0.038 0.0146592 1 
21 27 0 0 0.01 0.0118158 1 
22 27 0 0 0.049 0.0114522 1 
23 27 0 0 0.048 0.00926762 2 
24 27 0 0 0.004 0.00971146 1 
25 27 0 0 0.043 0.0107519 1 
26 27 0 0 0.005 0.0106234 1 
27 27 0 1 0.001 0.0228086 2 
28 27 0 0 0.015 0.0112908 1 
29 27 0 0 0.018 0.0121695 1 
30 27 0 0.00224633 0.024 0.0128513 6 
31 27 0 0 0.003 0.0120696 1 
32 27 0 0 0.023 0.0136797 1 
0 27 1 0 0.032 0.0103428 1 
1 27 1 0.0021188 0.026 0.0076145 3 
2 27 1 0 0.026 0.0115779 1 
3 27 1 0 0.023 0.0108567 1 
4 27 1 0 0.01 0.00988053 1 
5 27 1 0 0.016 0.0114829 1 
6 27 1 0 0.026 0.0124135 1 
7 27 1 0 0.013 0.00938016 1 
8 27 1 0 0.02 0.00913782 1 
9 27 1 0.0084204 0.015 0.0112648 7 
10 27 1 0 0.002 0.0106398 1 
11 27 1 0 0.048 0.00672428 1 
12 27 1 0 0.036 0.0114078 1 
13 27 1 0.000254364 0.021 0.00904861 2 
14 27 1 0 0.008 0.0130858 1 
15 27 1 0 0.02 0.0104907 1 
16 27 1 0.000106962 0.029 0.00847644 2 
17 27 1 0.0364129 0.005 0.0120241 34 
18 27 1 0.0015357 0.049 0.00844161 2 
19 27 1 0.000514314 0.011 0.0104063 6 
20 27 1 0.00119836 0.019 0.00704598 2 
21 27 1 0 0.013 0.0109637 2 
22 27 1 0.0066775 0.002 0.0100769 4 
23 27 1 0 0.014 0.0110207 1 
24 27 1 0 0.039 0.0115508 1 
25 27 1 0 0.045 0.00903048 1 
26 27 1 0.0137852 0.012 0.0116957 15 
27 27 1 0 0.007 0.00767829 1 
28 27 1 0 0.031 0.00901132 1 
29 27 1 0 0.031 0.0115123 1 
30 27 1 0.000707074 0.008 0.00829756 2 
31 27 1 0 0.005 0.0088452 1 
32 27 1 0.0014334 0.032 0.011932 3 
0 27 2 0 0.001 0.0111855 1 
1 27 2 0.00169369 0.037 0.0129308 2 
2 27 2 0.000347196 0.033 0.0129249 3 
3 27 2 3.17587e-05 0.008 0.0101514 2 
4 27 2 0 0.042 0.012311 1 
5 27 2 0 0.012 0.0123718 1 
6 27 2 0 0.042 0.0134172 1 
7 27 2 0.00160748 0.004 0.00771751 6 
8 27 2 0 0.011 0.0133727 1 
9 27 2 0.012458 0.024 0.0096518 11 
10 27 2 0 0.019 0.0104086 1 
11 27 2 0 0.04 0.0131164 2 
12 27 2 0 0.027 0.0141947 1 
13 27 2 0 0.027 0.0134242 1 
14 27 2 0.00784205 0.024 0.0121116 7 
15 27 2 0 0.034 0.0105657 1 
16 27 2 0.000281792 0.028 0.0123623 2 
17 27 2 0.0226431 0.013 0.0105058 23 
18 27 2 0 0.028 0.0129347 2 
19 27 2 0 0.018 0.0103127 1 
20 27 2 0 0.011 0.0118907 1 
21 27 2 0 0.018 0.0104765 1 
22 27 2 0.00641174 0.017 0.0116204 13 
23 27 2 0 0.04 0.0123366 1 
24 27 2 0 0.037 0.01264 1 
25 27 2 0 0.044 0.0138909 1 
26 27 2 0.00255191 0.011 0.0116175 5 
27 27 2 0.00517505 0.029 0.0140941 4 
28 27 2 0 0.021 0.0105405 1 
29 27 2 0.00555807 0.024 0.0127462 2 
30 27 2 0 0.042 0.012844 1 
31 27 2 0 0.011 0.00894055 1 
32 27 2 0.011503 0.007 0.0135513 22 
0 27 3 0 0.005 0.0121222 1 
1 27 3 0 0.019 0.0113342 1 
2 27 3 0 0.002 0.0124968 1 
3 27 3 0 0.035 0.0119196 1 
4 27 3 0 0.019 0.0114747 1 
5 27 3 0.00383755 0.034 0.00979045 6 
6 27 3 0 0.004 0.0108304 1 
7 27 3 0 0.029 0.01011 1 
8 27 3 0 0.025 0.0122458 1 
9 27 3 0.0291004 0.001 0.0113468 55 
10 27 3 0.0010978 0.049 0.00983132 4 
11 27 3 0 0.007 0.0118678 1 
12 27 3 0 0.03 0.0152164 1 
13 27 3 0 0.008 0.00608401 1 
14 27 3 0.00134351 0.016 0.0109413 2 
15 27 3 0 0.026 0.0120281 1 
16 27 3 0 0.019 0.0147197 1 
17 27 3 0 0.023 0.0117602 1 
18 27 3 0.001304 0.019 0.0109376 3 
19 27 3 0.0106155 0.013 0.00973005 8 
20 27 3 0.00233412 0.042 0.0138153 2 
21 27 3 0 0.004 0.00840997 1 
22 27 3 0 0.013 0.0105228 1 
23 27 3 0.00363168 0.041 0.0107536 7 
24 27 3 0 0.024 0.0115085 1 
25 27 3 0 0.037 0.0134108 1 
26 27 3 0 0.017 0.0115016 1 
27 27 3 0.0408217 0.002 0.0110479 71 
28 27 3 0 0.018 0.0108435 1 
29 27 3 0 0.002 0.013339 2 
30 27 3 0.00532391 0.009 0.00883195 12 
31 27 3 0.000177719 0.022 0.00927914 2 
32 27 3 0 0.04 0.0111948 1 
0 27 4 0 0.046 0.0119118 1 
1 27 4 0 0.024 0.010394 1 
2 27 4 0 0.003 0.012296 1 
3 27 4 0 0.02 0.0121253 1 
4 27 4 0.00135386 0.036 0.0100121 5 
5 27 4 0.00107417 0.046 0.00839796 2 
6 27 4 0 0.028 0.012308 1 
7 27 4 0.000282525 0.03 0.00907907 2 
8 27 4 0 0.044 0.0100576 1 
9 27 4 0 0.007 0.0116742 1 
10 27 4 0 0.025 0.00912899 1 
11 27 4 0 0.017 0.0112076 4 
12 27 4 0 0.011 0.0108677 1 
13 27 4 0 0.017 0.0116035 1 
14 27 4 0.00783482 0.007 0.00923068 12 
15 27 4 0 0.015 0.0139417 1 
16 27 4 0 0.018 0.0125621 1 
17 27 4 0 0.032 0.0129121 1 
18 27 4 0 0.017 0.0140425 1 
19 27 4 0 0.031 0.00763408 1 
20 27 4 0.0143457 0.005 0.0101728 16 
21 27 4 0 0.049 0.0120716 2 
22 27 4 0 0.012 0.01236 1 
23 27 4 0 0.031 0.0103523 1 
24 27 4 0 0.032 0.00795486 1 
25 27 4 0 0.032 0.0104269 1 
26 27 4 0 0.039 0.0111469 1 
27 27 4 0.00498026 0.025 0.00984784 4 
28 27 4 0 0.017 0.0112187 1 
29 27 4 0 0.039 0.0126465 1 
30 27 4 9.21676e-06 0.006 0.0108939 2 
31 27 4 0 0.004 0.0108985 1 
32 27 4 0.00220987 0.022 0.0108549 5 
0 27 5 0 0.043 0.0101143 1 
1 27 5 0.00337342 0.041 0.0113 2 
2 27 5 0 0.022 0.00794624 1 
3 27 5 0.000218885 0.019 0.0138401 4 
4 27 5 3.55263e-05 0.032 0.0130018 2 
5 27 5 0.00195732 0.034 0.0108152 2 
6 27 5 0 0.004 0.00965025 1 
7 27 5 0.00270158 0.003 0.0117901 4 
8 27 5 5.35957e-05 0.018 0.00834779 2 
9 27 5 0.00173884 0.009 0.0108975 3 
10 27 5 0 0.019 0.0128771 1 
11 27 5 0.00295014 0.046 0.0113095 3 
12 27 5 0.00111723 0.004 0.0109159 4 
13 27 5 0.000778769 0.024 0.0103725 2 
14 27 5 0 0.007 0.0107666 1 
15 27 5 0.000250293 0.014 0.0122032 2 
16 27 5 0 0.022 0.00972596 1 
17 27 5 0 0.015 0.011371 1 
18 27 5 0 0.004 0.0135616 1 
19 27 5 0.00717701 0.033 0.00993053 3 
20 27 5 0.00152543 0.006 0.0103931 3 
21 27 5 0 0.014 0.0118155 1 
22 27 5 0 0.027 0.014054 1 
23 27 5 0 0.038 0.00867941 1 
24 27 5 0 0.048 0.0118323 1 
25 27 5 0 0.004 0.0103819 1 
26 27 5 0.00327324 0.014 0.0125511 10 
27 27 5 0 0.031 0.00906041 1 
28 27 5 0 0.018 0.0143654 1 
29 27 5 0 0.029 0.0106536 1 
30 27 5 0 0.049 0.0125899 1 
31 27 5 0 0.018 0.0129619 1 
32 27 5 0.000314647 0.013 0.0076467 3 
0 27 6 0.00200931 0.046 0.012618 3 
1 27 6 0 0.012 0.0131732 1 
2 27 6 0 0.029 0.0101086 1 
3 27 6 0 0.022 0.0123584 1 
4 27 6 2.10046e-05 0.006 0.0106169 2 
5 27 6 0 0.033 0.0121988 1 
6 27 6 0 0.017 0.0100182 1 
7 27 6 0.00603999 0.009 0.0109023 5 
8 27 6 0 0.049 0.00804601 1 
9 27 6 0 0.041 0.0129466 1 
10 27 6 0.000873792 0.023 0.0105776 6 
11 27 6 0.000850968 0.025 0.011678 3 
12 27 6 0.0149915 0.007 0.0100459 25 
13 27 6 0 0.007 0.012912 1 
14 27 6 0.00403316 0.045 0.00818096 3 
15 27 6 0 0.02 0.0128701 1 
16 27 6 0.000283977 0.02 0.011129 2 
17 27 6 0 0.047 0.00959996 1 
18 27 6 0 0.029 0.0133085 1 
19 27 6 0.00333818 0.036 0.0131788 5 
20 27 6 0.00340572 0.028 0.0100947 4 
21 27 6 0.00138432 0.025 0.00803169 2 
22 27 6 0 0.005 0.0113947 1 
23 27 6 0.000203731 0.009 0.0100653 2 
24 27 6 0 0.012 0.0110622 1 
25 27 6 0.000343668 0.007 0.0123592 2 
26 27 6 0 0.031 0.00954911 1 
27 27 6 0 0.003 0.0103257 1 
28 27 6 0 0.001 0.0107811 1 
29 27 6 0 0.023 0.0111522 1 
30 27 6 0.00074578 0.023 0.011789 2 
31 27 6 0 0.03 0.0125446 1 
32 27 6 0 0.042 0.012543 1 
0 27 7 0.00108454 0.024 0.0119475 3 
1 27 7 0 0.044 0.0129495 1 
2 27 7 0 0.018 0.0109986 1 
3 27 7 0 0.043 0.0124661 1 
4 27 7 0.000387575 0.049 0.0103095 2 
5 27 7 0 0.039 0.0116057 1 
6 27 7 0 0.035 0.0107099 1 
7 27 7 0.000371192 0.022 0.00865333 3 
8 27 7 0 0.028 0.00981353 1 
9 27 7 0 0.035 0.0111902 1 
10 27 7 5.03857e-05 0.011 0.00755602 2 
11 27 7 0 0.019 0.0114631 1 
12 27 7 0.00383565 0.015 0.011166 6 
13 27 7 0.00590527 0.011 0.00987243 9 
14 27 7 0 0.02 0.0141012 1 
15 27 7 0 0.01 0.012604 1 
16 27 7 0 0.033 0.0138917 1 
17 27 7 0 0.026 0.00999091 1 
18 27 7 0 0.014 0.0115427 1 
19 27 7 0.00651049 0.009 0.010948 9 
20 27 7 0.0003848 0.027 0.0123299 3 
21 27 7 0 0.048 0.00806685 1 
22 27 7 0.000694831 0.002 0.00981616 5 
23 27 7 0.00183032 0.041 0.00897159 7 
24 27 7 0 0.047 0.0120903 1 
25 27 7 0.0409357 0.003 0.00772379 43 
26 27 7 0 0.035 0.010553 1 
27 27 7 0 0.039 0.00922422 1 
28 27 7 0 0.011 0.00908402 1 
29 27 7 0 0.014 0.0106534 1 
30 27 7 0 0.045 0.0111277 1 
31 27 7 0 0.005 0.0105395 1 
32 27 7 0.0083763 0.018 0.0111521 10 
0 27 8 0 0.004 0.011442 1 
1 27 8 0 0.037 0.0117458 1 
2 27 8 0 0.025 0.0135604 2 
3 27 8 0 0.024 0.0116233 1 
4 27 8 0 0.043 0.0122024 1 
5 27 8 0 0.019 0.0130573 1 
6 27 8 0 0.002 0.013159 1 
7 27 8 0 0.032 0.0109975 1 
8 27 8 0 0.041 0.0128876 1 
9 27 8 0 0.038 0.00943367 1 
10 27 8 8.68613e-05 0.039 0.0101637 2 
11 27 8 0 0.025 0.0122459 1 
12 27 8 4.76448e-05 0.006 0.010693 2 
13 27 8 0.0027302 0.043 0.0099358 2 
14 27 8 0.00627514 0.006 0.0146642 5 
15 27 8 0 0.008 0.012056 1 
16 27 8 0 0.038 0.00961586 1 
17 27 8 0 0.049 0.0126458 1 
18 27 8 0.000277442 0.01 0.0149055 2 
19 27 8 0 0.019 0.00973788 1 
20 27 8 0 0.041 0.0105217 1 
21 27 8 0.00212896 0.047 0.0106508 3 
22 27 8 0.000371299 0.007 0.0117813 2 
23 27 8 0 0.034 0.0116041 1 
24 27 8 0 0.027 0.0100347 1 
25 27 8 0.000558334 0.033 0.00925949 5 
26 27 8 0.00270451 0.008 0.00995666 2 
27 27 8 0.00370614 0.001 0.0101785 3 
28 27 8 0 0.031 0.0116805 1 
29 27 8 0 0.039 0.0111267 1 
30 27 8 0.0364527 0.002 0.0108315 39 
31 27 8 0 0.031 0.0104159 1 
32 27 8 0.0027544 0.001 0.0111061 2 
0 27 9 0.00634885 0.039 0.00980252 7 
1 27 9 0 0.049 0.0114571 1 
2 27 9 0 0.04 0.0113244 1 
3 27 9 0.00942982 0.012 0.0111501 17 
4 27 9 0 0.028 0.0120172 1 
5 27 9 0.00143351 0.008 0.0107936 5 
6 27 9 0 0.042 0.0126092 1 
7 27 9 0 0.007 0.0105166 1 
8 27 9 0.000134473 0.025 0.010786 2 
9 27 9 0.00662772 0.012 0.0127326 3 
10 27 9 0.000497878 0.004 0.0100732 4 
11 27 9 0 0.042 0.0115668 1 
12 27 9 0 0.008 0.00961905 1 
13 27 9 0 0.003 0.00979511 1 
14 27 9 0.0011809 0.001 0.01162 2 
15 27 9 0 0.033 0.00935093 1 
16 27 9 0 0.028 0.0135229 1 
17 27 9 0 0.046 0.0113126 1 
18 27 9 0 0.018 0.00900653 1 
19 27 9 0 0.03 0.00989714 1 
20 27 9 0.00132844 0.013 0.0106276 2 
21 27 9 0 0.032 0.0122701 1 
22 27 9 0.0463785 0.001 0.0114984 74 
23 27 9 0.000463696 0.01 0.0129157 2 
24 27 9 0 0.001 0.0118647 1 
25 27 9 0.0257685 0.008 0.0115538 26 
26 27 9 0 0.019 0.0119888 1 
27 27 9 0 0.004 0.0109042 1 
28 27 9 0 0.015 0.0114211 1 
29 27 9 0 0.044 0.0103924 1 
30 27 9 0 0.01 0.0119642 1 
31 27 9 0.000927981 0.021 0.0124792 5 
32 27 9 0 0.015 0.0108879 1 
0 27 10 0 0.046 0.00923024 1 
1 27 10 0.0352908 0.002 0.0112476 56 
2 27 10 0 0.027 0.0139404 1 
3 27 10 0.00440169 0.049 0.0103397 2 
4 27 10 2.04874e-05 0.039 0.0117775 2 
5 27 10 0 0.033 0.0120961 1 
6 27 10 0 0.035 0.0134042 1 
7 27 10 0 0.006 0.0115127 1 
8 27 10 0 0.02 0.0129775 1 
9 27 10 0 0.008 0.0103375 1 
10 27 10 0 0.039 0.00957948 1 
11 27 10 0.0014341 0.016 0.00959767 3 
12 27 10 0 0.026 0.0123126 1 
13 27 10 0 0.049 0.012367 1 
14 27 10 0.00204744 0.005 0.00989057 2 
15 27 10 0 0.046 0.0119073 1 
16 27 10 0 0.001 0.0111276 1 
17 27 10 0.058718 0.003 0.0126849 68 
18 27 10 0 0.009 0.0104662 1 
19 27 10 0.00157701 0.011 0.0116596 2 
20 27 10 0.00507505 0.007 0.0125302 2 
21 27 10 0 0.046 0.0116436 1 
22 27 10 0.00949908 0.016 0.0110487 10 
23 27 10 0.00066021 0.048 0.0104924 4 
24 27 10 0 0.038 0.0112994 1 
25 27 10 0 0.035 0.0105289 1 
26 27 10 0.0117918 0.018 0.012047 17 
27 27 10 0 0.037 0.0125676 1 
28 27 10 0 0.009 0.012243 1 
29 27 10 0 0.028 0.0147327 1 
30 27 10 0 0.021 0.0125987 1 
31 27 10 0.000929376 0.032 0.0125565 2 
32 27 10 0.00237565 0.004 0.00992204 2 
0 27 11 0.0131521 0.012 0.00950063 17 
1 27 11 0 0.019 0.00964252 1 
2 27 11 0.000320591 0.045 0.0104415 2 
3 27 11 0.00966114 0.015 0.0105499 20 
4 27 11 0.000305763 0.044 0.00829607 2 
5 27 11 0.00193109 0.042 0.00862904 2 
6 27 11 0.000206104 0.037 0.0120763 2 
7 27 11 0 0.013 0.009807 1 
8 27 11 0 0.005 0.011613 1 
9 27 11 0.00345654 0.004 0.0120726 8 
10 27 11 5.48552e-06 0.017 0.011529 2 
11 27 11 0.000329108 0.011 0.00803256 4 
12 27 11 0 0.02 0.0108133 1 
13 27 11 0.0150316 0.013 0.010925 22 
14 27 11 0.0412417 0.007 0.0126098 39 
15 27 11 0 0.014 0.00997784 1 
16 27 11 0 0.017 0.0106211 1 
17 27 11 0.020385 0.014 0.00923152 15 
18 27 11 0 0.037 0.0115646 1 
19 27 11 0 0.007 0.00874868 1 
20 27 11 0.0101487 0.023 0.0114847 6 
21 27 11 0.00173193 0.009 0.011175 2 
22 27 11 0 0.009 0.0150231 1 
23 27 11 0 0.025 0.0129355 1 
24 27 11 0 0.016 0.00958969 1 
25 27 11 0 0.041 0.00801511 1 
26 27 11 0.0107042 0.008 0.0093523 13 
27 27 11 0.00474425 0.045 0.0100933 2 
28 27 11 0 0.022 0.0126189 1 
29 27 11 0.000328006 0.03 0.00958721 2 
30 27 11 0 0.038 0.0127953 1 
31 27 11 0.000683879 0.003 0.00722047 2 
32 27 11 0.000322932 0.007 0.0117696 2 
0 27 12 0.0135355 0.026 0.00889638 17 
1 27 12 0 0.006 0.00755241 1 
2 27 12 0 0.024 0.00997471 1 
3 27 12 0.00752834 0.015 0.0127013 8 
4 27 12 0 0.033 0.0116963 1 
5 27 12 0 0.032 0.0133386 1 
6 27 12 0 0.003 0.0120479 1 
7 27 12 0.0118423 0.002 0.0116229 18 
8 27 12 0 0.034 0.0134557 1 
9 27 12 0.000623134 0.003 0.0099392 4 
10 27 12 0 0.044 0.0127026 1 
11 27 12 0.00253901 0.03 0.0103966 3 
12 27 12 0.00459876 0.004 0.0106188 8 
13 27 12 0.00568462 0.003 0.0111063 5 
14 27 12 0.0061553 0.043 0.0125001 4 
15 27 12 0 0.003 0.0110364 1 
16 27 12 0.000286207 0.019 0.00637092 2 
17 27 12 0 0.005 0.00903521 1 
18 27 12 0.0014315 0.011 0.0143165 3 
19 27 12 0 0.03 0.00990327 1 
20 27 12 0.000770316 0.043 0.00933589 2 
21 27 12 0 0.028 0.0100618 1 
22 27 12 0 0.043 0.0102867 1 
23 27 12 0 0.04 0.010305 1 
24 27 12 0 0.029 0.0155412 1 
25 27 12 0 0.04 0.0104545 1 
26 27 12 0 0.033 0.00926798 1 
27 27 12 0 0.025 0.0119315 1 
28 27 12 0 0.003 0.0122471 1 
29 27 12 0 0.007 0.0120046 1 
30 27 12 0.00647688 0.003 0.00844694 20 
31 27 12 0 0.008 0.00954935 1 
32 27 12 0.000221501 0.003 0.00882247 2 
0 27 13 0 0.048 0.0119012 1 
1 27 13 0 0.014 0.00905906 1 
2 27 13 0.00144075 0.046 0.0103911 3 
3 27 13 0.00292701 0.044 0.0106137 2 
4 27 13 0 0.026 0.0135661 1 
5 27 13 0 0.036 0.0123121 1 
6 27 13 0 0.016 0.0136038 1 
7 27 13 0.00543789 0.005 0.0102695 6 
8 27 13 0 0.044 0.0140349 1 
9 27 13 0 0.004 0.0105303 1 
10 27 13 7.19368e-05 0.043 0.0100074 4 
11 27 13 0.00145071 0.023 0.0131936 3 
12 27 13 5.00156e-05 0.006 0.0114021 2 
13 27 13 0.00488142 0.034 0.00923099 6 
14 27 13 0.00485035 0.047 0.0107172 2 
15 27 13 0 0.011 0.0130018 1 
16 27 13 0 0.035 0.0135563 1 
17 27 13 0.00699065 0.026 0.0127177 8 
18 27 13 0.00147064 0.007 0.00857757 3 
19 27 13 0.000974185 0.017 0.0100095 2 
20 27 13 0 0.024 0.00800968 1 
21 27 13 0 0.003 0.0121215 1 
22 27 13 0.022096 0.024 0.0102789 17 
23 27 13 0 0.006 0.0106917 1 
24 27 13 0 0.042 0.0120961 1 
25 27 13 0 0.031 0.01016 1 
26 27 13 0 0.021 0.0114978 1 
27 27 13 0 0.039 0.0113963 1 
28 27 13 0 0.013 0.0104506 1 
29 27 13 0 0.014 0.0109531 1 
30 27 13 0.0207206 0.002 0.0119485 22 
31 27 13 0.00148361 0.041 0.00825001 5 
32 27 13 0 0.003 0.0124007 1 
0 27 14 0 0.037 0.0118727 1 
1 27 14 0.00385751 0.017 0.00980633 6 
2 27 14 0.000580536 0.027 0.0101894 3 
3 27 14 0 0.044 0.0100684 1 
4 27 14 0 0.022 0.0106529 1 
5 27 14 0 0.024 0.0119327 1 
6 27 14 0 0.042 0.0124144 1 
7 27 14 0.00816521 0.012 0.00764807 9 
8 27 14 0 0.011 0.0131204 1 
9 27 14 0 0.008 0.0132217 1 
10 27 14 0 0.008 0.0140718 1 
11 27 14 0 0.005 0.0107905 1 
12 27 14 0 0.017 0.0102451 1 
13 27 14 0.000773311 0.003 0.0127179 5 
14 27 14 0 0.044 0.01043 1 
15 27 14 0 0.001 0.0102237 1 
16 27 14 0 0.007 0.0119751 1 
17 27 14 0.0201192 0.008 0.0139611 38 
18 27 14 0.00155457 0.007 0.00949192 3 
19 27 14 0.00100019 0.001 0.00878075 4 
20 27 14 0 0.028 0.0118683 1 
21 27 14 0 0.03 0.0122567 1 
22 27 14 0 0.024 0.0113247 1 
23 27 14 0.00375524 0.009 0.00846416 8 
24 27 14 0 0.034 0.0107839 1 
25 27 14 0.00263671 0.027 0.0101737 3 
26 27 14 0.00779586 0.014 0.0127538 9 
27 27 14 0.0154631 0.011 0.0104729 22 
28 27 14 0 0.028 0.0129671 1 
29 27 14 0 0.025 0.00997684 1 
30 27 14 0 0.01 0.00698312 1 
31 27 14 0.000584551 0.026 0.00739898 2 
32 27 14 0 0.022 0.0102143 1 
0 27 15 0.00318835 0.003 0.0123533 16 
1 27 15 0.00438575 0.025 0.0103362 11 
2 27 15 0.00160691 0.047 0.0121547 3 
3 27 15 0.00848894 0.002 0.00908446 11 
4 27 15 0 0.045 0.0119227 1 
5 27 15 0 0.02 0.00987397 1 
6 27 15 0 0.043 0.0102476 1 
7 27 15 0 0.006 0.00868621 1 
8 27 15 0 0.026 0.0129367 1 
9 27 15 0 0.007 0.0104506 1 
10 27 15 0 0.013 0.020401 1 
11 27 15 0 0.033 0.00827899 1 
12 27 15 0.000901939 0.032 0.00848981 2 
13 27 15 0 0.014 0.0111615 1 
14 27 15 0.0420148 0.001 0.0125162 59 
15 27 15 0 0.03 0.0105509 1 
16 27 15 0 0.04 0.0139304 1 
17 27 15 0 0.017 0.0109755 1 
18 27 15 0.000295871 0.022 0.0130706 4 
19 27 15 0.00227249 0.001 0.0124835 2 
20 27 15 1.59461e-05 0.014 0.00891514 3 
21 27 15 0 0.022 0.00916414 1 
22 27 15 3.28654e-05 0.008 0.0140038 3 
23 27 15 0 0.003 0.00880217 1 
24 27 15 0 0.046 0.0103101 1 
25 27 15 0.00167302 0.003 0.012382 3 
26 27 15 0 0.031 0.0111018 1 
27 27 15 0.000128225 0.003 0.0127002 4 
28 27 15 0 0.041 0.012446 1 
29 27 15 0 0.004 0.014136 1 
30 27 15 0.0189069 0.01 0.0110071 21 
31 27 15 0 0.012 0.0117847 1 
32 27 15 1.2686e-05 0.009 0.0106652 2 
0 27 16 0 0.003 0.0133955 1 
1 27 16 0 0.024 0.00938311 1 
2 27 16 0 0.006 0.011694 1 
3 27 16 0 0.02 0.0124987 1 
4 27 16 0 0.043 0.00885635 1 
5 27 16 0 0.042 0.0101492 1 
6 27 16 0.000204561 0.001 0.0135319 2 
7 27 16 0 0.039 0.00698767 1 
8 27 16 0 0.019 0.0110978 1 
9 27 16 0.00024237 0.001 0.00996873 2 
10 27 16 0 0.015 0.0133053 1 
11 27 16 0 0.015 0.0132312 1 
12 27 16 0.00293915 0.023 0.0115994 3 
13 27 16 0.00230183 0.012 0.00976859 6 
14 27 16 0 0.01 0.0116643 1 
15 27 16 0 0.043 0.0123682 1 
16 27 16 0 0.02 0.0105834 1 
17 27 16 0 0.028 0.0120797 1 
18 27 16 0.000892003 0.043 0.00964328 3 
19 27 16 0 0.026 0.0103737 1 
20 27 16 6.989e-06 0.003 0.00920014 2 
21 27 16 0 0.019 0.0113345 2 
22 27 16 0 0.002 0.0101973 1 
23 27 16 0 0.016 0.0096801 1 
24 27 16 0 0.012 0.0144169 1 
25 27 16 0 0.037 0.00935214 1 
26 27 16 0 0.018 0.0107918 1 
27 27 16 0 0.035 0.0113144 1 
28 27 16 0 0.039 0.00951884 1 
29 27 16 0.000252126 0.048 0.00958844 4 
30 27 16 0.0212804 0.014 0.0123549 28 
31 27 16 0.00450591 0.04 0.0102761 7 
32 27 16 0 0.002 0.00900325 1 
0 27 17 0 0.029 0.0118402 1 
1 27 17 0 0.028 0.0129715 1 
2 27 17 0 0.019 0.010882 1 
3 27 17 0 0.028 0.00948257 1 
4 27 17 0 0.017 0.0123757 1 
5 27 17 0 0.015 0.00930431 1 
6 27 17 0.000288255 0.048 0.0116492 2 
7 27 17 0 0.025 0.0111257 1 
8 27 17 0.00522333 0.014 0.00879798 4 
9 27 17 0 0.025 0.0128016 1 
10 27 17 0 0.004 0.0096338 1 
11 27 17 0 0.007 0.0140786 1 
12 27 17 0.0179025 0.008 0.0113256 32 
13 27 17 0 0.006 0.0103943 1 
14 27 17 0.0128642 0.012 0.0127098 22 
15 27 17 0 0.006 0.0126817 1 
16 27 17 0 0.025 0.0116993 1 
17 27 17 0 0.041 0.0103167 1 
18 27 17 0.00172723 0.043 0.0120221 3 
19 27 17 0 0.044 0.00774588 1 
20 27 17 0 0.012 0.0113857 1 
21 27 17 0.000443861 0.011 0.00799038 2 
22 27 17 0 0.031 0.0100105 1 
23 27 17 0 0.04 0.0133266 1 
24 27 17 0 0.018 0.0124253 1 
25 27 17 0 0.037 0.0125029 1 
26 27 17 0 0.036 0.00997495 1 
27 27 17 0.00088022 0.002 0.0115688 2 
28 27 17 0.00173481 0.012 0.0102048 3 
29 27 17 0 0.046 0.0118613 1 
30 27 17 0.00113411 0.001 0.0125348 2 
31 27 17 0 0.019 0.00928489 1 
32 27 17 0 0.018 0.00979992 1 
0 27 18 0.0285516 0.006 0.0154444 37 
1 27 18 0.00223219 0.011 0.00904347 3 
2 27 18 0 0.02 0.0108181 1 
3 27 18 0.00685791 0.033 0.0109463 14 
4 27 18 0 0.027 0.0129052 1 
5 27 18 0 0.019 0.0101451 1 
6 27 18 0 0.022 0.0105859 1 
7 27 18 0.00532786 0.009 0.0111056 5 
8 27 18 0.00347463 0.022 0.0105663 5 
9 27 18 0 0.012 0.0109875 1 
10 27 18 0 0.001 0.0166065 1 
11 27 18 0 0.039 0.0119812 1 
12 27 18 0.000610025 0.014 0.0107461 3 
13 27 18 0.00106015 0.02 0.0106073 5 
14 27 18 0 0.028 0.0140452 1 
15 27 18 0.000289166 0.005 0.0106472 2 
16 27 18 0 0.009 0.0109286 1 
17 27 18 0.0139261 0.016 0.0125836 22 
18 27 18 0 0.005 0.0119524 1 
19 27 18 0.000428687 0.008 0.00817358 2 
20 27 18 0 0.026 0.0120758 1 
21 27 18 0 0.001 0.0111561 1 
22 27 18 0 0.044 0.0108056 1 
23 27 18 0.00312254 0.023 0.011118 2 
24 27 18 0 0.013 0.0120761 1 
25 27 18 0.00385529 0.049 0.0109997 4 
26 27 18 0.00108714 0.034 0.00810206 3 
27 27 18 0.00296669 0.041 0.0116291 3 
28 27 18 0.00634489 0.046 0.010964 2 
29 27 18 0 0.042 0.0105063 1 
30 27 18 0.00324802 0.002 0.0159271 5 
31 27 18 0 0.037 0.0117293 1 
32 27 18 0.00735094 0.041 0.00907071 6 
0 27 19 0.000840214 0.002 0.00951975 2 
1 27 19 0.00315455 0.027 0.0119521 3 
2 27 19 0 0.007 0.012968 1 
3 27 19 1.71173e-05 0.01 0.0105456 2 
4 27 19 0 0.04 0.0140463 1 
5 27 19 0 0.03 0.00945789 1 
6 27 19 0 0.015 0.0142233 1 
7 27 19 0.00174835 0.009 0.010286 3 
8 27 19 0.00247217 0.01 0.00994904 2 
9 27 19 0.00113983 0.019 0.00996111 2 
10 27 19 0 0.034 0.0119268 1 
11 27 19 0 0.025 0.0112471 1 
12 27 19 9.56044e-05 0.014 0.0120777 2 
13 27 19 0.00586701 0.001 0.0122156 10 
14 27 19 0 0.023 0.00979878 1 
15 27 19 0 0.003 0.00944076 1 
16 27 19 0 0.014 0.0144679 1 
17 27 19 0 0.008 0.0128434 1 
18 27 19 0 0.002 0.0103871 1 
19 27 19 0.000301245 0.017 0.0108196 2 
20 27 19 0 0.003 0.00892033 1 
21 27 19 0 0.02 0.0125876 1 
22 27 19 0 0.025 0.0120701 1 
23 27 19 0 0.014 0.0103807 1 
24 27 19 0 0.007 0.0116349 1 
25 27 19 0 0.009 0.0114643 1 
26 27 19 0 0.046 0.0101369 1 
27 27 19 0.0116754 0.002 0.0100286 18 
28 27 19 0.00690061 0.012 0.00803204 2 
29 27 19 0 0.016 0.010051 1 
30 27 19 0 0.017 0.0108336 1 
31 27 19 0.00128786 0.015 0.0108418 5 
32 27 19 0.00859084 0.016 0.00994298 9 
0 27 20 0 0.036 0.00968722 1 
1 27 20 0.000605633 0.033 0.0101176 5 
2 27 20 0 0.047 0.0166468 1 
3 27 20 0 0.038 0.00844967 1 
4 27 20 0.00051633 0.04 0.0106937 2 
5 27 20 0 0.014 0.0112972 1 
6 27 20 0 0.008 0.0145166 1 
7 27 20 0.00871265 0.001 0.013261 13 
8 27 20 0.000231231 0.028 0.0101884 3 
9 27 20 0 0.049 0.0111431 1 
10 27 20 0 0.019 0.0123428 1 
11 27 20 0.000773801 0.049 0.00997593 2 
12 27 20 0 0.042 0.0101684 1 
13 27 20 0 0.018 0.0133733 1 
14 27 20 0 0.019 0.0131189 1 
15 27 20 0 0.028 0.0124648 1 
16 27 20 0 0.023 0.00972835 1 
17 27 20 0 0.022 0.00970988 1 
18 27 20 0 0.021 0.0120844 1 
19 27 20 9.04465e-05 0.002 0.00946203 2 
20 27 20 0.00180085 0.004 0.0111445 6 
21 27 20 0 0.021 0.0105336 1 
22 27 20 0.00494598 0.019 0.0116801 7 
23 27 20 0.00172315 0.035 0.00935218 2 
24 27 20 0.000339716 0.025 0.00825748 2 
25 27 20 0.00984995 0.011 0.0110521 14 
26 27 20 0.000839325 0.017 0.00888282 5 
27 27 20 0.00428371 0.019 0.0116555 5 
28 27 20 0.000339716 0.047 0.00916836 2 
29 27 20 0 0.011 0.00839735 1 
30 27 20 0.0154794 0.01 0.0118728 18 
31 27 20 0 0.034 0.0113851 1 
32 27 20 0.000331037 0.02 0.0126812 2 
0 27 21 0.00988057 0.009 0.0120824 23 
1 27 21 0.00227786 0.026 0.0116361 6 
2 27 21 0 0.009 0.0114109 1 
3 27 21 0.00797367 0.016 0.0120381 5 
4 27 21 0.00109037 0.025 0.0117155 2 
5 27 21 0 0.019 0.011812 1 
6 27 21 0.000410287 0.034 0.00986538 2 
7 27 21 3.24126e-06 0.008 0.0106667 2 
8 27 21 0 0.016 0.0111006 1 
9 27 21 0 0.026 0.0108582 1 
10 27 21 0 0.031 0.0136624 1 
11 27 21 0.000386254 0.009 0.011273 2 
12 27 21 0.000324127 0.012 0.00930208 2 
13 27 21 2.17766e-05 0.049 0.0121064 2 
14 27 21 0 0.005 0.0123042 1 
15 27 21 0 0.03 0.0137741 1 
16 27 21 0 0.002 0.0093756 1 
17 27 21 0.0416245 0.001 0.0153897 72 
18 27 21 0.00162884 0.045 0.0101159 3 
19 27 21 0 0.042 0.00970807 1 
20 27 21 0 0.007 0.0119287 1 
21 27 21 0 0.014 0.0122312 1 
22 27 21 0.00945737 0.007 0.00999288 13 
23 27 21 0 0.01 0.0137978 1 
24 27 21 0 0.012 0.0114148 1 
25 27 21 0 0.047 0.0097544 1 
26 27 21 0 0.005 0.0130483 1 
27 27 21 0 0.03 0.0111023 1 
28 27 21 0.00666205 0.026 0.00800396 2 
29 27 21 0 0.031 0.0140623 1 
30 27 21 0.00180069 0.019 0.0106482 4 
31 27 21 0 0.047 0.0104459 1 
32 27 21 0 0.035 0.00889377 1 
0 27 22 0.0226225 0.009 0.0108014 34 
1 27 22 0 0.03 0.0151647 1 
2 27 22 0.000333032 0.007 0.0131603 2 
3 27 22 0.00993977 0.003 0.0143986 24 
4 27 22 0 0.018 0.00927128 1 
5 27 22 0 0.018 0.0140407 1 
6 27 22 0 0.027 0.0116846 1 
7 27 22 0.00492194 0.029 0.0106578 4 
8 27 22 0 0.03 0.0111912 1 
9 27 22 0 0.039 0.0112447 1 
10 27 22 0 0.039 0.0125065 1 
11 27 22 0.000965367 0.043 0.0104892 2 
12 27 22 0 0.044 0.0132678 1 
13 27 22 0.000280062 0.008 0.0100606 2 
14 27 22 0 0.006 0.0096239 1 
15 27 22 0 0.015 0.0118542 1 
16 27 22 0 0.01 0.0125654 1 
17 27 22 0 0.047 0.00879641 1 
18 27 22 0 0.033 0.00882471 1 
19 27 22 0.0184332 0.005 0.00727101 27 
20 27 22 0.00107235 0.043 0.00816108 2 
21 27 22 0 0.018 0.0114669 1 
22 27 22 0 0.021 0.0117667 1 
23 27 22 0 0.008 0.0104325 1 
24 27 22 0.000340714 0.005 0.0115639 2 
25 27 22 0.0145401 0.011 0.0100621 26 
26 27 22 0.00668186 0.005 0.0104291 12 
27 27 22 0.00624695 0.027 0.0084908 2 
28 27 22 0.000340714 0.032 0.0129627 2 
29 27 22 0 0.005 0.0110975 1 
30 27 22 0 0.021 0.0129792 1 
31 27 22 0 0.026 0.0111229 1 
32 27 22 0.00360322 0.016 0.00887438 16 
0 27 23 0.0400599 0.001 0.0100955 60 
1 27 23 0.00098817 0.005 0.0107033 2 
2 27 23 0 0.036 0.0106198 1 
3 27 23 0 0.034 0.00941873 1 
4 27 23 9.78767e-05 0.049 0.0134395 2 
5 27 23 0 0.017 0.00998659 1 
6 27 23 0 0.016 0.00922119 1 
7 27 23 0.000224933 0.004 0.0120468 2 
8 27 23 0 0.035 0.0119107 1 
9 27 23 0 0.049 0.0101287 1 
10 27 23 0.00247255 0.044 0.010508 3 
11 27 23 0 0.023 0.00804184 1 
12 27 23 0.00472802 0.023 0.00945978 9 
13 27 23 0.000990724 0.046 0.00939432 2 
14 27 23 0 0.02 0.014304 1 
15 27 23 0 0.041 0.0146516 1 
16 27 23 0 0.029 0.010422 1 
17 27 23 0.027686 0.007 0.00936468 41 
18 27 23 0.000379291 0.011 0.014295 2 
19 27 23 0 0.022 0.0136786 1 
20 27 23 0.00412394 0.007 0.0109087 7 
21 27 23 0 0.032 0.0112187 1 
22 27 23 0 0.033 0.0113147 1 
23 27 23 0.000509144 0.019 0.0108393 3 
24 27 23 0 0.036 0.0110123 1 
25 27 23 0 0.028 0.0110328 1 
26 27 23 0 0.041 0.0117246 1 
27 27 23 0 0.031 0.0125143 1 
28 27 23 0 0.004 0.00839162 1 
29 27 23 0.00178116 0.009 0.0108709 3 
30 27 23 0 0.035 0.0117877 1 
31 27 23 0 0.048 0.00731086 1 
32 27 23 0.00194039 0.044 0.00968591 2 
0 27 24 0 0.046 0.00962033 1 
1 27 24 0.0101253 0.014 0.0121141 17 
2 27 24 1.34905e-08 0.044 0.00981303 2 
3 27 24 0 0.018 0.0104416 1 
4 27 24 0 0.041 0.0127109 1 
5 27 24 0 0.004 0.014472 1 
6 27 24 0 0.032 0.0100522 1 
7 27 24 0 0.039 0.0110037 1 
8 27 24 0 0.045 0.0112196 1 
9 27 24 0.000765769 0.014 0.0107536 2 
10 27 24 0 0.02 0.0156951 1 
11 27 24 0.000334169 0.036 0.0125286 2 
12 27 24 0 0.01 0.0103097 1 
13 27 24 0 0.001 0.0107024 1 
14 27 24 0 0.047 0.00968918 1 
15 27 24 0 0.027 0.0114135 1 
16 27 24 0 0.046 0.011819 1 
17 27 24 0 0.018 0.0121287 1 
18 27 24 0.000341768 0.003 0.0121786 2 
19 27 24 0.000553299 0.029 0.00825633 3 
20 27 24 0 0.035 0.0104021 1 
21 27 24 0 0.02 0.0107702 1 
22 27 24 0 0.025 0.0117357 1 
23 27 24 0 0.046 0.0119744 1 
24 27 24 0 0.006 0.0124785 1 
25 27 24 0 0.02 0.0127299 1 
26 27 24 0.00288793 0.014 0.0104737 6 
27 27 24 0 0.037 0.0103655 1 
28 27 24 0.000341768 0.043 0.0106678 2 
29 27 24 0.00164259 0.039 0.0151361 3 
30 27 24 0.0036031 0.012 0.00917927 6 
31 27 24 0 0.039 0.0123899 1 
32 27 24 0.0243118 0.016 0.0122494 22 
0 27 25 0.0118736 0.04 0.00911832 6 
1 27 25 0 0.001 0.0101918 1 
2 27 25 0 0.012 0.0129222 1 
3 27 25 0 0.017 0.0126917 1 
4 27 25 0 0.039 0.00987253 1 
5 27 25 0 0.047 0.00856899 1 
6 27 25 0 0.04 0.0111184 1 
7 27 25 0 0.015 0.0108744 1 
8 27 25 0 0.001 0.0112284 1 
9 27 25 0 0.018 0.0136458 1 
10 27 25 2.11647e-05 0.04 0.0089089 2 
11 27 25 0.000388144 0.016 0.0102791 2 
12 27 25 0.0187801 0.004 0.00901839 33 
13 27 25 0.00316823 0.001 0.00982977 2 
14 27 25 0.0197794 0.018 0.0107042 19 
15 27 25 0 0.006 0.0119493 1 
16 27 25 0 0.027 0.0117982 1 
17 27 25 0 0.001 0.00995289 1 
18 27 25 0 0.004 0.0122978 1 
19 27 25 0 0.027 0.0107682 1 
20 27 25 0 0.032 0.00968944 1 
21 27 25 0 0.021 0.0100779 1 
22 27 25 0.00541479 0.034 0.0113047 6 
23 27 25 0 0.025 0.00930284 1 
24 27 25 0.000380304 0.037 0.0131169 2 
25 27 25 0.0103167 0.041 0.0106819 7 
26 27 25 0 0.013 0.0108346 1 
27 27 25 0.00143335 0.002 0.0126549 5 
28 27 25 0 0.028 0.00776471 1 
29 27 25 0 0.03 0.0124193 1 
30 27 25 7.41336e-05 0.004 0.00769007 2 
31 27 25 0 0.01 0.00783366 1 
32 27 25 0 0.028 0.00964652 1 
0 27 26 0 0.023 0.011133 1 
1 27 26 0 0.007 0.0140535 1 
2 27 26 0.00033525 0.008 0.0129225 2 
3 27 26 0.00158361 0.01 0.00935286 6 
4 27 26 8.5773e-05 0.019 0.0103481 2 
5 27 26 0.000267702 0.021 0.00933796 2 
6 27 26 0 0.02 0.013053 1 
7 27 26 0.000163704 0.001 0.0111714 3 
8 27 26 0.00034956 0.003 0.0091199 4 
9 27 26 0 0.01 0.0118648 1 
10 27 26 0 0.038 0.0122611 1 
11 27 26 0 0.007 0.0113329 1 
12 27 26 0.00872772 0.034 0.0110804 6 
13 27 26 0 0.048 0.0119876 1 
14 27 26 0 0.008 0.0138028 1 
15 27 26 0 0.038 0.0117994 1 
16 27 26 0 0.042 0.0140803 1 
17 27 26 0.00665983 0.039 0.0110356 4 
18 27 26 0.000342765 0.038 0.011164 2 
19 27 26 0 0.031 0.0126225 1 
20 27 26 0.00178509 0.009 0.0103115 6 
21 27 26 0 0.019 0.0120301 1 
22 27 26 0.00026141 0.024 0.0101792 2 
23 27 26 0 0.041 0.0114602 1 
24 27 26 0 0.034 0.00880894 1 
25 27 26 0 0.012 0.0120882 1 
26 27 26 0 0.015 0.0110475 1 
27 27 26 0.00698879 0.012 0.01159 9 
28 27 26 0 0.026 0.0131137 1 
29 27 26 0 0.017 0.0145754 1 
30 27 26 0.00986725 0.022 0.0157003 11 
31 27 26 0.000879802 0.047 0.0113859 4 
32 27 26 0 0.005 0.0114753 1 
0 27 27 0 0.008 0.011355 1 
1 27 27 0 0.01 0.0119214 1 
2 27 27 0 0.012 0.0106825 1 
3 27 27 0 0.033 0.0118909 1 
4 27 27 0 0.027 0.00894383 1 
5 27 27 0 0.004 0.0109864 1 
6 27 27 0.000412324 0.007 0.0122107 2 
7 27 27 0.00033389 0.041 0.0121145 2 
8 27 27 0.00204321 0.009 0.0140171 6 
9 27 27 0 0.023 0.0123749 1 
10 27 27 0 0.031 0.0115706 1 
11 27 27 0 0.049 0.0127801 1 
12 27 27 0 0.003 0.0114106 1 
13 27 27 0 0.042 0.00850882 1 
14 27 27 0 0.001 0.011524 1 
15 27 27 0 0.037 0.0136309 1 
16 27 27 0 0.045 0.0111011 1 
17 27 27 0.00604622 0.027 0.0109957 4 
18 27 27 0 0.019 0.0117538 1 
19 27 27 0.00359055 0.017 0.0133206 7 
20 27 27 0 0.022 0.0113551 1 
21 27 27 0 0.019 0.0103111 1 
22 27 27 0.000257811 0.007 0.0100924 2 
23 27 27 0.00894139 0.04 0.00816824 6 
24 27 27 0 0.009 0.00781753 1 
25 27 27 0 0.026 0.0102698 1 
26 27 27 0.000607197 0.01 0.00996771 3 
27 27 27 0 0.044 0.00958574 1 
28 27 27 0.000381311 0.003 0.0114267 2 
29 27 27 0 0.001 0.0100033 1 
30 27 27 0.00103 0.019 0.0142927 3 
31 27 27 0 0.045 0.0130481 1 
32 27 27 0.00934947 0.027 0.0123026 7 
0 27 28 0.008542 0.012 0.00923288 8 
1 27 28 0 0.046 0.0106873 1 
2 27 28 0 0.006 0.0125763 1 
3 27 28 0.0499317 0.003 0.00959449 63 
4 27 28 0 0.024 0.0104144 1 
5 27 28 0 0.044 0.0115371 1 
6 27 28 0 0.024 0.0111093 1 
7 27 28 0 0.041 0.0117726 1 
8 27 28 0 0.008 0.00996765 1 
9 27 28 0.00011003 0.011 0.0102351 2 
10 27 28 0 0.027 0.0105786 1 
11 27 28 0 0.015 0.00896409 1 
12 27 28 0.000329453 0.044 0.0134692 2 
13 27 28 0 0.03 0.0109608 1 
14 27 28 0 0.026 0.013851 1 
15 27 28 0 0.008 0.013517 1 
16 27 28 0 0.048 0.0151097 1 
17 27 28 0 0.021 0.00894214 1 
18 27 28 0 0.003 0.0119623 1 
19 27 28 0 0.013 0.012055 1 
20 27 28 0 0.013 0.010231 1 
21 27 28 0 0.013 0.0105092 1 
22 27 28 0.0118582 0.007 0.00862092 22 
23 27 28 0.00276675 0.015 0.00994524 6 
24 27 28 0.000406582 0.04 0.011162 2 
25 27 28 0 0.018 0.00959362 1 
26 27 28 0 0.032 0.0100751 1 
27 27 28 0 0.042 0.00971064 1 
28 27 28 0.00166062 0.032 0.00994694 3 
29 27 28 0 0.01 0.0123799 1 
30 27 28 0.0181645 0.007 0.0108135 34 
31 27 28 0 0.037 0.0141248 1 
32 27 28 0.00411113 0.007 0.0100326 8 
0 27 29 0 0.001 0.00770508 1 
1 27 29 0 0.031 0.0126311 1 
2 27 29 0.000391139 0.034 0.0106598 2 
3 27 29 0 0.005 0.0130242 1 
4 27 29 0.00136992 0.001 0.0104178 5 
5 27 29 0 0.043 0.00852026 1 
6 27 29 0 0.022 0.00954221 1 
7 27 29 3.77789e-06 0.045 0.0109937 2 
8 27 29 0 0.034 0.0118601 1 
9 27 29 0.000554072 0.005 0.0101233 4 
10 27 29 0.000739951 0.004 0.00939231 2 
11 27 29 0.000418332 0.005 0.0113751 4 
12 27 29 0.00492707 0.042 0.0106098 7 
13 27 29 0 0.032 0.0127597 1 
14 27 29 0 0.015 0.0114394 1 
15 27 29 0 0.016 0.0150706 1 
16 27 29 0 0.048 0.010589 1 
17 27 29 0.00134438 0.02 0.00901394 2 
18 27 29 0 0.003 0.00989035 1 
19 27 29 0.00577494 0.025 0.0109008 12 
20 27 29 0.00246145 0.014 0.00931809 6 
21 27 29 0 0.013 0.0144727 1 
22 27 29 0.00137462 0.049 0.00974571 2 
23 27 29 0.00726741 0.006 0.00939239 4 
24 27 29 0.000383239 0.04 0.00938797 2 
25 27 29 0 0.02 0.0125748 1 
26 27 29 0.0197418 0.009 0.0148049 28 
27 27 29 0.00153055 0.041 0.0112971 2 
28 27 29 0.00161897 0.022 0.00912013 3 
29 27 29 0 0.004 0.0120669 1 
30 27 29 0.00807252 0.002 0.0101088 15 
31 27 29 0 0.005 0.0108253 1 
32 27 29 0 0.036 0.0106303 1 
0 27 30 0.00964142 0.039 0.00856926 12 
1 27 30 0 0.03 0.0115624 1 
2 27 30 0 0.016 0.00993601 1 
3 27 30 0 0.018 0.0080494 1 
4 27 30 0 0.018 0.00913891 1 
5 27 30 0 0.017 0.0122232 1 
6 27 30 0 0.004 0.00937459 1 
7 27 30 0.00797375 0.048 0.0114744 5 
8 27 30 0 0.004 0.0107448 1 
9 27 30 0 0.036 0.010804 1 
10 27 30 0 0.049 0.00979899 1 
11 27 30 0.00214011 0.025 0.00804227 3 
12 27 30 0.00833686 0.019 0.01245 16 
13 27 30 0 0.012 0.0113039 1 
14 27 30 0.0069411 0.021 0.00963383 18 
15 27 30 0 0.015 0.00799537 1 
16 27 30 0 0.022 0.0120079 1 
17 27 30 0.00112859 0.015 0.0114555 4 
18 27 30 0.00149093 0.012 0.0119774 3 
19 27 30 0.00908428 0.001 0.00832134 15 
20 27 30 0.000861834 0.014 0.00991715 3 
21 27 30 0 0.007 0.0109827 1 
22 27 30 0.00160031 0.015 0.0109453 2 
23 27 30 0.00967521 0.003 0.0100926 20 
24 27 30 0 0.022 0.0115874 1 
25 27 30 0.00297303 0.01 0.010664 4 
26 27 30 0 0.038 0.0107269 1 
27 27 30 0 0.046 0.0092619 1 
28 27 30 0 0.04 0.0116703 1 
29 27 30 0.00149397 0.022 0.0121916 3 
30 27 30 0 0.033 0.0103041 1 
31 27 30 0 0.014 0.0134911 1 
32 27 30 0 0.021 0.00888952 1 
0 27 31 0 0.028 0.00922506 1 
1 27 31 2.284e-05 0.005 0.010005 2 
2 27 31 0 0.028 0.0122631 1 
3 27 31 0.0207486 0.006 0.0120525 31 
4 27 31 0 0.012 0.0108176 1 
5 27 31 0 0.015 0.0114626 1 
6 27 31 0 0.042 0.0109992 1 
7 27 31 0 0.046 0.00972349 1 
8 27 31 0 0.005 0.0117285 1 
9 27 31 0 0.011 0.0114076 1 
10 27 31 4.43571e-05 0.023 0.0122233 2 
11 27 31 0.00151769 0.036 0.0104381 3 
12 27 31 0 0.003 0.00877028 1 
13 27 31 0 0.008 0.0113965 1 
14 27 31 0.0356511 0.004 0.010734 37 
15 27 31 0 0.042 0.0129357 1 
16 27 31 0.000376473 0.013 0.00992762 2 
17 27 31 0.00766252 0.019 0.0110112 14 
18 27 31 0.00155719 0.03 0.0155178 3 
19 27 31 2.68466e-05 0.003 0.00975662 2 
20 27 31 5.55029e-05 0.001 0.00884932 2 
21 27 31 0 0.039 0.0103225 1 
22 27 31 0 0.001 0.00951251 1 
23 27 31 0 0.019 0.0120311 1 
24 27 31 0 0.037 0.00951384 1 
25 27 31 0.0124519 0.006 0.012455 25 
26 27 31 0.000200378 0.024 0.0107462 3 
27 27 31 0.000552757 0.022 0.0096194 3 
28 27 31 0 0.035 0.00952625 1 
29 27 31 0 0.019 0.0127402 1 
30 27 31 0 0.019 0.0121924 1 
31 27 31 0 0.005 0.0133279 1 
32 27 31 0.00522154 0.019 0.010121 10 
0 27 32 0.0025245 0.04 0.00798372 3 
1 27 32 0.00768976 0.04 0.0110383 6 
2 27 32 0.0015042 0.003 0.0133325 3 
3 27 32 0.0125537 0.006 0.00906956 19 
4 27 32 0 0.003 0.0111068 1 
5 27 32 0 0.019 0.00882688 1 
6 27 32 0 0.012 0.0109298 1 
7 27 32 8.99868e-05 0.008 0.00918501 2 
8 27 32 0 0.038 0.0111222 1 
9 27 32 0 0.015 0.0116322 1 
10 27 32 0 0.001 0.0122252 1 
11 27 32 0.0024271 0.016 0.00946028 5 
12 27 32 0.00610642 0.03 0.0108018 7 
13 27 32 0 0.034 0.00969965 1 
14 27 32 0 0.034 0.0127788 1 
15 27 32 0 0.015 0.0097616 1 
16 27 32 0 0.039 0.0134073 1 
17 27 32 0 0.01 0.0118091 1 
18 27 32 0 0.038 0.0138634 1 
19 27 32 0 0.038 0.010439 1 
20 27 32 0.000991835 0.048 0.0100062 2 
21 27 32 0 0.031 0.0126426 1 
22 27 32 0.000253885 0.013 0.0113997 4 
23 27 32 0.00568434 0.027 0.0114064 12 
24 27 32 0.000409747 0.006 0.0107827 2 
25 27 32 0 0.015 0.00752252 1 
26 27 32 3.1206e-05 0.01 0.0121396 2 
27 27 32 0.00461394 0.006 0.0126621 7 
28 27 32 0 0.005 0.0138267 1 
29 27 32 0 0.018 0.0109628 1 
30 27 32 0 0.012 0.0101968 1 
31 27 32 0.000962952 0.017 0.0108835 2 
32 27 32 0.00169311 0.001 0.00903368 9 
0 27 33 0 0.048 0.0111055 1 
1 27 33 0.0053112 0.031 0.0106132 7 
2 27 33 1.96022e-05 0.005 0.00870052 2 
3 27 33 0.00316146 0.017 0.00988756 11 
4 27 33 0 0.028 0.00901086 1 
5 27 33 0.000883975 0.014 0.0111913 4 
6 27 33 0 0.008 0.00877486 1 
7 27 33 8.75655e-05 0.014 0.0105991 2 
8 27 33 0 0.033 0.0128651 1 
9 27 33 0 0.034 0.00933032 1 
10 27 33 0 0.031 0.0116851 1 
11 27 33 0.0012162 0.045 0.0138773 5 
12 27 33 0.00107239 0.005 0.00942601 2 
13 27 33 0 0.037 0.0112234 1 
14 27 33 0.00628888 0.008 0.0111325 10 
15 27 33 0 0.016 0.0137285 1 
16 27 33 0 0.032 0.0109972 1 
17 27 33 0 0.003 0.0134637 1 
18 27 33 0 0.018 0.0108889 1 
19 27 33 0 0.013 0.0111475 1 
20 27 33 0.000237514 0.034 0.011589 3 
21 27 33 0 0.038 0.0100747 1 
22 27 33 0.000404687 0.018 0.0100759 3 
23 27 33 0.00167502 0.013 0.0108327 4 
24 27 33 0 0.027 0.0115577 1 
25 27 33 0 0.04 0.0123723 1 
26 27 33 0 0.025 0.00970169 1 
27 27 33 0 0.007 0.0103377 1 
28 27 33 0.000452062 0.025 0.0115234 2 
29 27 33 0 0.032 0.0139163 1 
30 27 33 0 0.017 0.00832741 1 
31 27 33 0 0.037 0.00933357 1 
32 27 33 0.00631058 0.015 0.0139369 12 
0 27 34 0.000489596 0.009 0.00843232 3 
1 27 34 0 0.001 0.00989388 1 
2 27 34 0 0.023 0.00835561 1 
3 27 34 0 0.04 0.0137308 1 
4 27 34 0.0121265 0.016 0.0111724 13 
5 27 34 0 0.024 0.0133861 1 
6 27 34 0 0.023 0.0125108 1 
7 27 34 0 0.007 0.0130438 1 
8 27 34 0 0.026 0.0196457 6 
9 27 34 0.000739734 0.014 0.0115877 2 
10 27 34 0 0.03 0.0147866 1 
11 27 34 0 0.038 0.00908714 1 
12 27 34 1.62316e-05 0.004 0.0103709 2 
13 27 34 0.0039415 0.005 0.00882508 10 
14 27 34 0.0031173 0.025 0.00648138 4 
15 27 34 0.00041918 0.021 0.00928752 2 
16 27 34 0 0.016 0.00992384 1 
17 27 34 0.00313218 0.003 0.0116166 8 
18 27 34 0 0.007 0.0102426 1 
19 27 34 0 0.014 0.00746323 1 
20 27 34 0.0039463 0.007 0.00876349 6 
21 27 34 0 0.028 0.0128649 1 
22 27 34 0 0.024 0.0111414 1 
23 27 34 0.00313036 0.024 0.0105525 8 
24 27 34 0 0.002 0.0129585 1 
25 27 34 0.0116209 0.011 0.00987282 14 
26 27 34 0 0.016 0.00918045 1 
27 27 34 0 0.007 0.0145042 1 
28 27 34 0 0.015 0.0118198 1 
29 27 34 0 0.014 0.00817575 1 
30 27 34 0 0.042 0.0112384 1 
31 27 34 0.000455218 0.002 0.0110963 2 
32 27 34 0 0.002 0.00826876 1 
0 27 35 0 0.015 0.010591 1 
1 27 35 0 0.033 0.00858474 1 
2 27 35 0.000395136 0.012 0.0116511 2 
3 27 35 0 0.019 0.0102197 1 
4 27 35 0 0.003 0.0113875 1 
5 27 35 0 0.023 0.0108042 1 
6 27 35 0 0.001 0.0095778 1 
7 27 35 2.75113e-05 0.003 0.0102966 2 
8 27 35 0 0.039 0.00900604 1 
9 27 35 0 0.027 0.00937114 1 
10 27 35 0 0.031 0.00978679 1 
11 27 35 0.000435271 0.009 0.0116842 4 
12 27 35 0 0.044 0.0111397 1 
13 27 35 0 0.034 0.0100724 1 
14 27 35 0.000404894 0.011 0.0123819 3 
15 27 35 0.000379392 0.026 0.0108372 2 
16 27 35 0 0.037 0.0118927 1 
17 27 35 0.00127698 0.002 0.0128447 5 
18 27 35 0.000387264 0.012 0.0106247 2 
19 27 35 6.4854e-05 0.004 0.0120367 3 
20 27 35 0.00257718 0.006 0.0110978 3 
21 27 35 0 0.015 0.00849465 1 
22 27 35 0.0510813 0.003 0.008735 62 
23 27 35 0 0.009 0.00885112 1 
24 27 35 0 0.003 0.0109098 1 
25 27 35 0 0.039 0.0119797 1 
26 27 35 0.00303005 0.02 0.0104344 8 
27 27 35 0.00367644 0.015 0.011258 6 
28 27 35 0 0.043 0.014522 1 
29 27 35 0 0.038 0.014191 1 
30 27 35 0.0138545 0.007 0.0108818 30 
31 27 35 0 0.021 0.0109893 1 
32 27 35 0 0.042 0.0102001 1 
0 27 36 0.0030284 0.023 0.0102081 3 
1 27 36 0 0.043 0.0100552 1 
2 27 36 0 0.019 0.0111828 1 
3 27 36 0 0.047 0.0093429 1 
4 27 36 0 0.025 0.0132732 1 
5 27 36 0 0.011 0.0102362 1 
6 27 36 0 0.033 0.0134947 1 
7 27 36 0 0.042 0.0123157 1 
8 27 36 0.000494017 0.033 0.0119576 3 
9 27 36 0.000668899 0.001 0.0113125 2 
10 27 36 0.00281945 0.024 0.0100361 3 
11 27 36 0.0010558 0.004 0.0120202 5 
12 27 36 0 0.017 0.00889824 1 
13 27 36 0.00364108 0.027 0.0113615 8 
14 27 36 0 0.026 0.0107339 1 
15 27 36 0 0.01 0.0124071 1 
16 27 36 0.000421281 0.045 0.00971692 2 
17 27 36 2.68815e-05 0.004 0.00937726 2 
18 27 36 0.00158632 0.045 0.0133868 2 
19 27 36 6.81999e-05 0.035 0.00996162 2 
20 27 36 0 0.024 0.0120849 1 
21 27 36 0 0.025 0.0135915 1 
22 27 36 0 0.005 0.00926972 1 
23 27 36 0 0.012 0.00984827 1 
24 27 36 0.000412959 0.044 0.0131677 2 
25 27 36 0.000143213 0.01 0.0114399 2 
26 27 36 0 0.002 0.00983524 1 
27 27 36 0 0.019 0.0115085 1 
28 27 36 0.00141988 0.032 0.0111699 3 
29 27 36 0 0.032 0.0101402 1 
30 27 36 0 0.001 0.00874653 1 
31 27 36 0 0.015 0.0091387 1 
32 27 36 0.00292568 0.003 0.00755522 9 
0 27 37 0.000543217 0.022 0.00888198 2 
1 27 37 0.0069207 0.016 0.00968236 9 
2 27 37 0 0.031 0.0137072 1 
3 27 37 0 0.018 0.0105274 1 
4 27 37 0 0.016 0.0135143 1 
5 27 37 0 0.04 0.0151485 1 
6 27 37 0 0.004 0.0116855 1 
7 27 37 0.00311195 0.044 0.00934844 7 
8 27 37 0 0.007 0.0113931 1 
9 27 37 0 0.043 0.011612 1 
10 27 37 0.00162837 0.044 0.00962724 3 
11 27 37 0.00329254 0.039 0.0102109 2 
12 27 37 0 0.034 0.00824932 1 
13 27 37 0 0.002 0.0113393 1 
14 27 37 0 0.011 0.0102898 1 
15 27 37 0 0.009 0.0121994 1 
16 27 37 0 0.007 0.0144871 1 
17 27 37 5.69085e-05 0.013 0.00684414 2 
18 27 37 0.000455558 0.009 0.0104707 2 
19 27 37 0.00443122 0.024 0.0132487 6 
20 27 37 0.00637175 0.007 0.012176 6 
21 27 37 0 0.028 0.0113598 1 
22 27 37 0.0270495 0.01 0.00945691 30 
23 27 37 0 0.004 0.0107027 1 
24 27 37 0 0.047 0.0127593 1 
25 27 37 0.0107199 0.015 0.00862295 15 
26 27 37 0 0.003 0.0100274 1 
27 27 37 0 0.012 0.0100661 1 
28 27 37 0 0.017 0.0117437 1 
29 27 37 0 0.048 0.00964802 1 
30 27 37 0.016821 0.018 0.0119465 18 
31 27 37 0.000105501 0.002 0.00862208 3 
32 27 37 0.00602136 0.042 0.00988552 5 
0 27 38 0.00118796 0.037 0.011477 2 
1 27 38 0 0.024 0.0116582 1 
2 27 38 0 0.042 0.00945471 1 
3 27 38 0.0212387 0.008 0.012285 38 
4 27 38 0 0.02 0.00999046 1 
5 27 38 0 0.032 0.0124309 1 
6 27 38 0 0.005 0.00942044 1 
7 27 38 0.00123602 0.03 0.00726435 2 
8 27 38 0 0.009 0.0136583 1 
9 27 38 0.0274048 0.001 0.0104855 41 
10 27 38 0 0.011 0.0101603 1 
11 27 38 0.00370326 0.004 0.00977352 2 
12 27 38 0.00312411 0.005 0.0102027 5 
13 27 38 0.00527679 0.014 0.0105779 6 
14 27 38 0.00392421 0.024 0.0120586 5 
15 27 38 0.000492602 0.018 0.0137013 2 
16 27 38 0 0.007 0.0125177 1 
17 27 38 0.00142301 0.003 0.0107695 2 
18 27 38 0.00172525 0.048 0.0124793 2 
19 27 38 0.00363945 0.015 0.010431 4 
20 27 38 0 0.046 0.0101603 1 
21 27 38 0 0.018 0.00977325 1 
22 27 38 0 0.011 0.0121528 1 
23 27 38 0 0.004 0.0129629 1 
24 27 38 0 0.024 0.0075745 1 
25 27 38 0.000449188 0.006 0.0100501 2 
26 27 38 0.00262975 0.015 0.00986231 4 
27 27 38 0 0.012 0.00787573 1 
28 27 38 0 0.037 0.0113965 1 
29 27 38 0 0.048 0.00992472 1 
30 27 38 0 0.027 0.0125119 1 
31 27 38 0 0.023 0.010137 1 
32 27 38 0 0.021 0.0129545 1 
0 27 39 0 0.022 0.0100815 1 
1 27 39 0.0278212 0.005 0.00976842 21 
2 27 39 0.0010578 0.047 0.0123752 5 
3 27 39 0 0.014 0.0117925 1 
4 27 39 0 0.005 0.0145952 1 
5 27 39 0.00145919 0.034 0.0129121 2 
6 27 39 0 0.034 0.0144397 1 
7 27 39 0 0.006 0.00999607 1 
8 27 39 0 0.049 0.0108199 1 
9 27 39 0.000287614 0.006 0.0112637 2 
10 27 39 0 0.035 0.0076156 1 
11 27 39 0.00431032 0.028 0.0101123 2 
12 27 39 0.000150396 0.01 0.00965941 2 
13 27 39 0.00523978 0.013 0.0101941 7 
14 27 39 0.0376531 0.005 0.014476 54 
15 27 39 0.00052046 0.013 0.0135317 2 
16 27 39 0.00052046 0.005 0.00743141 2 
17 27 39 0.0268291 0.008 0.0138174 31 
18 27 39 0.000529716 0.042 0.0112121 2 
19 27 39 0.014682 0.01 0.0099045 19 
20 27 39 0 0.031 0.00987659 1 
21 27 39 0 0.028 0.0124939 1 
22 27 39 0.000218107 0.01 0.0119039 4 
23 27 39 0 0.028 0.00880077 1 
24 27 39 0 0.005 0.0111994 1 
25 27 39 0 0.01 0.0110554 1 
26 27 39 0.00200337 0.047 0.00988259 2 
27 27 39 0.00304251 0.027 0.00912568 6 
28 27 39 0 0.027 0.0103295 1 
29 27 39 0 0.039 0.0108931 1 
30 27 39 0.00455606 0.037 0.0135875 5 
31 27 39 0.000809576 0.033 0.00979888 2 
32 27 39 0.00255608 0.001 0.0126418 7 
0 27 40 0 0.03 0.0108286 1 
1 27 40 0.00556159 0.027 0.0101869 4 
2 27 40 0 0.004 0.00672154 1 
3 27 40 0 0.014 0.00917375 1 
4 27 40 0 0.039 0.0108526 1 
5 27 40 0 0.029 0.0152573 1 
6 27 40 0 0.012 0.0122098 1 
7 27 40 7.13118e-05 0.012 0.0115118 2 
8 27 40 0.000480247 0.012 0.0102049 2 
9 27 40 0.00496956 0.03 0.00795238 10 
10 27 40 0 0.035 0.0132514 1 
11 27 40 0.000476146 0.007 0.0128636 2 
12 27 40 0.000908961 0.037 0.0114769 2 
13 27 40 0 0.009 0.0108913 1 
14 27 40 0.0488499 0.002 0.0132373 83 
15 27 40 0 0.045 0.00927963 1 
16 27 40 0 0.036 0.0115177 1 
17 27 40 0.0020761 0.008 0.00699351 3 
18 27 40 0 0.028 0.0107248 1 
19 27 40 0 0.023 0.0126136 1 
20 27 40 0 0.039 0.0085575 1 
21 27 40 0.000440467 0.012 0.0118828 2 
22 27 40 0.00162235 0.014 0.0116991 3 
23 27 40 0.00745486 0.01 0.0110391 5 
24 27 40 0 0.017 0.0131711 1 
25 27 40 0.00125019 0.043 0.0101653 3 
26 27 40 0 0.021 0.0103856 1 
27 27 40 0.0297826 0.001 0.0131012 57 
28 27 40 0 0.005 0.0116887 1 
29 27 40 0 0.043 0.0101555 1 
30 27 40 0 0.04 0.0112152 1 
31 27 40 0 0.003 0.0102858 1 
32 27 40 0 0.009 0.00945884 1 
0 27 41 0 0.016 0.00766321 1 
1 27 41 0 0.023 0.0107093 1 
2 27 41 8.01459e-06 0.034 0.00769136 2 
3 27 41 0.00510985 0.002 0.0118715 8 
4 27 41 0.000512435 0.034 0.0103809 2 
5 27 41 0 0.013 0.0101036 1 
6 27 41 0 0.031 0.010314 1 
7 27 41 0 0.048 0.0108575 1 
8 27 41 0 0.021 0.0105266 1 
9 27 41 0.00440158 0.012 0.00920128 13 
10 27 41 0 0.005 0.0143759 1 
11 27 41 0.0014388 0.045 0.0111432 3 
12 27 41 0.000361388 0.008 0.0116569 2 
13 27 41 0.000674708 0.005 0.0112458 2 
14 27 41 0.00638201 0.02 0.0104647 14 
15 27 41 0 0.024 0.0112735 1 
16 27 41 0 0.019 0.0128605 1 
17 27 41 0.00212096 0.021 0.0121768 5 
18 27 41 0 0.038 0.00938996 1 
19 27 41 0.0058834 0.021 0.0103152 6 
20 27 41 0.00511063 0.03 0.00896349 8 
21 27 41 0 0.039 0.0098857 1 
22 27 41 0 0.021 0.0121748 1 
23 27 41 4.19271e-05 0.007 0.0121052 2 
24 27 41 0 0.001 0.00832161 1 
25 27 41 0 0.028 0.0131033 1 
26 27 41 0 0.039 0.012427 1 
27 27 41 0.0239454 0.011 0.0131635 22 
28 27 41 0 0.049 0.0110718 1 
29 27 41 0 0.02 0.00950226 1 
30 27 41 0 0.031 0.0113459 1 
31 27 41 0 0.038 0.0136854 1 
32 27 41 0 0.026 0.0116579 1 
0 27 42 0 0.021 0.0113704 1 
1 27 42 0 0.012 0.0130073 1 
2 27 42 0 0.012 0.0133064 1 
3 27 42 0 0.049 0.00925721 1 
4 27 42 0 0.038 0.00742253 1 
5 27 42 0 0.04 0.0098419 1 
6 27 42 0 0.008 0.0115433 1 
7 27 42 0 0.005 0.0124566 1 
8 27 42 0 0.03 0.00750348 1 
9 27 42 0 0.03 0.0112085 1 
10 27 42 0 0.004 0.00988508 1 
11 27 42 0.00435273 0.033 0.0113319 2 
12 27 42 0 0.016 0.011791 1 
13 27 42 0.00318753 0.031 0.00829381 2 
14 27 42 0.00279892 0.007 0.0123111 4 
15 27 42 0.000571379 0.032 0.0128062 2 
16 27 42 0 0.021 0.013845 1 
17 27 42 0.0343288 0.005 0.00792982 31 
18 27 42 0.000561764 0.036 0.0107243 2 
19 27 42 0.00143471 0.027 0.0118208 4 
20 27 42 0.00223761 0.001 0.0115954 5 
21 27 42 0.00201108 0.039 0.00940198 2 
22 27 42 0 0.017 0.0101596 1 
23 27 42 0 0.046 0.00957378 1 
24 27 42 0 0.048 0.0118783 1 
25 27 42 0 0.023 0.00962609 1 
26 27 42 0.013243 0.007 0.0107878 14 
27 27 42 0.00316245 0.015 0.0101724 6 
28 27 42 0 0.013 0.0128265 1 
29 27 42 0.000976189 0.033 0.0102042 5 
30 27 42 0.00628984 0.019 0.00952134 6 
31 27 42 0 0.035 0.0135867 1 
32 27 42 0 0.02 0.0100933 1 
0 27 43 0.00468921 0.025 0.0137695 5 
1 27 43 0.00733086 0.03 0.0102921 12 
2 27 43 0 0.03 0.0112101 1 
3 27 43 0 0.015 0.00774771 1 
4 27 43 0 0.013 0.0108548 1 
5 27 43 0 0.023 0.0111632 1 
6 27 43 0 0.015 0.0120638 1 
7 27 43 0 0.036 0.0122014 1 
8 27 43 0 0.048 0.0119395 1 
9 27 43 0 0.02 0.0097538 1 
10 27 43 0 0.029 0.0107049 1 
11 27 43 0.00062131 0.009 0.00942852 2 
12 27 43 0 0.035 0.0103055 1 
13 27 43 0.000368097 0.002 0.00955142 2 
14 27 43 0 0.03 0.0101719 1 
15 27 43 0 0.021 0.0127349 1 
16 27 43 0.000601622 0.03 0.0125666 2 
17 27 43 0 0.008 0.0120656 1 
18 27 43 0.000611466 0.024 0.0090941 2 
19 27 43 0.0013403 0.022 0.0128725 4 
20 27 43 0 0.001 0.00844141 1 
21 27 43 0 0.033 0.0106453 1 
22 27 43 0.0154402 0.011 0.0127353 32 
23 27 43 0.00215097 0.022 0.0115306 5 
24 27 43 0 0.015 0.0133715 1 
25 27 43 0.0045248 0.029 0.0113952 7 
26 27 43 0 0.002 0.0113415 1 
27 27 43 0.000417283 0.019 0.0124687 3 
28 27 43 0 0.042 0.01278 1 
29 27 43 0.000393933 0.017 0.0109378 3 
30 27 43 0 0.001 0.0113998 1 
31 27 43 0 0.045 0.0110431 1 
32 27 43 0.000601622 0.007 0.0100117 2 
0 27 44 0 0.005 0.0109668 1 
1 27 44 0.000284753 0.017 0.00849292 2 
2 27 44 0.000553993 0.031 0.00830809 2 
3 27 44 0.0251355 0.01 0.0136881 28 
4 27 44 0.0029799 0.003 0.00744194 5 
5 27 44 0 0.016 0.0104601 1 
6 27 44 0 0.039 0.00862528 1 
7 27 44 0 0.004 0.0125786 1 
8 27 44 0 0.015 0.0122097 1 
9 27 44 0.0193976 0.01 0.0118209 23 
10 27 44 0 0.002 0.0110309 1 
11 27 44 0 0.026 0.010699 1 
12 27 44 0.0116597 0.011 0.0126522 20 
13 27 44 8.48809e-05 0.016 0.0105969 3 
14 27 44 0.0247149 0.01 0.0114005 32 
15 27 44 0 0.006 0.0129133 1 
16 27 44 0 0.043 0.0132709 1 
17 27 44 0.00348539 0.012 0.0102091 4 
18 27 44 0 0.04 0.010393 1 
19 27 44 0 0.038 0.00947061 1 
20 27 44 0 0.011 0.00773531 1 
21 27 44 0.000515971 0.028 0.0126745 2 
22 27 44 0 0.046 0.0101506 1 
23 27 44 0 0.036 0.0121163 1 
24 27 44 0 0.044 0.0111934 1 
25 27 44 0 0.023 0.0115763 1 
26 27 44 0.00173315 0.037 0.0106626 8 
27 27 44 0 0.006 0.0132878 1 
28 27 44 0 0.044 0.010793 1 
29 27 44 0.000204697 0.02 0.00980663 3 
30 27 44 0 0.017 0.0129861 1 
31 27 44 0.000517847 0.009 0.0124881 2 
32 27 44 0 0.013 0.00799097 1 
0 27 45 0.00131513 0.019 0.0102418 3 
1 27 45 0.0216393 0.003 0.0100084 12 
2 27 45 1.43841e-06 0.011 0.0100296 2 
3 27 45 0.00615283 0.004 0.00785297 15 
4 27 45 0 0.012 0.00999678 1 
5 27 45 0 0.045 0.00951841 1 
6 27 45 0 0.014 0.0115988 1 
7 27 45 0 0.04 0.0102153 1 
8 27 45 0 0.012 0.0096836 1 
9 27 45 0.00978559 0.022 0.012796 10 
10 27 45 0 0.039 0.0094106 1 
11 27 45 0.000622927 0.025 0.0147815 2 
12 27 45 0.00563919 0.041 0.0114422 8 
13 27 45 0.020706 0.012 0.0101615 21 
14 27 45 0.00328197 0.015 0.0101857 5 
15 27 45 0 0.029 0.01414 1 
16 27 45 0 0.001 0.0136783 1 
17 27 45 0.003543 0.008 0.0107487 5 
18 27 45 0.00208361 0.013 0.00938684 2 
19 27 45 0 0.024 0.0112962 1 
20 27 45 0.00242779 0.003 0.00995788 6 
21 27 45 0 0.005 0.0119108 1 
22 27 45 0.0031814 0.04 0.0106483 2 
23 27 45 9.94372e-05 0.009 0.0126306 3 
24 27 45 0 0.023 0.0107103 1 
25 27 45 0.000265822 0.03 0.0104941 2 
26 27 45 0.00096183 0.048 0.00815857 4 
27 27 45 0.00534524 0.012 0.00993828 8 
28 27 45 0 0.034 0.0102355 1 
29 27 45 0.000322883 0.024 0.00946048 3 
30 27 45 0 0.033 0.0107278 1 
31 27 45 0.000727582 0.006 0.0121498 2 
32 27 45 0.000172962 0.001 0.0103123 2 
0 27 46 0 0.026 0.00838089 1 
1 27 46 0.00253675 0.043 0.0107815 2 
2 27 46 0 0.045 0.0111675 1 
3 27 46 0 0.045 0.0124232 1 
4 27 46 0.000583732 0.011 0.0106546 2 
5 27 46 0 0.023 0.020979 1 
6 27 46 0.000527618 0.018 0.0120483 2 
7 27 46 0.00125263 0.025 0.010526 3 
8 27 46 0 0.011 0.0102788 1 
9 27 46 0.0137368 0.021 0.00966944 10 
10 27 46 0 0.001 0.0141989 1 
11 27 46 0.000555805 0.028 0.0129358 2 
12 27 46 0.0020878 0.018 0.0105194 3 
13 27 46 0 0.031 0.0100273 1 
14 27 46 0.0119952 0.005 0.00979834 19 
15 27 46 0.000574596 0.022 0.0145906 2 
16 27 46 0 0.039 0.0129925 1 
17 27 46 0 0.049 0.00925551 1 
18 27 46 0.000565201 0.026 0.0109644 2 
19 27 46 0.00380442 0.027 0.0137376 5 
20 27 46 0 0.046 0.0096335 1 
21 27 46 0 0.048 0.00911006 1 
22 27 46 0 0.015 0.0105622 1 
23 27 46 0 0.047 0.0138095 1 
24 27 46 0 0.028 0.00875275 1 
25 27 46 0.00442016 0.006 0.00805003 7 
26 27 46 0.000461932 0.017 0.0114302 3 
27 27 46 0 0.029 0.00946104 1 
28 27 46 0 0.008 0.016079 1 
29 27 46 0.00152485 0.007 0.010541 3 
30 27 46 0 0.002 0.0114675 1 
31 27 46 0.00143813 0.038 0.0120343 5 
32 27 46 0 0.038 0.011027 1 
0 27 47 0.000261069 0.004 0.0106485 2 
1 27 47 0.000334702 0.022 0.0143474 3 
2 27 47 0.000624537 0.02 0.0125729 2 
3 27 47 0 0.008 0.00949784 1 
4 27 47 0 0.048 0.00890415 1 
5 27 47 0 0.03 0.0118842 1 
6 27 47 0 0.034 0.00736647 1 
7 27 47 0 0.021 0.0116611 1 
8 27 47 0 0.019 0.011401 1 
9 27 47 0 0.012 0.00937013 1 
10 27 47 0 0.025 0.0133378 1 
11 27 47 0.00504092 0.04 0.0103275 2 
12 27 47 0 0.02 0.012032 1 
13 27 47 0 0.038 0.0123942 1 
14 27 47 0 0.041 0.0104133 1 
15 27 47 0.000605299 0.044 0.0121037 2 
16 27 47 0 0.045 0.0114118 1 
17 27 47 0.00666196 0.024 0.00866037 10 
18 27 47 0.00158857 0.034 0.00833598 3 
19 27 47 0.000730525 0.039 0.0091332 2 
20 27 47 0 0.001 0.00971893 1 
21 27 47 0 0.028 0.0115257 1 
22 27 47 0 0.028 0.010822 1 
23 27 47 0.000211536 0.026 0.0098635 2 
24 27 47 0 0.046 0.0129324 1 
25 27 47 0 0.015 0.0121202 1 
26 27 47 0 0.023 0.00818921 1 
27 27 47 0 0.036 0.014557 1 
28 27 47 0 0.027 0.0122209 1 
29 27 47 0.000667853 0.018 0.00950444 4 
30 27 47 0.000687115 0.012 0.0119269 3 
31 27 47 0.000193382 0.011 0.0100669 3 
32 27 47 0 0.015 0.0128907 1 
0 27 48 0 0.007 0.0135237 1 
1 27 48 0.00340118 0.002 0.0114158 5 
2 27 48 0 0.028 0.00840093 1 
3 27 48 0 0.013 0.0105523 1 
4 27 48 0 0.005 0.0124555 1 
5 27 48 0 0.015 0.0103526 1 
6 27 48 0 0.012 0.00972486 1 
7 27 48 0 0.037 0.00976089 1 
8 27 48 0 0.035 0.0094017 1 
9 27 48 0.0223179 0.011 0.00811066 31 
10 27 48 0 0.01 0.0123166 1 
11 27 48 0.000638302 0.038 0.0127445 2 
12 27 48 0.00125416 0.035 0.0100612 2 
13 27 48 0.00629787 0.012 0.00900976 5 
14 27 48 0 0.001 0.0129852 1 
15 27 48 0.000658463 0.025 0.0114112 2 
16 27 48 0 0.002 0.0130661 1 
17 27 48 0.00362008 0.032 0.0127083 4 
18 27 48 0 0.002 0.0116106 1 
19 27 48 0.00885849 0.015 0.0114192 15 
20 27 48 0 0.019 0.0101336 1 
21 27 48 0 0.047 0.0127386 1 
22 27 48 0 0.004 0.00980188 1 
23 27 48 0.0129816 0.017 0.0110293 7 
24 27 48 0 0.044 0.0136601 1 
25 27 48 0 0.028 0.0103552 1 
26 27 48 0.00415762 0.015 0.0102329 6 
27 27 48 0 0.035 0.0114533 1 
28 27 48 0 0.027 0.00775433 1 
29 27 48 0.000436019 0.029 0.0107231 3 
30 27 48 0 0.038 0.0111936 1 
31 27 48 0.000598944 0.013 0.0113883 2 
32 27 48 0.00126532 0.01 0.0107103 3 
0 27 49 0 0.017 0.0111354 1 
1 27 49 0 0.047 0.0111286 1 
2 27 49 0 0.047 0.0109168 1 
3 27 49 0 0.001 0.0120857 1 
4 27 49 0.000691458 0.013 0.0101978 2 
5 27 49 0.00421986 0.021 0.0113976 2 
6 27 49 0 0.008 0.0112124 1 
7 27 49 0 0.002 0.0106582 1 
8 27 49 0 0.03 0.0125689 1 
9 27 49 0 0.042 0.00795384 1 
10 27 49 0 0.049 0.0135358 1 
11 27 49 0 0.044 0.00912301 1 
12 27 49 3.37105e-06 0.025 0.010807 2 
13 27 49 0 0.005 0.0114443 1 
14 27 49 0.00607648 0.029 0.0116558 3 
15 27 49 0.000691458 0.016 0.0101357 2 
16 27 49 0 0.042 0.0131775 1 
17 27 49 0.0118346 0.014 0.0114564 23 
18 27 49 0.000701758 0.003 0.00995248 2 
19 27 49 0.00745805 0.018 0.0114007 12 
20 27 49 0.000849265 0.001 0.00762792 3 
21 27 49 0.000800208 0.046 0.0152211 2 
22 27 49 0 0.025 0.0126845 1 
23 27 49 0 0.02 0.00911646 1 
24 27 49 0 0.028 0.0134983 1 
25 27 49 0 0.014 0.00937921 1 
26 27 49 0 0.011 0.0110166 1 
27 27 49 0 0.015 0.0102282 1 
28 27 49 0 0.026 0.0113924 1 
29 27 49 0.00171672 0.008 0.0124449 3 
30 27 49 0.00201531 0.018 0.00923566 3 
31 27 49 0 0.019 0.012546 1 
32 27 49 0.00155447 0.002 0.0106544 2 
0 27 50 0.00271962 0.043 0.0103705 3 
1 27 50 0.00817195 0.009 0.0105803 11 
2 27 50 0.000640476 0.014 0.0136236 2 
3 27 50 0.00759129 0.02 0.00897846 16 
4 27 50 0 0.009 0.00914901 1 
5 27 50 0 0.002 0.013345 1 
6 27 50 0 0.005 0.0096021 1 
7 27 50 0 0.035 0.0114623 1 
8 27 50 0.000853634 0.025 0.00998442 4 
9 27 50 0.0066643 0.013 0.0117683 13 
10 27 50 1.72033e-05 0.046 0.011609 2 
11 27 50 0 0.018 0.00905166 1 
12 27 50 0 0.037 0.0124456 1 
13 27 50 0.00296069 0.015 0.00959017 3 
14 27 50 0.00170468 0.039 0.0120862 2 
15 27 50 0.0006604 0.027 0.00936888 2 
16 27 50 0 0.034 0.00855675 1 
17 27 50 0.00109576 0.026 0.0106034 2 
18 27 50 0 0.018 0.0120317 1 
19 27 50 0.0083821 0.014 0.0105263 14 
20 27 50 0.0426872 0.001 0.0117906 63 
21 27 50 0.000561711 0.045 0.0106666 2 
22 27 50 0 0.03 0.0122908 1 
23 27 50 0.00578469 0.04 0.00838182 6 
24 27 50 0 0.01 0.0104971 1 
25 27 50 0.00259242 0.003 0.0101658 8 
26 27 50 0 0.028 0.0135194 1 
27 27 50 0 0.024 0.0127823 1 
28 27 50 0 0.018 0.00891616 1 
29 27 50 0.000448341 0.032 0.00996933 3 
30 27 50 0 0.033 0.00982824 1 
31 27 50 0 0.022 0.011648 1 
32 27 50 0.000414572 0.007 0.0108935 2 
0 27 51 0.0457719 0.005 0.00898694 58 
1 27 51 0.0162736 0.013 0.00936017 16 
2 27 51 0 0.017 0.010158 1 
3 27 51 0.00444865 0.037 0.00883799 4 
4 27 51 0 0.028 0.0102114 1 
5 27 51 0 0.018 0.0106537 1 
6 27 51 0.000658556 0.024 0.0127703 2 
7 27 51 0 0.035 0.00947303 1 
8 27 51 0.000982109 0.04 0.0781102 6 
9 27 51 0 0.004 0.0100751 1 
10 27 51 0 0.029 0.0122313 1 
11 27 51 0 0.03 0.0123418 1 
12 27 51 0.000468111 0.001 0.0112691 5 
13 27 51 0 0.042 0.0118349 1 
14 27 51 0 0.01 0.0119685 1 
15 27 51 0 0.045 0.0111792 1 
16 27 51 0 0.026 0.012194 1 
17 27 51 0.00654228 0.009 0.00772236 8 
18 27 51 0 0.026 0.0141224 1 
19 27 51 0 0.037 0.0107032 1 
20 27 51 0.00814021 0.016 0.00976971 8 
21 27 51 0.00066825 0.019 0.0119808 2 
22 27 51 1.13496e-05 0.025 0.0136513 2 
23 27 51 0.000624663 0.007 0.00896265 2 
24 27 51 0 0.003 0.0108465 1 
25 27 51 0.00340731 0.005 0.012549 5 
26 27 51 0.00103138 0.022 0.0126148 2 
27 27 51 0.0265533 0.009 0.0104564 25 
28 27 51 0 0.044 0.0108074 1 
29 27 51 0.00184736 0.037 0.00843935 3 
30 27 51 0.0132227 0.019 0.0128593 19 
31 27 51 0 0.045 0.00980423 1 
32 27 51 0.00110412 0.015 0.00942022 2 
0 27 52 0 0.041 0.0118751 1 
1 27 52 0 0.003 0.011847 1 
2 27 52 0.000643383 0.022 0.0116712 2 
3 27 52 0.0013727 0.021 0.0150062 5 
4 27 52 0 0.013 0.0135297 1 
5 27 52 0.000181677 0.001 0.0114983 2 
6 27 52 0 0.032 0.0112225 1 
7 27 52 0 0.043 0.00895734 1 
8 27 52 6.19984e-07 0.014 0.00857328 2 
9 27 52 0.00488881 0.014 0.00883851 8 
10 27 52 0 0.035 0.0118475 1 
11 27 52 0 0.027 0.0149626 1 
12 27 52 0.00452929 0.049 0.0136884 8 
13 27 52 0 0.026 0.0101736 1 
14 27 52 0 0.004 0.0112012 1 
15 27 52 0 0.039 0.0092138 1 
16 27 52 0 0.023 0.0127419 1 
17 27 52 0 0.009 0.0110091 1 
18 27 52 0 0.005 0.0131477 1 
19 27 52 0.000600938 0.002 0.0109018 2 
20 27 52 0 0.006 0.0101553 1 
21 27 52 0 0.004 0.00853061 1 
22 27 52 0 0.017 0.0135288 1 
23 27 52 0 0.018 0.0112996 1 
24 27 52 0 0.023 0.0118805 1 
25 27 52 0 0.016 0.0136488 1 
26 27 52 0.000160142 0.019 0.0148051 2 
27 27 52 0 0.009 0.0118827 1 
28 27 52 0 0.007 0.0135373 1 
29 27 52 0.000581274 0.026 0.00995368 3 
30 27 52 0.00183646 0.04 0.00781658 2 
31 27 52 0.00101736 0.049 0.0126567 3 
32 27 52 0.00140608 0.047 0.0117883 2 
0 27 53 0.0130302 0.005 0.0106417 17 
1 27 53 0.00813506 0.001 0.0105088 9 
2 27 53 0 0.008 0.0139648 1 
3 27 53 0 0.007 0.0105452 1 
4 27 53 0 0.008 0.0100531 1 
5 27 53 0 0.035 0.0194947 1 
6 27 53 0 0.015 0.0107599 1 
7 27 53 0.000950366 0.037 0.0104736 3 
8 27 53 2.5588e-06 0.035 0.00846679 2 
9 27 53 0 0.031 0.0116996 1 
10 27 53 0 0.046 0.0116694 1 
11 27 53 0 0.042 0.00842611 1 
12 27 53 0.000182809 0.006 0.0104609 2 
13 27 53 0.00595407 0.017 0.00909257 16 
14 27 53 0 0.024 0.00898729 1 
15 27 53 0 0.039 0.0123971 1 
16 27 53 0.000612996 0.029 0.00903531 2 
17 27 53 0 0.026 0.0120836 1 
18 27 53 0.000622881 0.034 0.0119137 2 
19 27 53 0 0.028 0.00882205 1 
20 27 53 0 0.043 0.0111575 1 
21 27 53 0 0.021 0.0100218 1 
22 27 53 0 0.018 0.0115253 1 
23 27 53 0 0.033 0.00937011 1 
24 27 53 0.000622881 0.016 0.0106025 2 
25 27 53 0 0.037 0.00867865 1 
26 27 53 0 0.022 0.0140024 1 
27 27 53 0 0.015 0.00885899 1 
28 27 53 0 0.009 0.0135768 1 
29 27 53 0.000636563 0.043 0.0112803 3 
30 27 53 0 0.003 0.0108784 1 
31 27 53 0.000195088 0.032 0.0105614 2 
32 27 53 0 0.044 0.00932318 1 
0 27 54 0 0.03 0.0111585 1 
1 27 54 0 0.005 0.0113241 1 
2 27 54 0 0.048 0.0142008 1 
3 27 54 0.00106688 0.026 0.0108755 2 
4 27 54 0 0.04 0.0145817 1 
5 27 54 0 0.039 0.00839952 1 
6 27 54 0.000615284 0.017 0.0133916 2 
7 27 54 0.0100448 0.007 0.0122452 14 
8 27 54 0 0.003 0.0100251 1 
9 27 54 0 0.005 0.0114274 1 
10 27 54 0 0.046 0.0183532 1 
11 27 54 0 0.041 0.012838 1 
12 27 54 0 0.032 0.0106383 1 
13 27 54 0 0.029 0.0120344 1 
14 27 54 0.030741 0.002 0.0111442 63 
15 27 54 0.000667077 0.039 0.0140396 2 
16 27 54 0.000667077 0.034 0.0115163 2 
17 27 54 0.010055 0.017 0.0115165 22 
18 27 54 0.000656718 0.043 0.0119537 2 
19 27 54 0 0.042 0.0100487 1 
20 27 54 0.00384519 0.039 0.0109986 4 
21 27 54 0.000929202 0.005 0.0111876 2 
22 27 54 0 0.028 0.00891506 1 
23 27 54 3.82908e-06 0.006 0.0112404 2 
24 27 54 0 0.015 0.0113013 1 
25 27 54 0 0.017 0.0104203 1 
26 27 54 0 0.016 0.0111104 1 
27 27 54 1.5353e-06 0.044 0.0143687 2 
28 27 54 0 0.043 0.0118922 1 
29 27 54 0.00186059 0.023 0.0131722 3 
30 27 54 0 0.018 0.0130872 1 
31 27 54 0 0.013 0.0100683 1 
32 27 54 0 0.048 0.0106363 1 
0 27 55 0.014266 0.01 0.0116223 18 
1 27 55 0 0.045 0.0116815 1 
2 27 55 0.00184483 0.017 0.00958344 3 
3 27 55 0 0.014 0.00989942 1 
4 27 55 0 0.034 0.0118934 1 
5 27 55 0.000158992 0.027 0.0128803 2 
6 27 55 0 0.021 0.0117313 1 
7 27 55 0.00439049 0.013 0.00836288 5 
8 27 55 0 0.03 0.0125305 1 
9 27 55 0 0.032 0.0123396 1 
10 27 55 0 0.01 0.0104807 1 
11 27 55 0.00063613 0.014 0.00994635 2 
12 27 55 0.00177047 0.04 0.0136597 5 
13 27 55 0.00436634 0.001 0.010918 13 
14 27 55 0.00397082 0.009 0.0125942 2 
15 27 55 0.000615977 0.043 0.0133328 2 
16 27 55 0.000615977 0.008 0.0116254 2 
17 27 55 0 0.023 0.0106557 1 
18 27 55 0 0.034 0.0119664 1 
19 27 55 0.000126458 0.003 0.011409 2 
20 27 55 0 0.004 0.00936358 1 
21 27 55 0 0.029 0.00946845 1 
22 27 55 0.0461094 0.001 0.013714 82 
23 27 55 0 0.001 0.0100688 1 
24 27 55 0 0.041 0.0110814 1 
25 27 55 0.00127897 0.02 0.0112412 3 
26 27 55 0.00585385 0.031 0.0103286 8 
27 27 55 0 0.026 0.0110827 1 
28 27 55 0 0.006 0.00643755 1 
29 27 55 0.00187814 0.046 0.0109044 3 
30 27 55 0 0.02 0.0114628 1 
31 27 55 0 0.045 0.0144841 1 
32 27 55 5.0042e-05 0.004 0.00866566 2 
0 27 56 0 0.035 0.0112424 1 
1 27 56 0 0.033 0.0109908 1 
2 27 56 0 0.041 0.012413 1 
3 27 56 0.00427901 0.011 0.0113357 9 
4 27 56 0 0.006 0.0112829 1 
5 27 56 0 0.046 0.00876555 1 
6 27 56 0 0.001 0.0116073 1 
7 27 56 0 0.027 0.010388 1 
8 27 56 0 0.042 0.0103048 1 
9 27 56 0.00175515 0.022 0.0101575 6 
10 27 56 0 0.044 0.015272 1 
11 27 56 0 0.004 0.0127685 1 
12 27 56 0.00248729 0.038 0.010904 5 
13 27 56 0 0.036 0.0121869 1 
14 27 56 0.00376405 0.011 0.0114988 3 
15 27 56 0.000670501 0.04 0.0127965 2 
16 27 56 0.000670501 0.011 0.0117565 2 
17 27 56 0.00450817 0.039 0.00884444 4 
18 27 56 0 0.037 0.0137023 1 
19 27 56 0 0.019 0.0133942 1 
20 27 56 0.0558492 0.001 0.012482 62 
21 27 56 0 0.011 0.00949832 1 
22 27 56 0.0359331 0.003 0.00962966 49 
23 27 56 0 0.018 0.0121784 1 
24 27 56 0 0.024 0.00910481 1 
25 27 56 0.0358603 0.002 0.0104953 60 
26 27 56 0 0.047 0.0115623 1 
27 27 56 0.00127194 0.002 0.0118461 3 
28 27 56 0.0108404 0.016 0.0101286 2 
29 27 56 0 0.013 0.0171823 1 
30 27 56 5.52044e-05 0.042 0.00954153 2 
31 27 56 0 0.014 0.011706 1 
32 27 56 0 0.021 0.00829815 1 
0 27 57 0 0.032 0.011599 1 
1 27 57 0 0.007 0.0122646 1 
2 27 57 0 0.004 0.0122096 1 
3 27 57 0 0.029 0.0109448 1 
4 27 57 0 0.031 0.0159869 1 
5 27 57 0 0.009 0.0099166 1 
6 27 57 0 0.016 0.00859542 1 
7 27 57 0 0.041 0.00977177 1 
8 27 57 0 0.001 0.0097838 1 
9 27 57 0 0.039 0.0114773 1 
10 27 57 0.00184685 0.035 0.0134373 3 
11 27 57 0 0.023 0.0105805 1 
12 27 57 0 0.035 0.0122176 1 
13 27 57 0.00423742 0.003 0.0105991 6 
14 27 57 0 0.006 0.00954746 1 
15 27 57 0.000618966 0.018 0.0139096 2 
16 27 57 0.000618966 0.011 0.0120991 2 
17 27 57 0.00366355 0.046 0.0149956 4 
18 27 57 0.000629236 0.006 0.0106197 2 
19 27 57 0 0.008 0.00976022 1 
20 27 57 0 0.048 0.0097196 1 
21 27 57 0.000551893 0.04 0.00923821 2 
22 27 57 0 0.018 0.0102102 1 
23 27 57 0 0.033 0.0110164 1 
24 27 57 0 0.011 0.0125378 1 
25 27 57 0 0.022 0.00959151 1 
26 27 57 0 0.041 0.0103504 1 
27 27 57 0.00461154 0.021 0.0133524 4 
28 27 57 0.000629236 0.038 0.0102343 2 
29 27 57 0 0.048 0.012161 1 
30 27 57 0.00875538 0.018 0.0103417 16 
31 27 57 0 0.032 0.00869394 1 
32 27 57 0.00605718 0.049 0.0110723 9 
0 27 58 0 0.02 0.0105526 1 
1 27 58 0 0.036 0.0102899 1 
2 27 58 0 0.019 0.0123343 1 
3 27 58 0 0.022 0.0118477 1 
4 27 58 0 0.02 0.0102126 1 
5 27 58 0 0.046 0.010834 1 
6 27 58 0.000540222 0.003 0.0126486 2 
7 27 58 0 0.04 0.0137207 1 
8 27 58 0 0.008 0.0106411 1 
9 27 58 0 0.008 0.0103586 1 
10 27 58 0.00149203 0.036 0.0121802 3 
11 27 58 0 0.004 0.00895828 1 
12 27 58 0.0137631 0.043 0.0106656 7 
13 27 58 0 0.036 0.0127762 1 
14 27 58 0 0.013 0.0124338 1 
15 27 58 0.00058982 0.012 0.012257 2 
16 27 58 0 0.034 0.0101265 1 
17 27 58 0 0.013 0.00776664 1 
18 27 58 0.00224002 0.01 0.0123412 2 
19 27 58 0 0.017 0.00891626 1 
20 27 58 0 0.047 0.0112579 1 
21 27 58 0.000530303 0.01 0.0106468 2 
22 27 58 0 0.049 0.0143398 1 
23 27 58 0 0.018 0.0113478 1 
24 27 58 0 0.014 0.0113174 1 
25 27 58 0.0144777 0.005 0.00980292 25 
26 27 58 0 0.015 0.00844626 1 
27 27 58 0.0607904 0.002 0.0110794 75 
28 27 58 0 0.032 0.0135893 1 
29 27 58 0 0.004 0.00980423 1 
30 27 58 0 0.01 0.0119195 1 
31 27 58 0.00679003 0.029 0.0114933 7 
32 27 58 0.000522637 0.032 0.0102456 2 
0 27 59 0 0.01 0.0107544 1 
1 27 59 0.0103377 0.035 0.00916292 11 
2 27 59 0 0.029 0.0135649 1 
3 27 59 0.00507967 0.008 0.00959735 9 
4 27 59 0 0.048 0.0112602 1 
5 27 59 0 0.034 0.00865305 1 
6 27 59 0 0.035 0.0114989 1 
7 27 59 0 0.006 0.00920657 1 
8 27 59 0 0.045 0.0126452 1 
9 27 59 0 0.017 0.00786875 1 
10 27 59 0 0.009 0.0100385 1 
11 27 59 0 0.025 0.00854676 1 
12 27 59 0 0.009 0.0130862 1 
13 27 59 0.000628049 0.012 0.0105566 5 
14 27 59 0 0.034 0.0136701 1 
15 27 59 0 0.039 0.0146081 1 
16 27 59 0 0.017 0.0139861 1 
17 27 59 0 0.004 0.0143864 1 
18 27 59 0.000631018 0.041 0.012333 2 
19 27 59 0 0.007 0.0104651 1 
20 27 59 0.000626682 0.048 0.0133331 2 
21 27 59 0 0.048 0.00968409 1 
22 27 59 0 0.03 0.0131774 1 
23 27 59 0.000599402 0.002 0.00949417 2 
24 27 59 0 0.041 0.008899 1 
25 27 59 0.00083552 0.004 0.0105557 2 
26 27 59 0.000514855 0.006 0.0112897 2 
27 27 59 0.000371983 0.02 0.010411 2 
28 27 59 0 0.049 0.0142369 1 
29 27 59 0.000651329 0.045 0.0125116 2 
30 27 59 0 0.028 0.0104835 1 
31 27 59 0 0.048 0.00822868 1 
32 27 59 0 0.006 0.0109594 1 
0 27 60 0.000567265 0.01 0.00895552 4 
1 27 60 0 0.007 0.0121939 1 
2 27 60 0 0.039 0.0100788 1 
3 27 60 0.000732939 0.021 0.0091615 2 
4 27 60 0 0.04 0.0106964 1 
5 27 60 8.06639e-06 0.047 0.0104815 2 
6 27 60 0 0.017 0.0124306 1 
7 27 60 0.000701878 0.033 0.00986973 2 
8 27 60 4.43377e-05 0.044 0.00950929 2 
9 27 60 0.00201276 0.008 0.0126581 2 
10 27 60 0.00112247 0.03 0.0119592 3 
11 27 60 0.000654584 0.012 0.0138023 2 
12 27 60 0.000594709 0.026 0.01188 2 
13 27 60 0 0.007 0.010946 1 
14 27 60 0.00188759 0.026 0.00994604 4 
15 27 60 0 0.009 0.00823913 1 
16 27 60 0.00067587 0.023 0.0132055 2 
17 27 60 0 0.028 0.0122299 1 
18 27 60 0.000665227 0.008 0.0115992 2 
19 27 60 0 0.009 0.0119323 1 
20 27 60 0 0.036 0.0113128 1 
21 27 60 0.000612013 0.015 0.0131067 2 
22 27 60 0 0.01 0.0112394 1 
23 27 60 0 0.043 0.0118806 1 
24 27 60 0.000665227 0.034 0.0115728 2 
25 27 60 0.00463352 0.042 0.0109197 2 
26 27 60 0.000854339 0.003 0.0102718 3 
27 27 60 0.00510113 0.035 0.00793825 4 
28 27 60 0 0.047 0.0107884 1 
29 27 60 0.0020893 0.039 0.0108153 3 
30 27 60 0 0.03 0.00918825 1 
31 27 60 0 0.028 0.0129635 1 
32 27 60 0.00951275 0.015 0.00963767 11 
