0 28 0 0 0.014 0.0997547 1 
1 28 0 0.00934489 0.015 0.0946657 2 
2 28 0 0 0.007 0.0931683 1 
3 28 0 0 0.042 0.111357 1 
4 28 0 0 0.03 0.0914725 1 
5 28 0 0 0.019 0.110936 1 
6 28 0 0 0.023 0.0961228 1 
7 28 0 0 0.031 0.124769 1 
8 28 0 0.00345313 0.014 0.0829555 2 
9 28 0 0 0.004 0.115914 1 
10 28 0 0 0.008 0.112853 1 
11 28 0 0 0.011 0.114984 1 
12 28 0 0 0.031 0.114848 1 
13 28 0 0 0.039 0.101325 1 
14 28 0 0.0177716 0.012 0.138538 2 
15 28 0 0 0.029 0.0856159 1 
16 28 0 0 0.013 0.121991 1 
17 28 0 0 0.032 0.104326 1 
18 28 0 0 0.021 0.0885568 1 
19 28 0 0 0.017 0.112696 1 
20 28 0 0 0.036 0.100978 1 
21 28 0 0 0.048 0.105335 1 
22 28 0 0 0.033 0.108627 1 
23 28 0 0 0.049 0.0999952 1 
24 28 0 0 0.011 0.126145 1 
25 28 0 0 0.016 0.112101 1 
26 28 0 0 0.043 0.12542 1 
27 28 0 0 0.014 0.0886172 1 
28 28 0 0 0.004 0.132889 1 
29 28 0 0 0.039 0.107687 1 
30 28 0 0 0.021 0.0944487 1 
31 28 0 0 0.014 0.206512 1 
32 28 0 0 0.033 0.100327 1 
0 28 1 0 0.009 0.145974 1 
1 28 1 0 0.001 0.126685 1 
2 28 1 0 0.007 0.147141 1 
3 28 1 0 0.027 0.167161 1 
4 28 1 0 0.045 0.161425 1 
5 28 1 0 0.039 0.136469 1 
6 28 1 0 0.012 0.127094 1 
7 28 1 0.0974198 0.013 0.138397 3 
8 28 1 0 0.043 0.411417 1 
9 28 1 0 0.04 0.103884 1 
10 28 1 0 0.025 0.127311 1 
11 28 1 0 0.014 0.136298 1 
12 28 1 0 0.022 0.12289 1 
13 28 1 0 0.025 0.145318 1 
14 28 1 0 0.033 0.140728 1 
15 28 1 0 0.046 0.111094 1 
16 28 1 0 0.035 0.0841437 1 
17 28 1 0 0.044 0.134993 1 
18 28 1 0 0.038 0.100507 1 
19 28 1 0 0.009 0.141268 1 
20 28 1 0 0.005 0.106539 1 
21 28 1 0 0.02 0.111357 1 
22 28 1 0.110906 0.004 0.134534 3 
23 28 1 0 0.025 0.124527 1 
24 28 1 0 0.028 0.124614 1 
25 28 1 0 0.028 0.130628 1 
26 28 1 0 0.016 0.11731 1 
27 28 1 0 0.005 0.140747 1 
28 28 1 0 0.046 0.128971 1 
29 28 1 0 0.024 0.12279 1 
30 28 1 0 0.011 0.137076 1 
31 28 1 0 0.025 0.130796 1 
32 28 1 0 0.008 0.122139 1 
0 28 2 0 0.03 0.100978 1 
1 28 2 0 0.013 0.120603 1 
2 28 2 0 0.03 0.160086 1 
3 28 2 0 0.009 0.112137 1 
4 28 2 0 0.02 0.165747 1 
5 28 2 0.0232119 0.002 0.15667 2 
6 28 2 0 0.028 0.1083 1 
7 28 2 0 0.046 0.143742 1 
8 28 2 0 0.04 0.0903689 1 
9 28 2 0 0.03 0.130591 1 
10 28 2 0 0.024 0.126685 1 
11 28 2 0 0.034 0.141268 2 
12 28 2 0 0.048 0.123206 1 
13 28 2 0 0.011 0.123206 1 
14 28 2 0 0.02 0.117452 1 
15 28 2 0 0.048 0.108579 1 
16 28 2 0 0.013 0.10246 1 
17 28 2 0 0.016 0.118468 1 
18 28 2 0 0.027 0.129692 1 
19 28 2 0.0322395 0.014 0.131279 2 
20 28 2 0 0.037 0.143733 1 
21 28 2 0 0.031 0.258071 1 
22 28 2 0 0.02 0.116305 1 
23 28 2 0 0.004 0.123223 1 
24 28 2 0 0.037 0.11987 1 
25 28 2 0 0.042 0.110644 1 
26 28 2 0 0.016 0.111841 1 
27 28 2 0 0.033 0.115747 1 
28 28 2 0 0.021 0.107761 1 
29 28 2 0 0.003 0.137769 1 
30 28 2 0 0.044 0.122884 1 
31 28 2 0.00221927 0.038 0.115524 2 
32 28 2 0 0.031 0.13033 1 
0 28 3 0.00474044 0.002 0.124395 2 
1 28 3 0 0.024 0.11935 1 
2 28 3 0 0.041 0.179596 1 
3 28 3 0.179635 0.01 0.15533 2 
4 28 3 0.0221222 0.017 0.134052 2 
5 28 3 0 0.038 0.430192 1 
6 28 3 0 0.041 0.123155 1 
7 28 3 0 0.042 0.114054 1 
8 28 3 0 0.021 0.126685 1 
9 28 3 0 0.036 0.152731 1 
10 28 3 0.0121077 0.008 0.107755 2 
11 28 3 0 0.001 0.145825 1 
12 28 3 0 0.039 0.130888 1 
13 28 3 0 0.021 0.116305 1 
14 28 3 0 0.013 0.137473 1 
15 28 3 0 0.008 0.128819 1 
16 28 3 0 0.047 0.12682 1 
17 28 3 0 0.015 0.150271 1 
18 28 3 0 0.026 0.105144 1 
19 28 3 0 0.032 0.13033 1 
20 28 3 0 0.019 0.148155 1 
21 28 3 0 0.018 0.226367 2 
22 28 3 0 0.025 0.134534 1 
23 28 3 0 0.038 0.0978326 1 
24 28 3 0 0.036 0.111767 1 
25 28 3 0 0.018 0.112399 1 
26 28 3 0 0.043 0.127094 1 
27 28 3 0 0.02 0.141045 1 
28 28 3 0 0.004 0.136946 1 
29 28 3 0 0.003 0.128283 1 
30 28 3 0 0.038 0.135246 1 
31 28 3 0 0.033 0.177264 1 
32 28 3 0 0.015 0.130851 1 
0 28 4 0 0.025 0.0967739 1 
1 28 4 0 0.01 0.0953168 1 
2 28 4 0 0.043 0.156654 1 
3 28 4 0 0.005 0.117426 1 
4 28 4 0 0.039 0.419667 1 
5 28 4 0.0231918 0.045 0.103117 2 
6 28 4 0 0.001 0.144281 1 
7 28 4 0 0.025 0.12708 1 
8 28 4 0 0.019 0.12289 1 
9 28 4 0 0.008 0.104312 1 
10 28 4 0 0.028 0.426311 1 
11 28 4 0 0.034 0.14202 1 
12 28 4 0 0.019 0.150488 1 
13 28 4 0 0.033 0.115524 1 
14 28 4 0 0.024 0.123526 1 
15 28 4 0 0.012 0.0847017 1 
16 28 4 0 0.031 0.130217 1 
17 28 4 0 0.03 0.0992106 1 
18 28 4 0 0.032 0.119846 1 
19 28 4 0 0.021 0.15533 1 
20 28 4 0.026748 0.024 0.127094 2 
21 28 4 0 0.011 0.124948 1 
22 28 4 0.0772122 0.001 0.156372 2 
23 28 4 0 0.031 0.104431 1 
24 28 4 0 0.01 0.132935 1 
25 28 4 0 0.045 0.125656 1 
26 28 4 0 0.015 0.122913 1 
27 28 4 0.116767 0.007 0.133047 3 
28 28 4 0 0.035 0.106912 1 
29 28 4 0 0.044 0.114705 1 
30 28 4 0 0.031 0.122895 1 
31 28 4 0 0.039 0.130826 1 
32 28 4 0 0.031 0.137448 1 
0 28 5 0 0.001 0.131372 1 
1 28 5 0 0.04 0.123206 1 
2 28 5 0 0.015 0.10507 1 
3 28 5 0 0.014 0.110706 1 
4 28 5 0 0.039 0.124769 1 
5 28 5 0 0.029 0.427315 1 
6 28 5 0 0.001 0.129915 1 
7 28 5 0 0.004 0.106366 1 
8 28 5 0 0.002 0.123155 1 
9 28 5 0 0.027 0.141045 1 
10 28 5 0 0.02 0.152416 1 
11 28 5 0 0.038 0.154638 1 
12 28 5 0.126754 0.006 0.0841437 2 
13 28 5 0 0.015 0.144393 1 
14 28 5 0 0.033 0.128768 1 
15 28 5 0 0.019 0.147518 1 
16 28 5 0 0.043 0.140375 1 
17 28 5 0 0.048 0.118519 1 
18 28 5 0 0.022 0.126685 1 
19 28 5 0 0.038 0.145435 1 
20 28 5 0.0592726 0.015 0.1083 2 
21 28 5 0 0.011 0.235922 1 
22 28 5 0 0.03 0.118468 1 
23 28 5 0 0.027 0.115747 1 
24 28 5 0 0.01 0.120149 1 
25 28 5 0 0.03 0.13033 1 
26 28 5 0 0.006 0.135663 1 
27 28 5 0 0.019 0.134497 1 
28 28 5 0 0.025 0.127198 1 
29 28 5 0 0.048 0.112869 1 
30 28 5 0.0449721 0.004 0.13167 3 
31 28 5 0 0.022 0.213985 1 
32 28 5 0 0.009 0.131372 1 
0 28 6 0 0.024 0.130851 1 
1 28 6 0 0.007 0.132935 1 
2 28 6 0 0.039 0.109287 1 
3 28 6 0 0.012 0.126685 1 
4 28 6 0 0.021 0.123206 1 
5 28 6 0 0.048 0.435482 1 
6 28 6 0 0.017 0.107563 1 
7 28 6 0.000595113 0.004 0.130306 2 
8 28 6 0 0.034 0.121513 1 
9 28 6 0 0.028 0.151536 1 
10 28 6 0 0.047 0.414267 1 
11 28 6 0 0.029 0.179661 1 
12 28 6 0 0.018 0.110706 1 
13 28 6 0 0.027 0.116566 1 
14 28 6 0 0.001 0.131781 1 
15 28 6 0 0.015 0.130268 1 
16 28 6 0 0.039 0.12475 1 
17 28 6 0 0.004 0.12705 1 
18 28 6 0 0.015 0.112223 1 
19 28 6 0 0.042 0.15533 1 
20 28 6 0 0.015 0.115821 1 
21 28 6 0 0.043 0.264777 1 
22 28 6 0 0.042 0.115759 1 
23 28 6 0.0283168 0.001 0.141528 2 
24 28 6 0 0.032 0.145955 1 
25 28 6 0 0.021 0.115759 1 
26 28 6 0 0.028 0.115152 1 
27 28 6 0 0.018 0.128842 1 
28 28 6 0 0.041 0.100083 1 
29 28 6 0 0.044 0.109093 1 
30 28 6 0 0.03 0.149816 1 
31 28 6 0 0.006 0.245521 1 
32 28 6 0 0.015 0.137869 1 
0 28 7 0 0.013 0.106019 1 
1 28 7 0 0.043 0.144914 1 
2 28 7 0 0.024 0.125227 1 
3 28 7 0 0.041 0.107891 1 
4 28 7 0 0.042 0.122972 1 
5 28 7 0 0.037 0.35961 2 
6 28 7 0 0.016 0.130826 1 
7 28 7 0 0.007 0.0980139 1 
8 28 7 6.93121e-05 0.01 0.139681 2 
9 28 7 0 0.029 0.151331 1 
10 28 7 0 0.022 0.131149 1 
11 28 7 0 0.026 0.13795 1 
12 28 7 0 0.049 0.107567 1 
13 28 7 0 0.019 0.122895 1 
14 28 7 0 0.038 0.125227 1 
15 28 7 0 0.033 0.109051 1 
16 28 7 0 0.004 0.121433 1 
17 28 7 0 0.028 0.105082 1 
18 28 7 0 0.006 0.110342 1 
19 28 7 0 0.017 0.126685 1 
20 28 7 0 0.031 0.128971 1 
21 28 7 0 0.041 0.276265 1 
22 28 7 0 0.014 0.12289 1 
23 28 7 0.148082 0.009 0.0881848 2 
24 28 7 0 0.026 0.0946657 1 
25 28 7 0.0384305 0.005 0.136549 2 
26 28 7 0 0.017 0.145955 1 
27 28 7 0 0.03 0.121402 1 
28 28 7 0 0.03 0.101018 1 
29 28 7 0 0.015 0.106736 1 
30 28 7 0 0.02 0.130851 1 
31 28 7 0 0.009 0.240093 1 
32 28 7 0 0.025 0.126313 1 
0 28 8 0 0.042 0.141045 1 
1 28 8 0 0.034 0.126685 1 
2 28 8 0 0.024 0.148132 1 
3 28 8 0 0.01 0.137636 1 
4 28 8 0 0.032 0.107563 1 
5 28 8 0 0.017 0.110644 1 
6 28 8 0 0.01 0.111859 1 
7 28 8 0 0.001 0.132935 1 
8 28 8 0 0.039 0.392812 1 
9 28 8 0 0.029 0.137948 1 
10 28 8 0 0.032 0.1208 1 
11 28 8 0 0.004 0.127571 1 
12 28 8 0 0.008 0.115821 1 
13 28 8 0 0.049 0.13033 1 
14 28 8 0 0.009 0.11429 1 
15 28 8 0 0.031 0.0941697 1 
16 28 8 0 0.031 0.137478 1 
17 28 8 0 0.002 0.0941697 1 
18 28 8 0 0.022 0.112399 1 
19 28 8 0 0.043 0.115524 1 
20 28 8 0 0.033 0.102599 1 
21 28 8 0 0.024 0.25016 1 
22 28 8 0 0.019 0.151536 1 
23 28 8 0.0288834 0.003 0.122983 2 
24 28 8 0 0.038 0.123467 1 
25 28 8 0 0.005 0.115062 1 
26 28 8 0 0.004 0.112399 1 
27 28 8 0 0.016 0.131112 1 
28 28 8 0 0.012 0.12708 1 
29 28 8 0 0.025 0.13658 1 
30 28 8 0 0.036 0.128843 1 
31 28 8 0 0.019 0.150508 2 
32 28 8 0 0.021 0.159497 1 
0 28 9 0 0.023 0.130628 1 
1 28 9 0 0.007 0.128917 1 
2 28 9 0 0.004 0.146469 1 
3 28 9 0 0.043 0.10658 1 
4 28 9 0 0.038 0.137138 1 
5 28 9 0 0.046 0.420966 1 
6 28 9 0 0.017 0.135353 1 
7 28 9 0 0.042 0.115524 1 
8 28 9 0 0.007 0.127571 1 
9 28 9 0 0.011 0.100624 1 
10 28 9 0 0.023 0.128545 1 
11 28 9 0 0.012 0.141268 1 
12 28 9 0 0.015 0.115759 1 
13 28 9 0 0.025 0.13929 1 
14 28 9 0 0.015 0.137473 1 
15 28 9 0 0.016 0.0814465 1 
16 28 9 0 0.006 0.135576 1 
17 28 9 0 0.043 0.10042 1 
18 28 9 0 0.025 0.115017 1 
19 28 9 0 0.028 0.0999806 1 
20 28 9 0 0.02 0.151461 1 
21 28 9 0 0.044 0.239954 1 
22 28 9 0 0.012 0.146921 1 
23 28 9 0 0.018 0.141677 1 
24 28 9 0 0.038 0.129863 1 
25 28 9 0 0.018 0.113588 1 
26 28 9 0 0.019 0.134947 1 
27 28 9 0 0.019 0.130851 1 
28 28 9 0 0.025 0.113589 1 
29 28 9 0 0.001 0.11101 1 
30 28 9 0 0.049 0.112101 1 
31 28 9 0 0.025 0.100029 1 
32 28 9 0 0.02 0.099471 1 
0 28 10 0 0.023 0.108598 1 
1 28 10 0 0.007 0.11943 1 
2 28 10 0 0.034 0.121515 1 
3 28 10 0.0124314 0.001 0.111841 2 
4 28 10 0 0.041 0.418322 1 
5 28 10 0 0.037 0.130628 1 
6 28 10 0 0.003 0.113143 1 
7 28 10 0 0.005 0.120304 1 
8 28 10 0 0.021 0.140747 1 
9 28 10 0 0.004 0.10833 1 
10 28 10 0 0.03 0.149615 1 
11 28 10 0 0.025 0.116807 1 
12 28 10 0 0.013 0.112101 1 
13 28 10 0.029325 0.012 0.112399 2 
14 28 10 0 0.043 0.134733 1 
15 28 10 0 0.045 0.108627 1 
16 28 10 0 0.028 0.103428 1 
17 28 10 0 0.043 0.0967739 1 
18 28 10 0 0.034 0.110342 1 
19 28 10 0 0.039 0.138751 1 
20 28 10 0 0.012 0.128117 1 
21 28 10 0 0.028 0.210504 1 
22 28 10 0.0464419 0.005 0.143742 2 
23 28 10 0 0.017 0.14908 1 
24 28 10 0 0.018 0.12861 1 
25 28 10 0 0.01 0.113885 1 
26 28 10 0 0.032 0.126685 1 
27 28 10 0 0.007 0.152075 1 
28 28 10 0 0.018 0.10833 1 
29 28 10 0 0.04 0.127571 1 
30 28 10 0 0.023 0.112696 1 
31 28 10 0 0.018 0.247076 1 
32 28 10 0.137968 0.004 0.153261 2 
0 28 11 0.15218 0.004 0.158976 2 
1 28 11 0.0424082 0.014 0.15533 2 
2 28 11 0 0.034 0.133526 1 
3 28 11 0.0495348 0.008 0.145435 3 
4 28 11 0.0220672 0.023 0.12542 2 
5 28 11 0.000148448 0.021 0.141268 2 
6 28 11 0 0.014 0.115524 1 
7 28 11 0.118271 0.038 0.159888 2 
8 28 11 0.00935016 0.004 0.103675 2 
9 28 11 0 0.041 0.111841 1 
10 28 11 0 0.036 0.148155 1 
11 28 11 0 0.038 0.127788 1 
12 28 11 0 0.006 0.12289 1 
13 28 11 0 0.014 0.118468 1 
14 28 11 0 0.028 0.153396 1 
15 28 11 0 0.038 0.0841437 1 
16 28 11 0 0.016 0.139681 1 
17 28 11 0 0.048 0.115003 1 
18 28 11 0 0.018 0.116603 1 
19 28 11 0 0.047 0.143128 1 
20 28 11 0 0.044 0.10778 1 
21 28 11 0 0.011 0.268844 2 
22 28 11 0 0.035 0.135576 1 
23 28 11 0 0.024 0.131651 1 
24 28 11 0 0.042 0.115164 1 
25 28 11 0 0.01 0.131372 1 
26 28 11 0 0.025 0.0999838 1 
27 28 11 0 0.031 0.104431 1 
28 28 11 0 0.047 0.116638 1 
29 28 11 0 0.023 0.117303 1 
30 28 11 0 0.024 0.126685 1 
31 28 11 0 0.035 0.254986 1 
32 28 11 0 0.007 0.145435 1 
0 28 12 0 0.045 0.130888 1 
1 28 12 0 0.04 0.116322 1 
2 28 12 0 0.02 0.143662 1 
3 28 12 0 0.042 0.122667 1 
4 28 12 0 0.016 0.420315 1 
5 28 12 0 0.047 0.427529 1 
6 28 12 6.60296e-06 0.016 0.155286 2 
7 28 12 0.147895 0.013 0.12542 2 
8 28 12 0 0.04 0.403834 1 
9 28 12 0 0.019 0.135055 1 
10 28 12 0 0.019 0.136946 1 
11 28 12 0 0.042 0.128501 1 
12 28 12 0.0305682 0.001 0.130851 2 
13 28 12 0 0.007 0.131149 1 
14 28 12 0 0.039 0.109497 1 
15 28 12 0 0.042 0.12289 1 
16 28 12 0 0.039 0.12542 1 
17 28 12 0.145945 0.003 0.112235 6 
18 28 12 0 0.003 0.112101 1 
19 28 12 0 0.026 0.131149 1 
20 28 12 0 0.012 0.135246 1 
21 28 12 0 0.02 0.139854 1 
22 28 12 0 0.001 0.127601 1 
23 28 12 0 0.037 0.122811 1 
24 28 12 0 0.035 0.127348 1 
25 28 12 0 0.012 0.145435 1 
26 28 12 0 0.018 0.126685 1 
27 28 12 0 0.001 0.125227 1 
28 28 12 0 0.027 0.114232 1 
29 28 12 0 0.018 0.0884563 1 
30 28 12 0 0.037 0.131819 1 
31 28 12 0 0.032 0.196492 1 
32 28 12 0 0.044 0.120955 1 
0 28 13 0 0.02 0.114848 1 
1 28 13 0 0.028 0.135403 1 
2 28 13 0 0.031 0.13955 1 
3 28 13 0 0.005 0.145825 1 
4 28 13 0 0.031 0.115821 1 
5 28 13 0 0.037 0.13033 1 
6 28 13 0 0.013 0.145589 1 
7 28 13 0.0251211 0.012 0.134993 2 
8 28 13 0 0.04 0.395387 1 
9 28 13 0.146818 0.001 0.152596 2 
10 28 13 0 0.049 0.118424 1 
11 28 13 0 0.029 0.123722 1 
12 28 13 0 0.044 0.140747 1 
13 28 13 0 0.001 0.133679 1 
14 28 13 0 0.049 0.111357 1 
15 28 13 0 0.007 0.12019 1 
16 28 13 0 0.03 0.139637 1 
17 28 13 0 0.034 0.0980139 1 
18 28 13 0 0.049 0.126982 1 
19 28 13 0 0.016 0.140747 1 
20 28 13 0 0.002 0.134144 1 
21 28 13 0 0.001 0.286893 1 
22 28 13 0.0685266 0.004 0.152701 3 
23 28 13 0 0.023 0.141045 1 
24 28 13 0 0.048 0.140487 1 
25 28 13 0 0.034 0.115201 1 
26 28 13 0 0.022 0.124437 1 
27 28 13 0 0.027 0.101046 1 
28 28 13 0 0.014 0.101152 1 
29 28 13 0 0.029 0.144393 1 
30 28 13 0 0.033 0.12542 1 
31 28 13 0 0.041 0.193689 1 
32 28 13 0 0.016 0.137448 1 
0 28 14 0 0.045 0.124437 1 
1 28 14 0 0.02 0.128396 1 
2 28 14 0 0.045 0.17411 1 
3 28 14 0 0.001 0.159497 1 
4 28 14 0 0.011 0.426235 1 
5 28 14 0 0.029 0.423496 1 
6 28 14 0 0.006 0.115133 1 
7 28 14 0 0.037 0.14908 1 
8 28 14 0 0.049 0.141268 1 
9 28 14 0.132629 0.001 0.167086 4 
10 28 14 0 0.042 0.430358 1 
11 28 14 0 0.016 0.104698 1 
12 28 14 0 0.035 0.130306 1 
13 28 14 0.0347451 0.018 0.12542 2 
14 28 14 0 0.008 0.112138 1 
15 28 14 0 0.036 0.108381 1 
16 28 14 0 0.038 0.111853 1 
17 28 14 0 0.008 0.120412 1 
18 28 14 0 0.01 0.115697 1 
19 28 14 0 0.023 0.120509 1 
20 28 14 0 0.044 0.140463 1 
21 28 14 0 0.022 0.268937 1 
22 28 14 0 0.02 0.135246 1 
23 28 14 0 0.024 0.165617 1 
24 28 14 0 0.018 0.107958 1 
25 28 14 0 0.002 0.14164 1 
26 28 14 0 0.006 0.134577 1 
27 28 14 0 0.008 0.128971 1 
28 28 14 0 0.026 0.116638 1 
29 28 14 0 0.003 0.129915 1 
30 28 14 0 0.014 0.112504 1 
31 28 14 0 0.034 0.189719 1 
32 28 14 0 0.027 0.122884 1 
0 28 15 0 0.043 0.12327 1 
1 28 15 0 0.022 0.119951 1 
2 28 15 0 0.029 0.13929 1 
3 28 15 0.0280225 0.01 0.131893 3 
4 28 15 0.0220415 0.042 0.134497 2 
5 28 15 0 0.043 0.126833 1 
6 28 15 0 0.023 0.126424 1 
7 28 15 0 0.031 0.144951 1 
8 28 15 0.0228669 0.025 0.151164 2 
9 28 15 0 0.015 0.128261 1 
10 28 15 0 0.015 0.378532 3 
11 28 15 0 0.023 0.141138 1 
12 28 15 0.0308356 0.001 0.145955 2 
13 28 15 0 0.048 0.143974 1 
14 28 15 0 0.022 0.10717 1 
15 28 15 0 0.01 0.112399 1 
16 28 15 0 0.03 0.143345 1 
17 28 15 0 0.031 0.136946 1 
18 28 15 0 0.019 0.118468 1 
19 28 15 0 0.042 0.110342 1 
20 28 15 0 0.01 0.101592 1 
21 28 15 0 0.04 0.228624 1 
22 28 15 0 0.008 0.108088 1 
23 28 15 0 0.028 0.124769 1 
24 28 15 0 0.048 0.116396 1 
25 28 15 0.137335 0.019 0.198857 3 
26 28 15 0 0.009 0.147073 1 
27 28 15 0 0.041 0.112534 1 
28 28 15 0 0.008 0.120228 1 
29 28 15 0 0.02 0.131781 1 
30 28 15 0.14172 0.012 0.143427 2 
31 28 15 0 0.014 0.201414 1 
32 28 15 0.00829951 0.002 0.128117 2 
0 28 16 0.0313668 0.005 0.136976 2 
1 28 16 0 0.019 0.112101 1 
2 28 16 0 0.017 0.152776 1 
3 28 16 0 0.042 0.121052 1 
4 28 16 0 0.025 0.12542 1 
5 28 16 0 0.023 0.123206 1 
6 28 16 0 0.004 0.140201 1 
7 28 16 0.0067934 0.004 0.109683 2 
8 28 16 0 0.017 0.127094 1 
9 28 16 0.0880602 0.008 0.140673 2 
10 28 16 0 0.015 0.418715 1 
11 28 16 0 0.046 0.165146 1 
12 28 16 0 0.01 0.126685 1 
13 28 16 0 0.027 0.122816 1 
14 28 16 0 0.032 0.126685 1 
15 28 16 0 0.009 0.112101 1 
16 28 16 0 0.045 0.144951 1 
17 28 16 0 0.024 0.131372 1 
18 28 16 0 0.007 0.0956702 1 
19 28 16 0 0.011 0.144951 1 
20 28 16 0 0.019 0.12542 1 
21 28 16 0 0.006 0.243329 1 
22 28 16 0.145057 0.014 0.116045 2 
23 28 16 0 0.046 0.121123 1 
24 28 16 0 0.045 0.11731 1 
25 28 16 0 0.016 0.12581 1 
26 28 16 0.0344787 0.006 0.124118 2 
27 28 16 0 0.006 0.103675 1 
28 28 16 0 0.013 0.136976 1 
29 28 16 0 0.043 0.159496 1 
30 28 16 0.0756073 0.001 0.131149 2 
31 28 16 0 0.048 0.263444 1 
32 28 16 0 0.008 0.116305 1 
0 28 17 0 0.014 0.112534 1 
1 28 17 0 0.014 0.139412 1 
2 28 17 0 0.046 0.17878 1 
3 28 17 0 0.042 0.112101 1 
4 28 17 0 0.045 0.424086 1 
5 28 17 0 0.027 0.153117 1 
6 28 17 0 0.008 0.118953 1 
7 28 17 0 0.036 0.117787 1 
8 28 17 0 0.049 0.406168 1 
9 28 17 0 0.047 0.132935 1 
10 28 17 0 0.041 0.120337 1 
11 28 17 0 0.012 0.139198 1 
12 28 17 0 0.032 0.140487 1 
13 28 17 0 0.021 0.104312 1 
14 28 17 0 0.021 0.127999 1 
15 28 17 0 0.026 0.116305 1 
16 28 17 0 0.008 0.131372 1 
17 28 17 0 0.035 0.144784 1 
18 28 17 0 0.039 0.110644 1 
19 28 17 0.193372 0.005 0.131149 4 
20 28 17 0 0.008 0.110099 1 
21 28 17 0 0.019 0.278662 1 
22 28 17 0 0.019 0.131296 1 
23 28 17 0 0.006 0.130851 1 
24 28 17 0 0.016 0.103675 1 
25 28 17 0 0.047 0.145955 1 
26 28 17 0 0.044 0.125542 1 
27 28 17 0 0.034 0.161141 1 
28 28 17 0 0.035 0.135105 1 
29 28 17 0 0.045 0.0968669 1 
30 28 17 0 0.011 0.128461 1 
31 28 17 0 0.034 0.113707 2 
32 28 17 0 0.006 0.12581 1 
0 28 18 0 0.039 0.157302 1 
1 28 18 0 0.042 0.116305 1 
2 28 18 0 0.013 0.134616 1 
3 28 18 0 0.041 0.117979 1 
4 28 18 0 0.024 0.0807954 1 
5 28 18 0 0.011 0.428471 1 
6 28 18 0 0.014 0.136976 1 
7 28 18 0 0.001 0.115747 1 
8 28 18 0 0.026 0.153464 1 
9 28 18 0 0.049 0.116956 1 
10 28 18 0 0.015 0.429881 1 
11 28 18 0 0.03 0.102851 1 
12 28 18 0 0.039 0.151536 1 
13 28 18 0 0.047 0.133596 1 
14 28 18 0 0.03 0.128117 1 
15 28 18 0 0.03 0.111295 1 
16 28 18 0 0.017 0.124118 1 
17 28 18 0 0.04 0.118872 1 
18 28 18 0 0.029 0.12408 1 
19 28 18 0 0.002 0.138534 1 
20 28 18 0 0.034 0.139333 1 
21 28 18 0 0.036 0.261657 1 
22 28 18 0 0.041 0.138441 1 
23 28 18 0 0.044 0.126685 1 
24 28 18 0 0.04 0.126424 1 
25 28 18 0 0.044 0.134733 1 
26 28 18 0 0.031 0.111357 1 
27 28 18 0 0.047 0.111394 1 
28 28 18 0 0.005 0.108102 1 
29 28 18 0 0.024 0.107984 1 
30 28 18 0 0.033 0.140747 1 
31 28 18 0.0815605 0.032 0.122667 2 
32 28 18 0 0.033 0.12289 1 
0 28 19 0 0.033 0.11292 1 
1 28 19 0 0.032 0.115524 1 
2 28 19 0 0.011 0.0918426 1 
3 28 19 0 0.009 0.130628 1 
4 28 19 0.0220121 0.01 0.10778 2 
5 28 19 0 0.029 0.11026 1 
6 28 19 0 0.007 0.140747 1 
7 28 19 0 0.042 0.158604 1 
8 28 19 0 0.035 0.126685 1 
9 28 19 0 0.027 0.126685 1 
10 28 19 0 0.013 0.113427 1 
11 28 19 0 0.02 0.152092 1 
12 28 19 0 0.044 0.122917 1 
13 28 19 0 0.003 0.116045 1 
14 28 19 0 0.023 0.122816 1 
15 28 19 0 0.013 0.123206 1 
16 28 19 0 0.007 0.119951 1 
17 28 19 0 0.007 0.105335 1 
18 28 19 0 0.008 0.116885 1 
19 28 19 0 0.004 0.109187 1 
20 28 19 0 0.041 0.160409 1 
21 28 19 0 0.034 0.271977 1 
22 28 19 0 0.013 0.142161 1 
23 28 19 0 0.043 0.13971 1 
24 28 19 0 0.003 0.130888 1 
25 28 19 0 0.008 0.135246 1 
26 28 19 0 0.016 0.120057 1 
27 28 19 0 0.002 0.116305 1 
28 28 19 0 0.014 0.113807 1 
29 28 19 0 0.03 0.134613 1 
30 28 19 0 0.033 0.14048 1 
31 28 19 0 0.032 0.164703 2 
32 28 19 0 0.043 0.152205 1 
0 28 20 0 0.036 0.149322 1 
1 28 20 0 0.017 0.126307 1 
2 28 20 0 0.045 0.131993 1 
3 28 20 0 0.005 0.156087 1 
4 28 20 0 0.026 0.427696 1 
5 28 20 0 0.016 0.140747 1 
6 28 20 0 0.045 0.103884 1 
7 28 20 0 0.04 0.131446 1 
8 28 20 8.15628e-05 0.01 0.14417 2 
9 28 20 0 0.003 0.126139 1 
10 28 20 0 0.001 0.0967739 1 
11 28 20 0 0.039 0.137556 1 
12 28 20 0 0.045 0.130603 1 
13 28 20 0.234891 0.003 0.174322 5 
14 28 20 0 0.039 0.1214 1 
15 28 20 0 0.037 0.124614 1 
16 28 20 0 0.015 0.161878 1 
17 28 20 0 0.013 0.120709 1 
18 28 20 0 0.021 0.0953168 1 
19 28 20 0 0.04 0.136946 1 
20 28 20 0.11776 0.012 0.12542 2 
21 28 20 0 0.026 0.248994 1 
22 28 20 0 0.032 0.100587 1 
23 28 20 0 0.047 0.126685 1 
24 28 20 0 0.044 0.116305 1 
25 28 20 0.0639929 0.004 0.144784 3 
26 28 20 0 0.016 0.110967 1 
27 28 20 0 0.02 0.142737 1 
28 28 20 0 0.036 0.115105 1 
29 28 20 0 0.012 0.110706 1 
30 28 20 0 0.006 0.131198 1 
31 28 20 0 0.035 0.145435 1 
32 28 20 0 0.035 0.113509 1 
0 28 21 0.0109262 0.003 0.136976 3 
1 28 21 0.0342311 0.019 0.126685 2 
2 28 21 0 0.022 0.159156 1 
3 28 21 0 0.032 0.100122 1 
4 28 21 0.0219986 0.029 0.12705 2 
5 28 21 0 0.043 0.144951 1 
6 28 21 0 0.039 0.140747 1 
7 28 21 0 0.027 0.105607 1 
8 28 21 0 0.046 0.403541 1 
9 28 21 0.0868367 0.007 0.117806 2 
10 28 21 0 0.03 0.111469 1 
11 28 21 0 0.025 0.125005 1 
12 28 21 0 0.047 0.155826 1 
13 28 21 0.119867 0.009 0.124029 3 
14 28 21 0 0.035 0.131198 1 
15 28 21 0 0.001 0.141268 1 
16 28 21 0 0.031 0.128363 1 
17 28 21 0 0.016 0.128117 1 
18 28 21 0 0.023 0.103549 1 
19 28 21 0 0.025 0.131372 1 
20 28 21 0.162046 0.007 0.148186 3 
21 28 21 0 0.017 0.271508 1 
22 28 21 0 0.039 0.115017 1 
23 28 21 0 0.001 0.113516 1 
24 28 21 0 0.005 0.116638 1 
25 28 21 0 0.041 0.118742 1 
26 28 21 0 0.025 0.140747 1 
27 28 21 0 0.015 0.12041 1 
28 28 21 0 0.038 0.138143 1 
29 28 21 0 0.006 0.118519 1 
30 28 21 0 0.002 0.0801452 1 
31 28 21 0 0.001 0.254487 1 
32 28 21 0 0.032 0.137473 1 
0 28 22 0 0.039 0.131203 1 
1 28 22 0.00983349 0.024 0.12041 2 
2 28 22 0 0.039 0.128026 1 
3 28 22 0 0.015 0.130344 1 
4 28 22 0 0.027 0.124056 1 
5 28 22 0 0.015 0.150773 1 
6 28 22 0 0.024 0.130826 1 
7 28 22 0 0.048 0.159795 1 
8 28 22 0 0.041 0.130628 1 
9 28 22 0 0.028 0.154159 1 
10 28 22 0 0.029 0.419513 1 
11 28 22 0 0.007 0.144763 1 
12 28 22 0 0.049 0.126685 1 
13 28 22 0 0.026 0.13916 1 
14 28 22 0 0.037 0.136976 1 
15 28 22 0 0.021 0.12041 1 
16 28 22 0 0.031 0.126618 1 
17 28 22 0 0.044 0.0991967 1 
18 28 22 0 0.029 0.0941697 1 
19 28 22 0 0.045 0.132935 1 
20 28 22 0 0.034 0.141119 1 
21 28 22 0 0.027 0.253091 1 
22 28 22 0 0.025 0.158976 1 
23 28 22 0 0.049 0.122764 1 
24 28 22 0 0.036 0.11378 1 
25 28 22 0 0.048 0.0963832 1 
26 28 22 0 0.03 0.137138 1 
27 28 22 0 0.002 0.136407 1 
28 28 22 0 0.04 0.112552 1 
29 28 22 0 0.008 0.117881 1 
30 28 22 0.109203 0.004 0.126685 3 
31 28 22 0 0.016 0.198477 1 
32 28 22 0 0.021 0.131893 1 
0 28 23 0 0.017 0.141045 1 
1 28 23 0 0.014 0.148429 1 
2 28 23 0 0.025 0.157798 1 
3 28 23 0.0949614 0.012 0.153247 2 
4 28 23 0 0.048 0.420842 1 
5 28 23 0 0.016 0.10833 1 
6 28 23 0 0.026 0.144951 1 
7 28 23 0 0.047 0.132129 1 
8 28 23 0 0.041 0.132935 1 
9 28 23 0 0.028 0.138292 1 
10 28 23 0 0.003 0.1083 1 
11 28 23 0 0.028 0.128985 1 
12 28 23 0 0.032 0.137988 1 
13 28 23 0 0.026 0.173434 1 
14 28 23 0 0.044 0.118742 1 
15 28 23 0 0.004 0.116045 1 
16 28 23 0 0.027 0.135725 1 
17 28 23 0.012088 0.001 0.159595 2 
18 28 23 0 0.036 0.104529 1 
19 28 23 0 0.02 0.0841437 1 
20 28 23 0 0.035 0.125903 1 
21 28 23 0 0.006 0.259914 1 
22 28 23 0 0.035 0.141268 1 
23 28 23 0 0.015 0.137556 1 
24 28 23 0 0.038 0.142621 1 
25 28 23 0 0.012 0.133679 1 
26 28 23 0 0.036 0.143723 1 
27 28 23 0 0.037 0.134454 1 
28 28 23 0 0.007 0.125995 1 
29 28 23 0 0.006 0.105134 1 
30 28 23 0 0.046 0.128873 1 
31 28 23 0 0.002 0.246257 1 
32 28 23 0 0.013 0.0841437 1 
0 28 24 0 0.019 0.0975066 1 
1 28 24 0 0.037 0.126685 1 
2 28 24 0 0.044 0.148507 1 
3 28 24 0 0.032 0.125234 1 
4 28 24 0 0.031 0.421377 1 
5 28 24 0 0.006 0.104277 1 
6 28 24 0 0.005 0.120993 1 
7 28 24 0 0.006 0.140478 1 
8 28 24 0 0.013 0.120509 1 
9 28 24 0 0.033 0.145955 1 
10 28 24 0 0.011 0.114054 1 
11 28 24 0 0.012 0.15533 1 
12 28 24 0 0.02 0.110644 1 
13 28 24 0 0.031 0.145435 1 
14 28 24 0 0.046 0.145247 1 
15 28 24 0 0.022 0.129438 1 
16 28 24 0 0.046 0.118221 1 
17 28 24 0 0.037 0.144951 1 
18 28 24 0 0.008 0.118468 1 
19 28 24 0 0.002 0.135246 1 
20 28 24 0 0.029 0.140747 1 
21 28 24 0 0.015 0.253553 1 
22 28 24 0 0.013 0.131521 1 
23 28 24 0 0.036 0.124229 1 
24 28 24 0 0.045 0.106663 1 
25 28 24 0 0.034 0.150122 1 
26 28 24 0 0.049 0.12542 1 
27 28 24 0 0.035 0.140747 1 
28 28 24 0 0.036 0.104529 1 
29 28 24 0 0.007 0.119393 1 
30 28 24 0 0.045 0.103675 1 
31 28 24 0 0.021 0.231835 1 
32 28 24 0 0.044 0.129479 1 
0 28 25 0 0.017 0.111306 1 
1 28 25 0 0.011 0.13606 1 
2 28 25 0 0.019 0.166564 1 
3 28 25 0 0.02 0.125227 1 
4 28 25 0 0.021 0.141124 1 
5 28 25 0 0.008 0.101852 1 
6 28 25 0 0.031 0.140747 1 
7 28 25 0 0.043 0.12289 1 
8 28 25 0 0.034 0.137076 1 
9 28 25 0 0.045 0.139817 1 
10 28 25 0 0.015 0.108627 1 
11 28 25 0 0.032 0.108088 1 
12 28 25 0 0.013 0.150035 1 
13 28 25 0 0.031 0.138031 1 
14 28 25 0 0.03 0.140394 1 
15 28 25 0 0.048 0.144914 1 
16 28 25 0 0.02 0.10751 1 
17 28 25 0.164447 0.022 0.15533 2 
18 28 25 0 0.033 0.128041 1 
19 28 25 0 0.038 0.137473 1 
20 28 25 0 0.039 0.12542 1 
21 28 25 0 0.015 0.268371 1 
22 28 25 0 0.005 0.140747 1 
23 28 25 0 0.049 0.13253 1 
24 28 25 0 0.017 0.134253 1 
25 28 25 0 0.043 0.130975 1 
26 28 25 0 0.047 0.141305 1 
27 28 25 0.00016515 0.012 0.16158 2 
28 28 25 0 0.007 0.121891 1 
29 28 25 0 0.009 0.137924 1 
30 28 25 0 0.019 0.111841 1 
31 28 25 0 0.039 0.169133 1 
32 28 25 0 0.046 0.12289 1 
0 28 26 0 0.041 0.118872 1 
1 28 26 0 0.021 0.113516 1 
2 28 26 0 0.006 0.113354 1 
3 28 26 0.234459 0.002 0.150122 4 
4 28 26 0.108781 0.02 0.10833 2 
5 28 26 0 0.043 0.103675 1 
6 28 26 0 0.035 0.126685 1 
7 28 26 0.1 0.004 0.139932 3 
8 28 26 0 0.038 0.401974 1 
9 28 26 0 0.001 0.14417 1 
10 28 26 0.0140189 0.006 0.149118 2 
11 28 26 0 0.022 0.149082 1 
12 28 26 0 0.026 0.131372 1 
13 28 26 0 0.03 0.145435 1 
14 28 26 0.151595 0.006 0.11731 2 
15 28 26 0 0.048 0.13658 1 
16 28 26 0 0.007 0.111357 1 
17 28 26 0 0.014 0.112399 1 
18 28 26 0 0.046 0.121123 1 
19 28 26 0 0.01 0.124688 1 
20 28 26 0 0.031 0.127652 1 
21 28 26 0 0.009 0.256649 1 
22 28 26 0 0.03 0.12708 1 
23 28 26 0 0.004 0.131372 1 
24 28 26 0 0.022 0.110557 1 
25 28 26 0.00302725 0.022 0.113048 2 
26 28 26 0 0.037 0.121991 1 
27 28 26 0 0.01 0.112101 1 
28 28 26 0 0.022 0.132268 1 
29 28 26 0 0.003 0.139369 1 
30 28 26 0 0.014 0.105321 1 
31 28 26 0 0.015 0.224572 1 
32 28 26 0.0140927 0.004 0.131767 3 
0 28 27 0.0620344 0.002 0.104679 2 
1 28 27 0 0.014 0.132935 1 
2 28 27 0 0.012 0.120238 1 
3 28 27 0.0638867 0.018 0.131738 2 
4 28 27 0 0.045 0.41955 1 
5 28 27 0 0.039 0.111556 1 
6 28 27 0 0.001 0.116609 1 
7 28 27 0 0.049 0.140747 1 
8 28 27 0 0.001 0.108083 1 
9 28 27 0.0198865 0.001 0.127999 3 
10 28 27 0 0.02 0.421427 1 
11 28 27 0 0.007 0.144914 1 
12 28 27 0 0.047 0.118742 1 
13 28 27 0 0.014 0.106873 1 
14 28 27 0 0.049 0.126685 1 
15 28 27 0 0.038 0.135576 1 
16 28 27 0 0.024 0.114054 1 
17 28 27 0 0.032 0.130851 1 
18 28 27 0 0.031 0.104847 1 
19 28 27 0 0.024 0.145955 1 
20 28 27 0 0.049 0.121462 1 
21 28 27 0 0.015 0.250782 1 
22 28 27 0 0.014 0.118519 1 
23 28 27 0 0.027 0.101806 1 
24 28 27 0 0.048 0.105607 1 
25 28 27 0 0.047 0.143624 1 
26 28 27 0 0.029 0.125531 1 
27 28 27 0 0.035 0.128247 1 
28 28 27 0 0.016 0.126139 1 
29 28 27 0 0.049 0.105696 1 
30 28 27 0 0.009 0.0955772 1 
31 28 27 0 0.004 0.174658 1 
32 28 27 0 0.033 0.131372 1 
0 28 28 0 0.022 0.130851 1 
1 28 28 0 0.028 0.130851 1 
2 28 28 0 0.048 0.155952 1 
3 28 28 0 0.025 0.142198 1 
4 28 28 0 0.026 0.0847788 1 
5 28 28 0 0.048 0.13033 1 
6 28 28 0 0.031 0.112839 1 
7 28 28 0 0.049 0.123206 1 
8 28 28 0 0.036 0.145435 1 
9 28 28 0.0841529 0.001 0.122884 3 
10 28 28 0 0.016 0.429584 1 
11 28 28 0 0.007 0.149285 1 
12 28 28 0 0.049 0.169784 1 
13 28 28 0 0.002 0.141045 1 
14 28 28 0 0.022 0.11026 1 
15 28 28 0 0.006 0.140747 1 
16 28 28 0 0.04 0.142737 1 
17 28 28 0 0.015 0.120509 1 
18 28 28 0 0.033 0.109787 1 
19 28 28 0 0.029 0.10042 1 
20 28 28 0.117417 0.003 0.110967 2 
21 28 28 0 0.01 0.24878 1 
22 28 28 0 0.002 0.129163 1 
23 28 28 0.0283426 0.037 0.140654 2 
24 28 28 0 0.009 0.122884 1 
25 28 28 0 0.027 0.125227 1 
26 28 28 0 0.012 0.115747 1 
27 28 28 0 0.018 0.111841 1 
28 28 28 0 0.01 0.118891 1 
29 28 28 0 0.001 0.148758 1 
30 28 28 0.143811 0.003 0.120949 2 
31 28 28 0 0.028 0.26348 1 
32 28 28 0 0.017 0.163441 1 
0 28 29 0 0.019 0.125629 1 
1 28 29 0 0.049 0.150643 1 
2 28 29 0 0.006 0.147592 1 
3 28 29 0 0.023 0.129066 1 
4 28 29 0 0.045 0.112101 1 
5 28 29 0 0.049 0.109776 1 
6 28 29 0 0.03 0.128656 1 
7 28 29 0 0.029 0.13929 1 
8 28 29 0 0.029 0.145131 1 
9 28 29 0 0.001 0.135403 1 
10 28 29 0 0.008 0.122816 1 
11 28 29 0 0.035 0.132477 1 
12 28 29 0 0.042 0.125043 1 
13 28 29 0 0.04 0.152032 1 
14 28 29 0 0.044 0.136976 1 
15 28 29 0 0.01 0.112101 1 
16 28 29 0 0.021 0.115394 1 
17 28 29 0 0.018 0.130851 1 
18 28 29 0 0.035 0.130306 1 
19 28 29 0 0.038 0.124769 1 
20 28 29 0 0.007 0.114054 1 
21 28 29 0 0.009 0.259561 1 
22 28 29 0.141706 0.002 0.166826 2 
23 28 29 0.0646237 0.008 0.143723 3 
24 28 29 0 0.043 0.138534 1 
25 28 29 0 0.017 0.128656 1 
26 28 29 0 0.048 0.140747 1 
27 28 29 0.158273 0.003 0.140747 3 
28 28 29 0 0.001 0.126685 1 
29 28 29 0 0.007 0.142037 1 
30 28 29 0 0.026 0.107563 1 
31 28 29 0 0.033 0.191013 1 
32 28 29 0 0.02 0.140747 1 
0 28 30 0 0.041 0.114054 1 
1 28 30 0 0.016 0.131512 1 
2 28 30 2.36178e-06 0.035 0.129919 2 
3 28 30 0 0.034 0.103464 1 
4 28 30 0 0.045 0.127943 1 
5 28 30 0 0.037 0.149056 1 
6 28 30 0 0.008 0.12542 1 
7 28 30 0 0.044 0.124769 1 
8 28 30 0 0.028 0.100978 1 
9 28 30 0 0.012 0.135246 1 
10 28 30 0 0.046 0.144914 1 
11 28 30 0 0.012 0.142857 1 
12 28 30 0 0.01 0.131198 1 
13 28 30 0.000783359 0.004 0.138534 2 
14 28 30 0 0.017 0.103768 1 
15 28 30 0 0.038 0.104847 1 
16 28 30 0 0.01 0.107215 1 
17 28 30 0 0.024 0.129438 1 
18 28 30 0 0.039 0.10042 1 
19 28 30 0 0.049 0.146104 1 
20 28 30 0 0.042 0.125903 1 
21 28 30 0 0.038 0.275965 1 
22 28 30 0 0.013 0.15533 1 
23 28 30 0 0.001 0.157711 1 
24 28 30 0 0.039 0.126685 1 
25 28 30 0 0.019 0.126052 1 
26 28 30 0 0.008 0.140747 1 
27 28 30 0 0.015 0.0847187 1 
28 28 30 0 0.011 0.0910366 1 
29 28 30 0 0.006 0.137038 1 
30 28 30 0 0.039 0.135018 1 
31 28 30 0 0.026 0.266879 1 
32 28 30 0 0.017 0.151536 1 
0 28 31 0.12325 0.005 0.135055 2 
1 28 31 0 0.043 0.165332 1 
2 28 31 0 0.006 0.110307 1 
3 28 31 0 0.029 0.124769 1 
4 28 31 0 0.03 0.42317 1 
5 28 31 0 0.047 0.0987812 1 
6 28 31 0 0.025 0.131372 1 
7 28 31 0 0.044 0.141119 1 
8 28 31 0 0.039 0.128122 1 
9 28 31 0.085998 0.005 0.153642 2 
10 28 31 0 0.048 0.148155 1 
11 28 31 0 0.002 0.173349 1 
12 28 31 0 0.022 0.114848 1 
13 28 31 0 0.018 0.138534 1 
14 28 31 0 0.009 0.116956 1 
15 28 31 0 0.045 0.126685 1 
16 28 31 0 0.021 0.1083 1 
17 28 31 0 0.031 0.112101 1 
18 28 31 0 0.046 0.137473 1 
19 28 31 0 0.044 0.126685 1 
20 28 31 0 0.038 0.12289 1 
21 28 31 0 0.019 0.289463 1 
22 28 31 0 0.047 0.118468 1 
23 28 31 0.0278443 0.003 0.126685 2 
24 28 31 0 0.046 0.144579 1 
25 28 31 0 0.015 0.113701 1 
26 28 31 0 0.01 0.102302 1 
27 28 31 0 0.037 0.144058 1 
28 28 31 0 0.03 0.0801452 1 
29 28 31 0 0.037 0.152566 1 
30 28 31 0 0.011 0.118221 1 
31 28 31 0 0.038 0.261535 1 
32 28 31 0 0.008 0.126685 1 
0 28 32 0.00422426 0.001 0.152596 2 
1 28 32 0 0.025 0.148857 1 
2 28 32 0 0.004 0.147395 1 
3 28 32 0 0.039 0.131372 1 
4 28 32 0 0.027 0.147518 1 
5 28 32 0 0.006 0.323125 2 
6 28 32 0 0.019 0.141243 1 
7 28 32 0 0.031 0.126982 1 
8 28 32 0 0.033 0.15667 1 
9 28 32 0 0.045 0.110644 1 
10 28 32 0 0.028 0.127571 1 
11 28 32 0 0.009 0.155175 1 
12 28 32 0 0.026 0.111357 1 
13 28 32 0 0.026 0.145955 1 
14 28 32 0 0.048 0.100624 1 
15 28 32 0 0.042 0.10747 1 
16 28 32 0 0.007 0.119951 1 
17 28 32 0.1084 0.012 0.111357 2 
18 28 32 0 0.027 0.122833 1 
19 28 32 0 0.048 0.130851 1 
20 28 32 0 0.048 0.141938 1 
21 28 32 0 0.028 0.285064 1 
22 28 32 0 0.014 0.116305 1 
23 28 32 0 0.029 0.151536 1 
24 28 32 0 0.007 0.114054 1 
25 28 32 0 0.041 0.11026 1 
26 28 32 0 0.037 0.141045 1 
27 28 32 0.0723944 0.005 0.112504 2 
28 28 32 0 0.006 0.117171 1 
29 28 32 0 0.031 0.147913 1 
30 28 32 0.000132951 0.002 0.122913 2 
31 28 32 0 0.049 0.214579 1 
32 28 32 0 0.01 0.115282 1 
0 28 33 0 0.041 0.137473 1 
1 28 33 0 0.036 0.131186 1 
2 28 33 0 0.029 0.141415 1 
3 28 33 0 0.026 0.101218 1 
4 28 33 0 0.009 0.113701 1 
5 28 33 0 0.044 0.145435 1 
6 28 33 0 0.028 0.133679 1 
7 28 33 0 0.033 0.124826 1 
8 28 33 0 0.017 0.137138 1 
9 28 33 0 0.017 0.144951 1 
10 28 33 0.0166055 0.023 0.125227 2 
11 28 33 0 0.035 0.137556 1 
12 28 33 0 0.017 0.115431 1 
13 28 33 0 0.046 0.115062 1 
14 28 33 0 0.019 0.128842 1 
15 28 33 0 0.033 0.124614 1 
16 28 33 0 0.034 0.116807 1 
17 28 33 0 0.008 0.102302 1 
18 28 33 0 0.024 0.116045 1 
19 28 33 0 0.011 0.123964 1 
20 28 33 0 0.017 0.116305 1 
21 28 33 0 0.006 0.236547 1 
22 28 33 0 0.029 0.134993 1 
23 28 33 0.0298416 0.017 0.15179 2 
24 28 33 0 0.005 0.137138 1 
25 28 33 0 0.039 0.0849249 1 
26 28 33 0 0.014 0.118221 1 
27 28 33 0 0.001 0.124614 1 
28 28 33 0 0.043 0.115542 1 
29 28 33 0 0.025 0.125713 1 
30 28 33 0 0.031 0.11731 1 
31 28 33 0 0.043 0.157623 1 
32 28 33 0 0.019 0.122833 1 
0 28 34 0 0.027 0.156763 1 
1 28 34 0 0.047 0.111208 1 
2 28 34 0 0.027 0.117452 1 
3 28 34 0 0.021 0.129394 1 
4 28 34 0 0.041 0.128483 1 
5 28 34 0 0.013 0.435901 1 
6 28 34 0 0.033 0.118747 1 
7 28 34 0 0.006 0.144313 1 
8 28 34 0.0106763 0.021 0.128117 2 
9 28 34 0 0.043 0.107823 1 
10 28 34 0 0.017 0.42561 1 
11 28 34 0 0.039 0.117821 1 
12 28 34 0 0.02 0.129047 1 
13 28 34 0 0.01 0.131521 1 
14 28 34 0 0.006 0.100978 1 
15 28 34 0 0.025 0.092973 1 
16 28 34 0 0.042 0.143128 1 
17 28 34 0 0.012 0.145435 1 
18 28 34 0 0.004 0.112504 1 
19 28 34 0 0.032 0.165332 1 
20 28 34 0 0.026 0.127032 1 
21 28 34 0 0.019 0.22003 1 
22 28 34 0 0.027 0.145435 1 
23 28 34 0.0662753 0.014 0.150792 3 
24 28 34 0 0.043 0.114733 1 
25 28 34 0 0.028 0.126685 1 
26 28 34 0 0.008 0.126685 1 
27 28 34 0 0.007 0.112101 1 
28 28 34 0 0.02 0.118495 1 
29 28 34 0 0.04 0.165722 1 
30 28 34 0 0.023 0.141119 1 
31 28 34 6.46476e-06 0.009 0.171341 2 
32 28 34 0 0.047 0.0924956 1 
0 28 35 0 0.008 0.141045 1 
1 28 35 0 0.022 0.123188 1 
2 28 35 0 0.033 0.114811 1 
3 28 35 0 0.001 0.0978093 1 
4 28 35 0 0.015 0.0992106 1 
5 28 35 0 0.049 0.12263 1 
6 28 35 0 0.016 0.152354 1 
7 28 35 0 0.03 0.165722 1 
8 28 35 0 0.006 0.410507 1 
9 28 35 0 0.026 0.121513 1 
10 28 35 0 0.005 0.125151 1 
11 28 35 0 0.039 0.137152 1 
12 28 35 0 0.024 0.119205 1 
13 28 35 0 0.021 0.107563 1 
14 28 35 0 0.001 0.15533 1 
15 28 35 0 0.045 0.121774 1 
16 28 35 0 0.031 0.125043 1 
17 28 35 0 0.013 0.12327 1 
18 28 35 0 0.029 0.124843 1 
19 28 35 0.0121598 0.007 0.109906 2 
20 28 35 0 0.037 0.100097 1 
21 28 35 0 0.049 0.262166 1 
22 28 35 0 0.038 0.119647 1 
23 28 35 0 0.035 0.122406 1 
24 28 35 0 0.008 0.1083 1 
25 28 35 0 0.043 0.140617 1 
26 28 35 0.0434848 0.008 0.13033 2 
27 28 35 0 0.026 0.116045 1 
28 28 35 0 0.011 0.124866 1 
29 28 35 0 0.039 0.106751 1 
30 28 35 0 0.006 0.118519 1 
31 28 35 0 0.015 0.130591 1 
32 28 35 0 0.039 0.100978 1 
0 28 36 0.0884703 0.003 0.15533 2 
1 28 36 0 0.014 0.135142 1 
2 28 36 0 0.016 0.114024 1 
3 28 36 0.18265 0.021 0.116045 2 
4 28 36 0 0.019 0.143984 1 
5 28 36 0 0.002 0.423343 1 
6 28 36 0 0.038 0.131446 1 
7 28 36 0.12083 0.014 0.117806 2 
8 28 36 0 0.039 0.397691 1 
9 28 36 0 0.039 0.122884 1 
10 28 36 0.112072 0.004 0.115524 2 
11 28 36 0 0.046 0.125542 1 
12 28 36 0 0.048 0.145955 1 
13 28 36 0 0.004 0.131149 1 
14 28 36 0 0.017 0.13929 1 
15 28 36 0 0.043 0.116807 1 
16 28 36 0 0.025 0.13033 1 
17 28 36 0 0.022 0.1011 1 
18 28 36 0 0.03 0.107563 1 
19 28 36 0 0.007 0.131738 1 
20 28 36 0 0.046 0.133976 1 
21 28 36 0 0.014 0.279598 1 
22 28 36 0 0.043 0.127094 1 
23 28 36 0 0.041 0.13033 1 
24 28 36 0 0.02 0.0802835 1 
25 28 36 0 0.002 0.108381 1 
26 28 36 0.00114895 0.001 0.0860406 2 
27 28 36 0 0.034 0.114054 1 
28 28 36 0 0.043 0.11158 1 
29 28 36 0 0.043 0.135991 1 
30 28 36 0 0.036 0.133047 1 
31 28 36 0 0.048 0.201985 1 
32 28 36 0 0.022 0.127094 1 
0 28 37 0 0.048 0.145955 1 
1 28 37 0 0.032 0.143984 1 
2 28 37 0 0.016 0.102398 1 
3 28 37 0 0.007 0.144951 1 
4 28 37 0 0.012 0.126982 1 
5 28 37 0 0.031 0.112101 1 
6 28 37 0 0.014 0.157191 1 
7 28 37 0 0.034 0.117607 1 
8 28 37 0.111106 0.031 0.131372 2 
9 28 37 0 0.036 0.114848 1 
10 28 37 0 0.005 0.43151 1 
11 28 37 0 0.008 0.145731 1 
12 28 37 0.00117392 0.011 0.135159 2 
13 28 37 0 0.028 0.11948 1 
14 28 37 0 0.021 0.126685 1 
15 28 37 0 0.03 0.106912 1 
16 28 37 0 0.037 0.13033 1 
17 28 37 0 0.045 0.135353 1 
18 28 37 0 0.033 0.126982 1 
19 28 37 0 0.041 0.136022 1 
20 28 37 0 0.02 0.124099 1 
21 28 37 0 0.037 0.281483 1 
22 28 37 0 0.029 0.167161 1 
23 28 37 0 0.046 0.126982 1 
24 28 37 0 0.007 0.126833 1 
25 28 37 0 0.009 0.126982 1 
26 28 37 0 0.007 0.119089 1 
27 28 37 0 0.046 0.143742 1 
28 28 37 0 0.041 0.120718 1 
29 28 37 0 0.034 0.128247 1 
30 28 37 0.111154 0.007 0.130888 4 
31 28 37 0 0.028 0.198397 1 
32 28 37 0 0.02 0.126685 1 
0 28 38 0 0.007 0.124948 1 
1 28 38 0 0.027 0.140747 1 
2 28 38 0 0.005 0.120893 1 
3 28 38 0 0.031 0.117303 1 
4 28 38 0.021525 0.017 0.103228 2 
5 28 38 0 0.041 0.117672 1 
6 28 38 0 0.025 0.130888 1 
7 28 38 0 0.022 0.0983499 1 
8 28 38 0 0.026 0.406567 1 
9 28 38 0 0.024 0.111556 1 
10 28 38 0.112059 0.024 0.115003 2 
11 28 38 0 0.041 0.134699 1 
12 28 38 0 0.039 0.114054 1 
13 28 38 0 0.018 0.11455 1 
14 28 38 0 0.019 0.154159 1 
15 28 38 0 0.025 0.129066 1 
16 28 38 0 0.004 0.117084 1 
17 28 38 0 0.031 0.116021 1 
18 28 38 0 0.02 0.114054 1 
19 28 38 0 0.047 0.0967739 1 
20 28 38 0 0.047 0.130888 1 
21 28 38 0 0.032 0.241197 1 
22 28 38 0 0.019 0.10833 1 
23 28 38 0 0.017 0.145955 1 
24 28 38 0 0.032 0.14048 1 
25 28 38 0 0.02 0.112399 1 
26 28 38 0 0.041 0.13459 1 
27 28 38 0 0.005 0.120509 1 
28 28 38 0 0.037 0.131446 1 
29 28 38 0 0.013 0.130603 1 
30 28 38 0 0.042 0.136227 1 
31 28 38 0 0.045 0.210186 1 
32 28 38 0 0.037 0.12542 1 
0 28 39 0 0.01 0.128887 1 
1 28 39 0 0.046 0.143128 1 
2 28 39 0 0.007 0.173005 1 
3 28 39 0.0639075 0.002 0.14908 2 
4 28 39 0 0.032 0.414721 1 
5 28 39 0 0.008 0.144505 1 
6 28 39 0 0.027 0.127489 1 
7 28 39 0 0.048 0.128873 1 
8 28 39 0 0.024 0.149322 1 
9 28 39 0 0.048 0.170298 1 
10 28 39 0 0.006 0.428867 1 
11 28 39 0 0.047 0.145136 1 
12 28 39 0 0.024 0.0910366 1 
13 28 39 0 0.027 0.12705 1 
14 28 39 0 0.017 0.108432 1 
15 28 39 0 0.01 0.111453 1 
16 28 39 0 0.032 0.119667 1 
17 28 39 0 0.023 0.127094 1 
18 28 39 0 0.038 0.143723 1 
19 28 39 0 0.031 0.130888 1 
20 28 39 0.178625 0.001 0.110644 4 
21 28 39 0 0.009 0.232333 1 
22 28 39 0.0155206 0.014 0.128843 2 
23 28 39 0 0.02 0.11823 1 
24 28 39 0 0.018 0.124718 1 
25 28 39 0 0.018 0.12542 1 
26 28 39 0 0.01 0.107823 1 
27 28 39 0.0284902 0.01 0.124614 2 
28 28 39 0 0.029 0.0815395 1 
29 28 39 0 0.021 0.144224 1 
30 28 39 0 0.002 0.12003 1 
31 28 39 0 0.008 0.208968 1 
32 28 39 0 0.038 0.107563 1 
0 28 40 0 0.029 0.131372 1 
1 28 40 0 0.002 0.136016 1 
2 28 40 0 0.028 0.141133 1 
3 28 40 0 0.036 0.126685 1 
4 28 40 0 0.029 0.111357 1 
5 28 40 0 0.042 0.112101 1 
6 28 40 6.74119e-06 0.014 0.147366 2 
7 28 40 0.120647 0.003 0.111295 2 
8 28 40 0.0177376 0.03 0.143128 2 
9 28 40 0 0.032 0.110706 1 
10 28 40 0 0.021 0.104558 1 
11 28 40 2.35202e-06 0.014 0.137473 2 
12 28 40 0 0.042 0.119089 1 
13 28 40 0 0.029 0.128843 1 
14 28 40 0 0.028 0.140747 1 
15 28 40 0 0.04 0.116603 1 
16 28 40 0 0.009 0.123206 1 
17 28 40 0.182048 0.028 0.131372 2 
18 28 40 0 0.002 0.123597 1 
19 28 40 0 0.038 0.120509 1 
20 28 40 0.0265529 0.024 0.144467 2 
21 28 40 0 0.047 0.243033 1 
22 28 40 0 0.007 0.144914 1 
23 28 40 0 0.031 0.135185 1 
24 28 40 0 0.02 0.125629 1 
25 28 40 0 0.013 0.136976 1 
26 28 40 0 0.044 0.157153 1 
27 28 40 0 0.029 0.150238 1 
28 28 40 0 0.03 0.0801452 1 
29 28 40 3.81507e-06 0.022 0.126543 2 
30 28 40 0 0.008 0.131149 1 
31 28 40 0 0.046 0.182928 1 
32 28 40 0 0.027 0.115801 1 
0 28 41 0 0.032 0.130628 1 
1 28 41 0 0.027 0.126424 1 
2 28 41 0 0.035 0.128181 1 
3 28 41 0 0.02 0.141119 1 
4 28 41 0 0.022 0.129141 1 
5 28 41 0 0.043 0.127601 1 
6 28 41 0 0.021 0.165195 1 
7 28 41 0 0.026 0.138696 1 
8 28 41 0 0.046 0.407667 1 
9 28 41 0 0.024 0.141197 1 
10 28 41 0 0.034 0.0936411 1 
11 28 41 0 0.016 0.120662 1 
12 28 41 0 0.027 0.163248 1 
13 28 41 0 0.021 0.112101 1 
14 28 41 0 0.024 0.135246 1 
15 28 41 0 0.032 0.116603 1 
16 28 41 0 0.032 0.125903 1 
17 28 41 0 0.032 0.145955 1 
18 28 41 0 0.022 0.125227 1 
19 28 41 0 0.031 0.120662 1 
20 28 41 0.241181 0.013 0.144132 3 
21 28 41 0 0.032 0.239873 1 
22 28 41 0 0.048 0.116045 1 
23 28 41 0 0.043 0.137473 1 
24 28 41 0 0.039 0.126982 1 
25 28 41 0 0.036 0.152571 1 
26 28 41 0 0.013 0.134844 1 
27 28 41 0 0.046 0.112101 1 
28 28 41 0 0.044 0.152861 1 
29 28 41 0 0.01 0.107277 1 
30 28 41 0 0.043 0.135576 1 
31 28 41 0 0.048 0.238975 1 
32 28 41 0 0.039 0.111357 1 
0 28 42 0 0.012 0.132649 1 
1 28 42 0 0.026 0.16158 1 
2 28 42 0 0.021 0.1482 1 
3 28 42 0 0.013 0.131198 1 
4 28 42 0 0.024 0.13486 1 
5 28 42 0 0.028 0.148155 1 
6 28 42 0 0.012 0.14048 1 
7 28 42 0 0.035 0.153117 1 
8 28 42 0 0.043 0.130888 1 
9 28 42 0 0.02 0.149446 1 
10 28 42 0 0.04 0.134993 1 
11 28 42 0 0.015 0.147953 1 
12 28 42 0 0.043 0.11731 1 
13 28 42 0.12702 0.021 0.143742 2 
14 28 42 0 0.024 0.151536 1 
15 28 42 0 0.013 0.126685 1 
16 28 42 0 0.002 0.126139 1 
17 28 42 0 0.017 0.119542 1 
18 28 42 0 0.037 0.0902296 1 
19 28 42 0 0.038 0.115524 1 
20 28 42 0 0.02 0.126573 1 
21 28 42 0 0.025 0.279019 1 
22 28 42 0 0.039 0.127652 1 
23 28 42 0.0294553 0.004 0.144914 2 
24 28 42 0 0.024 0.116384 1 
25 28 42 0 0.028 0.140487 1 
26 28 42 0 0.025 0.0967739 1 
27 28 42 0 0.027 0.125227 1 
28 28 42 0 0.006 0.137486 1 
29 28 42 0 0.013 0.125758 1 
30 28 42 0 0.039 0.132935 1 
31 28 42 0 0.005 0.247643 1 
32 28 42 0 0.039 0.131539 1 
0 28 43 0 0.028 0.111357 1 
1 28 43 0 0.042 0.149322 1 
2 28 43 0 0.014 0.131817 1 
3 28 43 0.0519462 0.03 0.135246 2 
4 28 43 0 0.03 0.122406 1 
5 28 43 0 0.04 0.430678 1 
6 28 43 0 0.024 0.138534 1 
7 28 43 0 0.013 0.133846 1 
8 28 43 0.111073 0.005 0.164185 2 
9 28 43 0 0.029 0.114054 1 
10 28 43 0 0.028 0.12705 1 
11 28 43 0 0.044 0.142527 1 
12 28 43 0 0.033 0.141938 1 
13 28 43 0 0.017 0.140747 1 
14 28 43 0 0.036 0.153098 1 
15 28 43 0 0.038 0.116396 1 
16 28 43 0 0.007 0.109497 1 
17 28 43 0 0.029 0.13658 1 
18 28 43 0 0.02 0.103551 1 
19 28 43 0 0.02 0.11063 1 
20 28 43 0 0.025 0.108417 1 
21 28 43 0 0.013 0.244447 1 
22 28 43 0 0.02 0.147109 1 
23 28 43 0 0.015 0.145955 1 
24 28 43 0 0.042 0.161556 1 
25 28 43 0 0.04 0.105607 1 
26 28 43 0 0.029 0.128117 1 
27 28 43 0 0.025 0.153117 1 
28 28 43 0 0.024 0.111946 1 
29 28 43 0 0.029 0.104934 1 
30 28 43 0 0.034 0.134795 1 
31 28 43 0 0.044 0.194895 1 
32 28 43 0 0.023 0.130851 1 
0 28 44 0 0.017 0.12705 1 
1 28 44 0 0.014 0.112534 1 
2 28 44 0 0.047 0.144748 1 
3 28 44 0 0.009 0.129438 1 
4 28 44 0.0214806 0.018 0.12041 2 
5 28 44 0 0.041 0.141119 1 
6 28 44 0 0.033 0.152205 1 
7 28 44 0 0.033 0.1083 1 
8 28 44 0 0.009 0.394193 1 
9 28 44 0 0.028 0.128656 1 
10 28 44 0 0.002 0.111556 1 
11 28 44 0 0.018 0.16043 1 
12 28 44 0 0.023 0.127601 1 
13 28 44 0 0.03 0.113143 1 
14 28 44 0 0.024 0.12542 1 
15 28 44 0 0.017 0.11943 1 
16 28 44 0 0.006 0.12188 1 
17 28 44 0.161981 0.022 0.154684 2 
18 28 44 0 0.018 0.145732 1 
19 28 44 0 0.023 0.138831 1 
20 28 44 0 0.03 0.115003 1 
21 28 44 0 0.003 0.256941 1 
22 28 44 0 0.012 0.126982 1 
23 28 44 0 0.048 0.163397 1 
24 28 44 0 0.02 0.131893 1 
25 28 44 0 0.017 0.109906 1 
26 28 44 0 0.002 0.12289 1 
27 28 44 0 0.031 0.134497 1 
28 28 44 0 0.035 0.111841 1 
29 28 44 0 0.032 0.116273 1 
30 28 44 0 0.006 0.112399 1 
31 28 44 0 0.022 0.210167 1 
32 28 44 0 0.019 0.126902 1 
0 28 45 0 0.02 0.106539 1 
1 28 45 0 0.007 0.149308 1 
2 28 45 0 0.001 0.162555 1 
3 28 45 0 0.029 0.15481 1 
4 28 45 0 0.026 0.427055 1 
5 28 45 0 0.048 0.424059 1 
6 28 45 0 0.046 0.142737 1 
7 28 45 0.0570569 0.018 0.0895194 2 
8 28 45 0 0.019 0.130851 1 
9 28 45 0 0.03 0.152094 1 
10 28 45 0 0.044 0.137138 1 
11 28 45 0 0.036 0.131687 1 
12 28 45 0 0.045 0.115952 1 
13 28 45 0 0.024 0.110464 1 
14 28 45 0 0.003 0.130628 1 
15 28 45 0 0.021 0.0838693 1 
16 28 45 0 0.035 0.11026 1 
17 28 45 0 0.048 0.099471 1 
18 28 45 0 0.027 0.130385 1 
19 28 45 0 0.03 0.139054 1 
20 28 45 0 0.026 0.137473 1 
21 28 45 0 0.022 0.271366 1 
22 28 45 0 0.004 0.122913 1 
23 28 45 0 0.035 0.149056 1 
24 28 45 0 0.039 0.114718 1 
25 28 45 0 0.015 0.141652 1 
26 28 45 0 0.022 0.12263 1 
27 28 45 0.0411376 0.005 0.117607 2 
28 28 45 0 0.02 0.0782928 1 
29 28 45 0 0.004 0.126566 1 
30 28 45 0 0.008 0.126424 1 
31 28 45 0 0.047 0.189944 1 
32 28 45 0 0.042 0.118612 1 
0 28 46 0 0.008 0.130888 1 
1 28 46 0 0.006 0.107277 1 
2 28 46 0 0.044 0.137278 1 
3 28 46 0 0.022 0.116305 1 
4 28 46 0 0.046 0.138534 1 
5 28 46 0 0.023 0.138534 1 
6 28 46 0 0.007 0.141268 1 
7 28 46 0 0.047 0.130381 1 
8 28 46 0 0.01 0.145435 1 
9 28 46 0 0.036 0.112101 1 
10 28 46 0.0231193 0.025 0.113807 2 
11 28 46 0 0.042 0.112814 1 
12 28 46 0 0.028 0.099471 1 
13 28 46 0 0.036 0.120257 1 
14 28 46 0.0762156 0.001 0.122308 3 
15 28 46 0 0.041 0.128954 1 
16 28 46 0 0.029 0.106843 1 
17 28 46 0 0.045 0.144505 1 
18 28 46 0 0.037 0.130781 1 
19 28 46 0 0.019 0.140487 1 
20 28 46 0 0.01 0.145435 1 
21 28 46 0 0.031 0.268532 1 
22 28 46 0 0.006 0.111556 1 
23 28 46 0 0.047 0.12041 1 
24 28 46 0 0.006 0.132889 1 
25 28 46 0.0993589 0.002 0.115759 3 
26 28 46 0 0.039 0.104664 1 
27 28 46 0 0.041 0.123597 1 
28 28 46 0 0.029 0.128372 1 
29 28 46 0 0.042 0.131361 1 
30 28 46 0 0.043 0.131149 1 
31 28 46 0 0.027 0.271055 1 
32 28 46 0 0.024 0.116638 1 
0 28 47 0 0.012 0.105321 1 
1 28 47 0 0.035 0.141268 1 
2 28 47 0 0.008 0.179813 1 
3 28 47 0 0.036 0.130851 1 
4 28 47 0 0.001 0.0939213 1 
5 28 47 0 0.027 0.104679 1 
6 28 47 0 0.014 0.12542 1 
7 28 47 0 0.049 0.10833 1 
8 28 47 0.111051 0.002 0.112534 2 
9 28 47 0 0.002 0.12041 1 
10 28 47 0 0.004 0.414265 1 
11 28 47 0 0.037 0.135285 1 
12 28 47 0 0.015 0.127571 1 
13 28 47 0 0.008 0.111841 1 
14 28 47 0 0.031 0.0966049 1 
15 28 47 0 0.006 0.130888 1 
16 28 47 0 0.026 0.127726 1 
17 28 47 0 0.03 0.0953168 1 
18 28 47 0 0.03 0.114054 1 
19 28 47 0 0.049 0.128117 1 
20 28 47 0 0.046 0.144951 1 
21 28 47 0 0.012 0.28003 1 
22 28 47 0 0.023 0.119642 1 
23 28 47 0 0.039 0.12809 1 
24 28 47 0 0.007 0.13712 1 
25 28 47 0 0.047 0.099471 1 
26 28 47 0 0.004 0.116305 1 
27 28 47 0 0.022 0.123708 1 
28 28 47 0 0.031 0.130045 1 
29 28 47 0 0.005 0.154833 1 
30 28 47 0.0769966 0.006 0.14164 2 
31 28 47 0 0.028 0.204153 1 
32 28 47 0 0.047 0.126685 1 
0 28 48 0 0.012 0.154378 1 
1 28 48 0 0.048 0.112287 1 
2 28 48 0 0.002 0.115313 1 
3 28 48 0 0.015 0.100978 1 
4 28 48 0.0214468 0.012 0.116045 2 
5 28 48 0 0.035 0.148502 1 
6 28 48 6.82476e-06 0.017 0.13531 2 
7 28 48 0 0.038 0.131149 1 
8 28 48 0 0.036 0.400354 1 
9 28 48 0 0.049 0.14908 1 
10 28 48 0 0.046 0.101177 1 
11 28 48 0 0.006 0.109287 1 
12 28 48 0 0.019 0.134534 1 
13 28 48 0 0.006 0.143742 1 
14 28 48 0 0.048 0.136179 1 
15 28 48 0 0.041 0.12542 1 
16 28 48 0 0.006 0.109497 1 
17 28 48 0 0.013 0.127788 1 
18 28 48 0 0.033 0.114054 1 
19 28 48 0 0.02 0.137096 1 
20 28 48 0 0.033 0.112101 1 
21 28 48 0 0.049 0.258237 1 
22 28 48 0 0.013 0.127726 1 
23 28 48 0 0.004 0.149056 1 
24 28 48 0 0.029 0.114673 1 
25 28 48 0 0.01 0.112101 1 
26 28 48 0 0.049 0.139612 1 
27 28 48 0 0.031 0.0834926 1 
28 28 48 9.27716e-07 0.003 0.129576 2 
29 28 48 0 0.027 0.143909 1 
30 28 48 0 0.035 0.132674 1 
31 28 48 0 0.003 0.241084 1 
32 28 48 0 0.035 0.145844 1 
0 28 49 0.0907111 0.01 0.13658 3 
1 28 49 0.00216353 0.005 0.126424 2 
2 28 49 0 0.043 0.14236 1 
3 28 49 0 0.016 0.145435 1 
4 28 49 0 0.011 0.418922 1 
5 28 49 0 0.038 0.123206 1 
6 28 49 0 0.012 0.188445 1 
7 28 49 0 0.003 0.131149 1 
8 28 49 0 0.035 0.12408 1 
9 28 49 0 0.037 0.113441 1 
10 28 49 0 0.003 0.14164 1 
11 28 49 0 0.019 0.116392 1 
12 28 49 0 0.007 0.0924956 1 
13 28 49 0.000852308 0.004 0.124615 2 
14 28 49 0 0.024 0.154915 1 
15 28 49 0 0.017 0.0967739 1 
16 28 49 0 0.045 0.119647 1 
17 28 49 0 0.003 0.137138 1 
18 28 49 0 0.004 0.116891 1 
19 28 49 0 0.03 0.0941697 1 
20 28 49 0 0.029 0.132921 1 
21 28 49 0 0.018 0.272332 2 
22 28 49 0 0.003 0.114848 1 
23 28 49 0 0.033 0.152094 1 
24 28 49 0 0.025 0.145955 1 
25 28 49 0.104458 0.01 0.145732 3 
26 28 49 0.0294818 0.001 0.144914 2 
27 28 49 0 0.047 0.185409 1 
28 28 49 0 0.033 0.150643 1 
29 28 49 0 0.029 0.150488 1 
30 28 49 0 0.022 0.132935 1 
31 28 49 0 0.008 0.215744 1 
32 28 49 0.0801571 0.002 0.167179 2 
0 28 50 0 0.034 0.141045 1 
1 28 50 0 0.022 0.116891 1 
2 28 50 1.20647e-06 0.003 0.132501 2 
3 28 50 0 0.005 0.128545 1 
4 28 50 0 0.001 0.131372 1 
5 28 50 0 0.037 0.12653 1 
6 28 50 0 0.033 0.136976 1 
7 28 50 0 0.045 0.100978 1 
8 28 50 0 0.027 0.12542 1 
9 28 50 0 0.041 0.112399 1 
10 28 50 0.000110845 0.001 0.131149 2 
11 28 50 0 0.046 0.12581 1 
12 28 50 0.0304036 0.021 0.132935 2 
13 28 50 0 0.03 0.0967739 1 
14 28 50 0 0.03 0.116045 1 
15 28 50 0 0.019 0.108627 1 
16 28 50 0 0.042 0.119951 1 
17 28 50 0 0.015 0.121216 1 
18 28 50 0 0.006 0.0822397 1 
19 28 50 0 0.033 0.131372 1 
20 28 50 0 0.036 0.123206 1 
21 28 50 7.11902e-06 0.046 0.260169 2 
22 28 50 0 0.005 0.110644 1 
23 28 50 0 0.038 0.0997687 1 
24 28 50 0 0.018 0.112101 1 
25 28 50 0 0.015 0.151536 1 
26 28 50 0 0.044 0.12542 1 
27 28 50 0 0.017 0.115524 1 
28 28 50 0 0.047 0.125448 1 
29 28 50 0 0.019 0.109044 1 
30 28 50 0 0.015 0.135667 1 
31 28 50 0 0.005 0.26294 1 
32 28 50 0 0.023 0.104586 1 
0 28 51 0 0.027 0.116045 1 
1 28 51 0 0.031 0.101348 1 
2 28 51 0 0.015 0.12542 1 
3 28 51 0 0.027 0.135576 1 
4 28 51 0 0.048 0.118438 1 
5 28 51 0 0.04 0.425668 1 
6 28 51 0 0.033 0.112399 1 
7 28 51 0 0.044 0.126685 1 
8 28 51 0 0.039 0.12542 1 
9 28 51 0 0.045 0.13699 1 
10 28 51 0 0.032 0.408849 1 
11 28 51 0 0.008 0.113504 1 
12 28 51 0.0116227 0.037 0.132389 2 
13 28 51 0 0.01 0.149464 1 
14 28 51 0 0.041 0.137783 1 
15 28 51 0 0.036 0.1362 1 
16 28 51 0 0.005 0.147927 1 
17 28 51 0.128662 0.014 0.155354 2 
18 28 51 0 0.002 0.0956977 1 
19 28 51 0 0.032 0.152503 1 
20 28 51 0 0.006 0.111841 1 
21 28 51 0 0.036 0.294593 2 
22 28 51 0 0.015 0.137988 1 
23 28 51 0 0.035 0.126139 1 
24 28 51 0 0.04 0.116305 1 
25 28 51 0 0.041 0.111976 1 
26 28 51 0 0.038 0.137473 1 
27 28 51 0 0.048 0.12708 1 
28 28 51 0 0.042 0.113918 1 
29 28 51 0 0.004 0.120955 1 
30 28 51 0 0.002 0.0941697 1 
31 28 51 0 0.015 0.13007 2 
32 28 51 0 0.049 0.150122 1 
0 28 52 0 0.032 0.118221 1 
1 28 52 0 0.013 0.111841 1 
2 28 52 0 0.037 0.124962 1 
3 28 52 0 0.018 0.121513 1 
4 28 52 0 0.004 0.125903 1 
5 28 52 0 0.004 0.140201 1 
6 28 52 0 0.045 0.132674 1 
7 28 52 0 0.026 0.135706 1 
8 28 52 0 0.045 0.144393 1 
9 28 52 0 0.008 0.110365 1 
10 28 52 0 0.044 0.126559 1 
11 28 52 0 0.035 0.165255 1 
12 28 52 0 0.029 0.136227 1 
13 28 52 0 0.003 0.138366 1 
14 28 52 0 0.041 0.13253 1 
15 28 52 0 0.033 0.103675 1 
16 28 52 0 0.012 0.115003 1 
17 28 52 0 0.002 0.0941697 1 
18 28 52 0 0.002 0.0837391 1 
19 28 52 0 0.018 0.119682 1 
20 28 52 0.00139123 0.001 0.124357 4 
21 28 52 0 0.019 0.15533 1 
22 28 52 0 0.028 0.146921 1 
23 28 52 0.0774253 0.002 0.148429 3 
24 28 52 0 0.039 0.138534 1 
25 28 52 0 0.043 0.129066 1 
26 28 52 0 0.008 0.1596 1 
27 28 52 0 0.027 0.117234 1 
28 28 52 0 0.007 0.136821 1 
29 28 52 0 0.045 0.135804 1 
30 28 52 0.0143149 0.013 0.139457 2 
31 28 52 0 0.046 0.145955 1 
32 28 52 0.137265 0.008 0.149601 2 
0 28 53 0 0.015 0.140487 1 
1 28 53 0 0.037 0.132935 1 
2 28 53 0 0.038 0.148128 1 
3 28 53 0 0.004 0.122913 1 
4 28 53 0 0.029 0.135018 1 
5 28 53 0 0.045 0.121462 1 
6 28 53 0 0.04 0.118233 1 
7 28 53 0.0277513 0.01 0.115821 2 
8 28 53 0 0.049 0.111853 1 
9 28 53 0 0.045 0.116305 1 
10 28 53 0.000131116 0.009 0.117198 2 
11 28 53 0 0.035 0.151938 1 
12 28 53 0 0.032 0.14164 1 
13 28 53 0.0781939 0.006 0.132039 3 
14 28 53 0 0.022 0.135353 1 
15 28 53 0 0.023 0.130888 1 
16 28 53 0 0.036 0.0983499 1 
17 28 53 0 0.031 0.130045 1 
18 28 53 0 0.039 0.0970715 1 
19 28 53 0 0.043 0.135353 1 
20 28 53 0 0.016 0.118221 1 
21 28 53 0 0.018 0.281532 1 
22 28 53 0 0.045 0.115747 1 
23 28 53 0 0.009 0.116603 1 
24 28 53 0 0.007 0.112865 1 
25 28 53 0 0.025 0.11378 1 
26 28 53 0 0.02 0.149322 1 
27 28 53 0 0.04 0.112101 1 
28 28 53 0 0.012 0.126982 1 
29 28 53 0 0.041 0.123225 1 
30 28 53 0 0.029 0.15533 1 
31 28 53 0 0.038 0.259795 1 
32 28 53 0 0.013 0.14417 1 
0 28 54 0 0.043 0.119089 1 
1 28 54 0 0.032 0.129134 1 
2 28 54 0 0.011 0.11101 1 
3 28 54 0.0374348 0.003 0.12289 7 
4 28 54 1.10027e-05 0.015 0.112138 2 
5 28 54 0.0111374 0.022 0.137771 2 
6 28 54 0 0.027 0.114054 1 
7 28 54 0 0.002 0.14051 1 
8 28 54 0 0.04 0.130851 1 
9 28 54 0 0.029 0.137473 1 
10 28 54 0 0.038 0.107823 1 
11 28 54 0 0.045 0.137076 1 
12 28 54 0 0.049 0.141045 1 
13 28 54 0 0.027 0.11731 1 
14 28 54 0 0.021 0.111556 1 
15 28 54 0 0.049 0.116305 1 
16 28 54 0 0.046 0.100251 1 
17 28 54 0 0.032 0.125029 1 
18 28 54 0 0.003 0.122414 1 
19 28 54 0 0.042 0.145435 1 
20 28 54 0 0.022 0.0850383 1 
21 28 54 7.16803e-06 0.006 0.2648 2 
22 28 54 0 0.023 0.107563 1 
23 28 54 0 0.023 0.14536 1 
24 28 54 0 0.043 0.125871 2 
25 28 54 0 0.01 0.124769 1 
26 28 54 0 0.043 0.140747 1 
27 28 54 0 0.031 0.118742 1 
28 28 54 0 0.006 0.116305 1 
29 28 54 0 0.046 0.1216 1 
30 28 54 0 0.047 0.131446 1 
31 28 54 0 0.032 0.234872 1 
32 28 54 0 0.032 0.132935 1 
0 28 55 0 0.033 0.110084 1 
1 28 55 0 0.03 0.140487 1 
2 28 55 0 0.011 0.155721 1 
3 28 55 0 0.039 0.106843 1 
4 28 55 0 0.002 0.421749 1 
5 28 55 0 0.01 0.426988 1 
6 28 55 0 0.031 0.106539 1 
7 28 55 0 0.004 0.115003 1 
8 28 55 0.0225774 0.032 0.110381 2 
9 28 55 0.00479595 0.018 0.146067 2 
10 28 55 0 0.033 0.413535 1 
11 28 55 0 0.031 0.165069 1 
12 28 55 0 0.041 0.137478 1 
13 28 55 0 0.008 0.127094 1 
14 28 55 0 0.02 0.131372 1 
15 28 55 0 0.038 0.114965 1 
16 28 55 0 0.015 0.115747 1 
17 28 55 0 0.004 0.139817 1 
18 28 55 0 0.049 0.129394 1 
19 28 55 0 0.025 0.117234 1 
20 28 55 0 0.041 0.111841 1 
21 28 55 0 0.027 0.15533 1 
22 28 55 0 0.049 0.118221 1 
23 28 55 0 0.037 0.161208 1 
24 28 55 0 0.002 0.0841437 1 
25 28 55 0 0.032 0.110055 1 
26 28 55 0 0.022 0.10833 1 
27 28 55 0 0.049 0.112504 1 
28 28 55 0 0.041 0.104351 1 
29 28 55 0 0.006 0.130334 1 
30 28 55 0.107924 0.003 0.141268 3 
31 28 55 0 0.021 0.235726 1 
32 28 55 0 0.008 0.12542 1 
0 28 56 0 0.013 0.1083 1 
1 28 56 0 0.037 0.13929 1 
2 28 56 0 0.02 0.129419 1 
3 28 56 0 0.046 0.126685 1 
4 28 56 0 0.036 0.128303 1 
5 28 56 0 0.025 0.425257 1 
6 28 56 0 0.042 0.145955 1 
7 28 56 0 0.04 0.135246 1 
8 28 56 0 0.044 0.386457 1 
9 28 56 0 0.043 0.11731 1 
10 28 56 0 0.014 0.145435 1 
11 28 56 0 0.012 0.144914 1 
12 28 56 0 0.047 0.108069 1 
13 28 56 0 0.03 0.137473 1 
14 28 56 0 0.009 0.127094 1 
15 28 56 0 0.021 0.107958 1 
16 28 56 0 0.044 0.112951 1 
17 28 56 0.00244071 0.003 0.0919562 3 
18 28 56 0 0.013 0.122884 1 
19 28 56 0.0359639 0.004 0.135965 2 
20 28 56 0.000417706 0.01 0.152861 2 
21 28 56 0 0.046 0.258513 1 
22 28 56 0 0.049 0.0967739 1 
23 28 56 0 0.049 0.135246 1 
24 28 56 0 0.004 0.103675 1 
25 28 56 0 0.043 0.12653 1 
26 28 56 0 0.023 0.131539 1 
27 28 56 0.196316 0.001 0.149056 8 
28 28 56 0 0.008 0.105552 1 
29 28 56 0 0.003 0.0916337 1 
30 28 56 0 0.023 0.117974 1 
31 28 56 0 0.022 0.270835 1 
32 28 56 0.0366977 0.007 0.115524 2 
0 28 57 0 0.019 0.122884 1 
1 28 57 0 0.023 0.130628 1 
2 28 57 0 0.005 0.125414 1 
3 28 57 0 0.025 0.154684 1 
4 28 57 0 0.044 0.0967739 1 
5 28 57 0 0.018 0.416857 1 
6 28 57 0 0.017 0.0957582 1 
7 28 57 0.0284181 0.009 0.134125 2 
8 28 57 0 0.027 0.140977 1 
9 28 57 0 0.029 0.133691 1 
10 28 57 0 0.01 0.124778 1 
11 28 57 0 0.04 0.123797 1 
12 28 57 0 0.024 0.111556 1 
13 28 57 0 0.046 0.12576 1 
14 28 57 0 0.021 0.12653 1 
15 28 57 0 0.018 0.126833 1 
16 28 57 0 0.013 0.124948 1 
17 28 57 0 0.016 0.112399 1 
18 28 57 0 0.012 0.108951 1 
19 28 57 0 0.01 0.0962282 1 
20 28 57 0 0.01 0.132935 1 
21 28 57 0 0.037 0.293417 1 
22 28 57 0 0.01 0.12289 1 
23 28 57 0 0.015 0.14164 1 
24 28 57 0 0.032 0.133753 1 
25 28 57 0 0.035 0.115524 1 
26 28 57 0 0.003 0.15388 1 
27 28 57 0 0.046 0.1083 1 
28 28 57 0 0.023 0.118736 1 
29 28 57 0 0.029 0.123081 1 
30 28 57 0 0.02 0.117607 1 
31 28 57 0 0.001 0.191356 1 
32 28 57 0 0.023 0.122913 1 
0 28 58 0 0.048 0.135539 1 
1 28 58 0 0.004 0.10265 1 
2 28 58 0 0.009 0.141136 1 
3 28 58 0 0.009 0.140747 1 
4 28 58 0 0.021 0.138981 1 
5 28 58 0 0.019 0.122833 1 
6 28 58 0 0.047 0.160018 1 
7 28 58 0 0.038 0.141496 1 
8 28 58 0 0.049 0.148374 1 
9 28 58 0 0.035 0.102302 1 
10 28 58 0.0230217 0.01 0.129456 2 
11 28 58 0 0.038 0.13658 1 
12 28 58 0 0.03 0.127745 1 
13 28 58 0 0.044 0.112603 1 
14 28 58 0 0.011 0.120709 1 
15 28 58 0 0.046 0.154406 1 
16 28 58 0 0.029 0.135055 1 
17 28 58 0 0.03 0.124229 1 
18 28 58 0 0.047 0.0968669 1 
19 28 58 0 0.007 0.13253 1 
20 28 58 0.00040749 0.014 0.138831 2 
21 28 58 0 0.035 0.234048 1 
22 28 58 0 0.043 0.125234 1 
23 28 58 0 0.033 0.128117 1 
24 28 58 0 0.041 0.129692 1 
25 28 58 0 0.018 0.112603 1 
26 28 58 0 0.022 0.126685 1 
27 28 58 0.0438679 0.001 0.140201 2 
28 28 58 0 0.015 0.108627 1 
29 28 58 0 0.042 0.157787 1 
30 28 58 0 0.043 0.111841 1 
31 28 58 0 0.045 0.176591 1 
32 28 58 0 0.042 0.126685 1 
0 28 59 0 0.022 0.147816 1 
1 28 59 0 0.012 0.155036 1 
2 28 59 0 0.028 0.0975474 1 
3 28 59 0 0.002 0.129134 1 
4 28 59 0 0.027 0.109255 1 
5 28 59 0.0229915 0.03 0.121216 2 
6 28 59 0 0.008 0.0811535 1 
7 28 59 0.0283613 0.038 0.116305 2 
8 28 59 0 0.03 0.101176 1 
9 28 59 0.00497248 0.002 0.156744 2 
10 28 59 0 0.038 0.416479 1 
11 28 59 0 0.049 0.112789 1 
12 28 59 0 0.018 0.137876 1 
13 28 59 0 0.012 0.126685 1 
14 28 59 0 0.028 0.15081 1 
15 28 59 0 0.005 0.115263 1 
16 28 59 0 0.021 0.131893 1 
17 28 59 0 0.037 0.127745 1 
18 28 59 0 0.006 0.122884 1 
19 28 59 0 0.03 0.13929 1 
20 28 59 0 0.044 0.145955 1 
21 28 59 0 0.048 0.278579 1 
22 28 59 0 0.019 0.140375 1 
23 28 59 0 0.011 0.133678 1 
24 28 59 0 0.021 0.103383 1 
25 28 59 0 0.014 0.150823 1 
26 28 59 0 0.028 0.141268 1 
27 28 59 0 0.042 0.142657 1 
28 28 59 0 0.03 0.137709 1 
29 28 59 0 0.039 0.147816 1 
30 28 59 0 0.023 0.132935 1 
31 28 59 0 0.007 0.217334 1 
32 28 59 0 0.025 0.12542 1 
0 28 60 0.150999 0.008 0.135576 4 
1 28 60 0 0.022 0.145955 1 
2 28 60 0 0.047 0.13282 1 
3 28 60 0 0.035 0.124056 1 
4 28 60 0 0.015 0.144393 1 
5 28 60 0 0.028 0.428346 1 
6 28 60 0 0.015 0.135576 1 
7 28 60 0.227461 0.014 0.140747 3 
8 28 60 0 0.001 0.126685 1 
9 28 60 0 0.006 0.116045 1 
10 28 60 0 0.018 0.11731 1 
11 28 60 0 0.012 0.124759 1 
12 28 60 0 0.034 0.114873 1 
13 28 60 0 0.045 0.13658 1 
14 28 60 0 0.007 0.112101 1 
15 28 60 0 0.006 0.136469 1 
16 28 60 0 0.021 0.147149 1 
17 28 60 0.0649289 0.001 0.122884 2 
18 28 60 0 0.014 0.131185 1 
19 28 60 0 0.042 0.125666 1 
20 28 60 0 0.017 0.130851 1 
21 28 60 9.54163e-06 0.025 0.27874 2 
22 28 60 0 0.045 0.127094 1 
23 28 60 0 0.042 0.0967739 1 
24 28 60 0 0.024 0.118612 1 
25 28 60 0 0.048 0.140747 1 
26 28 60 0 0.005 0.110743 1 
27 28 60 0 0.021 0.118953 1 
28 28 60 0 0.034 0.12041 1 
29 28 60 0 0.02 0.16329 1 
30 28 60 0 0.029 0.10833 1 
31 28 60 0 0.046 0.254697 1 
32 28 60 0 0.016 0.136574 1 
