0 29 0 0 0.04 0.0870348 1 
1 29 0 0 0.007 0.0929307 1 
2 29 0 0 0.026 0.0727759 1 
3 29 0 0 0.009 0.0974606 1 
4 29 0 0 0.016 0.100951 2 
5 29 0 0 0.036 0.396527 1 
6 29 0 0 0.018 0.121067 1 
7 29 0 0 0.011 0.0923247 1 
8 29 0 0 0.04 0.07489 1 
9 29 0 0 0.015 0.0910199 1 
10 29 0 0 0.032 0.081874 1 
11 29 0 0 0.041 0.0844387 1 
12 29 0 0.0942577 0.002 0.0949958 4 
13 29 0 0 0.013 0.0916553 1 
14 29 0 0 0.046 0.0877855 1 
15 29 0 0 0.043 0.079112 1 
16 29 0 0 0.048 0.0910675 1 
17 29 0 0 0.02 0.0764757 1 
18 29 0 0 0.01 0.0971226 1 
19 29 0 0.0009948 0.009 0.100106 2 
20 29 0 0.0536056 0.012 0.100216 3 
21 29 0 0 0.049 0.221176 1 
22 29 0 0 0.011 0.102488 1 
23 29 0 0 0.015 0.0876348 1 
24 29 0 0 0.031 0.092941 1 
25 29 0 0 0.022 0.0997731 1 
26 29 0 0 0.029 0.0729392 1 
27 29 0 0.0626392 0.005 0.0890668 4 
28 29 0 0 0.031 0.0850058 1 
29 29 0 0 0.031 0.0724543 1 
30 29 0 0.00335874 0.003 0.0965072 2 
31 29 0 0 0.037 0.129306 1 
32 29 0 0 0.038 0.0709934 1 
0 29 1 0 0.015 0.0867002 1 
1 29 1 0 0.044 0.088912 1 
2 29 1 0 0.01 0.119434 1 
3 29 1 0 0.001 0.0826536 1 
4 29 1 0 0.022 0.386827 1 
5 29 1 0 0.035 0.395995 1 
6 29 1 0 0.005 0.146802 2 
7 29 1 0 0.037 0.0955772 1 
8 29 1 0 0.025 0.0839003 1 
9 29 1 0 0.026 0.0955434 1 
10 29 1 0 0.009 0.0994416 1 
11 29 1 0 0.03 0.107536 1 
12 29 1 0 0.01 0.102108 1 
13 29 1 0.0389547 0.011 0.0972513 3 
14 29 1 0 0.004 0.0903875 1 
15 29 1 0 0.009 0.103017 1 
16 29 1 0 0.005 0.106161 1 
17 29 1 0 0.045 0.0766 1 
18 29 1 0 0.029 0.0874282 1 
19 29 1 0 0.04 0.0991424 1 
20 29 1 0.0263519 0.002 0.0895314 2 
21 29 1 0 0.011 0.22562 1 
22 29 1 0.0148823 0.007 0.0824862 2 
23 29 1 0 0.038 0.0909416 1 
24 29 1 0 0.04 0.100327 1 
25 29 1 0.0202925 0.015 0.0853372 2 
26 29 1 0 0.018 0.0829904 1 
27 29 1 0 0.009 0.107823 1 
28 29 1 0 0.004 0.0973701 1 
29 29 1 0 0.023 0.079813 1 
30 29 1 0 0.036 0.100083 1 
31 29 1 0 0.043 0.125855 1 
32 29 1 0 0.003 0.0917768 1 
0 29 2 0 0.024 0.0930025 1 
1 29 2 0 0.001 0.0715518 1 
2 29 2 0 0.017 0.0847192 2 
3 29 2 0 0.005 0.061645 1 
4 29 2 0 0.022 0.0915655 1 
5 29 2 0 0.012 0.0868615 1 
6 29 2 0 0.001 0.0926502 1 
7 29 2 0.0430416 0.003 0.0983906 3 
8 29 2 0.0134109 0.03 0.0928176 2 
9 29 2 0 0.001 0.0890304 1 
10 29 2 0.0133279 0.012 0.115127 2 
11 29 2 0 0.049 0.135398 1 
12 29 2 0.0257535 0.007 0.0789298 2 
13 29 2 0.0618398 0.002 0.07116 2 
14 29 2 0 0.026 0.0910771 1 
15 29 2 0 0.035 0.103392 1 
16 29 2 0 0.019 0.0600923 1 
17 29 2 0 0.04 0.11388 1 
18 29 2 0 0.02 0.0869091 1 
19 29 2 0 0.03 0.0983438 1 
20 29 2 0 0.033 0.08397 1 
21 29 2 0 0.025 0.211921 1 
22 29 2 0 0.024 0.10658 1 
23 29 2 0 0.043 0.108796 1 
24 29 2 0 0.008 0.0971558 1 
25 29 2 0 0.022 0.115499 1 
26 29 2 0 0.017 0.0874713 1 
27 29 2 0.00623184 0.006 0.0892152 2 
28 29 2 0 0.001 0.0873163 1 
29 29 2 0 0.015 0.0830491 1 
30 29 2 0 0.038 0.0974366 1 
31 29 2 0 0.012 0.0949083 2 
32 29 2 0.0162008 0.009 0.0800633 2 
0 29 3 0 0.011 0.0881924 1 
1 29 3 0 0.006 0.0978239 1 
2 29 3 0 0.019 0.0855325 1 
3 29 3 0 0.024 0.067487 1 
4 29 3 0.00246183 0.015 0.11012 2 
5 29 3 0.00272751 0.002 0.121123 2 
6 29 3 0 0.02 0.101193 1 
7 29 3 0.00433685 0.024 0.105733 2 
8 29 3 0 0.041 0.379881 1 
9 29 3 0 0.042 0.0872687 1 
10 29 3 0 0.017 0.386557 1 
11 29 3 0 0.029 0.0920748 1 
12 29 3 0.0877524 0.009 0.0812707 2 
13 29 3 0 0.043 0.0966049 1 
14 29 3 0 0.026 0.0907684 1 
15 29 3 0 0.033 0.0860301 1 
16 29 3 0 0.016 0.0695975 1 
17 29 3 0 0.014 0.108139 1 
18 29 3 0 0.04 0.0817153 1 
19 29 3 0 0.032 0.105623 1 
20 29 3 0.0269675 0.003 0.105516 2 
21 29 3 0 0.039 0.222295 1 
22 29 3 0 0.005 0.0736348 1 
23 29 3 0 0.042 0.102865 1 
24 29 3 0 0.035 0.1031 1 
25 29 3 0 0.025 0.104242 1 
26 29 3 0.011961 0.009 0.0858116 4 
27 29 3 0 0.014 0.0981581 1 
28 29 3 0 0.022 0.0795193 1 
29 29 3 0 0.044 0.104479 1 
30 29 3 0 0.028 0.100305 1 
31 29 3 0 0.006 0.0803548 1 
32 29 3 0 0.003 0.106539 1 
0 29 4 0 0.036 0.0997294 1 
1 29 4 0 0.008 0.126794 1 
2 29 4 0 0.028 0.0769111 1 
3 29 4 0 0.037 0.0742274 1 
4 29 4 0 0.018 0.411843 1 
5 29 4 0 0.018 0.387546 1 
6 29 4 0 0.006 0.100499 1 
7 29 4 0 0.045 0.106843 1 
8 29 4 0 0.02 0.100029 1 
9 29 4 0 0.028 0.0721068 1 
10 29 4 0 0.044 0.402086 1 
11 29 4 0 0.036 0.10016 1 
12 29 4 0 0.048 0.0952404 1 
13 29 4 0.0250184 0.019 0.0755331 2 
14 29 4 0 0.004 0.0968673 1 
15 29 4 0 0.01 0.085807 1 
16 29 4 0 0.013 0.0885273 1 
17 29 4 0 0.036 0.0876806 1 
18 29 4 0 0.009 0.0916249 1 
19 29 4 0 0.008 0.10258 1 
20 29 4 0 0.036 0.0877228 1 
21 29 4 0 0.033 0.196277 1 
22 29 4 0.107972 0.002 0.0936764 3 
23 29 4 0 0.018 0.101646 1 
24 29 4 0 0.03 0.102782 1 
25 29 4 0.0102598 0.001 0.108627 2 
26 29 4 0 0.027 0.0948421 1 
27 29 4 0 0.003 0.0705063 1 
28 29 4 0 0.025 0.0804048 1 
29 29 4 0 0.004 0.0927675 1 
30 29 4 0 0.01 0.0939213 1 
31 29 4 0 0.038 0.0988536 1 
32 29 4 0.00931159 0.034 0.0800142 2 
0 29 5 0 0.038 0.0858128 1 
1 29 5 0 0.031 0.0762761 1 
2 29 5 0 0.047 0.104577 1 
3 29 5 0 0.002 0.0970653 1 
4 29 5 0 0.046 0.104458 1 
5 29 5 0 0.012 0.0914725 1 
6 29 5 0 0.015 0.10562 1 
7 29 5 0 0.008 0.0858128 1 
8 29 5 0 0.04 0.074027 1 
9 29 5 0 0.014 0.0914086 1 
10 29 5 0 0.028 0.391963 1 
11 29 5 0 0.012 0.0950226 1 
12 29 5 0 0.023 0.0970671 1 
13 29 5 0 0.032 0.0756968 1 
14 29 5 0.014706 0.001 0.112269 2 
15 29 5 0 0.034 0.0848671 1 
16 29 5 0 0.019 0.0834678 1 
17 29 5 0 0.004 0.101557 1 
18 29 5 0 0.034 0.0738689 1 
19 29 5 0.0356996 0.011 0.117171 2 
20 29 5 0 0.011 0.0923832 1 
21 29 5 0 0.038 0.241695 1 
22 29 5 0.072818 0.025 0.0872815 2 
23 29 5 0 0.03 0.0838465 1 
24 29 5 0 0.047 0.0905964 1 
25 29 5 0 0.038 0.114243 1 
26 29 5 0 0.04 0.0951994 1 
27 29 5 0.0271667 0.012 0.10285 2 
28 29 5 0 0.042 0.0964027 1 
29 29 5 0 0.005 0.0833971 1 
30 29 5 0 0.045 0.0980751 1 
31 29 5 0 0.043 0.182567 1 
32 29 5 0.0223541 0.01 0.0791903 3 
0 29 6 0 0.003 0.0870187 1 
1 29 6 0 0.018 0.0979693 1 
2 29 6 0 0.016 0.124089 1 
3 29 6 0 0.018 0.101409 1 
4 29 6 0 0.034 0.0807956 1 
5 29 6 0 0.016 0.0817991 1 
6 29 6 0 0.014 0.0793631 1 
7 29 6 0 0.018 0.073603 1 
8 29 6 0.0134492 0.007 0.111592 2 
9 29 6 0 0.03 0.065854 1 
10 29 6 0 0.033 0.0784308 1 
11 29 6 0 0.036 0.0824069 1 
12 29 6 0 0.005 0.0803532 1 
13 29 6 0 0.048 0.0932842 1 
14 29 6 0 0.014 0.0917499 1 
15 29 6 0 0.012 0.0954387 1 
16 29 6 0 0.006 0.0902444 1 
17 29 6 0 0.028 0.0968184 1 
18 29 6 0 0.045 0.0537094 1 
19 29 6 0 0.035 0.0913201 1 
20 29 6 0 0.008 0.0872175 1 
21 29 6 0 0.048 0.235458 1 
22 29 6 0 0.048 0.0839382 1 
23 29 6 0 0.002 0.094608 1 
24 29 6 0 0.028 0.0887529 1 
25 29 6 0 0.005 0.0780373 1 
26 29 6 0 0.035 0.0954253 1 
27 29 6 0.0577435 0.002 0.0875949 2 
28 29 6 0 0.012 0.0993081 1 
29 29 6 0 0.03 0.104468 1 
30 29 6 0 0.029 0.107784 1 
31 29 6 0 0.024 0.145575 1 
32 29 6 0.0155086 0.009 0.110962 2 
0 29 7 0 0.039 0.0886172 1 
1 29 7 0 0.012 0.105766 1 
2 29 7 0 0.031 0.0909776 1 
3 29 7 0 0.035 0.0827552 1 
4 29 7 0 0.019 0.399263 1 
5 29 7 0 0.047 0.0862111 1 
6 29 7 0 0.009 0.0842215 2 
7 29 7 0 0.004 0.082484 1 
8 29 7 0 0.01 0.361709 1 
9 29 7 0 0.028 0.0678595 1 
10 29 7 0 0.049 0.380709 1 
11 29 7 0 0.005 0.128235 1 
12 29 7 0 0.012 0.0910366 1 
13 29 7 0.00222464 0.007 0.0807331 2 
14 29 7 0 0.01 0.101047 1 
15 29 7 0 0.032 0.0957136 1 
16 29 7 0 0.038 0.0695975 1 
17 29 7 0 0.032 0.0982492 1 
18 29 7 0 0.038 0.0719413 1 
19 29 7 0 0.028 0.0915788 1 
20 29 7 0 0.02 0.102261 1 
21 29 7 0 0.033 0.1866 1 
22 29 7 0 0.016 0.0746384 1 
23 29 7 0 0.046 0.0933218 1 
24 29 7 0 0.011 0.09247 1 
25 29 7 0.0491641 0.007 0.10484 2 
26 29 7 0 0.026 0.105419 1 
27 29 7 0 0.024 0.0722571 1 
28 29 7 0 0.026 0.096527 1 
29 29 7 0 0.049 0.104012 1 
30 29 7 0 0.027 0.113998 1 
31 29 7 0 0.004 0.162513 1 
32 29 7 0 0.011 0.108056 1 
0 29 8 0 0.036 0.0908921 1 
1 29 8 0 0.045 0.090401 1 
2 29 8 0 0.025 0.0965521 1 
3 29 8 0 0.021 0.0955772 1 
4 29 8 0 0.039 0.393023 1 
5 29 8 0 0.04 0.0880108 1 
6 29 8 0 0.046 0.0728136 1 
7 29 8 0 0.048 0.103537 1 
8 29 8 0 0.024 0.0807954 1 
9 29 8 0 0.031 0.0767683 1 
10 29 8 0 0.005 0.393696 1 
11 29 8 0 0.032 0.134559 1 
12 29 8 0.0036299 0.044 0.09858 3 
13 29 8 0 0.014 0.0938442 1 
14 29 8 0 0.016 0.102383 1 
15 29 8 0 0.034 0.0878659 1 
16 29 8 0 0.014 0.0946471 1 
17 29 8 0.0497465 0.031 0.0970358 2 
18 29 8 0 0.02 0.0860501 1 
19 29 8 0 0.004 0.0941697 1 
20 29 8 0.000313039 0.029 0.0947103 2 
21 29 8 0 0.026 0.206022 1 
22 29 8 0 0.004 0.0937911 1 
23 29 8 0 0.041 0.0784963 1 
24 29 8 0 0.031 0.121654 1 
25 29 8 0 0.015 0.0834678 1 
26 29 8 0 0.027 0.0716795 1 
27 29 8 0 0.01 0.0998042 1 
28 29 8 0 0.036 0.0753908 1 
29 29 8 0 0.006 0.0761172 1 
30 29 8 0 0.004 0.0903689 1 
31 29 8 0 0.049 0.162803 1 
32 29 8 0 0.002 0.0915131 1 
0 29 9 0 0.048 0.101852 1 
1 29 9 0 0.005 0.0823613 1 
2 29 9 0 0.043 0.134766 1 
3 29 9 0 0.027 0.0788423 1 
4 29 9 0 0.011 0.382184 1 
5 29 9 0 0.004 0.0932225 1 
6 29 9 0 0.014 0.0886339 1 
7 29 9 0 0.036 0.0833263 1 
8 29 9 0.0507665 0.019 0.0949184 2 
9 29 9 0 0.001 0.0897436 1 
10 29 9 0.00254882 0.011 0.0949261 2 
11 29 9 0 0.049 0.0830778 1 
12 29 9 0.0265103 0.004 0.0799964 2 
13 29 9 0.0175387 0.001 0.105715 3 
14 29 9 0 0.016 0.0997398 1 
15 29 9 0 0.025 0.0986154 1 
16 29 9 0 0.047 0.082668 1 
17 29 9 0.0445183 0.005 0.108121 3 
18 29 9 0 0.041 0.0906758 1 
19 29 9 0 0.04 0.0853307 1 
20 29 9 0 0.031 0.091328 1 
21 29 9 0 0.012 0.208726 1 
22 29 9 0 0.019 0.0983736 1 
23 29 9 0 0.006 0.104783 1 
24 29 9 0 0.002 0.0827375 1 
25 29 9 0 0.028 0.0730717 1 
26 29 9 0 0.035 0.0656498 1 
27 29 9 0 0.003 0.101449 1 
28 29 9 0 0.017 0.0655486 1 
29 29 9 0 0.044 0.0723486 1 
30 29 9 0 0.01 0.0957508 1 
31 29 9 0 0.045 0.173227 1 
32 29 9 0.0276356 0.008 0.100744 3 
0 29 10 0 0.025 0.0958624 1 
1 29 10 0 0.037 0.0807954 1 
2 29 10 0 0.006 0.102987 1 
3 29 10 0 0.031 0.0901518 1 
4 29 10 0 0.031 0.0950234 1 
5 29 10 0 0.024 0.0811241 1 
6 29 10 0 0.014 0.0953168 1 
7 29 10 0 0.032 0.0975565 1 
8 29 10 0 0.017 0.367665 1 
9 29 10 0 0.003 0.0995764 1 
10 29 10 0 0.038 0.385374 1 
11 29 10 0 0.027 0.106622 1 
12 29 10 0 0.028 0.0909041 1 
13 29 10 0.0390866 0.008 0.0880019 4 
14 29 10 0 0.027 0.0967979 1 
15 29 10 0 0.004 0.098572 1 
16 29 10 0 0.018 0.106947 1 
17 29 10 0 0.017 0.0995764 1 
18 29 10 0 0.008 0.0669934 1 
19 29 10 0 0.015 0.0914725 1 
20 29 10 0 0.036 0.0762699 1 
21 29 10 0 0.031 0.196189 1 
22 29 10 0 0.021 0.0880229 1 
23 29 10 0 0.03 0.119672 1 
24 29 10 0 0.045 0.0963628 1 
25 29 10 0.0112199 0.006 0.0967441 2 
26 29 10 0.00678789 0.005 0.0983736 3 
27 29 10 0 0.012 0.10385 1 
28 29 10 0 0.049 0.070871 1 
29 29 10 0 0.008 0.0876572 1 
30 29 10 0.0194229 0.002 0.0918631 2 
31 29 10 0 0.027 0.170107 1 
32 29 10 0 0.024 0.0906676 1 
0 29 11 0.0443075 0.004 0.101673 3 
1 29 11 0.0991054 0.005 0.100978 3 
2 29 11 0 0.019 0.133684 1 
3 29 11 0 0.002 0.104803 1 
4 29 11 0 0.026 0.107563 1 
5 29 11 0 0.015 0.083469 1 
6 29 11 0 0.013 0.0939693 1 
7 29 11 0 0.011 0.101312 1 
8 29 11 0.018011 0.018 0.115654 2 
9 29 11 0 0.013 0.108877 1 
10 29 11 0 0.034 0.108827 1 
11 29 11 0 0.003 0.0895979 1 
12 29 11 0 0.02 0.0752575 1 
13 29 11 0 0.013 0.0600923 1 
14 29 11 0 0.016 0.0826373 1 
15 29 11 0 0.001 0.0831888 1 
16 29 11 0 0.011 0.087824 1 
17 29 11 0 0.028 0.0947215 1 
18 29 11 0 0.01 0.0922844 1 
19 29 11 0.0244811 0.006 0.09846 2 
20 29 11 0 0.042 0.0716979 1 
21 29 11 0 0.006 0.245211 1 
22 29 11 0 0.045 0.0673414 1 
23 29 11 0.0310026 0.007 0.0906614 2 
24 29 11 0 0.02 0.0941066 1 
25 29 11 0 0.006 0.0814465 1 
26 29 11 0 0.043 0.0876388 1 
27 29 11 0 0.022 0.0656639 1 
28 29 11 0 0.038 0.0944656 1 
29 29 11 0 0.021 0.118858 1 
30 29 11 0 0.016 0.0703225 1 
31 29 11 0 0.037 0.133292 1 
32 29 11 0.0893046 0.008 0.101731 5 
0 29 12 0 0.014 0.0863175 1 
1 29 12 0 0.034 0.0952982 1 
2 29 12 0 0.045 0.127081 1 
3 29 12 0 0.034 0.0791427 1 
4 29 12 0.0128658 0.007 0.0795193 2 
5 29 12 0 0.007 0.0908416 1 
6 29 12 0 0.036 0.104214 1 
7 29 12 0 0.023 0.0970715 1 
8 29 12 0 0.025 0.365145 1 
9 29 12 0 0.042 0.0778452 1 
10 29 12 0 0.036 0.0994922 1 
11 29 12 0 0.014 0.137819 1 
12 29 12 0.0259971 0.014 0.0871365 2 
13 29 12 0 0.008 0.0812651 1 
14 29 12 0 0.049 0.108077 1 
15 29 12 0 0.045 0.106411 1 
16 29 12 0 0.027 0.0812717 1 
17 29 12 0 0.027 0.0944611 1 
18 29 12 0 0.035 0.0960321 1 
19 29 12 0 0.046 0.0612617 1 
20 29 12 0 0.042 0.0828905 1 
21 29 12 0 0.02 0.191353 1 
22 29 12 0 0.037 0.092105 1 
23 29 12 0.000167526 0.049 0.111783 2 
24 29 12 0 0.002 0.0741719 1 
25 29 12 0.00472254 0.011 0.0962701 2 
26 29 12 0 0.048 0.12708 1 
27 29 12 0.00953564 0.003 0.104383 4 
28 29 12 0 0.04 0.0981673 1 
29 29 12 0 0.048 0.111925 1 
30 29 12 0 0.04 0.0994376 1 
31 29 12 0 0.006 0.156072 1 
32 29 12 0 0.016 0.100401 1 
0 29 13 0 0.043 0.111972 1 
1 29 13 0.0292362 0.018 0.0995402 2 
2 29 13 0 0.001 0.102068 1 
3 29 13 0 0.049 0.0845597 1 
4 29 13 0 0.004 0.384301 1 
5 29 13 0 0.005 0.0778177 1 
6 29 13 0 0.028 0.066204 1 
7 29 13 0 0.006 0.0872933 1 
8 29 13 0.0179996 0.039 0.110644 2 
9 29 13 0 0.018 0.0788873 1 
10 29 13 0 0.006 0.108148 1 
11 29 13 0 0.011 0.0728166 1 
12 29 13 0.0263525 0.02 0.10662 2 
13 29 13 0 0.035 0.0902797 1 
14 29 13 0 0.034 0.0940376 1 
15 29 13 0 0.046 0.119007 1 
16 29 13 0 0.031 0.0714909 1 
17 29 13 0 0.014 0.105178 1 
18 29 13 0 0.029 0.0938607 1 
19 29 13 0 0.016 0.104344 1 
20 29 13 0 0.004 0.0880368 1 
21 29 13 0 0.006 0.211083 2 
22 29 13 0 0.002 0.111073 1 
23 29 13 0 0.035 0.0625022 1 
24 29 13 0 0.002 0.0914725 1 
25 29 13 0 0.032 0.0966842 1 
26 29 13 0 0.043 0.105382 1 
27 29 13 0 0.011 0.0967739 1 
28 29 13 0 0.008 0.0657138 1 
29 29 13 0 0.019 0.13397 1 
30 29 13 0.00258453 0.011 0.0731221 3 
31 29 13 0 0.023 0.162242 1 
32 29 13 0 0.038 0.0973443 1 
0 29 14 0 0.031 0.092224 1 
1 29 14 0 0.041 0.0744389 1 
2 29 14 0 0.003 0.110272 1 
3 29 14 0 0.002 0.0760774 1 
4 29 14 0 0.015 0.393676 1 
5 29 14 0 0.026 0.0928888 1 
6 29 14 0.000713934 0.048 0.0777984 2 
7 29 14 0 0.036 0.0997687 1 
8 29 14 0 0.029 0.355088 1 
9 29 14 0 0.006 0.104233 1 
10 29 14 0 0.018 0.0857801 1 
11 29 14 0 0.018 0.0878831 1 
12 29 14 0 0.008 0.111181 1 
13 29 14 0 0.036 0.0734088 1 
14 29 14 0 0.011 0.0782239 1 
15 29 14 0 0.001 0.0931652 1 
16 29 14 0 0.001 0.0919454 1 
17 29 14 0 0.038 0.0882173 1 
18 29 14 0 0.032 0.0836299 1 
19 29 14 0 0.037 0.1023 1 
20 29 14 0 0.017 0.072945 1 
21 29 14 0 0.013 0.0936883 1 
22 29 14 0 0.032 0.115003 1 
23 29 14 0 0.001 0.101053 1 
24 29 14 0 0.043 0.0971329 1 
25 29 14 0 0.013 0.103236 1 
26 29 14 0 0.025 0.123734 1 
27 29 14 0 0.048 0.0852578 1 
28 29 14 0 0.045 0.103349 1 
29 29 14 0 0.01 0.104523 1 
30 29 14 0.0875454 0.001 0.0997822 5 
31 29 14 0 0.025 0.178917 1 
32 29 14 0 0.03 0.0923654 1 
0 29 15 0 0.036 0.0821972 1 
1 29 15 0 0.021 0.102659 1 
2 29 15 0 0.018 0.103167 1 
3 29 15 0 0.036 0.0874115 1 
4 29 15 0 0.003 0.102488 1 
5 29 15 0 0.003 0.405203 1 
6 29 15 0 0.004 0.117299 1 
7 29 15 0.00448285 0.001 0.107563 2 
8 29 15 0 0.031 0.380761 1 
9 29 15 0 0.025 0.0864668 1 
10 29 15 0 0.002 0.0845835 1 
11 29 15 0 0.028 0.102209 1 
12 29 15 0.0262749 0.009 0.101684 2 
13 29 15 0 0.022 0.0772465 1 
14 29 15 0 0.01 0.0981361 1 
15 29 15 0 0.025 0.0839883 1 
16 29 15 0 0.049 0.0700002 1 
17 29 15 0 0.002 0.0952192 1 
18 29 15 0 0.034 0.090501 1 
19 29 15 0 0.031 0.0963628 1 
20 29 15 0 0.024 0.112846 1 
21 29 15 0 0.011 0.220589 1 
22 29 15 0 0.029 0.0830023 1 
23 29 15 0 0.014 0.0702071 1 
24 29 15 0 0.014 0.0914942 1 
25 29 15 0 0.037 0.0898891 1 
26 29 15 0 0.027 0.0778652 1 
27 29 15 0 0.046 0.0940221 1 
28 29 15 0 0.038 0.0793817 1 
29 29 15 0 0.001 0.113354 1 
30 29 15 0 0.004 0.108419 1 
31 29 15 0 0.009 0.160443 1 
32 29 15 0 0.037 0.10791 1 
0 29 16 0 0.042 0.0966433 1 
1 29 16 0 0.047 0.0855061 1 
2 29 16 0 0.025 0.117544 1 
3 29 16 0 0.017 0.099471 1 
4 29 16 0.00232072 0.011 0.0951329 2 
5 29 16 0 0.019 0.393809 1 
6 29 16 0 0.043 0.122919 1 
7 29 16 0 0.022 0.110644 1 
8 29 16 0 0.043 0.0903771 1 
9 29 16 0 0.035 0.109269 1 
10 29 16 0 0.035 0.09318 1 
11 29 16 0 0.043 0.116962 1 
12 29 16 0 0.039 0.0981438 1 
13 29 16 0 0.045 0.110012 1 
14 29 16 0 0.034 0.0906524 1 
15 29 16 0 0.021 0.0991674 1 
16 29 16 0 0.003 0.0935229 1 
17 29 16 0 0.039 0.108426 1 
18 29 16 0 0.041 0.0743641 1 
19 29 16 0 0.013 0.0653232 1 
20 29 16 0 0.006 0.109702 1 
21 29 16 0 0.03 0.216545 1 
22 29 16 0 0.04 0.0966665 1 
23 29 16 0 0.035 0.0944844 1 
24 29 16 0 0.009 0.106563 1 
25 29 16 0 0.011 0.100031 1 
26 29 16 0 0.005 0.117838 1 
27 29 16 0 0.032 0.104475 1 
28 29 16 0 0.003 0.101774 1 
29 29 16 0 0.003 0.0910729 1 
30 29 16 0 0.029 0.0788423 1 
31 29 16 0 0.032 0.152957 1 
32 29 16 0 0.049 0.0899464 1 
0 29 17 0 0.029 0.0884378 1 
1 29 17 0 0.039 0.10338 1 
2 29 17 0 0.049 0.13262 1 
3 29 17 0 0.034 0.0946235 1 
4 29 17 0 0.023 0.40826 1 
5 29 17 0 0.035 0.0728429 1 
6 29 17 0 0.011 0.0806349 1 
7 29 17 0 0.029 0.0976493 1 
8 29 17 0 0.047 0.0902797 1 
9 29 17 0 0.004 0.090308 1 
10 29 17 0 0.001 0.288446 2 
11 29 17 0 0.036 0.0866309 1 
12 29 17 0 0.048 0.0995717 1 
13 29 17 0 0.028 0.0949875 1 
14 29 17 0 0.042 0.0662721 1 
15 29 17 0 0.01 0.0990533 1 
16 29 17 0 0.002 0.0600923 1 
17 29 17 0 0.006 0.0742826 1 
18 29 17 0 0.045 0.0787673 1 
19 29 17 0 0.035 0.116062 1 
20 29 17 0 0.047 0.0956702 1 
21 29 17 0 0.035 0.218851 1 
22 29 17 0 0.03 0.0929341 1 
23 29 17 0 0.002 0.0901829 1 
24 29 17 0 0.013 0.105564 1 
25 29 17 0.0192184 0.015 0.0957489 2 
26 29 17 0 0.016 0.0773294 1 
27 29 17 0.00139203 0.002 0.0994648 3 
28 29 17 0 0.028 0.0954557 1 
29 29 17 0 0.006 0.0925054 1 
30 29 17 0 0.013 0.0817724 1 
31 29 17 0 0.029 0.218641 1 
32 29 17 0 0.028 0.0858237 1 
0 29 18 0.0943051 0.01 0.109582 5 
1 29 18 0 0.031 0.0817003 1 
2 29 18 0 0.034 0.143991 1 
3 29 18 0 0.049 0.108044 1 
4 29 18 0.00231466 0.008 0.104352 2 
5 29 18 0 0.026 0.0863382 1 
6 29 18 0 0.038 0.108753 1 
7 29 18 0 0.036 0.0715518 1 
8 29 18 0.00101563 0.012 0.0906043 2 
9 29 18 0 0.001 0.0963212 1 
10 29 18 0 0.025 0.0920545 1 
11 29 18 0 0.041 0.133363 1 
12 29 18 0 0.024 0.080172 1 
13 29 18 0 0.002 0.0912919 1 
14 29 18 0 0.007 0.0996493 1 
15 29 18 0 0.039 0.107514 1 
16 29 18 0 0.03 0.0786904 1 
17 29 18 0 0.031 0.0838693 1 
18 29 18 0 0.048 0.0907894 1 
19 29 18 0.0372788 0.012 0.0799503 3 
20 29 18 0.0270252 0.023 0.0767683 2 
21 29 18 0 0.047 0.211886 1 
22 29 18 0 0.026 0.100633 1 
23 29 18 0 0.04 0.0890896 1 
24 29 18 0 0.013 0.078628 1 
25 29 18 0 0.026 0.0837215 1 
26 29 18 0 0.013 0.112251 1 
27 29 18 0 0.002 0.0758865 1 
28 29 18 0 0.012 0.0999935 1 
29 29 18 0 0.044 0.0868171 1 
30 29 18 0 0.032 0.0788423 1 
31 29 18 0 0.023 0.179789 1 
32 29 18 0 0.019 0.0965134 1 
0 29 19 0 0.04 0.0921111 1 
1 29 19 0 0.049 0.0923654 1 
2 29 19 0 0.04 0.108398 1 
3 29 19 0.0017213 0.007 0.0996396 2 
4 29 19 0 0.024 0.388621 1 
5 29 19 0 0.029 0.389 1 
6 29 19 0 0.046 0.0724123 1 
7 29 19 0 0.034 0.0902797 1 
8 29 19 0 0.013 0.0999964 1 
9 29 19 0 0.028 0.0812005 1 
10 29 19 0 0.002 0.35686 1 
11 29 19 0 0.036 0.113188 1 
12 29 19 0.00815991 0.025 0.104789 2 
13 29 19 0 0.017 0.0915247 1 
14 29 19 0 0.046 0.0911903 1 
15 29 19 0 0.038 0.0997343 1 
16 29 19 0 0.028 0.0994808 1 
17 29 19 0.0244404 0.008 0.097586 2 
18 29 19 0 0.043 0.0888378 1 
19 29 19 0.00172629 0.033 0.0781164 2 
20 29 19 0 0.006 0.0967739 1 
21 29 19 0 0.016 0.213433 1 
22 29 19 0 0.035 0.103197 1 
23 29 19 0 0.028 0.102142 1 
24 29 19 0 0.001 0.0914725 1 
25 29 19 0 0.049 0.0917021 1 
26 29 19 0 0.028 0.0983906 1 
27 29 19 0.213505 0.018 0.0856701 3 
28 29 19 0 0.049 0.106664 1 
29 29 19 0 0.018 0.0976914 1 
30 29 19 0 0.028 0.0961541 1 
31 29 19 0 0.008 0.153453 1 
32 29 19 0 0.045 0.0846952 1 
0 29 20 0 0.007 0.0760316 1 
1 29 20 0 0.028 0.106539 1 
2 29 20 0 0.042 0.0749018 1 
3 29 20 0 0.016 0.0724229 1 
4 29 20 0 0.002 0.0829904 1 
5 29 20 0 0.047 0.0966809 1 
6 29 20 0 0.031 0.104715 1 
7 29 20 0 0.027 0.102383 1 
8 29 20 0 0.044 0.362557 1 
9 29 20 0 0.007 0.109834 1 
10 29 20 0 0.047 0.0999097 1 
11 29 20 0 0.01 0.120734 1 
12 29 20 0 0.015 0.0864323 1 
13 29 20 0 0.04 0.105325 1 
14 29 20 0 0.031 0.0969163 1 
15 29 20 0 0.013 0.107336 1 
16 29 20 0 0.005 0.0965205 1 
17 29 20 0 0.038 0.0972182 1 
18 29 20 0 0.04 0.0664656 1 
19 29 20 0 0.049 0.0990241 1 
20 29 20 0 0.029 0.0806163 1 
21 29 20 0 0.034 0.231791 1 
22 29 20 0 0.014 0.0813592 1 
23 29 20 0 0.046 0.0957628 1 
24 29 20 0 0.009 0.0837215 1 
25 29 20 0 0.017 0.0949184 1 
26 29 20 0 0.019 0.105819 1 
27 29 20 0 0.005 0.0931218 1 
28 29 20 0 0.023 0.0954211 1 
29 29 20 0 0.016 0.107229 1 
30 29 20 0 0.032 0.0967739 1 
31 29 20 0 0.027 0.130186 1 
32 29 20 0 0.029 0.0932993 1 
0 29 21 0 0.03 0.100327 1 
1 29 21 0.0254661 0.015 0.0753767 2 
2 29 21 0.00214427 0.001 0.0853159 2 
3 29 21 0.05966 0.004 0.0860713 3 
4 29 21 0.00112526 0.019 0.102912 2 
5 29 21 0 0.041 0.109153 1 
6 29 21 0 0.014 0.085309 1 
7 29 21 0 0.015 0.107823 1 
8 29 21 0.0185231 0.029 0.111743 2 
9 29 21 0 0.009 0.100868 1 
10 29 21 0 0.039 0.391544 1 
11 29 21 0 0.017 0.121624 1 
12 29 21 0 0.018 0.109051 1 
13 29 21 0 0.023 0.0869389 1 
14 29 21 0 0.025 0.0888555 1 
15 29 21 0 0.022 0.106127 1 
16 29 21 0 0.041 0.0892662 1 
17 29 21 0 0.033 0.102643 1 
18 29 21 0 0.009 0.0925046 1 
19 29 21 0 0.038 0.0898503 1 
20 29 21 0 0.047 0.101013 1 
21 29 21 0 0.026 0.2229 1 
22 29 21 0.0920253 0.008 0.104351 3 
23 29 21 0 0.044 0.0848414 1 
24 29 21 0 0.042 0.10773 1 
25 29 21 0 0.043 0.0936362 1 
26 29 21 0.0260917 0.046 0.0939541 2 
27 29 21 0 0.041 0.110986 1 
28 29 21 0 0.015 0.0730717 1 
29 29 21 0 0.009 0.10432 1 
30 29 21 0.0581667 0.002 0.0865493 4 
31 29 21 0 0.024 0.156907 1 
32 29 21 0 0.041 0.0891175 1 
0 29 22 0 0.048 0.0876736 1 
1 29 22 0.0228785 0.005 0.0957694 3 
2 29 22 0.0013649 0.037 0.088747 2 
3 29 22 0.0286691 0.004 0.0723811 6 
4 29 22 0 0.039 0.397499 1 
5 29 22 0 0.029 0.101935 1 
6 29 22 0 0.014 0.0890989 1 
7 29 22 0 0.048 0.100587 1 
8 29 22 0 0.024 0.1149 1 
9 29 22 0 0.023 0.0967669 1 
10 29 22 0 0.027 0.104056 1 
11 29 22 0 0.034 0.0938732 1 
12 29 22 4.07466e-05 0.015 0.0788423 2 
13 29 22 0.0608764 0.007 0.0851507 2 
14 29 22 0 0.035 0.0778189 1 
15 29 22 0 0.045 0.0782943 1 
16 29 22 0.00179702 0.028 0.0766784 2 
17 29 22 0 0.044 0.100657 1 
18 29 22 0 0.043 0.0812723 1 
19 29 22 0 0.006 0.0797476 1 
20 29 22 0 0.011 0.0957865 1 
21 29 22 0 0.047 0.195044 1 
22 29 22 0.08168 0.007 0.104312 4 
23 29 22 0 0.013 0.0972932 1 
24 29 22 0 0.018 0.0973191 1 
25 29 22 0 0.04 0.108834 1 
26 29 22 0.0906458 0.003 0.086125 6 
27 29 22 0 0.024 0.0949261 1 
28 29 22 0 0.037 0.0925816 1 
29 29 22 0 0.01 0.0858223 1 
30 29 22 0.0874897 0.006 0.118426 3 
31 29 22 0 0.036 0.118571 1 
32 29 22 0 0.043 0.0755131 1 
0 29 23 0 0.035 0.0796383 1 
1 29 23 0 0.014 0.104052 1 
2 29 23 0 0.029 0.106757 1 
3 29 23 0 0.033 0.122618 1 
4 29 23 0 0.029 0.0978353 1 
5 29 23 0 0.044 0.40296 1 
6 29 23 0 0.011 0.0836258 1 
7 29 23 0.0123847 0.012 0.0810759 2 
8 29 23 0 0.045 0.377646 1 
9 29 23 0 0.018 0.0640682 1 
10 29 23 0 0.012 0.391346 1 
11 29 23 0 0.02 0.0934117 1 
12 29 23 0 0.013 0.0998432 1 
13 29 23 0 0.032 0.0869366 1 
14 29 23 0 0.038 0.09523 1 
15 29 23 0 0.023 0.0891288 1 
16 29 23 0 0.001 0.102614 1 
17 29 23 0 0.032 0.109787 1 
18 29 23 0 0.046 0.0897625 1 
19 29 23 0 0.013 0.0734732 1 
20 29 23 0 0.019 0.0794418 1 
21 29 23 0 0.002 0.226664 1 
22 29 23 0 0.044 0.104859 1 
23 29 23 0 0.017 0.0914725 1 
24 29 23 0 0.01 0.0779925 1 
25 29 23 0 0.031 0.092105 1 
26 29 23 0 0.033 0.0830112 1 
27 29 23 0 0.007 0.0834973 1 
28 29 23 0 0.006 0.0993521 1 
29 29 23 0 0.02 0.077911 1 
30 29 23 0 0.013 0.112311 1 
31 29 23 0 0.015 0.163695 1 
32 29 23 0 0.028 0.0872482 1 
0 29 24 0 0.006 0.108561 1 
1 29 24 0 0.025 0.100978 1 
2 29 24 0 0.027 0.111468 1 
3 29 24 0 0.031 0.0834678 1 
4 29 24 0 0.02 0.400699 1 
5 29 24 0.0187369 0.009 0.0886339 2 
6 29 24 0 0.014 0.0925824 1 
7 29 24 0 0.03 0.102895 1 
8 29 24 0 0.048 0.0869389 1 
9 29 24 0.00023609 0.005 0.0581726 2 
10 29 24 0 0.02 0.11018 1 
11 29 24 0 0.043 0.0988344 1 
12 29 24 0 0.039 0.0915965 1 
13 29 24 0 0.016 0.100196 1 
14 29 24 0 0.036 0.0852225 1 
15 29 24 0 0.034 0.0833303 1 
16 29 24 0 0.034 0.104991 1 
17 29 24 0 0.029 0.0770082 1 
18 29 24 0 0.028 0.0956981 1 
19 29 24 0 0.041 0.11425 1 
20 29 24 0 0.019 0.0968184 1 
21 29 24 0.000499874 0.048 0.209315 2 
22 29 24 0 0.004 0.0898914 1 
23 29 24 0 0.026 0.0694387 1 
24 29 24 0 0.037 0.084844 1 
25 29 24 0.000268688 0.025 0.0924956 2 
26 29 24 0 0.005 0.112225 1 
27 29 24 0 0.015 0.0772973 1 
28 29 24 0 0.019 0.116952 1 
29 29 24 0 0.026 0.0921632 1 
30 29 24 0 0.044 0.0609426 1 
31 29 24 0 0.046 0.148154 1 
32 29 24 0 0.047 0.0559466 1 
0 29 25 0 0.045 0.0839791 1 
1 29 25 0.0261674 0.019 0.0891939 2 
2 29 25 0 0.006 0.129135 1 
3 29 25 0 0.043 0.0693371 1 
4 29 25 0.0771181 0.005 0.1006 4 
5 29 25 0 0.047 0.392085 1 
6 29 25 0 0.025 0.0982171 1 
7 29 25 0 0.028 0.115462 1 
8 29 25 0 0.012 0.0897473 1 
9 29 25 0 0.011 0.0926308 1 
10 29 25 0.0186306 0.036 0.0765156 2 
11 29 25 0 0.011 0.109603 1 
12 29 25 0 0.011 0.0627975 1 
13 29 25 0 0.006 0.0853973 1 
14 29 25 0 0.006 0.0996693 1 
15 29 25 0 0.002 0.108996 1 
16 29 25 0 0.02 0.0860131 1 
17 29 25 0 0.016 0.0842068 1 
18 29 25 0 0.021 0.0932206 1 
19 29 25 0 0.017 0.104054 1 
20 29 25 0 0.03 0.104282 1 
21 29 25 0 0.04 0.0817069 1 
22 29 25 0 0.033 0.100207 1 
23 29 25 0 0.043 0.100981 1 
24 29 25 0 0.041 0.103438 1 
25 29 25 0 0.023 0.0842629 1 
26 29 25 0 0.022 0.101852 1 
27 29 25 0 0.026 0.0783827 1 
28 29 25 0 0.03 0.0914725 1 
29 29 25 0 0.013 0.102767 1 
30 29 25 0 0.038 0.0778452 1 
31 29 25 0 0.041 0.186261 1 
32 29 25 0 0.042 0.0856112 1 
0 29 26 0 0.025 0.0856787 1 
1 29 26 0 0.027 0.0897407 1 
2 29 26 0 0.014 0.106425 1 
3 29 26 0.0441634 0.001 0.118239 4 
4 29 26 0 0.011 0.387998 1 
5 29 26 0.0187222 0.01 0.0720633 2 
6 29 26 0 0.03 0.0849416 1 
7 29 26 0 0.035 0.115291 1 
8 29 26 0 0.008 0.101892 1 
9 29 26 0 0.025 0.110695 1 
10 29 26 0 0.012 0.0856531 1 
11 29 26 0 0.044 0.12161 1 
12 29 26 0 0.021 0.0767683 1 
13 29 26 0 0.042 0.11187 1 
14 29 26 0 0.048 0.104389 1 
15 29 26 0 0.031 0.0855431 1 
16 29 26 0 0.025 0.0838054 1 
17 29 26 0 0.046 0.0995947 1 
18 29 26 0 0.026 0.105082 1 
19 29 26 0 0.024 0.109906 1 
20 29 26 0.0108445 0.001 0.105733 2 
21 29 26 0 0.012 0.220928 1 
22 29 26 0.0953156 0.006 0.112287 3 
23 29 26 0 0.025 0.117049 1 
24 29 26 0 0.007 0.0917162 1 
25 29 26 0.0275615 0.023 0.116373 3 
26 29 26 0 0.002 0.100402 1 
27 29 26 0 0.007 0.0931701 1 
28 29 26 0 0.004 0.0912589 1 
29 29 26 0 0.013 0.101704 1 
30 29 26 0 0.047 0.0889734 1 
31 29 26 0 0.024 0.171091 1 
32 29 26 0 0.031 0.0843289 1 
0 29 27 0 0.046 0.085458 1 
1 29 27 0.0948531 0.002 0.0984526 3 
2 29 27 0 0.019 0.112506 1 
3 29 27 0 0.042 0.101836 1 
4 29 27 0 0.029 0.0749132 1 
5 29 27 0 0.016 0.417868 1 
6 29 27 0 0.002 0.103174 1 
7 29 27 0 0.04 0.10285 1 
8 29 27 0 0.038 0.105008 1 
9 29 27 0.151529 0.004 0.118382 4 
10 29 27 0 0.011 0.383549 1 
11 29 27 0 0.043 0.132134 1 
12 29 27 0 0.018 0.098219 1 
13 29 27 0 0.016 0.0963581 1 
14 29 27 0 0.046 0.0796002 1 
15 29 27 0 0.007 0.104022 1 
16 29 27 0 0.025 0.076759 1 
17 29 27 0.00218913 0.009 0.104159 2 
18 29 27 0 0.018 0.0671814 1 
19 29 27 0.122379 0.014 0.120827 4 
20 29 27 0 0.049 0.111546 1 
21 29 27 0 0.029 0.179221 1 
22 29 27 0 0.039 0.0791027 1 
23 29 27 0 0.033 0.0971719 1 
24 29 27 0 0.04 0.0904487 1 
25 29 27 0 0.028 0.0989855 1 
26 29 27 0 0.017 0.0828799 1 
27 29 27 0 0.029 0.0964204 1 
28 29 27 0 0.025 0.0781739 1 
29 29 27 0 0.027 0.0907945 1 
30 29 27 0 0.015 0.096751 1 
31 29 27 0 0.023 0.151747 1 
32 29 27 0.0141458 0.006 0.0995241 3 
0 29 28 0 0.033 0.0832182 1 
1 29 28 0 0.009 0.108894 1 
2 29 28 0 0.045 0.122464 1 
3 29 28 0 0.013 0.0994691 1 
4 29 28 0 0.048 0.40226 1 
5 29 28 0 0.027 0.0964417 1 
6 29 28 0 0.047 0.108121 1 
7 29 28 0 0.037 0.0838052 1 
8 29 28 0 0.025 0.098497 1 
9 29 28 0 0.045 0.0971528 1 
10 29 28 0 0.019 0.0807745 1 
11 29 28 0.00136681 0.026 0.134398 2 
12 29 28 0 0.043 0.0742926 1 
13 29 28 0 0.024 0.100838 1 
14 29 28 0 0.043 0.0763159 1 
15 29 28 0 0.007 0.0807954 1 
16 29 28 0 0.009 0.0901023 1 
17 29 28 0 0.033 0.107561 1 
18 29 28 0 0.017 0.112244 1 
19 29 28 0 0.002 0.0928358 1 
20 29 28 0 0.007 0.0832953 1 
21 29 28 0 0.028 0.235574 1 
22 29 28 0 0.004 0.113207 1 
23 29 28 0.033079 0.01 0.091989 2 
24 29 28 0 0.003 0.0996554 1 
25 29 28 0 0.003 0.0891233 1 
26 29 28 0 0.023 0.0918446 1 
27 29 28 0 0.005 0.103112 1 
28 29 28 0 0.034 0.108242 1 
29 29 28 0 0.038 0.0824219 1 
30 29 28 0.0337151 0.009 0.0924956 2 
31 29 28 0 0.006 0.167419 1 
32 29 28 0 0.005 0.103841 1 
0 29 29 0.05836 0.009 0.123973 2 
1 29 29 0 0.047 0.0731554 1 
2 29 29 0 0.004 0.100383 1 
3 29 29 0 0.043 0.108102 1 
4 29 29 0 0.045 0.391998 1 
5 29 29 0 0.021 0.407022 1 
6 29 29 0 0.029 0.119864 1 
7 29 29 0 0.023 0.100325 1 
8 29 29 0 0.034 0.0864219 1 
9 29 29 0 0.046 0.0924956 1 
10 29 29 0 0.003 0.0943425 1 
11 29 29 0 0.04 0.0944123 1 
12 29 29 0 0.029 0.0650975 1 
13 29 29 0 0.009 0.0967424 1 
14 29 29 0.00176112 0.033 0.122679 2 
15 29 29 0 0.022 0.0955772 1 
16 29 29 0 0.011 0.128049 1 
17 29 29 0 0.034 0.0928504 1 
18 29 29 0 0.024 0.0899216 1 
19 29 29 0 0.046 0.0807949 1 
20 29 29 0 0.021 0.0941173 1 
21 29 29 0 0.044 0.211428 1 
22 29 29 0 0.029 0.0848671 1 
23 29 29 0.00018678 0.013 0.0991967 2 
24 29 29 0 0.043 0.110681 1 
25 29 29 0 0.047 0.0943343 1 
26 29 29 0 0.003 0.11398 1 
27 29 29 0 0.022 0.099471 1 
28 29 29 0 0.041 0.0885298 1 
29 29 29 0 0.012 0.0785346 1 
30 29 29 0 0.041 0.091173 1 
31 29 29 0 0.008 0.130204 1 
32 29 29 0 0.002 0.0959678 1 
0 29 30 0.0884309 0.001 0.105641 2 
1 29 30 0 0.006 0.0811191 1 
2 29 30 0 0.001 0.0872215 1 
3 29 30 0 0.026 0.0752459 1 
4 29 30 0 0.005 0.105498 1 
5 29 30 0 0.045 0.408617 1 
6 29 30 0 0.047 0.0882325 1 
7 29 30 0.0234365 0.037 0.0933044 2 
8 29 30 0 0.003 0.0866916 1 
9 29 30 0 0.026 0.0799394 1 
10 29 30 0 0.005 0.108119 1 
11 29 30 0 0.027 0.117538 1 
12 29 30 0 0.018 0.0912059 1 
13 29 30 0 0.026 0.0994416 1 
14 29 30 0 0.044 0.0957508 1 
15 29 30 0 0.022 0.0605181 1 
16 29 30 0 0.015 0.0975645 1 
17 29 30 0 0.019 0.103824 1 
18 29 30 0 0.01 0.0719413 1 
19 29 30 0 0.032 0.108066 1 
20 29 30 0 0.006 0.102108 1 
21 29 30 0 0.005 0.220498 1 
22 29 30 0 0.02 0.0875663 1 
23 29 30 0 0.025 0.114223 1 
24 29 30 0 0.031 0.0913144 1 
25 29 30 0 0.014 0.0884031 1 
26 29 30 0.00200635 0.008 0.110899 2 
27 29 30 0 0.043 0.0880108 1 
28 29 30 0 0.018 0.0895795 1 
29 29 30 0 0.017 0.0980585 1 
30 29 30 0 0.037 0.0811241 1 
31 29 30 0 0.029 0.133098 1 
32 29 30 0 0.001 0.0914725 1 
0 29 31 0 0.029 0.087203 1 
1 29 31 0 0.045 0.11462 1 
2 29 31 0 0.015 0.119254 1 
3 29 31 0.0946617 0.036 0.0966902 2 
4 29 31 0.0023848 0.019 0.0880144 2 
5 29 31 0 0.018 0.392158 1 
6 29 31 0 0.001 0.0845807 1 
7 29 31 0 0.048 0.0923654 1 
8 29 31 0.0184666 0.021 0.0739076 2 
9 29 31 0 0.027 0.0923987 1 
10 29 31 0.0156736 0.021 0.0860576 2 
11 29 31 0 0.019 0.0961716 1 
12 29 31 0 0.021 0.103871 1 
13 29 31 0 0.034 0.0858856 1 
14 29 31 0 0.032 0.0688868 1 
15 29 31 0 0.002 0.0823368 1 
16 29 31 0 0.023 0.103606 1 
17 29 31 0 0.006 0.101455 1 
18 29 31 0 0.009 0.103436 1 
19 29 31 0 0.041 0.0830683 1 
20 29 31 0 0.033 0.112205 1 
21 29 31 0 0.045 0.226665 1 
22 29 31 0 0.022 0.0995082 1 
23 29 31 0 0.004 0.110762 1 
24 29 31 0 0.039 0.0791027 1 
25 29 31 0 0.044 0.107563 1 
26 29 31 0 0.022 0.117369 1 
27 29 31 0 0.034 0.0661421 1 
28 29 31 0 0.038 0.0928183 1 
29 29 31 0 0.047 0.127874 1 
30 29 31 0 0.033 0.0905685 1 
31 29 31 0 0.041 0.14875 1 
32 29 31 0 0.019 0.102448 1 
0 29 32 0 0.037 0.068476 1 
1 29 32 0.101077 0.006 0.0931897 3 
2 29 32 0 0.035 0.127151 1 
3 29 32 0 0.045 0.0644826 1 
4 29 32 0 0.008 0.400864 1 
5 29 32 0 0.029 0.41175 1 
6 29 32 0 0.013 0.0953867 1 
7 29 32 0 0.034 0.098451 1 
8 29 32 0 0.032 0.361974 1 
9 29 32 0 0.034 0.107823 1 
10 29 32 0 0.03 0.390534 1 
11 29 32 0 0.044 0.11669 1 
12 29 32 0.16553 0.002 0.0803688 8 
13 29 32 0 0.005 0.0723811 1 
14 29 32 0 0.02 0.12041 1 
15 29 32 0 0.02 0.101806 1 
16 29 32 0 0.015 0.091075 1 
17 29 32 0.0882818 0.003 0.0944673 6 
18 29 32 0 0.037 0.0644851 1 
19 29 32 0 0.038 0.103354 1 
20 29 32 0 0.042 0.102923 1 
21 29 32 0 0.046 0.168888 1 
22 29 32 0 0.016 0.108524 1 
23 29 32 0 0.009 0.103449 1 
24 29 32 0 0.033 0.0676998 1 
25 29 32 0.0506472 0.021 0.0839942 2 
26 29 32 0 0.041 0.0985205 1 
27 29 32 0.00863965 0.001 0.0799074 2 
28 29 32 0 0.007 0.0922035 1 
29 29 32 0 0.011 0.0879673 1 
30 29 32 0 0.005 0.10939 1 
31 29 32 0 0.043 0.142371 1 
32 29 32 0 0.034 0.0922315 1 
0 29 33 0 0.028 0.0698998 1 
1 29 33 0 0.025 0.115852 1 
2 29 33 0 0.014 0.0916152 1 
3 29 33 0 0.046 0.094288 1 
4 29 33 0 0.045 0.0868649 1 
5 29 33 0 0.024 0.399155 1 
6 29 33 0 0.029 0.0806572 1 
7 29 33 0 0.016 0.0788423 1 
8 29 33 0.0184543 0.031 0.079112 2 
9 29 33 0 0.047 0.0852415 1 
10 29 33 0 0.041 0.381699 1 
11 29 33 0 0.012 0.0827048 1 
12 29 33 0.00851938 0.013 0.0916702 2 
13 29 33 0 0.022 0.108448 1 
14 29 33 0 0.034 0.0821916 1 
15 29 33 0 0.015 0.0957753 1 
16 29 33 0 0.043 0.0821863 1 
17 29 33 0 0.002 0.101438 1 
18 29 33 0 0.023 0.0777556 1 
19 29 33 0 0.045 0.0831443 1 
20 29 33 0 0.029 0.109516 1 
21 29 33 0 0.017 0.224946 1 
22 29 33 0 0.011 0.116305 1 
23 29 33 0 0.016 0.0864115 1 
24 29 33 0 0.042 0.0805502 1 
25 29 33 0 0.014 0.116603 1 
26 29 33 0 0.049 0.108605 1 
27 29 33 0 0.006 0.091531 1 
28 29 33 0 0.003 0.103293 1 
29 29 33 0 0.044 0.12494 1 
30 29 33 0 0.031 0.08706 1 
31 29 33 0 0.014 0.197692 1 
32 29 33 0.00883158 0.024 0.0807954 2 
0 29 34 0.0438843 0.013 0.101836 2 
1 29 34 0 0.013 0.100978 1 
2 29 34 0 0.015 0.104354 1 
3 29 34 0 0.044 0.0953586 1 
4 29 34 0 0.013 0.102708 1 
5 29 34 0.000936414 0.01 0.0971967 2 
6 29 34 0 0.024 0.101008 1 
7 29 34 0.0242309 0.001 0.0958868 2 
8 29 34 0 0.007 0.328201 1 
9 29 34 0 0.034 0.109792 1 
10 29 34 0 0.037 0.393978 1 
11 29 34 0 0.002 0.11563 1 
12 29 34 0 0.02 0.0927347 1 
13 29 34 0 0.028 0.0799022 1 
14 29 34 0 0.023 0.103154 1 
15 29 34 0 0.028 0.0801006 1 
16 29 34 0 0.002 0.103307 1 
17 29 34 0.0871914 0.002 0.113538 6 
18 29 34 0 0.016 0.100702 1 
19 29 34 0 0.011 0.0928516 1 
20 29 34 0 0.043 0.0994943 1 
21 29 34 0 0.021 0.216118 1 
22 29 34 0 0.008 0.0829904 1 
23 29 34 0 0.001 0.0691751 1 
24 29 34 0 0.009 0.0932842 1 
25 29 34 0 0.017 0.0997625 1 
26 29 34 0 0.02 0.0857693 1 
27 29 34 0 0.002 0.0829904 1 
28 29 34 0.00158478 0.004 0.0986154 2 
29 29 34 0 0.039 0.12345 1 
30 29 34 0 0.021 0.111462 1 
31 29 34 0 0.034 0.145142 1 
32 29 34 0 0.009 0.0833854 1 
0 29 35 0 0.039 0.0904085 1 
1 29 35 0 0.048 0.0858882 1 
2 29 35 0 0.006 0.122729 1 
3 29 35 0 0.001 0.0822658 1 
4 29 35 0 0.019 0.0956641 1 
5 29 35 0 0.049 0.123448 1 
6 29 35 0 0.037 0.0795473 1 
7 29 35 0 0.009 0.100788 1 
8 29 35 0.00263835 0.017 0.0947455 2 
9 29 35 0.0135371 0.02 0.0786425 2 
10 29 35 0.0154349 0.012 0.0751977 2 
11 29 35 0 0.036 0.149325 1 
12 29 35 0 0.019 0.0890834 1 
13 29 35 0 0.01 0.0852721 1 
14 29 35 0 0.03 0.094091 1 
15 29 35 0 0.016 0.0902872 1 
16 29 35 0 0.001 0.065056 1 
17 29 35 0 0.024 0.0973683 1 
18 29 35 0 0.045 0.100892 1 
19 29 35 0 0.009 0.0968395 1 
20 29 35 0 0.027 0.0879662 1 
21 29 35 0.00301746 0.025 0.210671 2 
22 29 35 0 0.033 0.0946982 1 
23 29 35 0 0.002 0.0936427 1 
24 29 35 0 0.012 0.0979188 1 
25 29 35 0 0.044 0.0680045 1 
26 29 35 0 0.031 0.0885458 1 
27 29 35 0 0.038 0.105651 1 
28 29 35 0 0.027 0.0941867 1 
29 29 35 0 0.004 0.0870094 1 
30 29 35 0 0.023 0.106591 1 
31 29 35 0 0.008 0.169743 1 
32 29 35 0 0.041 0.0952171 1 
0 29 36 0 0.013 0.0891288 1 
1 29 36 0.00786874 0.009 0.112071 2 
2 29 36 0 0.04 0.0923246 1 
3 29 36 0 0.046 0.0975223 1 
4 29 36 0.0174469 0.014 0.107649 2 
5 29 36 0 0.025 0.398407 1 
6 29 36 0 0.04 0.0838769 1 
7 29 36 0.0721639 0.003 0.107958 4 
8 29 36 0 0.004 0.371618 1 
9 29 36 0 0.033 0.107983 1 
10 29 36 0 0.043 0.387736 1 
11 29 36 0 0.003 0.108643 1 
12 29 36 0.0257854 0.021 0.0829904 2 
13 29 36 0.0469051 0.004 0.104513 3 
14 29 36 0 0.032 0.0984654 1 
15 29 36 0 0.024 0.0852674 1 
16 29 36 0 0.017 0.0662893 1 
17 29 36 0 0.044 0.0834678 1 
18 29 36 0 0.014 0.0658881 1 
19 29 36 0 0.023 0.0783772 1 
20 29 36 0 0.023 0.0822773 1 
21 29 36 0.00050722 0.028 0.246636 2 
22 29 36 0 0.04 0.0793545 1 
23 29 36 0 0.039 0.0906916 1 
24 29 36 0 0.029 0.0702098 1 
25 29 36 0 0.033 0.109811 1 
26 29 36 0 0.006 0.100263 1 
27 29 36 0 0.003 0.0924131 1 
28 29 36 0 0.014 0.0966003 1 
29 29 36 0 0.013 0.0854651 1 
30 29 36 0 0.02 0.0870082 1 
31 29 36 0.000939107 0.04 0.118454 2 
32 29 36 0 0.049 0.0959678 1 
0 29 37 0.0359671 0.001 0.0867878 5 
1 29 37 0 0.01 0.0952449 1 
2 29 37 0 0.011 0.117539 1 
3 29 37 0.00313057 0.008 0.0813664 3 
4 29 37 0 0.043 0.389883 1 
5 29 37 0.00282365 0.003 0.114561 2 
6 29 37 0 0.028 0.0887999 1 
7 29 37 0 0.042 0.0819135 1 
8 29 37 0 0.036 0.09273 1 
9 29 37 0 0.005 0.100587 1 
10 29 37 0 0.037 0.367361 1 
11 29 37 0 0.017 0.112046 1 
12 29 37 0 0.019 0.102062 1 
13 29 37 0 0.011 0.0730717 1 
14 29 37 0 0.022 0.107001 1 
15 29 37 0 0.036 0.100164 1 
16 29 37 0 0.011 0.0985278 1 
17 29 37 0 0.007 0.109137 1 
18 29 37 0.00193113 0.001 0.0738022 2 
19 29 37 0 0.02 0.116885 1 
20 29 37 0 0.037 0.0914725 1 
21 29 37 0 0.013 0.0938662 1 
22 29 37 0.0756565 0.014 0.0883952 2 
23 29 37 0 0.012 0.0999495 1 
24 29 37 0 0.046 0.0765133 1 
25 29 37 0 0.02 0.0973504 1 
26 29 37 0.0310632 0.025 0.0961953 2 
27 29 37 0.0841647 0.021 0.100564 2 
28 29 37 0 0.033 0.0936577 1 
29 29 37 0 0.009 0.0979586 1 
30 29 37 0 0.045 0.0915131 1 
31 29 37 0 0.016 0.107093 1 
32 29 37 0 0.004 0.0709588 1 
0 29 38 0 0.046 0.0953051 1 
1 29 38 0 0.02 0.0922277 1 
2 29 38 0 0.029 0.117824 1 
3 29 38 0 0.042 0.0876159 1 
4 29 38 0 0.041 0.104121 1 
5 29 38 0 0.004 0.398642 1 
6 29 38 0 0.03 0.105769 1 
7 29 38 0 0.049 0.0802796 1 
8 29 38 0.00252088 0.013 0.101735 2 
9 29 38 0.000415497 0.005 0.0799018 2 
10 29 38 0.0216712 0.011 0.0912536 3 
11 29 38 0 0.015 0.0901717 1 
12 29 38 0.026411 0.029 0.0788423 2 
13 29 38 0 0.04 0.0956412 1 
14 29 38 0 0.01 0.122065 1 
15 29 38 0 0.043 0.0872264 1 
16 29 38 0 0.046 0.0967739 1 
17 29 38 0 0.047 0.0878659 1 
18 29 38 0 0.022 0.0874725 1 
19 29 38 0 0.033 0.0866676 1 
20 29 38 0 0.006 0.10058 1 
21 29 38 0 0.042 0.205429 1 
22 29 38 0 0.042 0.0774314 1 
23 29 38 0 0.025 0.101194 1 
24 29 38 0 0.011 0.0915264 1 
25 29 38 0 0.037 0.0968281 1 
26 29 38 0 0.015 0.075053 1 
27 29 38 0.0666692 0.023 0.089986 2 
28 29 38 0 0.027 0.0987187 1 
29 29 38 0 0.024 0.0573076 1 
30 29 38 0 0.035 0.094091 1 
31 29 38 0.000940516 0.033 0.0902265 2 
32 29 38 0 0.039 0.0963581 1 
0 29 39 0 0.031 0.0824812 1 
1 29 39 0 0.013 0.0957529 1 
2 29 39 0 0.034 0.095292 1 
3 29 39 0.0429655 0.003 0.117303 3 
4 29 39 0 0.04 0.389519 1 
5 29 39 0 0.049 0.100853 1 
6 29 39 0 0.027 0.140248 1 
7 29 39 0 0.004 0.0661121 1 
8 29 39 0 0.027 0.364383 1 
9 29 39 0 0.033 0.092973 1 
10 29 39 0 0.019 0.100352 1 
11 29 39 0.00214903 0.049 0.107131 2 
12 29 39 0 0.005 0.128751 1 
13 29 39 0 0.028 0.0852702 1 
14 29 39 0 0.027 0.07686 1 
15 29 39 0 0.042 0.103906 1 
16 29 39 0 0.035 0.0694479 1 
17 29 39 0.0253716 0.013 0.0941401 2 
18 29 39 0 0.026 0.079112 1 
19 29 39 0 0.01 0.0945035 1 
20 29 39 0 0.007 0.0660288 1 
21 29 39 0 0.043 0.0800142 1 
22 29 39 0 0.042 0.0812658 1 
23 29 39 0 0.027 0.100895 1 
24 29 39 0 0.049 0.0869741 1 
25 29 39 0 0.039 0.0849327 1 
26 29 39 0 0.029 0.0844646 1 
27 29 39 0 0.019 0.0865822 1 
28 29 39 0 0.016 0.0750538 1 
29 29 39 0 0.013 0.0975768 1 
30 29 39 0.0556929 0.015 0.103158 3 
31 29 39 0 0.019 0.130752 1 
32 29 39 0 0.001 0.0760774 1 
0 29 40 0 0.012 0.0887391 1 
1 29 40 0 0.02 0.0817069 1 
2 29 40 0 0.049 0.101418 1 
3 29 40 0 0.029 0.111807 1 
4 29 40 0 0.039 0.0928176 1 
5 29 40 0 0.046 0.404526 1 
6 29 40 0 0.036 0.0832953 1 
7 29 40 0 0.047 0.0903778 1 
8 29 40 0 0.027 0.0977733 1 
9 29 40 0 0.04 0.0838879 1 
10 29 40 0 0.003 0.38822 1 
11 29 40 0 0.001 0.123567 1 
12 29 40 0 0.002 0.110097 1 
13 29 40 0.00723707 0.004 0.107302 2 
14 29 40 0 0.028 0.0895388 1 
15 29 40 0 0.002 0.0983345 1 
16 29 40 0 0.008 0.0884472 1 
17 29 40 0 0.005 0.11426 1 
18 29 40 0 0.041 0.108056 1 
19 29 40 0 0.019 0.0979693 1 
20 29 40 0 0.031 0.105659 1 
21 29 40 0 0.024 0.223783 1 
22 29 40 0 0.026 0.0998849 1 
23 29 40 0 0.006 0.100297 1 
24 29 40 0 0.032 0.104673 1 
25 29 40 0 0.041 0.0854839 1 
26 29 40 0 0.004 0.0970653 1 
27 29 40 0 0.01 0.107868 1 
28 29 40 0 0.012 0.102295 1 
29 29 40 0 0.039 0.120068 1 
30 29 40 0 0.018 0.0980573 1 
31 29 40 0 0.046 0.126005 1 
32 29 40 0 0.01 0.0959026 1 
0 29 41 0.0120166 0.005 0.0895314 2 
1 29 41 0 0.042 0.103039 1 
2 29 41 0 0.032 0.115514 1 
3 29 41 0 0.03 0.0946649 1 
4 29 41 0 0.004 0.0808125 1 
5 29 41 0 0.041 0.113701 1 
6 29 41 0 0.031 0.0709588 1 
7 29 41 0 0.002 0.0780556 1 
8 29 41 0 0.041 0.0728527 1 
9 29 41 0.0362292 0.001 0.0779335 4 
10 29 41 0 0.01 0.0795193 1 
11 29 41 0 0.003 0.088682 1 
12 29 41 0 0.027 0.0905043 1 
13 29 41 0.00899711 0.002 0.0834973 2 
14 29 41 0 0.037 0.0996475 1 
15 29 41 0 0.026 0.0845436 1 
16 29 41 0 0.015 0.0793326 1 
17 29 41 0 0.02 0.0967393 1 
18 29 41 0 0.029 0.104502 1 
19 29 41 0 0.049 0.0919386 1 
20 29 41 0 0.017 0.0812541 1 
21 29 41 0 0.001 0.219627 1 
22 29 41 0 0.04 0.10096 1 
23 29 41 0 0.007 0.0831246 1 
24 29 41 0 0.024 0.118128 1 
25 29 41 0 0.044 0.108426 1 
26 29 41 0 0.013 0.105453 1 
27 29 41 0 0.019 0.103223 1 
28 29 41 0 0.034 0.0717331 1 
29 29 41 0 0.009 0.11086 1 
30 29 41 0 0.032 0.0852814 1 
31 29 41 0.00258276 0.003 0.0833393 2 
32 29 41 0 0.031 0.0922146 1 
0 29 42 0 0.027 0.0926161 1 
1 29 42 0 0.03 0.100202 1 
2 29 42 0 0.045 0.10639 1 
3 29 42 0.0976768 0.007 0.0926118 4 
4 29 42 0.0169648 0.01 0.0803982 3 
5 29 42 0 0.038 0.0763908 1 
6 29 42 0 0.04 0.110905 1 
7 29 42 0 0.03 0.0966809 1 
8 29 42 0 0.026 0.356567 1 
9 29 42 0.00539319 0.002 0.0902135 2 
10 29 42 0 0.015 0.0712914 1 
11 29 42 0 0.036 0.0740483 1 
12 29 42 0 0.042 0.0797894 1 
13 29 42 0.0244106 0.003 0.100347 2 
14 29 42 0 0.007 0.105486 1 
15 29 42 0 0.042 0.107702 1 
16 29 42 0 0.044 0.0859976 1 
17 29 42 0 0.043 0.0703566 1 
18 29 42 0 0.016 0.108593 1 
19 29 42 0.0815665 0.001 0.0909729 4 
20 29 42 0 0.01 0.0873505 1 
21 29 42 0.000508622 0.046 0.195727 2 
22 29 42 0 0.044 0.0910966 1 
23 29 42 0 0.001 0.0980585 1 
24 29 42 0 0.011 0.0815344 1 
25 29 42 0 0.029 0.102895 1 
26 29 42 0 0.017 0.0817392 1 
27 29 42 0 0.048 0.0891202 1 
28 29 42 0 0.012 0.100587 1 
29 29 42 0 0.004 0.0913919 1 
30 29 42 0 0.045 0.0836747 1 
31 29 42 0.00148375 0.007 0.109821 2 
32 29 42 0 0.034 0.0996861 1 
0 29 43 0 0.014 0.0927883 1 
1 29 43 0 0.037 0.0721566 1 
2 29 43 0 0.047 0.0975933 1 
3 29 43 0.0470402 0.005 0.109009 2 
4 29 43 0 0.037 0.0828997 1 
5 29 43 0 0.039 0.0907824 1 
6 29 43 0 0.025 0.0944673 1 
7 29 43 0 0.048 0.0794628 1 
8 29 43 0.00261405 0.026 0.103104 2 
9 29 43 0.1399 0.007 0.0909751 4 
10 29 43 0 0.03 0.105478 1 
11 29 43 0 0.014 0.0889204 1 
12 29 43 0.033069 0.016 0.101189 3 
13 29 43 0 0.015 0.0687307 1 
14 29 43 0 0.033 0.104452 1 
15 29 43 0 0.004 0.0846163 1 
16 29 43 0 0.035 0.0984762 1 
17 29 43 0 0.029 0.0965026 1 
18 29 43 0 0.046 0.0623973 1 
19 29 43 0 0.034 0.110556 1 
20 29 43 0 0.026 0.102261 1 
21 29 43 0 0.027 0.0823866 1 
22 29 43 0.0500275 0.007 0.0878859 2 
23 29 43 0 0.005 0.0885633 1 
24 29 43 0 0.006 0.0833136 1 
25 29 43 0 0.033 0.0840075 1 
26 29 43 0.0424703 0.011 0.108598 3 
27 29 43 0 0.014 0.0875663 1 
28 29 43 0 0.04 0.0993134 1 
29 29 43 0 0.025 0.123665 1 
30 29 43 0 0.044 0.0996664 1 
31 29 43 0.00258474 0.019 0.120348 2 
32 29 43 0 0.001 0.0821863 1 
0 29 44 0.0972843 0.02 0.105301 2 
1 29 44 0 0.046 0.0994304 1 
2 29 44 0 0.008 0.128536 1 
3 29 44 0 0.016 0.0892035 1 
4 29 44 0 0.023 0.38908 1 
5 29 44 0 0.009 0.372974 1 
6 29 44 0 0.029 0.0870082 1 
7 29 44 0.0294954 0.004 0.0958624 2 
8 29 44 0 0.042 0.375523 1 
9 29 44 0 0.04 0.0949184 1 
10 29 44 0 0.032 0.399333 1 
11 29 44 0 0.033 0.108748 1 
12 29 44 0 0.032 0.117001 1 
13 29 44 0.0243404 0.027 0.0713462 2 
14 29 44 0.287135 0.001 0.111594 11 
15 29 44 0 0.046 0.104615 1 
16 29 44 0 0.045 0.0869892 1 
17 29 44 0 0.007 0.0688341 1 
18 29 44 0 0.015 0.0647206 1 
19 29 44 0 0.02 0.0795309 1 
20 29 44 0 0.04 0.0967363 1 
21 29 44 0 0.002 0.234071 1 
22 29 44 0 0.041 0.0812891 1 
23 29 44 0 0.027 0.098891 1 
24 29 44 0 0.022 0.112823 1 
25 29 44 0 0.002 0.101133 1 
26 29 44 0 0.035 0.0834678 1 
27 29 44 0 0.017 0.0983736 1 
28 29 44 0 0.021 0.0812756 1 
29 29 44 0 0.019 0.0915463 1 
30 29 44 0.0109641 0.022 0.105798 2 
31 29 44 0 0.038 0.0875136 1 
32 29 44 0 0.023 0.0809246 1 
0 29 45 0 0.044 0.100906 1 
1 29 45 2.76492e-05 0.005 0.101148 2 
2 29 45 0 0.04 0.09097 1 
3 29 45 0 0.038 0.0999713 1 
4 29 45 0 0.021 0.386039 1 
5 29 45 0 0.025 0.402046 1 
6 29 45 0 0.022 0.0847093 1 
7 29 45 0 0.003 0.092322 1 
8 29 45 0.0754396 0.025 0.11538 3 
9 29 45 0 0.048 0.0921658 1 
10 29 45 0 0.033 0.391532 1 
11 29 45 0 0.009 0.0830385 1 
12 29 45 0 0.003 0.0885436 1 
13 29 45 0 0.035 0.0913919 1 
14 29 45 0.061386 0.012 0.0976663 2 
15 29 45 0 0.037 0.0758316 1 
16 29 45 0 0.04 0.0860131 1 
17 29 45 0 0.021 0.0834825 1 
18 29 45 0 0.013 0.0914725 1 
19 29 45 0 0.023 0.0823579 1 
20 29 45 0 0.009 0.0960437 1 
21 29 45 0 0.027 0.250439 1 
22 29 45 0 0.01 0.100217 1 
23 29 45 0.000229374 0.011 0.0952632 2 
24 29 45 0 0.025 0.105711 1 
25 29 45 0 0.025 0.0915004 1 
26 29 45 0 0.005 0.108627 1 
27 29 45 0 0.015 0.0801678 1 
28 29 45 0 0.034 0.109811 1 
29 29 45 0 0.021 0.0880693 1 
30 29 45 0 0.017 0.103387 1 
31 29 45 0 0.006 0.200179 1 
32 29 45 0 0.01 0.095316 1 
0 29 46 0 0.022 0.100302 1 
1 29 46 0 0.03 0.0823579 1 
2 29 46 0 0.018 0.105509 1 
3 29 46 0 0.026 0.098415 1 
4 29 46 0.078963 0.002 0.106065 3 
5 29 46 0 0.041 0.396642 1 
6 29 46 0 0.041 0.0726958 1 
7 29 46 0 0.045 0.0913342 1 
8 29 46 0 0.045 0.357587 1 
9 29 46 0 0.049 0.0960328 1 
10 29 46 0.0147593 0.019 0.0896361 2 
11 29 46 0 0.041 0.111129 1 
12 29 46 0 0.047 0.0747187 1 
13 29 46 0 0.037 0.0918724 1 
14 29 46 0 0.049 0.0954047 1 
15 29 46 0 0.041 0.0947766 1 
16 29 46 0 0.024 0.0996741 1 
17 29 46 0 0.018 0.101588 1 
18 29 46 0 0.043 0.0812105 1 
19 29 46 0 0.005 0.0929028 1 
20 29 46 0 0.045 0.0961228 1 
21 29 46 0.000510132 0.006 0.223045 2 
22 29 46 0 0.02 0.102367 1 
23 29 46 0 0.012 0.0932822 1 
24 29 46 0 0.014 0.0852578 1 
25 29 46 0 0.045 0.102434 1 
26 29 46 0 0.04 0.0841437 1 
27 29 46 0 0.015 0.104194 1 
28 29 46 0 0.048 0.116603 1 
29 29 46 0 0.018 0.0729185 1 
30 29 46 0 0.015 0.0927347 1 
31 29 46 0 0.007 0.191646 1 
32 29 46 0 0.043 0.0993451 1 
0 29 47 0 0.008 0.0914725 1 
1 29 47 0.0296481 0.032 0.0857192 2 
2 29 47 0 0.024 0.0995761 1 
3 29 47 0 0.025 0.122427 1 
4 29 47 0 0.019 0.380597 1 
5 29 47 0 0.036 0.401773 1 
6 29 47 0.00280161 0.015 0.106884 2 
7 29 47 0 0.004 0.0875663 1 
8 29 47 0 0.045 0.344929 1 
9 29 47 0 0.044 0.0964723 1 
10 29 47 0 0.024 0.407908 1 
11 29 47 0 0.035 0.0848301 1 
12 29 47 0 0.047 0.0914725 1 
13 29 47 0 0.048 0.0817174 1 
14 29 47 0 0.01 0.102629 1 
15 29 47 0 0.032 0.0933199 1 
16 29 47 0 0.034 0.104427 1 
17 29 47 0 0.047 0.092105 1 
18 29 47 0 0.049 0.0853501 1 
19 29 47 0 0.031 0.0843696 1 
20 29 47 0 0.04 0.0767505 1 
21 29 47 0 0.01 0.106658 1 
22 29 47 0 0.01 0.099583 1 
23 29 47 0.0312944 0.02 0.0715506 2 
24 29 47 0 0.041 0.0938655 1 
25 29 47 0.0339445 0.014 0.0829621 2 
26 29 47 0 0.004 0.0933311 1 
27 29 47 0 0.029 0.107488 1 
28 29 47 0 0.038 0.108598 1 
29 29 47 0 0.03 0.107882 1 
30 29 47 0 0.019 0.106191 1 
31 29 47 0 0.045 0.182429 1 
32 29 47 0 0.019 0.0780036 1 
0 29 48 0 0.006 0.104743 1 
1 29 48 0 0.036 0.0969954 1 
2 29 48 0 0.004 0.0825453 1 
3 29 48 0 0.045 0.101646 1 
4 29 48 0 0.018 0.376207 1 
5 29 48 0 0.014 0.0815344 1 
6 29 48 0 0.005 0.12382 1 
7 29 48 0 0.006 0.0784491 1 
8 29 48 0 0.048 0.0863242 1 
9 29 48 0 0.015 0.0859301 1 
10 29 48 0 0.038 0.369087 1 
11 29 48 0 0.041 0.109056 1 
12 29 48 0 0.049 0.101926 1 
13 29 48 0 0.034 0.108102 1 
14 29 48 0 0.017 0.0953051 1 
15 29 48 0 0.032 0.106688 1 
16 29 48 0 0.022 0.0811535 1 
17 29 48 0 0.035 0.0952063 1 
18 29 48 0 0.047 0.087944 1 
19 29 48 0 0.016 0.0935349 1 
20 29 48 0 0.032 0.089936 1 
21 29 48 0 0.013 0.25429 1 
22 29 48 0 0.004 0.100053 1 
23 29 48 0 0.002 0.120535 1 
24 29 48 0 0.02 0.0856309 1 
25 29 48 0 0.021 0.0986201 1 
26 29 48 5.70383e-05 0.012 0.0754377 2 
27 29 48 0 0.046 0.0990677 1 
28 29 48 0 0.015 0.101341 1 
29 29 48 0 0.007 0.100171 1 
30 29 48 0 0.037 0.0716091 1 
31 29 48 0 0.025 0.13695 1 
32 29 48 0 0.034 0.0984739 1 
0 29 49 0 0.014 0.0986166 1 
1 29 49 0 0.047 0.0949932 1 
2 29 49 0 0.013 0.104608 1 
3 29 49 0 0.037 0.100579 1 
4 29 49 0 0.039 0.0751965 1 
5 29 49 0.00277754 0.013 0.100074 2 
6 29 49 0 0.035 0.0918631 1 
7 29 49 0 0.041 0.0772686 1 
8 29 49 0 0.003 0.377364 1 
9 29 49 0 0.026 0.0839633 1 
10 29 49 0.00634807 0.004 0.0924956 3 
11 29 49 0 0.001 0.0944036 1 
12 29 49 0 0.011 0.107197 1 
13 29 49 0 0.01 0.100767 1 
14 29 49 0 0.042 0.0893046 1 
15 29 49 0 0.011 0.108121 1 
16 29 49 0 0.019 0.0862879 1 
17 29 49 0.0965462 0.014 0.088332 3 
18 29 49 0 0.012 0.0674917 1 
19 29 49 0 0.027 0.101483 1 
20 29 49 0 0.046 0.0929049 1 
21 29 49 0 0.03 0.192787 1 
22 29 49 0 0.005 0.0858531 1 
23 29 49 0 0.004 0.0829183 1 
24 29 49 0 0.038 0.101995 1 
25 29 49 0 0.013 0.104859 1 
26 29 49 0 0.049 0.0898891 1 
27 29 49 0 0.018 0.118612 1 
28 29 49 0 0.033 0.0943429 1 
29 29 49 0.00236897 0.006 0.0906001 2 
30 29 49 0 0.022 0.0767683 1 
31 29 49 0 0.022 0.108311 1 
32 29 49 0 0.037 0.0880753 1 
0 29 50 0 0.018 0.105788 1 
1 29 50 0.00500562 0.039 0.0902099 2 
2 29 50 0 0.047 0.103793 1 
3 29 50 0 0.005 0.0959879 1 
4 29 50 0 0.025 0.0855046 1 
5 29 50 0 0.011 0.39977 1 
6 29 50 0 0.011 0.117217 1 
7 29 50 0 0.02 0.0842932 1 
8 29 50 0.00248387 0.01 0.109137 2 
9 29 50 0.0780773 0.004 0.121462 4 
10 29 50 0 0.031 0.399465 1 
11 29 50 0 0.023 0.131506 1 
12 29 50 0 0.049 0.10046 1 
13 29 50 0 0.006 0.0967739 1 
14 29 50 0 0.006 0.0920411 1 
15 29 50 0 0.001 0.117489 1 
16 29 50 0 0.042 0.10339 1 
17 29 50 0.0148953 0.001 0.0976229 3 
18 29 50 0 0.014 0.0857436 1 
19 29 50 0.0618477 0.012 0.105626 2 
20 29 50 0 0.014 0.111909 1 
21 29 50 0 0.021 0.235264 1 
22 29 50 0 0.021 0.0837635 1 
23 29 50 0 0.043 0.0875663 1 
24 29 50 0 0.02 0.115912 1 
25 29 50 0 0.015 0.0624373 1 
26 29 50 0 0.045 0.063434 1 
27 29 50 0 0.035 0.0914725 1 
28 29 50 0 0.008 0.099779 1 
29 29 50 0 0.035 0.0781817 1 
30 29 50 0 0.049 0.100995 1 
31 29 50 0 0.02 0.138924 1 
32 29 50 0 0.046 0.105347 1 
0 29 51 0 0.005 0.0958022 1 
1 29 51 0 0.048 0.103535 1 
2 29 51 0 0.048 0.134595 1 
3 29 51 0 0.022 0.10036 1 
4 29 51 0 0.011 0.408962 1 
5 29 51 0 0.025 0.128397 1 
6 29 51 0 0.021 0.0884029 1 
7 29 51 0 0.049 0.106991 1 
8 29 51 0 0.025 0.0984443 1 
9 29 51 0 0.029 0.100214 1 
10 29 51 0.00562776 0.014 0.258594 2 
11 29 51 0 0.013 0.111741 1 
12 29 51 0.0985709 0.002 0.0975791 3 
13 29 51 0 0.015 0.109516 1 
14 29 51 0 0.024 0.0884014 1 
15 29 51 0 0.018 0.109713 1 
16 29 51 0 0.018 0.0913144 1 
17 29 51 0 0.03 0.0847017 1 
18 29 51 0 0.023 0.0880501 1 
19 29 51 0 0.047 0.104322 1 
20 29 51 0 0.018 0.100978 1 
21 29 51 0 0.011 0.210595 1 
22 29 51 0 0.022 0.100929 1 
23 29 51 0 0.016 0.0572829 1 
24 29 51 0 0.044 0.0672872 1 
25 29 51 0 0.044 0.0653223 1 
26 29 51 0 0.043 0.0794336 1 
27 29 51 0.140704 0.002 0.0816707 8 
28 29 51 0 0.014 0.118677 1 
29 29 51 0 0.037 0.127244 1 
30 29 51 0 0.047 0.0935912 1 
31 29 51 0 0.012 0.192713 1 
32 29 51 0 0.037 0.0861162 1 
0 29 52 0 0.029 0.0850879 1 
1 29 52 0 0.013 0.100897 1 
2 29 52 0 0.02 0.0813247 1 
3 29 52 0 0.016 0.0762641 1 
4 29 52 0 0.002 0.379763 1 
5 29 52 0 0.021 0.0814465 1 
6 29 52 0 0.024 0.0863784 1 
7 29 52 0.0303622 0.02 0.0812338 2 
8 29 52 0 0.012 0.373695 1 
9 29 52 0 0.027 0.0975295 1 
10 29 52 0 0.027 0.100264 1 
11 29 52 0 0.001 0.142112 1 
12 29 52 0 0.035 0.0883332 1 
13 29 52 0.0308576 0.001 0.100029 3 
14 29 52 0 0.02 0.100981 1 
15 29 52 0 0.037 0.0817468 1 
16 29 52 0 0.033 0.08363 1 
17 29 52 0.0183681 0.006 0.0923123 2 
18 29 52 0 0.012 0.10339 1 
19 29 52 0 0.017 0.0798349 1 
20 29 52 0 0.048 0.0912478 1 
21 29 52 0 0.045 0.247661 1 
22 29 52 0 0.047 0.0999713 1 
23 29 52 0.0665401 0.003 0.0817623 4 
24 29 52 0 0.007 0.108352 1 
25 29 52 0 0.032 0.0903184 1 
26 29 52 0 0.041 0.0989254 1 
27 29 52 0 0.026 0.0947773 1 
28 29 52 0 0.023 0.0811155 1 
29 29 52 0 0.008 0.0983862 1 
30 29 52 0.0423753 0.013 0.0894573 2 
31 29 52 0.000943972 0.033 0.118439 2 
32 29 52 0 0.018 0.0834678 1 
0 29 53 0 0.028 0.0951808 1 
1 29 53 0 0.044 0.0949344 1 
2 29 53 0 0.035 0.1312 1 
3 29 53 0 0.04 0.0923077 1 
4 29 53 0.00232126 0.037 0.0899176 2 
5 29 53 0 0.003 0.114848 1 
6 29 53 0 0.04 0.0872652 1 
7 29 53 0.0778908 0.001 0.111489 3 
8 29 53 0 0.02 0.352626 1 
9 29 53 0 0.002 0.0858632 1 
10 29 53 0 0.046 0.388483 1 
11 29 53 0 0.019 0.105498 1 
12 29 53 0.00510128 0.008 0.0966809 2 
13 29 53 0 0.047 0.0963601 1 
14 29 53 0 0.045 0.0887591 1 
15 29 53 0 0.032 0.104159 1 
16 29 53 0 0.006 0.0854593 1 
17 29 53 0 0.03 0.105345 1 
18 29 53 0 0.03 0.0664992 1 
19 29 53 0 0.049 0.0967739 1 
20 29 53 0 0.003 0.0945447 1 
21 29 53 0 0.013 0.23229 1 
22 29 53 0 0.003 0.0955629 1 
23 29 53 0 0.032 0.0880367 1 
24 29 53 0 0.035 0.096186 1 
25 29 53 0 0.03 0.0858457 1 
26 29 53 0 0.006 0.0797977 1 
27 29 53 0 0.032 0.101557 1 
28 29 53 0 0.003 0.0769105 1 
29 29 53 0 0.027 0.124817 1 
30 29 53 0 0.049 0.107952 1 
31 29 53 0.0354358 0.01 0.102841 2 
32 29 53 0 0.024 0.0846558 1 
0 29 54 0 0.02 0.0937632 1 
1 29 54 0 0.007 0.09616 1 
2 29 54 0 0.024 0.106371 1 
3 29 54 0 0.039 0.104803 1 
4 29 54 0 0.003 0.396904 1 
5 29 54 0 0.023 0.0875177 1 
6 29 54 0 0.012 0.106655 1 
7 29 54 0 0.031 0.080464 1 
8 29 54 0 0.032 0.091638 1 
9 29 54 0 0.033 0.0983526 1 
10 29 54 0.0520952 0.013 0.0905611 2 
11 29 54 0 0.024 0.0838667 1 
12 29 54 0 0.04 0.0829904 1 
13 29 54 0 0.022 0.102309 1 
14 29 54 0 0.011 0.0766051 1 
15 29 54 0 0.011 0.106912 1 
16 29 54 0 0.041 0.0888334 1 
17 29 54 0 0.007 0.106472 1 
18 29 54 0 0.009 0.0678866 1 
19 29 54 0 0.012 0.077415 1 
20 29 54 0.00400865 0.043 0.0980386 2 
21 29 54 0 0.009 0.226023 1 
22 29 54 0 0.036 0.104802 1 
23 29 54 0 0.022 0.081293 1 
24 29 54 0 0.034 0.113115 1 
25 29 54 0 0.012 0.100098 1 
26 29 54 0 0.039 0.107854 1 
27 29 54 0 0.011 0.106653 1 
28 29 54 0 0.012 0.104279 1 
29 29 54 0.00116123 0.029 0.0916374 2 
30 29 54 0 0.048 0.100937 1 
31 29 54 0.000945441 0.012 0.10775 2 
32 29 54 0 0.005 0.0862584 1 
0 29 55 0.0262224 0.011 0.111011 2 
1 29 55 0 0.049 0.100816 1 
2 29 55 0 0.026 0.119249 1 
3 29 55 0 0.041 0.0811535 1 
4 29 55 0 0.029 0.397812 1 
5 29 55 0 0.012 0.0915636 1 
6 29 55 0 0.031 0.116045 1 
7 29 55 0 0.028 0.0761193 1 
8 29 55 0.00257997 0.001 0.0888943 2 
9 29 55 0 0.013 0.101984 1 
10 29 55 0 0.048 0.382521 1 
11 29 55 0 0.017 0.111201 1 
12 29 55 0.0881114 0.003 0.104169 5 
13 29 55 0 0.025 0.104149 1 
14 29 55 0 0.008 0.0822291 1 
15 29 55 0 0.003 0.0890164 1 
16 29 55 0 0.017 0.0754551 1 
17 29 55 0 0.007 0.072423 1 
18 29 55 0 0.009 0.0929102 1 
19 29 55 0 0.042 0.106509 1 
20 29 55 0.0482678 0.014 0.0911258 2 
21 29 55 0 0.014 0.24242 1 
22 29 55 0 0.029 0.0955901 1 
23 29 55 0 0.031 0.100134 1 
24 29 55 0 0.049 0.0917217 1 
25 29 55 0 0.021 0.105622 1 
26 29 55 0 0.035 0.103579 1 
27 29 55 0 0.009 0.0933473 1 
28 29 55 0 0.034 0.103308 1 
29 29 55 0 0.048 0.121462 1 
30 29 55 0 0.025 0.0896287 1 
31 29 55 0 0.001 0.0956011 1 
32 29 55 0 0.037 0.0806466 1 
0 29 56 0 0.045 0.112534 1 
1 29 56 0.0458748 0.009 0.119198 2 
2 29 56 0 0.015 0.0965506 1 
3 29 56 0 0.019 0.0912709 1 
4 29 56 0.00220091 0.041 0.102108 2 
5 29 56 0 0.001 0.0624361 1 
6 29 56 0 0.007 0.085309 1 
7 29 56 0 0.017 0.0873989 1 
8 29 56 0 0.031 0.364668 1 
9 29 56 0 0.045 0.0906406 1 
10 29 56 0.0520836 0.006 0.0979543 2 
11 29 56 0 0.035 0.101373 1 
12 29 56 0 0.018 0.0974319 1 
13 29 56 0 0.037 0.0790221 1 
14 29 56 0.124539 0.01 0.0950097 3 
15 29 56 0 0.03 0.104802 1 
16 29 56 0 0.036 0.0997601 1 
17 29 56 0 0.007 0.112534 1 
18 29 56 0 0.042 0.0918351 1 
19 29 56 0 0.043 0.103545 1 
20 29 56 0 0.023 0.109266 1 
21 29 56 0 0.049 0.168404 1 
22 29 56 0.0846756 0.002 0.112629 7 
23 29 56 0 0.038 0.0628142 1 
24 29 56 0 0.016 0.0774558 1 
25 29 56 0 0.036 0.0847017 1 
26 29 56 0 0.016 0.0947938 1 
27 29 56 0.0220068 0.007 0.104326 3 
28 29 56 0 0.015 0.110716 1 
29 29 56 0 0.03 0.0957956 1 
30 29 56 0 0.048 0.0988812 1 
31 29 56 0 0.008 0.217146 1 
32 29 56 0 0.016 0.102309 1 
0 29 57 0 0.018 0.0867583 1 
1 29 57 0 0.017 0.0924956 1 
2 29 57 0 0.029 0.126368 1 
3 29 57 0 0.005 0.0806652 1 
4 29 57 0 0.043 0.391522 1 
5 29 57 0 0.045 0.105772 1 
6 29 57 0 0.006 0.110644 1 
7 29 57 0 0.001 0.0865939 1 
8 29 57 0.0188119 0.014 0.0940886 3 
9 29 57 0 0.004 0.104004 1 
10 29 57 0 0.031 0.395735 1 
11 29 57 0 0.033 0.0946776 1 
12 29 57 0 0.029 0.0688341 1 
13 29 57 0 0.034 0.0858116 1 
14 29 57 0 0.028 0.1021 1 
15 29 57 0 0.027 0.082921 1 
16 29 57 0 0.048 0.090987 1 
17 29 57 0 0.012 0.100529 1 
18 29 57 0 0.022 0.101123 1 
19 29 57 0.0088616 0.001 0.0660288 2 
20 29 57 0 0.037 0.0995863 1 
21 29 57 0 0.045 0.215384 1 
22 29 57 0 0.042 0.115969 1 
23 29 57 0 0.033 0.0910366 1 
24 29 57 0 0.033 0.0914725 1 
25 29 57 0.000289463 0.025 0.0952653 2 
26 29 57 0.0377968 0.006 0.108556 2 
27 29 57 0 0.017 0.105914 1 
28 29 57 0 0.008 0.0967369 1 
29 29 57 0 0.031 0.103941 1 
30 29 57 0 0.006 0.0985716 1 
31 29 57 0 0.032 0.165844 1 
32 29 57 0 0.021 0.0679935 1 
0 29 58 0 0.048 0.1443 1 
1 29 58 0 0.001 0.104558 1 
2 29 58 0 0.013 0.0923934 1 
3 29 58 0 0.011 0.104233 1 
4 29 58 0 0.041 0.0927126 1 
5 29 58 0 0.035 0.10042 1 
6 29 58 0 0.026 0.103104 1 
7 29 58 0 0.048 0.0903689 1 
8 29 58 0 0.01 0.382886 1 
9 29 58 0 0.047 0.12542 1 
10 29 58 0 0.026 0.112504 1 
11 29 58 0 0.008 0.114377 1 
12 29 58 0 0.003 0.0788837 1 
13 29 58 0 0.04 0.0934474 1 
14 29 58 0 0.005 0.105692 1 
15 29 58 0 0.044 0.105799 1 
16 29 58 0 0.031 0.10314 1 
17 29 58 0 0.032 0.103675 1 
18 29 58 0 0.036 0.0855557 1 
19 29 58 0 0.047 0.101984 1 
20 29 58 0 0.042 0.063434 1 
21 29 58 0 0.022 0.239331 1 
22 29 58 0.0771387 0.012 0.106994 2 
23 29 58 0 0.038 0.102036 1 
24 29 58 0 0.024 0.0870082 1 
25 29 58 0 0.002 0.0810551 1 
26 29 58 0 0.02 0.103401 1 
27 29 58 0 0.036 0.101982 1 
28 29 58 0 0.045 0.0972245 1 
29 29 58 0 0.039 0.119896 1 
30 29 58 0 0.013 0.10833 1 
31 29 58 0 0.044 0.22776 1 
32 29 58 0 0.048 0.0784308 1 
0 29 59 0.066404 0.002 0.107563 4 
1 29 59 0.0104971 0.005 0.115094 3 
2 29 59 0 0.014 0.128882 1 
3 29 59 0 0.035 0.0919562 1 
4 29 59 0 0.035 0.100587 1 
5 29 59 0 0.011 0.112603 1 
6 29 59 0 0.013 0.113689 1 
7 29 59 0.0820114 0.008 0.0950378 3 
8 29 59 0 0.046 0.377416 1 
9 29 59 0.116348 0.001 0.114631 6 
10 29 59 0 0.049 0.109405 1 
11 29 59 0 0.009 0.0989146 1 
12 29 59 0 0.01 0.118736 1 
13 29 59 0 0.008 0.0986076 1 
14 29 59 0 0.018 0.09523 1 
15 29 59 0 0.019 0.110375 1 
16 29 59 0 0.023 0.102582 1 
17 29 59 0 0.041 0.0924956 1 
18 29 59 0 0.005 0.100751 1 
19 29 59 0 0.03 0.117171 1 
20 29 59 0.0226787 0.006 0.105905 2 
21 29 59 0 0.012 0.239042 1 
22 29 59 0 0.002 0.0577486 1 
23 29 59 0.0513757 0.041 0.0804475 2 
24 29 59 0 0.003 0.0788423 1 
25 29 59 0 0.034 0.0984526 1 
26 29 59 0 0.043 0.101735 1 
27 29 59 0 0.006 0.0661421 1 
28 29 59 0 0.008 0.0804048 1 
29 29 59 0 0.046 0.0992866 1 
30 29 59 0.0566463 0.026 0.113049 2 
31 29 59 0 0.021 0.180455 1 
32 29 59 0 0.021 0.103545 1 
0 29 60 0 0.04 0.0967739 1 
1 29 60 0.00221752 0.002 0.116603 2 
2 29 60 0 0.041 0.120098 1 
3 29 60 0 0.025 0.0977309 1 
4 29 60 0 0.024 0.0842638 1 
5 29 60 0 0.026 0.0924956 1 
6 29 60 0 0.043 0.104147 1 
7 29 60 0.0918565 0.005 0.0979174 4 
8 29 60 0.00999971 0.019 0.11538 2 
9 29 60 0 0.006 0.0996664 1 
10 29 60 0 0.017 0.107924 1 
11 29 60 0 0.01 0.126141 1 
12 29 60 0 0.025 0.106183 1 
13 29 60 0 0.016 0.110818 1 
14 29 60 0 0.048 0.0799317 1 
15 29 60 0 0.043 0.0889116 1 
16 29 60 0 0.042 0.104152 1 
17 29 60 5.08511e-05 0.014 0.101852 2 
18 29 60 0 0.016 0.0937775 1 
19 29 60 0.000947974 0.015 0.105673 2 
20 29 60 0 0.029 0.105793 1 
21 29 60 0 0.003 0.216166 1 
22 29 60 0 0.004 0.104847 1 
23 29 60 0 0.037 0.0917825 1 
24 29 60 0 0.02 0.124973 1 
25 29 60 0 0.003 0.078132 1 
26 29 60 0.0128452 0.005 0.105301 2 
27 29 60 0 0.047 0.0810796 1 
28 29 60 0 0.01 0.0878818 1 
29 29 60 0 0.039 0.108281 1 
30 29 60 0 0.033 0.0842475 1 
31 29 60 0 0.006 0.178975 1 
32 29 60 0 0.022 0.105084 1 
