0 2 0 0 0.015 0.0756538 1 
1 2 0 0 0.046 0.0666844 1 
2 2 0 0 0.044 0.0878047 1 
3 2 0 0 0.037 0.0760498 1 
4 2 0 0.0193535 0.02 0.366061 1 
5 2 0 0.0153383 0.016 0.378728 1 
6 2 0 0 0.032 0.0783006 1 
7 2 0 0 0.027 0.0667129 1 
8 2 0 0 0.027 0.35023 1 
9 2 0 0.0235644 0.009 0.0691872 2 
10 2 0 0.00408294 0.026 0.0799866 2 
11 2 0 0 0.042 0.0717073 1 
12 2 0 0.217763 0.006 0.0674236 3 
13 2 0 0 0.017 0.0813333 1 
14 2 0 0 0.019 0.0602045 1 
15 2 0 0 0.001 0.0897894 1 
16 2 0 0 0.019 0.0900332 1 
17 2 0 0 0.041 0.081749 1 
18 2 0 0 0.003 0.0741523 1 
19 2 0 0 0.03 0.107588 1 
20 2 0 0 0.042 0.0659726 1 
21 2 0 0 0.015 0.0793997 1 
22 2 0 0 0.017 0.0651029 1 
23 2 0 0.000114324 0.007 0.0774621 2 
24 2 0 0 0.049 0.0631779 1 
25 2 0 0.140202 0.027 0.0751839 3 
26 2 0 0 0.01 0.0777336 1 
27 2 0 0 0.009 0.0832493 1 
28 2 0 0 0.012 0.0929509 1 
29 2 0 0 0.021 0.0841985 1 
30 2 0 0 0.047 0.0715519 1 
31 2 0 0 0.006 0.0889927 1 
32 2 0 0 0.049 0.0874536 1 
0 2 1 0 0.024 0.0787358 1 
1 2 1 0 0.012 0.0879925 1 
2 2 1 0 0.025 0.0873518 1 
3 2 1 0 0.038 0.0541508 1 
4 2 1 0 0.013 0.0772976 1 
5 2 1 0.0262043 0.048 0.370593 1 
6 2 1 0 0.013 0.0781465 1 
7 2 1 0 0.017 0.0904398 1 
8 2 1 0 0.033 0.0828914 1 
9 2 1 0 0.012 0.0769062 1 
10 2 1 0 0.008 0.367322 1 
11 2 1 0 0.048 0.0713119 1 
12 2 1 0 0.005 0.0834721 1 
13 2 1 0 0.038 0.0822863 1 
14 2 1 0.00338245 0.04 0.0839887 2 
15 2 1 0 0.004 0.0705736 1 
16 2 1 0 0.038 0.0500772 1 
17 2 1 0 0.045 0.0941246 1 
18 2 1 0 0.016 0.0640071 1 
19 2 1 0 0.03 0.0775449 1 
20 2 1 0.036748 0.003 0.0814489 2 
21 2 1 0 0.046 0.215738 1 
22 2 1 0 0.003 0.0814429 1 
23 2 1 0.00496485 0.003 0.0816514 2 
24 2 1 0 0.023 0.0855446 1 
25 2 1 0 0.005 0.0680893 1 
26 2 1 0 0.006 0.0676178 1 
27 2 1 0 0.014 0.0867455 1 
28 2 1 0 0.041 0.0798449 1 
29 2 1 0 0.015 0.0859811 1 
30 2 1 0 0.028 0.0878859 1 
31 2 1 0 0.047 0.173448 1 
32 2 1 0 0.029 0.0651722 1 
0 2 2 0 0.038 0.0630676 1 
1 2 2 0 0.043 0.0842218 1 
2 2 2 0 0.034 0.0817332 1 
3 2 2 0 0.012 0.0930139 1 
4 2 2 0 0.007 0.087829 1 
5 2 2 0 0.016 0.0899152 1 
6 2 2 0 0.038 0.0636527 1 
7 2 2 0 0.047 0.076847 1 
8 2 2 0 0.036 0.0797372 1 
9 2 2 0 0.046 0.0898891 1 
10 2 2 0 0.046 0.0909207 1 
11 2 2 0 0.03 0.0771345 1 
12 2 2 0 0.017 0.0759356 1 
13 2 2 0 0.047 0.0900762 1 
14 2 2 0 0.001 0.0750739 1 
15 2 2 0 0.007 0.0592099 1 
16 2 2 0 0.035 0.0809923 1 
17 2 2 0.00692586 0.003 0.0653619 5 
18 2 2 0 0.037 0.080189 1 
19 2 2 0 0.034 0.0710357 1 
20 2 2 0 0.015 0.0709673 1 
21 2 2 0 0.005 0.0827407 1 
22 2 2 0 0.014 0.0797242 1 
23 2 2 2.10099e-05 0.038 0.0897314 2 
24 2 2 0 0.027 0.0646031 1 
25 2 2 0 0.037 0.086723 1 
26 2 2 0 0.021 0.0886045 1 
27 2 2 0 0.015 0.0724007 1 
28 2 2 0 0.025 0.0574143 1 
29 2 2 0 0.038 0.0639502 1 
30 2 2 0.0497027 0.001 0.0717894 5 
31 2 2 0 0.004 0.16312 1 
32 2 2 0 0.047 0.0784354 1 
0 2 3 0 0.034 0.077856 1 
1 2 3 0 0.006 0.0774271 1 
2 2 3 0 0.024 0.0962775 1 
3 2 3 0 0.034 0.07837 1 
4 2 3 0 0.047 0.0768485 1 
5 2 3 0.0165445 0.023 0.0934702 3 
6 2 3 0 0.031 0.078303 1 
7 2 3 0.0553285 0.001 0.0874706 6 
8 2 3 0.000561471 0.019 0.0888498 2 
9 2 3 0 0.036 0.0776065 1 
10 2 3 0 0.014 0.0755983 1 
11 2 3 0 0.028 0.0925494 1 
12 2 3 0.0423032 0.005 0.0806466 3 
13 2 3 0 0.001 0.063589 1 
14 2 3 0 0.045 0.0818339 1 
15 2 3 0 0.018 0.0874691 1 
16 2 3 0 0.043 0.0936937 1 
17 2 3 0 0.005 0.0891659 1 
18 2 3 0 0.016 0.0778589 1 
19 2 3 0.118019 0.01 0.0880088 4 
20 2 3 0.136224 0.007 0.0842233 3 
21 2 3 0 0.005 0.183779 1 
22 2 3 0 0.037 0.073343 1 
23 2 3 0 0.011 0.071995 1 
24 2 3 0.0103544 0.017 0.0894136 2 
25 2 3 0 0.031 0.0786171 1 
26 2 3 0 0.033 0.0873425 1 
27 2 3 0.0443252 0.019 0.0999806 2 
28 2 3 0 0.021 0.0589706 1 
29 2 3 0 0.024 0.0881536 1 
30 2 3 0 0.013 0.0834002 1 
31 2 3 0 0.048 0.121251 1 
32 2 3 0 0.045 0.0768915 1 
0 2 4 0.0600424 0.002 0.101522 11 
1 2 4 0 0.049 0.0902837 1 
2 2 4 0 0.025 0.0933499 1 
3 2 4 0 0.012 0.0808133 1 
4 2 4 0 0.033 0.0821306 1 
5 2 4 0.0284084 0.035 0.359601 1 
6 2 4 0 0.019 0.0784579 1 
7 2 4 0 0.025 0.0761759 1 
8 2 4 0 0.03 0.340969 1 
9 2 4 0 0.027 0.0793059 1 
10 2 4 0.011609 0.032 0.0723172 2 
11 2 4 0 0.041 0.100636 1 
12 2 4 0 0.038 0.0862496 1 
13 2 4 0 0.024 0.0846557 1 
14 2 4 0 0.047 0.0716632 1 
15 2 4 0 0.011 0.063444 1 
16 2 4 0 0.018 0.0735451 1 
17 2 4 0 0.001 0.0729392 1 
18 2 4 0 0.007 0.103675 1 
19 2 4 0 0.008 0.0824142 1 
20 2 4 0.0833556 0.03 0.0803839 3 
21 2 4 0 0.007 0.185518 1 
22 2 4 0 0.037 0.075432 1 
23 2 4 0 0.035 0.0736199 1 
24 2 4 0 0.043 0.0832384 1 
25 2 4 0 0.009 0.0592357 1 
26 2 4 0 0.03 0.0774019 1 
27 2 4 0 0.014 0.0642691 1 
28 2 4 0 0.033 0.0723219 1 
29 2 4 0 0.02 0.0742799 1 
30 2 4 0.00137672 0.001 0.0786293 2 
31 2 4 0 0.049 0.146598 1 
32 2 4 0 0.009 0.0698305 1 
0 2 5 0.0174014 0.001 0.065399 3 
1 2 5 0 0.037 0.0848846 1 
2 2 5 0 0.044 0.108932 1 
3 2 5 0 0.03 0.0921774 1 
4 2 5 0 0.026 0.381087 1 
5 2 5 0.029144 0.044 0.38868 1 
6 2 5 0 0.004 0.0905335 1 
7 2 5 0 0.047 0.0710259 1 
8 2 5 0 0.039 0.0762495 1 
9 2 5 0.000828981 0.003 0.0835421 2 
10 2 5 0 0.041 0.3636 1 
11 2 5 0 0.034 0.101983 1 
12 2 5 0 0.04 0.0807356 1 
13 2 5 0.0401425 0.012 0.0947634 2 
14 2 5 0.0223916 0.005 0.0853126 2 
15 2 5 0 0.003 0.0677267 1 
16 2 5 0 0.046 0.0793306 1 
17 2 5 0 0.018 0.0772698 1 
18 2 5 0 0.004 0.0669524 1 
19 2 5 0 0.01 0.0702429 1 
20 2 5 0 0.046 0.0648568 1 
21 2 5 0 0.023 0.20018 1 
22 2 5 0 0.033 0.0792065 1 
23 2 5 0.00378719 0.028 0.0737814 2 
24 2 5 0 0.001 0.0864689 1 
25 2 5 0 0.037 0.0715302 1 
26 2 5 0 0.028 0.0765296 1 
27 2 5 0 0.017 0.0798192 1 
28 2 5 0 0.017 0.0655796 1 
29 2 5 0 0.046 0.0942626 1 
30 2 5 0 0.046 0.0742049 1 
31 2 5 0 0.021 0.126587 1 
32 2 5 0 0.049 0.0688565 1 
0 2 6 0.0237038 0.014 0.0810017 2 
1 2 6 0.0235017 0.033 0.0772564 5 
2 2 6 0 0.031 0.0917005 1 
3 2 6 0 0.046 0.0764801 1 
4 2 6 0.00161945 0.006 0.0817135 2 
5 2 6 0.0298793 0.044 0.373152 1 
6 2 6 0 0.039 0.060116 1 
7 2 6 0 0.03 0.0774704 1 
8 2 6 0 0.003 0.344714 1 
9 2 6 0 0.014 0.0835232 1 
10 2 6 0 0.041 0.0899782 1 
11 2 6 0 0.025 0.122308 1 
12 2 6 0 0.001 0.0793757 1 
13 2 6 0.0283408 0.017 0.0729976 3 
14 2 6 0 0.015 0.072068 1 
15 2 6 0 0.038 0.0622452 1 
16 2 6 0 0.001 0.0777797 1 
17 2 6 0 0.029 0.0651886 1 
18 2 6 0 0.041 0.0753994 1 
19 2 6 0.0324431 0.014 0.0875743 3 
20 2 6 0 0.047 0.0895895 1 
21 2 6 0 0.033 0.177554 1 
22 2 6 0.0211821 0.028 0.0732738 2 
23 2 6 0 0.001 0.0742738 1 
24 2 6 0 0.033 0.0689574 1 
25 2 6 0 0.03 0.0704328 1 
26 2 6 0 0.029 0.0832965 1 
27 2 6 0 0.036 0.0734995 1 
28 2 6 0 0.012 0.0852348 1 
29 2 6 0 0.03 0.085371 1 
30 2 6 0 0.025 0.0676108 1 
31 2 6 0 0.035 0.105411 1 
32 2 6 0.000623648 0.004 0.0683645 2 
0 2 7 0 0.039 0.084155 1 
1 2 7 0 0.026 0.0890856 1 
2 2 7 0 0.038 0.0860324 1 
3 2 7 0 0.048 0.0815793 1 
4 2 7 0 0.015 0.379348 1 
5 2 7 0 0.041 0.0747587 1 
6 2 7 0 0.012 0.066802 1 
7 2 7 0 0.002 0.0799265 1 
8 2 7 0 0.003 0.338982 1 
9 2 7 0 0.027 0.0890052 1 
10 2 7 0 0.001 0.0733573 1 
11 2 7 0 0.004 0.0827737 1 
12 2 7 0.0307236 0.012 0.086723 2 
13 2 7 0 0.015 0.0693771 1 
14 2 7 0 0.042 0.0779763 1 
15 2 7 0 0.036 0.0688042 1 
16 2 7 0 0.024 0.0834985 1 
17 2 7 0 0.035 0.0727616 1 
18 2 7 0 0.047 0.0828038 1 
19 2 7 0.0133111 0.001 0.0799682 3 
20 2 7 0 0.039 0.0800797 1 
21 2 7 0 0.034 0.205331 1 
22 2 7 0 0.006 0.0987796 1 
23 2 7 0 0.002 0.0854368 1 
24 2 7 0 0.015 0.0706226 1 
25 2 7 0 0.046 0.0879559 1 
26 2 7 0 0.01 0.062445 1 
27 2 7 0 0.035 0.0580192 1 
28 2 7 0 0.03 0.0955599 1 
29 2 7 0 0.017 0.0938688 1 
30 2 7 0 0.026 0.066037 1 
31 2 7 0 0.007 0.1479 1 
32 2 7 0 0.03 0.0818327 1 
0 2 8 0.0866884 0.001 0.105094 11 
1 2 8 0 0.027 0.0893487 1 
2 2 8 0 0.007 0.095861 1 
3 2 8 0 0.044 0.0899186 1 
4 2 8 0.00161413 0.018 0.0656893 2 
5 2 8 0 0.046 0.058243 1 
6 2 8 0 0.038 0.0979335 1 
7 2 8 0 0.012 0.0813128 1 
8 2 8 0.0119146 0.017 0.0860058 2 
9 2 8 0 0.002 0.0904313 1 
10 2 8 0 0.009 0.0956702 1 
11 2 8 0 0.039 0.102856 1 
12 2 8 0.0186313 0.043 0.0783207 2 
13 2 8 0 0.015 0.0717376 1 
14 2 8 0 0.042 0.0918522 1 
15 2 8 0 0.038 0.0716029 1 
16 2 8 0 0.019 0.0771805 1 
17 2 8 0 0.031 0.0794724 1 
18 2 8 0 0.03 0.0741168 1 
19 2 8 0 0.041 0.0864398 1 
20 2 8 0 0.04 0.0709588 1 
21 2 8 0 0.004 0.180225 1 
22 2 8 0 0.012 0.0733853 1 
23 2 8 0 0.044 0.0879569 1 
24 2 8 0 0.039 0.0780642 1 
25 2 8 0 0.014 0.0982515 1 
26 2 8 0.0374775 0.016 0.073358 2 
27 2 8 0 0.032 0.0804099 1 
28 2 8 0 0.007 0.0895679 1 
29 2 8 0 0.041 0.065361 1 
30 2 8 0 0.038 0.088682 1 
31 2 8 0 0.018 0.132917 1 
32 2 8 0 0.007 0.0737433 1 
0 2 9 0.0128692 0.025 0.0824901 2 
1 2 9 0.0979509 0.006 0.0538944 6 
2 2 9 0 0.034 0.0789663 1 
3 2 9 0 0.017 0.0807837 1 
4 2 9 0 0.005 0.37499 1 
5 2 9 0 0.006 0.379602 1 
6 2 9 0 0.022 0.0837634 1 
7 2 9 0.0617483 0.004 0.0718354 3 
8 2 9 0 0.026 0.335373 1 
9 2 9 0 0.003 0.0769898 1 
10 2 9 0 0.024 0.0890978 1 
11 2 9 0 0.041 0.0823365 1 
12 2 9 0 0.045 0.0828391 1 
13 2 9 0 0.039 0.0871521 1 
14 2 9 0 0.027 0.0938756 1 
15 2 9 0 0.011 0.0801676 1 
16 2 9 0 0.007 0.102594 1 
17 2 9 0 0.041 0.0650384 1 
18 2 9 0 0.02 0.0784451 1 
19 2 9 0 0.009 0.0642388 1 
20 2 9 0 0.002 0.100867 1 
21 2 9 0 0.039 0.175128 1 
22 2 9 0 0.007 0.0618281 1 
23 2 9 0.0325954 0.009 0.0740115 2 
24 2 9 0 0.005 0.0782182 1 
25 2 9 0 0.035 0.0908705 1 
26 2 9 0 0.017 0.0756386 1 
27 2 9 0 0.047 0.0609044 1 
28 2 9 0 0.009 0.0654777 1 
29 2 9 0.0113744 0.027 0.0593616 2 
30 2 9 0 0.036 0.0732771 1 
31 2 9 0 0.025 0.167469 1 
32 2 9 0 0.018 0.0890668 1 
0 2 10 0 0.044 0.0650412 1 
1 2 10 0 0.049 0.087824 1 
2 2 10 0 0.003 0.0882449 1 
3 2 10 0 0.025 0.0701088 1 
4 2 10 0 0.035 0.071415 1 
5 2 10 0 0.021 0.0882703 1 
6 2 10 0 0.003 0.0788321 1 
7 2 10 0 0.001 0.0643887 1 
8 2 10 0.0119051 0.028 0.0909321 2 
9 2 10 0 0.045 0.0757744 1 
10 2 10 0.0238745 0.005 0.0738912 3 
11 2 10 0 0.033 0.113938 1 
12 2 10 0.0414836 0.015 0.0792063 2 
13 2 10 0 0.037 0.0814074 1 
14 2 10 0 0.02 0.0818761 1 
15 2 10 0 0.048 0.0869913 1 
16 2 10 0 0.045 0.073211 1 
17 2 10 0.094332 0.001 0.106905 4 
18 2 10 0 0.046 0.0627663 1 
19 2 10 0 0.043 0.0928397 1 
20 2 10 0 0.025 0.0815676 1 
21 2 10 0 0.042 0.148554 1 
22 2 10 0.0520629 0.001 0.0593557 2 
23 2 10 0 0.018 0.0878387 1 
24 2 10 0 0.003 0.0731577 1 
25 2 10 0 0.044 0.0878802 1 
26 2 10 0 0.036 0.0856291 1 
27 2 10 0 0.021 0.104566 1 
28 2 10 0 0.027 0.0714956 1 
29 2 10 0 0.013 0.0795625 1 
30 2 10 0 0.016 0.0616763 1 
31 2 10 0 0.035 0.139798 1 
32 2 10 0 0.017 0.0771829 1 
0 2 11 0 0.003 0.0734858 1 
1 2 11 0 0.041 0.0937605 1 
2 2 11 0 0.033 0.0744734 1 
3 2 11 0 0.019 0.0926764 1 
4 2 11 0 0.044 0.0887702 1 
5 2 11 0 0.019 0.0757486 1 
6 2 11 0.0114405 0.008 0.0955242 2 
7 2 11 0 0.017 0.0895861 1 
8 2 11 0 0.002 0.345768 1 
9 2 11 0 0.038 0.0781936 1 
10 2 11 0 0.016 0.280755 2 
11 2 11 0 0.031 0.0786483 1 
12 2 11 0 0.005 0.0595821 1 
13 2 11 0 0.024 0.0918735 1 
14 2 11 0 0.04 0.0854009 1 
15 2 11 0 0.013 0.0784346 1 
16 2 11 0 0.026 0.0739973 1 
17 2 11 0 0.044 0.0685105 1 
18 2 11 0 0.043 0.0665262 1 
19 2 11 0 0.039 0.083206 1 
20 2 11 0 0.031 0.0788262 1 
21 2 11 0 0.013 0.214199 1 
22 2 11 0 0.03 0.0687678 1 
23 2 11 0 0.033 0.073253 1 
24 2 11 0 0.011 0.0771849 1 
25 2 11 0 0.041 0.0727035 1 
26 2 11 0 0.031 0.0812912 1 
27 2 11 0 0.013 0.0730059 1 
28 2 11 0 0.039 0.0844745 1 
29 2 11 0 0.02 0.115494 1 
30 2 11 0 0.007 0.0864298 1 
31 2 11 0 0.007 0.154199 1 
32 2 11 0.0237037 0.015 0.0808445 2 
0 2 12 0.0707643 0.005 0.0925903 7 
1 2 12 0 0.015 0.0878898 1 
2 2 12 0 0.009 0.0766001 1 
3 2 12 0 0.026 0.076488 1 
4 2 12 0 0.015 0.36124 1 
5 2 12 0.0076629 0.011 0.0823501 2 
6 2 12 0 0.027 0.133906 1 
7 2 12 0 0.014 0.0819164 1 
8 2 12 0 0.039 0.103074 1 
9 2 12 0 0.037 0.0728498 1 
10 2 12 0 0.036 0.0787814 1 
11 2 12 0 0.02 0.0818045 1 
12 2 12 0 0.047 0.0951362 1 
13 2 12 0 0.03 0.0959575 1 
14 2 12 0 0.024 0.093109 1 
15 2 12 0 0.01 0.0801162 1 
16 2 12 0 0.049 0.0741269 1 
17 2 12 0 0.003 0.098944 1 
18 2 12 0 0.031 0.0816742 1 
19 2 12 0 0.049 0.0822852 1 
20 2 12 0 0.032 0.0716138 1 
21 2 12 0 0.04 0.187321 1 
22 2 12 0 0.021 0.0840806 1 
23 2 12 0 0.012 0.0710093 1 
24 2 12 0 0.037 0.0635595 1 
25 2 12 0 0.046 0.079739 1 
26 2 12 0 0.024 0.0699864 1 
27 2 12 0 0.034 0.0889398 1 
28 2 12 0 0.001 0.0528562 1 
29 2 12 0 0.045 0.120435 1 
30 2 12 0 0.016 0.0765645 1 
31 2 12 0 0.005 0.158149 1 
32 2 12 0 0.007 0.0698125 1 
0 2 13 0 0.01 0.0757092 1 
1 2 13 0 0.001 0.0766851 1 
2 2 13 0 0.004 0.0688656 1 
3 2 13 0 0.03 0.078132 1 
4 2 13 0 0.006 0.391066 1 
5 2 13 0 0.007 0.387203 1 
6 2 13 0 0.022 0.0649153 1 
7 2 13 0.0291613 0.002 0.0868664 3 
8 2 13 0 0.019 0.0703871 1 
9 2 13 0 0.042 0.088197 1 
10 2 13 0 0.039 0.360787 1 
11 2 13 0 0.007 0.11601 1 
12 2 13 2.29326e-05 0.028 0.0749851 2 
13 2 13 0 0.035 0.087641 1 
14 2 13 0 0.012 0.079532 1 
15 2 13 0 0.046 0.0822632 1 
16 2 13 0 0.022 0.095526 1 
17 2 13 0 0.019 0.0946746 1 
18 2 13 0 0.03 0.0946353 1 
19 2 13 0 0.024 0.089071 1 
20 2 13 0 0.041 0.0692069 1 
21 2 13 0 0.035 0.181053 1 
22 2 13 0.0403088 0.007 0.0750034 4 
23 2 13 0 0.024 0.0793522 1 
24 2 13 0 0.013 0.0636817 1 
25 2 13 0 0.004 0.0912704 1 
26 2 13 0.00470033 0.001 0.0623973 2 
27 2 13 0 0.021 0.085561 1 
28 2 13 0 0.003 0.070838 1 
29 2 13 0 0.027 0.0910105 1 
30 2 13 0 0.032 0.0855352 1 
31 2 13 0 0.047 0.128011 1 
32 2 13 0 0.029 0.0703176 1 
0 2 14 0 0.016 0.0772087 1 
1 2 14 0 0.019 0.0744637 1 
2 2 14 0 0.042 0.0961009 1 
3 2 14 0 0.029 0.0697812 1 
4 2 14 0 0.034 0.370374 1 
5 2 14 0.0247273 0.021 0.0848284 2 
6 2 14 0.00755347 0.032 0.0819786 2 
7 2 14 0 0.004 0.080099 1 
8 2 14 0 0.009 0.0790578 1 
9 2 14 0 0.031 0.0833651 1 
10 2 14 0 0.046 0.0889783 1 
11 2 14 0 0.041 0.0911413 1 
12 2 14 0 0.02 0.0601148 1 
13 2 14 0 0.049 0.101852 1 
14 2 14 0 0.002 0.0673761 1 
15 2 14 0 0.035 0.067846 1 
16 2 14 0 0.013 0.0786357 1 
17 2 14 0 0.003 0.0795831 1 
18 2 14 0 0.023 0.0757096 1 
19 2 14 0 0.014 0.0692801 1 
20 2 14 0 0.034 0.0788524 1 
21 2 14 0 0.043 0.149922 2 
22 2 14 0 0.004 0.0855029 1 
23 2 14 0 0.046 0.0936522 1 
24 2 14 0 0.041 0.0668523 1 
25 2 14 0 0.045 0.0795514 1 
26 2 14 0 0.034 0.0674702 1 
27 2 14 0 0.032 0.0734081 1 
28 2 14 0 0.011 0.070488 1 
29 2 14 0 0.038 0.0782517 1 
30 2 14 0 0.02 0.077904 1 
31 2 14 0 0.042 0.0934474 1 
32 2 14 0 0.047 0.0778865 1 
0 2 15 0 0.027 0.0763411 1 
1 2 15 0 0.005 0.0810322 1 
2 2 15 0 0.043 0.0904507 1 
3 2 15 0 0.023 0.0797439 1 
4 2 15 0.00168303 0.021 0.0859402 2 
5 2 15 0 0.033 0.383767 1 
6 2 15 0 0.048 0.0808396 1 
7 2 15 0 0.039 0.0901034 1 
8 2 15 0.084928 0.027 0.0851774 3 
9 2 15 0 0.03 0.0890795 1 
10 2 15 0 0.026 0.0624628 1 
11 2 15 0 0.038 0.0717103 1 
12 2 15 0 0.027 0.0800059 1 
13 2 15 0 0.048 0.0744079 1 
14 2 15 0 0.023 0.0902359 1 
15 2 15 0 0.04 0.0767273 1 
16 2 15 0 0.025 0.0797283 1 
17 2 15 0 0.032 0.0915594 1 
18 2 15 0 0.002 0.0752199 1 
19 2 15 0 0.04 0.083358 1 
20 2 15 0 0.005 0.0701708 1 
21 2 15 0 0.041 0.0946257 1 
22 2 15 0 0.039 0.0928456 1 
23 2 15 0 0.006 0.0807747 1 
24 2 15 0 0.036 0.0690387 1 
25 2 15 0.00863409 0.011 0.0727902 2 
26 2 15 0.0927618 0.011 0.10618 3 
27 2 15 0 0.042 0.0698524 1 
28 2 15 0 0.011 0.0787671 1 
29 2 15 0 0.043 0.0827741 1 
30 2 15 0 0.02 0.0715718 1 
31 2 15 0 0.042 0.131841 1 
32 2 15 0.0375592 0.001 0.0888107 2 
0 2 16 0 0.035 0.0812231 1 
1 2 16 0 0.049 0.0874769 1 
2 2 16 0 0.006 0.11747 1 
3 2 16 0 0.02 0.0688787 1 
4 2 16 0 0.016 0.373486 1 
5 2 16 0 0.027 0.072436 1 
6 2 16 0 0.019 0.056852 1 
7 2 16 0 0.004 0.0834678 1 
8 2 16 0 0.006 0.0804048 1 
9 2 16 0 0.022 0.0733499 1 
10 2 16 0 0.024 0.0713495 1 
11 2 16 0 0.046 0.0778177 1 
12 2 16 0.0417677 0.001 0.0766333 2 
13 2 16 0 0.015 0.0880058 1 
14 2 16 0 0.021 0.066248 1 
15 2 16 0 0.033 0.0699407 1 
16 2 16 0 0.048 0.0681206 1 
17 2 16 0 0.023 0.0650626 1 
18 2 16 0 0.027 0.0708774 1 
19 2 16 0 0.026 0.086548 1 
20 2 16 0 0.024 0.0811589 1 
21 2 16 0 0.024 0.173097 1 
22 2 16 0 0.027 0.0896243 1 
23 2 16 0 0.011 0.0757762 1 
24 2 16 0 0.014 0.063772 1 
25 2 16 0 0.013 0.0793001 1 
26 2 16 0 0.045 0.0882156 1 
27 2 16 0 0.015 0.0812704 1 
28 2 16 0 0.043 0.0868622 1 
29 2 16 0 0.014 0.0838402 1 
30 2 16 0 0.012 0.0731659 1 
31 2 16 0 0.025 0.0983565 1 
32 2 16 0 0.039 0.0869632 1 
0 2 17 0 0.048 0.084687 1 
1 2 17 0 0.024 0.0728238 1 
2 2 17 0 0.021 0.0765844 1 
3 2 17 0 0.021 0.0868545 1 
4 2 17 0 0.043 0.0853004 1 
5 2 17 0.0814738 0.001 0.0741873 4 
6 2 17 0.012396 0.041 0.104334 2 
7 2 17 0 0.029 0.0914195 1 
8 2 17 0 0.003 0.352471 1 
9 2 17 0 0.021 0.0782629 1 
10 2 17 0 0.042 0.0796181 1 
11 2 17 0 0.04 0.0876866 1 
12 2 17 0 0.017 0.0924782 1 
13 2 17 0 0.039 0.095795 1 
14 2 17 0 0.041 0.0702094 1 
15 2 17 0 0.007 0.0770526 1 
16 2 17 0 0.034 0.0836692 1 
17 2 17 0 0.026 0.0775276 1 
18 2 17 0.0103773 0.034 0.0637902 2 
19 2 17 0 0.032 0.0824269 1 
20 2 17 0 0.009 0.0700621 1 
21 2 17 0 0.003 0.210505 1 
22 2 17 0.00120161 0.007 0.0735003 2 
23 2 17 0 0.028 0.0808749 1 
24 2 17 0 0.007 0.0734456 1 
25 2 17 0 0.008 0.0722815 1 
26 2 17 0 0.011 0.0582951 1 
27 2 17 0 0.031 0.0707811 1 
28 2 17 0 0.019 0.0723196 1 
29 2 17 0 0.032 0.0834678 1 
30 2 17 0 0.045 0.0775509 1 
31 2 17 0 0.033 0.157068 1 
32 2 17 0 0.015 0.0658178 1 
0 2 18 0 0.022 0.0870516 1 
1 2 18 0.00215677 0.02 0.0799204 3 
2 2 18 0 0.039 0.0752122 1 
3 2 18 0 0.015 0.0997081 1 
4 2 18 0 0.032 0.0741541 1 
5 2 18 0 0.019 0.381251 1 
6 2 18 0 0.003 0.103482 1 
7 2 18 0 0.033 0.0815693 1 
8 2 18 0.00180507 0.037 0.0894779 2 
9 2 18 0 0.009 0.0851152 1 
10 2 18 0 0.009 0.0657561 1 
11 2 18 0 0.009 0.0991738 1 
12 2 18 0 0.04 0.0823128 1 
13 2 18 0 0.036 0.0901739 1 
14 2 18 0 0.005 0.0911695 1 
15 2 18 0 0.006 0.0779063 1 
16 2 18 0 0.049 0.0757417 1 
17 2 18 0 0.044 0.0833158 1 
18 2 18 0 0.02 0.0877487 1 
19 2 18 0 0.013 0.0643219 1 
20 2 18 0 0.015 0.0838879 1 
21 2 18 0 0.033 0.117574 1 
22 2 18 0 0.036 0.0763365 1 
23 2 18 0 0.033 0.0864824 1 
24 2 18 0 0.017 0.0865212 1 
25 2 18 0 0.037 0.0769816 1 
26 2 18 0.109142 0.008 0.0822527 3 
27 2 18 0.0132649 0.008 0.0758498 2 
28 2 18 0 0.03 0.0830361 1 
29 2 18 0 0.038 0.0642708 1 
30 2 18 0 0.021 0.0649934 1 
31 2 18 0 0.021 0.124639 1 
32 2 18 0 0.023 0.0640638 1 
0 2 19 0 0.039 0.0732499 1 
1 2 19 0 0.022 0.0889372 1 
2 2 19 0.0108852 0.004 0.0568476 2 
3 2 19 0.125252 0.004 0.0974592 7 
4 2 19 0 0.041 0.0801514 1 
5 2 19 0 0.03 0.385041 1 
6 2 19 0 0.042 0.0945336 1 
7 2 19 0 0.029 0.0579686 1 
8 2 19 0 0.033 0.0883911 1 
9 2 19 0 0.012 0.0611318 1 
10 2 19 0 0.006 0.36616 1 
11 2 19 0 0.006 0.105639 1 
12 2 19 0 0.03 0.0668028 1 
13 2 19 0 0.018 0.068599 1 
14 2 19 0 0.038 0.0768813 1 
15 2 19 0 0.018 0.10641 1 
16 2 19 0.00987591 0.023 0.0688128 2 
17 2 19 0 0.033 0.0780719 1 
18 2 19 0 0.04 0.0619499 1 
19 2 19 0.0174582 0.024 0.0784114 2 
20 2 19 0 0.01 0.0862879 1 
21 2 19 0 0.026 0.179088 1 
22 2 19 0 0.021 0.0768628 1 
23 2 19 0.0721365 0.001 0.0709649 8 
24 2 19 0 0.04 0.0861177 1 
25 2 19 0.00849156 0.006 0.0791932 2 
26 2 19 0 0.023 0.0974781 1 
27 2 19 0.000301242 0.002 0.0766101 2 
28 2 19 0 0.022 0.0774763 1 
29 2 19 0 0.031 0.073666 1 
30 2 19 0 0.044 0.0609012 1 
31 2 19 0 0.032 0.151722 1 
32 2 19 0 0.034 0.0766051 1 
0 2 20 0 0.028 0.0735135 1 
1 2 20 0 0.002 0.0872536 1 
2 2 20 0 0.004 0.102623 1 
3 2 20 0.0233833 0.014 0.060087 2 
4 2 20 0 0.02 0.0845003 1 
5 2 20 0 0.02 0.3882 1 
6 2 20 0 0.017 0.102191 1 
7 2 20 0 0.005 0.0768849 1 
8 2 20 0 0.024 0.339364 1 
9 2 20 0 0.007 0.0848749 1 
10 2 20 0 0.013 0.0812333 1 
11 2 20 0 0.048 0.11635 1 
12 2 20 0 0.039 0.0838887 1 
13 2 20 0 0.017 0.0700884 1 
14 2 20 0.0784762 0.017 0.101485 4 
15 2 20 0 0.003 0.0811923 1 
16 2 20 0 0.041 0.0808606 1 
17 2 20 0.0473778 0.001 0.0662465 2 
18 2 20 0 0.024 0.0870381 1 
19 2 20 0 0.019 0.0758645 1 
20 2 20 0 0.006 0.0765253 1 
21 2 20 0 0.004 0.176886 1 
22 2 20 0 0.021 0.0804633 1 
23 2 20 0 0.026 0.0850722 1 
24 2 20 0 0.03 0.0580346 1 
25 2 20 0 0.006 0.0750426 1 
26 2 20 0 0.006 0.0707961 1 
27 2 20 0.00830379 0.01 0.0934955 2 
28 2 20 0 0.042 0.0744883 1 
29 2 20 0 0.004 0.0764347 1 
30 2 20 0 0.044 0.0553093 1 
31 2 20 0 0.02 0.117789 1 
32 2 20 0.017452 0.038 0.0779831 2 
0 2 21 0 0.019 0.0778907 1 
1 2 21 0 0.025 0.0823873 1 
2 2 21 0 0.008 0.116827 1 
3 2 21 0 0.049 0.0728998 1 
4 2 21 0.0656083 0.02 0.0683479 4 
5 2 21 0 0.042 0.0623167 1 
6 2 21 0 0.048 0.0888807 1 
7 2 21 0.00445474 0.01 0.0862129 2 
8 2 21 0 0.034 0.0731555 1 
9 2 21 0 0.042 0.0738506 1 
10 2 21 0 0.012 0.0796869 1 
11 2 21 0 0.024 0.10223 1 
12 2 21 0 0.033 0.0769566 1 
13 2 21 0 0.007 0.0832366 1 
14 2 21 0 0.04 0.077597 1 
15 2 21 0 0.027 0.0686271 1 
16 2 21 0 0.037 0.0734463 1 
17 2 21 0 0.001 0.0782347 1 
18 2 21 0 0.034 0.0781895 1 
19 2 21 0.0391188 0.007 0.091152 2 
20 2 21 0 0.015 0.0819353 1 
21 2 21 0.0179072 0.037 0.161014 3 
22 2 21 0 0.02 0.0687629 1 
23 2 21 0 0.019 0.077415 1 
24 2 21 0 0.002 0.066418 1 
25 2 21 0 0.044 0.0749781 1 
26 2 21 0 0.02 0.0691242 1 
27 2 21 0 0.006 0.0966866 1 
28 2 21 0 0.008 0.094508 1 
29 2 21 0 0.029 0.0949331 1 
30 2 21 0 0.015 0.0799402 1 
31 2 21 0 0.012 0.136313 1 
32 2 21 0 0.025 0.0820664 1 
0 2 22 0 0.033 0.0932559 1 
1 2 22 0 0.042 0.075235 1 
2 2 22 0 0.02 0.110134 1 
3 2 22 0 0.019 0.080135 1 
4 2 22 0 0.047 0.336964 3 
5 2 22 0 0.013 0.38105 1 
6 2 22 0 0.039 0.0788667 1 
7 2 22 0 0.034 0.084137 1 
8 2 22 0 0.042 0.348905 1 
9 2 22 0.0513077 0.007 0.0803413 4 
10 2 22 0 0.017 0.0867884 1 
11 2 22 0 0.002 0.0961984 1 
12 2 22 0 0.002 0.0810446 1 
13 2 22 0 0.049 0.0949964 1 
14 2 22 0 0.042 0.0607313 1 
15 2 22 0 0.037 0.0834893 1 
16 2 22 0 0.049 0.0680497 1 
17 2 22 0 0.003 0.0947382 1 
18 2 22 0 0.024 0.0626495 1 
19 2 22 0.0171222 0.012 0.0790853 2 
20 2 22 0 0.029 0.0715947 1 
21 2 22 0 0.043 0.0828251 1 
22 2 22 0.0291999 0.013 0.0727731 3 
23 2 22 0 0.028 0.0888587 1 
24 2 22 0 0.009 0.0635295 1 
25 2 22 0 0.044 0.0870082 1 
26 2 22 0 0.046 0.0706641 1 
27 2 22 0 0.015 0.0720447 1 
28 2 22 0 0.008 0.0836501 1 
29 2 22 0 0.024 0.0812628 1 
30 2 22 0 0.024 0.0702698 1 
31 2 22 0 0.027 0.18138 1 
32 2 22 0 0.001 0.0851329 1 
0 2 23 0 0.004 0.0520881 1 
1 2 23 0 0.02 0.0897948 1 
2 2 23 0 0.044 0.124667 1 
3 2 23 0 0.014 0.0745013 1 
4 2 23 0 0.002 0.377646 1 
5 2 23 0 0.032 0.057933 1 
6 2 23 0 0.034 0.0891673 1 
7 2 23 0 0.046 0.088077 1 
8 2 23 0 0.014 0.361585 1 
9 2 23 0.0885794 0.001 0.0670158 7 
10 2 23 0 0.043 0.0641215 1 
11 2 23 0 0.038 0.0959736 1 
12 2 23 0.0451955 0.01 0.0910956 2 
13 2 23 0 0.048 0.0811727 1 
14 2 23 0 0.022 0.0704327 1 
15 2 23 0 0.028 0.0794457 1 
16 2 23 0 0.041 0.0734456 1 
17 2 23 0 0.013 0.0659476 1 
18 2 23 0 0.027 0.077431 1 
19 2 23 0 0.002 0.0683229 1 
20 2 23 0 0.043 0.067164 1 
21 2 23 0 0.012 0.0768913 1 
22 2 23 0 0.041 0.0751763 1 
23 2 23 0 0.049 0.0566176 1 
24 2 23 0 0.006 0.0866214 1 
25 2 23 0 0.001 0.0645353 1 
26 2 23 0 0.012 0.0691334 1 
27 2 23 0 0.009 0.0800269 1 
28 2 23 0 0.006 0.0645794 1 
29 2 23 0 0.048 0.0731793 1 
30 2 23 0 0.02 0.0825777 1 
31 2 23 0 0.021 0.154104 1 
32 2 23 0 0.038 0.0774705 1 
0 2 24 0 0.046 0.0787541 1 
1 2 24 0 0.011 0.0811007 1 
2 2 24 0 0.002 0.105971 1 
3 2 24 0 0.005 0.0642522 1 
4 2 24 0 0.037 0.079647 1 
5 2 24 0 0.043 0.36136 1 
6 2 24 0 0.049 0.0782634 1 
7 2 24 0 0.014 0.0777507 1 
8 2 24 0 0.031 0.0672495 1 
9 2 24 0 0.012 0.0794742 1 
10 2 24 0 0.007 0.358344 1 
11 2 24 0 0.037 0.0884183 1 
12 2 24 0 0.034 0.0800398 1 
13 2 24 0 0.035 0.081698 1 
14 2 24 0 0.019 0.079278 1 
15 2 24 0 0.047 0.0715506 1 
16 2 24 0 0.016 0.0693749 1 
17 2 24 0 0.026 0.0799806 1 
18 2 24 0 0.021 0.0703908 1 
19 2 24 0 0.042 0.0652392 1 
20 2 24 0.0459285 0.012 0.088536 3 
21 2 24 0 0.048 0.173188 1 
22 2 24 0 0.036 0.0945024 1 
23 2 24 0.0384506 0.037 0.0831878 2 
24 2 24 0 0.001 0.0715764 1 
25 2 24 0 0.031 0.0869951 1 
26 2 24 0 0.046 0.0861343 1 
27 2 24 0 0.037 0.0905002 1 
28 2 24 0 0.021 0.0956967 1 
29 2 24 0 0.045 0.0813961 1 
30 2 24 0 0.023 0.0740676 1 
31 2 24 0 0.003 0.149309 1 
32 2 24 0 0.037 0.071237 1 
0 2 25 0 0.018 0.0820327 1 
1 2 25 0 0.026 0.0666299 1 
2 2 25 0 0.038 0.0787977 1 
3 2 25 0 0.005 0.0861779 1 
4 2 25 0 0.032 0.380482 1 
5 2 25 0.0659435 0.047 0.0876134 2 
6 2 25 0 0.01 0.0810833 1 
7 2 25 0.129527 0.028 0.0830395 2 
8 2 25 0.00816811 0.027 0.0610402 3 
9 2 25 0 0.024 0.0910433 1 
10 2 25 0 0.039 0.366281 1 
11 2 25 0 0.026 0.101919 1 
12 2 25 0 0.036 0.0852069 1 
13 2 25 0 0.043 0.0977322 1 
14 2 25 0 0.049 0.0880095 1 
15 2 25 0 0.033 0.0751399 1 
16 2 25 0 0.02 0.071236 1 
17 2 25 0 0.038 0.0843103 1 
18 2 25 0 0.014 0.064252 1 
19 2 25 0 0.033 0.078709 1 
20 2 25 0 0.042 0.0927392 1 
21 2 25 0 0.041 0.186261 1 
22 2 25 0 0.03 0.0598084 1 
23 2 25 0 0.044 0.0781948 1 
24 2 25 0 0.041 0.0657472 1 
25 2 25 0 0.017 0.0915868 1 
26 2 25 0 0.034 0.0745508 1 
27 2 25 0 0.032 0.0567472 1 
28 2 25 0 0.01 0.0711762 1 
29 2 25 0 0.034 0.069494 1 
30 2 25 0.0319011 0.005 0.0709426 2 
31 2 25 0 0.027 0.132693 1 
32 2 25 0 0.002 0.0950077 1 
0 2 26 0 0.034 0.0801458 1 
1 2 26 0 0.027 0.073891 1 
2 2 26 0 0.003 0.0867946 1 
3 2 26 0 0.03 0.0727302 1 
4 2 26 0.00858344 0.003 0.0741311 2 
5 2 26 0 0.036 0.38773 1 
6 2 26 0 0.036 0.0994645 1 
7 2 26 0 0.017 0.0662052 1 
8 2 26 0 0.021 0.345142 1 
9 2 26 0 0.037 0.0865768 1 
10 2 26 0 0.017 0.366071 1 
11 2 26 0.00908549 0.045 0.0967635 2 
12 2 26 0.0455145 0.009 0.0643048 2 
13 2 26 0 0.04 0.0837492 1 
14 2 26 0.0608623 0.003 0.0717578 2 
15 2 26 0 0.032 0.0920437 1 
16 2 26 0 0.019 0.079442 1 
17 2 26 0 0.011 0.0674289 1 
18 2 26 0 0.024 0.0706423 1 
19 2 26 0 0.01 0.0978066 1 
20 2 26 0 0.042 0.0726309 1 
21 2 26 0 0.042 0.186077 1 
22 2 26 0 0.008 0.0706984 1 
23 2 26 0.0166382 0.024 0.0919233 2 
24 2 26 0 0.041 0.0624711 1 
25 2 26 0 0.027 0.066964 1 
26 2 26 0 0.044 0.0680411 1 
27 2 26 0 0.038 0.0711948 1 
28 2 26 0 0.021 0.0707634 1 
29 2 26 0 0.049 0.0549429 1 
30 2 26 0 0.041 0.0707787 1 
31 2 26 0 0.031 0.138824 1 
32 2 26 0 0.034 0.077206 1 
0 2 27 0.0824593 0.004 0.0916413 4 
1 2 27 0.00934991 0.04 0.0727782 2 
2 2 27 0 0.021 0.0909695 1 
3 2 27 0 0.016 0.0880626 1 
4 2 27 0 0.048 0.358868 1 
5 2 27 0 0.017 0.0784766 1 
6 2 27 0 0.017 0.0634331 1 
7 2 27 0.0137816 0.001 0.0963534 4 
8 2 27 0 0.028 0.344096 1 
9 2 27 0.0386376 0.035 0.0800142 2 
10 2 27 0 0.034 0.383601 1 
11 2 27 0 0.011 0.0666904 1 
12 2 27 0 0.042 0.091535 1 
13 2 27 0.0392747 0.017 0.0779283 2 
14 2 27 0 0.039 0.0683892 1 
15 2 27 0 0.005 0.0789345 1 
16 2 27 0 0.004 0.0824457 1 
17 2 27 0 0.009 0.0578447 1 
18 2 27 0 0.013 0.0784703 1 
19 2 27 0 0.008 0.0811585 1 
20 2 27 0 0.01 0.089122 1 
21 2 27 0 0.046 0.190762 1 
22 2 27 0 0.046 0.0718436 1 
23 2 27 0 0.037 0.0851379 1 
24 2 27 0 0.011 0.0760106 1 
25 2 27 0.0519484 0.007 0.0860378 3 
26 2 27 0 0.029 0.071944 1 
27 2 27 0.0629971 0.002 0.0656639 3 
28 2 27 0 0.007 0.0814633 1 
29 2 27 0 0.041 0.0796559 1 
30 2 27 0 0.044 0.0805829 1 
31 2 27 0 0.02 0.121145 1 
32 2 27 0 0.036 0.0659472 1 
0 2 28 0 0.02 0.0652089 1 
1 2 28 0.0335077 0.009 0.0712902 3 
2 2 28 0 0.031 0.100138 1 
3 2 28 0 0.006 0.0717103 1 
4 2 28 0 0.026 0.0776144 1 
5 2 28 0 0.03 0.0938426 1 
6 2 28 0 0.014 0.0707936 1 
7 2 28 0.0204612 0.001 0.0743119 3 
8 2 28 0.00813856 0.036 0.0771907 2 
9 2 28 0 0.036 0.0802603 1 
10 2 28 0 0.044 0.0950636 1 
11 2 28 0 0.038 0.0671322 1 
12 2 28 0 0.028 0.0842956 1 
13 2 28 0 0.048 0.090229 1 
14 2 28 0 0.033 0.0866423 1 
15 2 28 0 0.049 0.0737007 1 
16 2 28 0 0.009 0.0669026 1 
17 2 28 0 0.018 0.076721 1 
18 2 28 0 0.049 0.082283 1 
19 2 28 0 0.021 0.0801667 1 
20 2 28 0.00146526 0.012 0.0733709 3 
21 2 28 0 0.022 0.169241 1 
22 2 28 0 0.032 0.105141 1 
23 2 28 0 0.019 0.0668746 1 
24 2 28 0 0.024 0.0800257 1 
25 2 28 0.0126987 0.001 0.091148 2 
26 2 28 0.0420921 0.016 0.0779582 2 
27 2 28 0.0805642 0.006 0.0819693 3 
28 2 28 0 0.016 0.063851 1 
29 2 28 0 0.045 0.084299 1 
30 2 28 0 0.017 0.0796891 1 
31 2 28 0 0.028 0.127176 1 
32 2 28 0 0.005 0.074747 1 
0 2 29 0.0180312 0.008 0.0780754 2 
1 2 29 0 0.025 0.0702966 1 
2 2 29 0 0.005 0.0624161 1 
3 2 29 0 0.043 0.0627004 1 
4 2 29 0.0149227 0.043 0.247583 2 
5 2 29 0 0.041 0.0792589 1 
6 2 29 0 0.018 0.0871329 1 
7 2 29 0 0.025 0.0721295 1 
8 2 29 0 0.019 0.347756 1 
9 2 29 0 0.026 0.0780549 1 
10 2 29 0.0361633 0.015 0.0731264 3 
11 2 29 0 0.014 0.0955105 1 
12 2 29 0 0.049 0.0785209 1 
13 2 29 0.0391948 0.011 0.0837294 2 
14 2 29 0 0.033 0.0861741 1 
15 2 29 0 0.03 0.0879693 1 
16 2 29 0 0.016 0.0677892 1 
17 2 29 0 0.01 0.0691392 1 
18 2 29 0 0.007 0.0751865 1 
19 2 29 0 0.033 0.0815364 1 
20 2 29 0 0.023 0.0800809 1 
21 2 29 0 0.012 0.202893 1 
22 2 29 0 0.035 0.0791027 1 
23 2 29 0.0193098 0.017 0.0784451 2 
24 2 29 0 0.028 0.0814078 1 
25 2 29 0 0.041 0.0801177 1 
26 2 29 0.0180272 0.004 0.0705856 2 
27 2 29 0 0.03 0.0873491 1 
28 2 29 0 0.014 0.0741226 1 
29 2 29 0 0.029 0.0782864 1 
30 2 29 0 0.027 0.062662 1 
31 2 29 0 0.041 0.134188 1 
32 2 29 0 0.046 0.0740757 1 
0 2 30 0 0.011 0.0793765 1 
1 2 30 0 0.047 0.0657199 1 
2 2 30 0 0.037 0.106534 1 
3 2 30 0.109328 0.017 0.0774303 2 
4 2 30 0 0.04 0.0824857 1 
5 2 30 0 0.016 0.38202 1 
6 2 30 0 0.019 0.0700989 1 
7 2 30 0 0.028 0.0884689 1 
8 2 30 0 0.008 0.343976 1 
9 2 30 0 0.028 0.0760366 1 
10 2 30 0 0.01 0.374297 1 
11 2 30 0 0.022 0.0875517 1 
12 2 30 0 0.025 0.087205 1 
13 2 30 0 0.019 0.0769151 1 
14 2 30 0 0.002 0.0614002 1 
15 2 30 0 0.006 0.0691277 1 
16 2 30 0 0.034 0.080145 1 
17 2 30 0.00587305 0.001 0.0815074 2 
18 2 30 0 0.029 0.0858588 1 
19 2 30 0 0.045 0.080373 1 
20 2 30 0.0285511 0.014 0.0669288 3 
21 2 30 0 0.014 0.203845 1 
22 2 30 0.105817 0.007 0.0671928 3 
23 2 30 0.00496791 0.031 0.0938686 2 
24 2 30 0 0.013 0.0839032 1 
25 2 30 0 0.036 0.0873857 1 
26 2 30 0.0100981 0.004 0.0600187 2 
27 2 30 0 0.03 0.0859477 1 
28 2 30 0 0.04 0.0713765 1 
29 2 30 0 0.03 0.0872631 1 
30 2 30 0 0.047 0.0779037 1 
31 2 30 0 0.022 0.0974808 1 
32 2 30 0 0.04 0.081729 1 
0 2 31 0 0.014 0.0659896 1 
1 2 31 0 0.001 0.0681144 1 
2 2 31 0 0.045 0.0672183 1 
3 2 31 0 0.005 0.0892494 1 
4 2 31 0 0.049 0.377517 1 
5 2 31 0 0.048 0.0785265 1 
6 2 31 0 0.021 0.0590369 1 
7 2 31 0.0308644 0.026 0.0564802 2 
8 2 31 0 0.045 0.0841595 1 
9 2 31 0 0.024 0.0763561 1 
10 2 31 0 0.047 0.360152 1 
11 2 31 0 0.023 0.0667107 1 
12 2 31 0 0.012 0.0736774 1 
13 2 31 0 0.042 0.086491 1 
14 2 31 0.00784319 0.002 0.0801467 3 
15 2 31 0 0.008 0.0754786 1 
16 2 31 0 0.036 0.0742598 1 
17 2 31 0 0.005 0.0860716 1 
18 2 31 0 0.036 0.0684458 1 
19 2 31 0 0.019 0.0999519 1 
20 2 31 0 0.039 0.0843331 1 
21 2 31 0.0129226 0.019 0.171559 2 
22 2 31 0.0275225 0.015 0.0863075 2 
23 2 31 0 0.029 0.0789193 1 
24 2 31 0 0.011 0.0790497 1 
25 2 31 0 0.042 0.0762021 1 
26 2 31 0 0.023 0.0811697 1 
27 2 31 0 0.008 0.077379 1 
28 2 31 0 0.037 0.0937656 1 
29 2 31 0 0.023 0.0992757 1 
30 2 31 0 0.032 0.0851464 1 
31 2 31 0 0.008 0.136082 1 
32 2 31 0.0602185 0.007 0.0768245 4 
0 2 32 0 0.047 0.0806255 1 
1 2 32 0 0.048 0.0674319 1 
2 2 32 0 0.001 0.0911938 1 
3 2 32 0 0.008 0.0862951 1 
4 2 32 0 0.02 0.384331 1 
5 2 32 0 0.01 0.0738953 1 
6 2 32 0 0.045 0.102398 1 
7 2 32 0 0.019 0.0891883 1 
8 2 32 0.0121751 0.022 0.0800734 2 
9 2 32 0 0.006 0.077654 1 
10 2 32 0 0.025 0.0680692 1 
11 2 32 0 0.029 0.0845407 1 
12 2 32 0 0.036 0.0882764 1 
13 2 32 0 0.044 0.0879613 1 
14 2 32 0 0.041 0.0781734 1 
15 2 32 0 0.011 0.0638543 1 
16 2 32 0 0.026 0.0806523 1 
17 2 32 0 0.032 0.0759314 1 
18 2 32 0 0.025 0.0867681 1 
19 2 32 0 0.003 0.0783062 1 
20 2 32 0 0.012 0.0891045 1 
21 2 32 0 0.047 0.111469 1 
22 2 32 0.0886214 0.003 0.0769626 4 
23 2 32 0 0.01 0.0839411 1 
24 2 32 0 0.039 0.0924142 1 
25 2 32 0 0.014 0.0803346 1 
26 2 32 0.0704882 0.009 0.0814477 5 
27 2 32 0 0.003 0.0764705 1 
28 2 32 0 0.023 0.0671379 1 
29 2 32 0 0.039 0.0796935 1 
30 2 32 0 0.028 0.0766852 1 
31 2 32 0 0.041 0.147437 1 
32 2 32 0 0.044 0.0886721 1 
0 2 33 0 0.017 0.0799612 1 
1 2 33 0.0844263 0.01 0.0909949 2 
2 2 33 0 0.016 0.117779 1 
3 2 33 0.00963376 0.008 0.0720287 2 
4 2 33 0 0.044 0.344054 1 
5 2 33 0 0.035 0.0558793 1 
6 2 33 0 0.032 0.0715428 1 
7 2 33 0.0414555 0.001 0.0888371 9 
8 2 33 0 0.033 0.348083 1 
9 2 33 0 0.03 0.0842294 1 
10 2 33 0 0.042 0.0743441 1 
11 2 33 0 0.002 0.0778991 1 
12 2 33 0 0.018 0.0829695 1 
13 2 33 0 0.022 0.065551 1 
14 2 33 0 0.044 0.0947043 1 
15 2 33 0 0.007 0.0692261 1 
16 2 33 0 0.034 0.0766051 1 
17 2 33 0 0.021 0.0723802 1 
18 2 33 0 0.002 0.0742335 1 
19 2 33 0.00549239 0.032 0.088372 2 
20 2 33 0 0.007 0.066916 1 
21 2 33 0 0.046 0.136456 1 
22 2 33 0 0.044 0.0739521 1 
23 2 33 0.0385525 0.019 0.0726707 2 
24 2 33 0 0.008 0.0764201 1 
25 2 33 0 0.044 0.0921057 1 
26 2 33 0 0.045 0.080907 1 
27 2 33 0 0.002 0.084138 1 
28 2 33 0 0.018 0.0827407 1 
29 2 33 0.0114133 0.032 0.0841938 2 
30 2 33 0.0476803 0.001 0.0687252 3 
31 2 33 0 0.011 0.125921 1 
32 2 33 2.04339e-05 0.008 0.0684035 3 
0 2 34 0 0.003 0.0677444 1 
1 2 34 0 0.002 0.102525 1 
2 2 34 0 0.043 0.0960317 1 
3 2 34 0 0.04 0.0801201 1 
4 2 34 0 0.017 0.370506 1 
5 2 34 0 0.01 0.367478 1 
6 2 34 0.00759157 0.012 0.0787549 2 
7 2 34 0 0.041 0.0658809 1 
8 2 34 0 0.003 0.340121 1 
9 2 34 0 0.046 0.071689 1 
10 2 34 0 0.041 0.0650299 1 
11 2 34 0 0.016 0.0632258 1 
12 2 34 0 0.003 0.0904831 1 
13 2 34 0 0.02 0.0871908 1 
14 2 34 0 0.035 0.0720561 1 
15 2 34 0 0.03 0.0944807 1 
16 2 34 0 0.012 0.0756954 1 
17 2 34 0 0.007 0.104211 1 
18 2 34 0 0.033 0.0743082 1 
19 2 34 0 0.018 0.0724424 1 
20 2 34 0 0.023 0.0620962 1 
21 2 34 0.0070886 0.048 0.210065 2 
22 2 34 0 0.036 0.0701413 1 
23 2 34 0 0.03 0.0768576 1 
24 2 34 0 0.022 0.0978117 1 
25 2 34 0 0.017 0.0828008 1 
26 2 34 0 0.023 0.0813333 1 
27 2 34 0 0.049 0.0956122 1 
28 2 34 0 0.047 0.0700822 1 
29 2 34 0 0.012 0.0709936 1 
30 2 34 0 0.018 0.0647007 1 
31 2 34 0 0.009 0.152698 1 
32 2 34 0 0.025 0.082778 1 
0 2 35 0 0.032 0.0989375 1 
1 2 35 0.0769766 0.028 0.0946657 2 
2 2 35 0 0.033 0.0978825 1 
3 2 35 0 0.034 0.0819964 1 
4 2 35 0 0.048 0.387433 1 
5 2 35 0 0.018 0.397855 1 
6 2 35 0 0.004 0.0731475 1 
7 2 35 0.00797841 0.011 0.0659327 2 
8 2 35 0 0.035 0.0809627 1 
9 2 35 0 0.043 0.0915752 1 
10 2 35 0 0.008 0.389488 1 
11 2 35 0 0.022 0.0637653 1 
12 2 35 0.0766573 0.006 0.09175 4 
13 2 35 0 0.029 0.0864823 1 
14 2 35 0 0.044 0.0746737 1 
15 2 35 0 0.04 0.08601 1 
16 2 35 0 0.012 0.0882661 1 
17 2 35 0 0.005 0.0770923 1 
18 2 35 0 0.037 0.068928 1 
19 2 35 0 0.007 0.0922625 1 
20 2 35 0 0.04 0.074013 1 
21 2 35 0 0.015 0.0614324 1 
22 2 35 0 0.025 0.0763042 1 
23 2 35 0 0.039 0.0891086 1 
24 2 35 0 0.032 0.0720349 1 
25 2 35 0 0.03 0.068957 1 
26 2 35 0 0.037 0.0569138 1 
27 2 35 0.00581663 0.001 0.0727597 2 
28 2 35 0 0.022 0.101398 1 
29 2 35 0 0.03 0.0861887 1 
30 2 35 0.12274 0.012 0.0781304 3 
31 2 35 0 0.032 0.17275 1 
32 2 35 0.000357224 0.002 0.0997601 2 
0 2 36 0 0.018 0.0766277 1 
1 2 36 0 0.021 0.0704974 1 
2 2 36 0 0.047 0.0799018 1 
3 2 36 0 0.026 0.0875675 1 
4 2 36 0 0.028 0.391806 1 
5 2 36 0 0.027 0.0836015 1 
6 2 36 0 0.039 0.0850083 1 
7 2 36 0 0.013 0.063018 1 
8 2 36 0 0.018 0.0710061 1 
9 2 36 0.0207384 0.001 0.0658428 2 
10 2 36 0 0.034 0.345337 1 
11 2 36 0 0.009 0.10924 1 
12 2 36 0 0.04 0.0769526 1 
13 2 36 0 0.013 0.069596 1 
14 2 36 0.289088 0.001 0.0738661 17 
15 2 36 0 0.046 0.0899892 1 
16 2 36 0 0.001 0.0751711 1 
17 2 36 0 0.017 0.0919574 1 
18 2 36 0 0.046 0.0804598 1 
19 2 36 0 0.01 0.0883224 1 
20 2 36 0 0.047 0.104613 1 
21 2 36 0 0.003 0.21888 1 
22 2 36 0 0.022 0.0922203 1 
23 2 36 0 0.031 0.101224 1 
24 2 36 0 0.04 0.0861798 1 
25 2 36 0 0.037 0.0759698 1 
26 2 36 0 0.02 0.0974579 1 
27 2 36 0 0.049 0.0627009 1 
28 2 36 0 0.021 0.083112 1 
29 2 36 0 0.021 0.0797133 1 
30 2 36 0 0.032 0.0768441 1 
31 2 36 0.00405181 0.04 0.107277 2 
32 2 36 0 0.028 0.0866844 1 
0 2 37 0 0.031 0.0876949 1 
1 2 37 0 0.034 0.0901123 1 
2 2 37 0 0.04 0.112486 1 
3 2 37 0 0.019 0.0854593 1 
4 2 37 0 0.024 0.0712738 1 
5 2 37 0 0.021 0.385235 1 
6 2 37 0 0.023 0.0860182 1 
7 2 37 0.000680464 0.006 0.105943 2 
8 2 37 0.025431 0.007 0.0921398 2 
9 2 37 0 0.007 0.0771519 1 
10 2 37 0 0.04 0.368751 1 
11 2 37 0 0.045 0.0988609 1 
12 2 37 0 0.022 0.0949184 1 
13 2 37 0 0.039 0.0851296 1 
14 2 37 0 0.025 0.0706704 1 
15 2 37 0 0.047 0.0855015 1 
16 2 37 0 0.01 0.0678518 1 
17 2 37 0 0.012 0.0545907 1 
18 2 37 0 0.012 0.0754315 1 
19 2 37 0 0.012 0.0670972 1 
20 2 37 0 0.04 0.0865181 1 
21 2 37 0 0.013 0.189098 1 
22 2 37 0 0.023 0.078574 1 
23 2 37 0 0.028 0.0857782 1 
24 2 37 0 0.015 0.0949645 1 
25 2 37 0.0195083 0.011 0.0804823 4 
26 2 37 0 0.036 0.0837528 1 
27 2 37 0 0.023 0.0923497 1 
28 2 37 0 0.042 0.0718111 1 
29 2 37 0 0.027 0.0796941 1 
30 2 37 0 0.044 0.0903745 1 
31 2 37 0 0.003 0.0781498 1 
32 2 37 0 0.013 0.0816246 1 
0 2 38 0 0.048 0.102169 1 
1 2 38 0 0.042 0.100782 1 
2 2 38 0 0.002 0.0803426 1 
3 2 38 0 0.042 0.0919866 1 
4 2 38 0 0.022 0.0840615 1 
5 2 38 0 0.048 0.0808698 1 
6 2 38 0 0.048 0.087962 1 
7 2 38 0 0.032 0.085456 1 
8 2 38 0 0.002 0.370358 1 
9 2 38 0 0.025 0.0648271 1 
10 2 38 0.025903 0.026 0.0848749 2 
11 2 38 0.00481069 0.034 0.0810023 2 
12 2 38 0 0.048 0.105917 1 
13 2 38 0 0.024 0.0843281 1 
14 2 38 0 0.045 0.101122 1 
15 2 38 0 0.01 0.0891024 1 
16 2 38 0 0.029 0.0816082 1 
17 2 38 0 0.026 0.0787814 1 
18 2 38 0 0.029 0.0737774 1 
19 2 38 0 0.003 0.0834678 1 
20 2 38 0.00876217 0.016 0.092985 2 
21 2 38 0 0.042 0.180377 1 
22 2 38 0 0.027 0.0869147 1 
23 2 38 0 0.024 0.104345 1 
24 2 38 0 0.025 0.0927492 1 
25 2 38 0 0.04 0.0956419 1 
26 2 38 0.095286 0.007 0.0832457 3 
27 2 38 0 0.021 0.0802812 1 
28 2 38 0 0.036 0.0678505 1 
29 2 38 0 0.04 0.0946785 1 
30 2 38 0 0.025 0.0686072 1 
31 2 38 0 0.003 0.179304 1 
32 2 38 0 0.01 0.0924696 1 
0 2 39 0 0.049 0.0705055 1 
1 2 39 0 0.041 0.0958015 1 
2 2 39 0 0.04 0.125941 1 
3 2 39 0 0.038 0.0605027 1 
4 2 39 0 0.035 0.0813221 1 
5 2 39 0 0.007 0.0791027 1 
6 2 39 0 0.007 0.0703078 1 
7 2 39 0 0.013 0.086235 1 
8 2 39 0 0.033 0.102348 1 
9 2 39 0 0.017 0.0896072 1 
10 2 39 0 0.029 0.375586 1 
11 2 39 0 0.049 0.0989904 1 
12 2 39 0.0350991 0.034 0.0794354 2 
13 2 39 0 0.042 0.0744993 1 
14 2 39 0.0882338 0.009 0.0924704 2 
15 2 39 0 0.03 0.0845008 1 
16 2 39 0 0.017 0.0958624 1 
17 2 39 0 0.006 0.0506532 1 
18 2 39 0 0.017 0.0710023 1 
19 2 39 0.00167921 0.014 0.0991311 2 
20 2 39 0 0.035 0.0822706 1 
21 2 39 0 0.002 0.218773 1 
22 2 39 0 0.002 0.0843498 1 
23 2 39 0 0.019 0.0774295 1 
24 2 39 0 0.031 0.072429 1 
25 2 39 0 0.006 0.115362 1 
26 2 39 0 0.025 0.073024 1 
27 2 39 0 0.011 0.0623581 1 
28 2 39 0 0.046 0.0622958 1 
29 2 39 0 0.002 0.0759377 1 
30 2 39 0 0.04 0.0908215 1 
31 2 39 0 0.038 0.16536 1 
32 2 39 0 0.034 0.0842299 1 
0 2 40 0 0.006 0.0799928 1 
1 2 40 0 0.01 0.068154 1 
2 2 40 0 0.036 0.0934673 1 
3 2 40 0.120877 0.005 0.0968259 3 
4 2 40 0 0.024 0.0794583 1 
5 2 40 0 0.046 0.0909159 1 
6 2 40 0 0.04 0.0734558 1 
7 2 40 0 0.025 0.071193 1 
8 2 40 0 0.044 0.0811726 1 
9 2 40 0 0.045 0.0793025 1 
10 2 40 0.0154321 0.017 0.0861865 2 
11 2 40 0 0.04 0.105106 1 
12 2 40 0 0.032 0.0887991 1 
13 2 40 0.049963 0.018 0.081865 2 
14 2 40 0 0.007 0.0861124 1 
15 2 40 0 0.04 0.0694995 1 
16 2 40 0 0.027 0.0725659 1 
17 2 40 0 0.04 0.0818932 1 
18 2 40 0 0.03 0.0702185 1 
19 2 40 0 0.03 0.0885394 1 
20 2 40 0.0417137 0.021 0.0831818 3 
21 2 40 0 0.028 0.177898 1 
22 2 40 0.00296318 0.017 0.0780168 2 
23 2 40 0 0.03 0.0765864 1 
24 2 40 0 0.008 0.0758484 1 
25 2 40 0 0.024 0.0851626 1 
26 2 40 0 0.002 0.0731977 1 
27 2 40 0 0.026 0.0699085 1 
28 2 40 0 0.03 0.0724121 1 
29 2 40 0 0.041 0.0807129 1 
30 2 40 0 0.007 0.0872357 1 
31 2 40 0 0.014 0.180532 1 
32 2 40 0.0321512 0.012 0.0902696 2 
0 2 41 0 0.002 0.0701501 1 
1 2 41 0 0.021 0.08993 1 
2 2 41 0 0.007 0.0688826 1 
3 2 41 0 0.045 0.0829476 1 
4 2 41 0 0.037 0.0807347 1 
5 2 41 0 0.04 0.0799297 1 
6 2 41 0 0.02 0.0827125 1 
7 2 41 0.030524 0.017 0.0716073 2 
8 2 41 0 0.007 0.0720611 1 
9 2 41 0 0.014 0.0798149 1 
10 2 41 0.0122373 0.037 0.270906 2 
11 2 41 0 0.023 0.0866949 1 
12 2 41 0 0.019 0.0850609 1 
13 2 41 0 0.031 0.0912338 1 
14 2 41 0 0.027 0.0784063 1 
15 2 41 0 0.014 0.0580243 1 
16 2 41 0 0.033 0.0792676 1 
17 2 41 0 0.02 0.0668727 1 
18 2 41 0 0.047 0.0903349 1 
19 2 41 0 0.04 0.0889222 1 
20 2 41 0 0.047 0.0836672 1 
21 2 41 0 0.001 0.186288 1 
22 2 41 0 0.039 0.0726674 1 
23 2 41 0 0.003 0.0616739 1 
24 2 41 0 0.04 0.0802684 1 
25 2 41 0 0.033 0.0681949 1 
26 2 41 0 0.04 0.0861295 1 
27 2 41 0 0.031 0.0761013 1 
28 2 41 0 0.032 0.0853987 1 
29 2 41 0 0.047 0.102395 1 
30 2 41 0 0.034 0.0870082 1 
31 2 41 0 0.003 0.126366 1 
32 2 41 0 0.011 0.0880499 1 
0 2 42 0.0533374 0.003 0.0905552 3 
1 2 42 0 0.036 0.0861599 1 
2 2 42 0 0.042 0.0923964 1 
3 2 42 0 0.002 0.0857419 1 
4 2 42 0 0.032 0.381932 1 
5 2 42 0 0.001 0.0794667 1 
6 2 42 0 0.037 0.0718161 1 
7 2 42 0 0.034 0.0736774 1 
8 2 42 0.0114536 0.032 0.0710759 2 
9 2 42 0 0.03 0.100886 1 
10 2 42 0 0.035 0.0771461 1 
11 2 42 0 0.023 0.113322 1 
12 2 42 0 0.012 0.0986637 1 
13 2 42 0 0.037 0.0636789 1 
14 2 42 0 0.018 0.104356 1 
15 2 42 0 0.029 0.100821 1 
16 2 42 0 0.034 0.0802297 1 
17 2 42 0.0324065 0.007 0.113444 3 
18 2 42 0 0.019 0.0987751 1 
19 2 42 0.0114234 0.023 0.0801915 2 
20 2 42 0 0.032 0.0845389 1 
21 2 42 0 0.012 0.133071 1 
22 2 42 0 0.023 0.0861103 1 
23 2 42 0 0.042 0.079112 1 
24 2 42 0 0.009 0.0960965 1 
25 2 42 0 0.016 0.0870358 1 
26 2 42 0 0.03 0.0960676 1 
27 2 42 0 0.01 0.0775068 1 
28 2 42 0 0.033 0.0849312 1 
29 2 42 0 0.008 0.117828 1 
30 2 42 0 0.043 0.0550759 1 
31 2 42 0 0.035 0.171363 1 
32 2 42 0 0.035 0.0834119 1 
0 2 43 0 0.047 0.0667936 1 
1 2 43 0 0.024 0.0866728 1 
2 2 43 0 0.031 0.0600673 1 
3 2 43 0 0.018 0.104519 1 
4 2 43 0 0.027 0.378886 1 
5 2 43 0 0.009 0.098651 1 
6 2 43 0 0.011 0.0780549 1 
7 2 43 0 0.036 0.0870215 1 
8 2 43 0 0.044 0.357521 1 
9 2 43 0.0215053 0.015 0.0884256 3 
10 2 43 0 0.048 0.387243 1 
11 2 43 0 0.036 0.115944 1 
12 2 43 0.0349271 0.017 0.0958003 2 
13 2 43 0 0.04 0.100327 1 
14 2 43 0 0.024 0.0743409 1 
15 2 43 0 0.035 0.0848369 1 
16 2 43 0 0.022 0.0772534 1 
17 2 43 0 0.013 0.0941131 1 
18 2 43 0 0.03 0.0927357 1 
19 2 43 0 0.043 0.0804368 1 
20 2 43 0 0.019 0.0716079 1 
21 2 43 0 0.022 0.23783 1 
22 2 43 0.107398 0.003 0.101559 7 
23 2 43 0 0.027 0.0661433 1 
24 2 43 0 0.028 0.095633 1 
25 2 43 0 0.048 0.0881346 1 
26 2 43 0 0.004 0.0765412 1 
27 2 43 0 0.01 0.0950166 1 
28 2 43 0 0.017 0.0781304 1 
29 2 43 0 0.008 0.0915472 1 
30 2 43 0 0.032 0.0671676 1 
31 2 43 0 0.034 0.119717 1 
32 2 43 0.105627 0.014 0.106558 3 
0 2 44 0 0.015 0.0592351 1 
1 2 44 0 0.041 0.0888368 1 
2 2 44 0 0.008 0.0992314 1 
3 2 44 0 0.03 0.0772266 1 
4 2 44 0 0.029 0.379237 1 
5 2 44 0 0.033 0.0681686 1 
6 2 44 0 0.029 0.084103 1 
7 2 44 0 0.047 0.0938161 1 
8 2 44 0 0.018 0.33999 1 
9 2 44 0.0261367 0.024 0.0778961 2 
10 2 44 0 0.037 0.0835231 1 
11 2 44 0 0.031 0.086756 1 
12 2 44 0 0.048 0.0861779 1 
13 2 44 0 0.032 0.077899 1 
14 2 44 0 0.036 0.0902994 1 
15 2 44 0.00557199 0.046 0.0877598 2 
16 2 44 0 0.032 0.0982135 1 
17 2 44 0 0.018 0.0834973 1 
18 2 44 0 0.014 0.0697462 1 
19 2 44 0 0.035 0.0749208 1 
20 2 44 0 0.032 0.0919435 1 
21 2 44 0.00330598 0.016 0.187688 2 
22 2 44 0 0.043 0.0678279 1 
23 2 44 0 0.043 0.0839786 1 
24 2 44 0 0.028 0.0852551 1 
25 2 44 0 0.016 0.104617 1 
26 2 44 0 0.047 0.100122 1 
27 2 44 0 0.045 0.0742906 1 
28 2 44 0 0.042 0.0818689 1 
29 2 44 0 0.022 0.0977707 1 
30 2 44 0 0.027 0.0930012 1 
31 2 44 0 0.028 0.1216 1 
32 2 44 0 0.003 0.101623 1 
0 2 45 0 0.027 0.0762298 1 
1 2 45 0.0850473 0.005 0.0818751 4 
2 2 45 0 0.01 0.0761448 1 
3 2 45 0 0.043 0.0858537 1 
4 2 45 0 0.037 0.0932107 1 
5 2 45 0 0.021 0.379727 1 
6 2 45 0 0.004 0.0691023 1 
7 2 45 0 0.036 0.0970005 1 
8 2 45 0.0253864 0.029 0.0857228 2 
9 2 45 0 0.005 0.108088 1 
10 2 45 0 0.031 0.378668 1 
11 2 45 0 0.049 0.108581 1 
12 2 45 0 0.033 0.0732128 1 
13 2 45 0 0.004 0.0873561 1 
14 2 45 0 0.004 0.0841039 1 
15 2 45 0 0.039 0.0761084 1 
16 2 45 0 0.024 0.0943514 1 
17 2 45 0 0.023 0.090293 1 
18 2 45 0 0.015 0.0862028 1 
19 2 45 0 0.03 0.0914896 1 
20 2 45 0 0.031 0.0760327 1 
21 2 45 0 0.019 0.0811775 1 
22 2 45 0 0.009 0.0691665 1 
23 2 45 0 0.015 0.0752551 1 
24 2 45 0 0.017 0.0822983 1 
25 2 45 0 0.024 0.0778929 1 
26 2 45 0 0.032 0.10565 1 
27 2 45 0 0.024 0.0709881 1 
28 2 45 0 0.002 0.080461 1 
29 2 45 0 0.031 0.0783596 1 
30 2 45 0.0216792 0.007 0.0947993 2 
31 2 45 0 0.035 0.181235 1 
32 2 45 0.0128701 0.007 0.0895008 3 
0 2 46 0 0.027 0.0781304 1 
1 2 46 0 0.006 0.0975206 1 
2 2 46 0 0.024 0.105572 1 
3 2 46 0 0.044 0.0678799 1 
4 2 46 0 0.01 0.0813097 1 
5 2 46 0 0.037 0.0927149 1 
6 2 46 0 0.009 0.0748992 1 
7 2 46 0 0.027 0.072004 1 
8 2 46 0 0.002 0.0832395 1 
9 2 46 0 0.038 0.0601675 1 
10 2 46 0.0593104 0.032 0.082604 2 
11 2 46 0 0.038 0.0736235 1 
12 2 46 0.0169847 0.015 0.103246 2 
13 2 46 0 0.033 0.0899706 1 
14 2 46 0 0.045 0.0764626 1 
15 2 46 0 0.022 0.0721637 1 
16 2 46 0 0.007 0.0925123 1 
17 2 46 0 0.017 0.0763987 1 
18 2 46 0 0.019 0.0754445 1 
19 2 46 0.0569682 0.036 0.148033 3 
20 2 46 0 0.025 0.0840188 1 
21 2 46 0 0.013 0.210008 1 
22 2 46 0 0.041 0.088693 1 
23 2 46 0.0321289 0.006 0.0842896 2 
24 2 46 0 0.033 0.0767889 1 
25 2 46 0 0.011 0.0809701 1 
26 2 46 0 0.012 0.0967987 1 
27 2 46 0.0592374 0.003 0.0983948 4 
28 2 46 0 0.008 0.0697953 1 
29 2 46 0 0.023 0.0669573 1 
30 2 46 0 0.008 0.0591538 1 
31 2 46 0 0.007 0.157344 1 
32 2 46 0 0.017 0.0770709 1 
0 2 47 0 0.045 0.0811611 1 
1 2 47 0.128839 0.003 0.0752019 7 
2 2 47 0 0.022 0.0601082 1 
3 2 47 0 0.042 0.0835112 1 
4 2 47 0 0.047 0.0646632 1 
5 2 47 0 0.026 0.0961228 1 
6 2 47 0 0.016 0.0980641 1 
7 2 47 0 0.027 0.0707953 1 
8 2 47 0 0.01 0.357661 1 
9 2 47 0 0.036 0.104117 1 
10 2 47 0 0.002 0.391315 1 
11 2 47 0 0.025 0.100139 1 
12 2 47 0.0347525 0.008 0.0761668 2 
13 2 47 0.069075 0.034 0.0930907 2 
14 2 47 0 0.029 0.0981332 1 
15 2 47 0 0.005 0.0900011 1 
16 2 47 0 0.011 0.0766732 1 
17 2 47 0.00180068 0.002 0.0823049 2 
18 2 47 0 0.045 0.0850982 1 
19 2 47 0 0.047 0.0735817 1 
20 2 47 0 0.04 0.0804645 1 
21 2 47 0 0.049 0.181747 1 
22 2 47 0 0.035 0.0767358 1 
23 2 47 0.00751819 0.001 0.0858851 3 
24 2 47 0 0.014 0.0894585 1 
25 2 47 0 0.036 0.0733995 1 
26 2 47 0.0377819 0.011 0.0803346 2 
27 2 47 0 0.019 0.0672714 1 
28 2 47 0 0.015 0.0938729 1 
29 2 47 0 0.038 0.0989422 1 
30 2 47 0 0.026 0.075918 1 
31 2 47 0 0.014 0.139465 1 
32 2 47 0 0.041 0.0731215 1 
0 2 48 0 0.021 0.0997484 1 
1 2 48 0 0.001 0.0794335 1 
2 2 48 0 0.044 0.0871892 1 
3 2 48 0 0.037 0.0972743 1 
4 2 48 0 0.021 0.0710093 1 
5 2 48 0 0.028 0.0989254 1 
6 2 48 0 0.01 0.0882623 1 
7 2 48 0 0.014 0.0809452 1 
8 2 48 0 0.01 0.359866 1 
9 2 48 0 0.015 0.067972 1 
10 2 48 0.0149423 0.025 0.0816514 2 
11 2 48 0 0.021 0.123177 1 
12 2 48 0.0235986 0.004 0.0807313 4 
13 2 48 0.0197397 0.006 0.0797668 3 
14 2 48 0 0.037 0.0737956 1 
15 2 48 0 0.023 0.0854531 1 
16 2 48 0 0.02 0.0859289 1 
17 2 48 0 0.036 0.090418 1 
18 2 48 0 0.045 0.072431 1 
19 2 48 0 0.042 0.0624361 1 
20 2 48 0 0.047 0.0870911 1 
21 2 48 0 0.04 0.19691 1 
22 2 48 0 0.006 0.0781935 1 
23 2 48 0.0537091 0.009 0.0993701 4 
24 2 48 0 0.012 0.0844251 1 
25 2 48 0 0.01 0.0908579 1 
26 2 48 0 0.02 0.113509 1 
27 2 48 0 0.027 0.0799987 1 
28 2 48 0 0.002 0.0760144 1 
29 2 48 0.00444248 0.039 0.0681834 2 
30 2 48 0 0.026 0.0689062 1 
31 2 48 0 0.011 0.136553 1 
32 2 48 0 0.001 0.103726 1 
0 2 49 0 0.025 0.0872792 1 
1 2 49 0 0.022 0.0766051 1 
2 2 49 0 0.014 0.0827251 1 
3 2 49 0 0.029 0.0697161 1 
4 2 49 0 0.032 0.0761099 1 
5 2 49 0 0.029 0.388981 1 
6 2 49 0 0.044 0.0844948 1 
7 2 49 0 0.048 0.0735987 1 
8 2 49 0.00692394 0.011 0.089037 2 
9 2 49 0 0.022 0.0917629 1 
10 2 49 0 0.047 0.375237 1 
11 2 49 0 0.047 0.0928582 1 
12 2 49 0.0122135 0.012 0.0803858 2 
13 2 49 0.0109789 0.032 0.0786884 2 
14 2 49 0 0.008 0.0550297 1 
15 2 49 0 0.004 0.0785124 1 
16 2 49 0 0.01 0.0803606 1 
17 2 49 0 0.003 0.0909796 1 
18 2 49 0 0.003 0.0637189 1 
19 2 49 0 0.049 0.079773 1 
20 2 49 0 0.025 0.0722187 1 
21 2 49 0 0.042 0.205008 1 
22 2 49 1.91786e-05 0.003 0.0623527 2 
23 2 49 0 0.04 0.105308 1 
24 2 49 0 0.021 0.0818989 1 
25 2 49 0 0.049 0.0653399 1 
26 2 49 0 0.036 0.065928 1 
27 2 49 0 0.004 0.076488 1 
28 2 49 0 0.017 0.0730689 1 
29 2 49 0 0.025 0.080097 1 
30 2 49 0 0.034 0.0848323 1 
31 2 49 0 0.015 0.135626 1 
32 2 49 0 0.048 0.0799925 1 
0 2 50 0.0133804 0.028 0.0834299 2 
1 2 50 0 0.041 0.0852287 1 
2 2 50 0 0.047 0.0807005 1 
3 2 50 0 0.047 0.0856487 1 
4 2 50 0 0.023 0.0852706 1 
5 2 50 0 0.037 0.371334 1 
6 2 50 0.00368999 0.041 0.118961 2 
7 2 50 0 0.026 0.0666987 1 
8 2 50 0 0.045 0.365798 1 
9 2 50 0 0.031 0.0801464 1 
10 2 50 0 0.036 0.38684 1 
11 2 50 0 0.024 0.106892 1 
12 2 50 0 0.011 0.0947525 1 
13 2 50 0 0.045 0.109904 1 
14 2 50 0 0.006 0.0719831 1 
15 2 50 0 0.015 0.0869448 1 
16 2 50 0 0.012 0.0816956 1 
17 2 50 0 0.015 0.0759939 1 
18 2 50 0 0.012 0.109888 1 
19 2 50 0 0.019 0.0879569 1 
20 2 50 0 0.033 0.0810696 1 
21 2 50 0 0.023 0.213282 1 
22 2 50 0 0.002 0.0820285 1 
23 2 50 0 0.008 0.0777179 1 
24 2 50 0 0.03 0.0766784 1 
25 2 50 0.000204444 0.006 0.0824614 2 
26 2 50 0 0.047 0.0779028 1 
27 2 50 0.112002 0.001 0.0803041 3 
28 2 50 0 0.03 0.102434 1 
29 2 50 0 0.009 0.0998788 1 
30 2 50 0 0.031 0.0722739 1 
31 2 50 0 0.027 0.130261 1 
32 2 50 0 0.011 0.0856641 1 
0 2 51 0 0.032 0.0857192 1 
1 2 51 0 0.043 0.096487 1 
2 2 51 0.00617946 0.011 0.0985082 2 
3 2 51 0 0.012 0.108746 1 
4 2 51 0 0.018 0.0815841 1 
5 2 51 0.00720844 0.038 0.0782359 2 
6 2 51 0 0.022 0.1245 1 
7 2 51 0 0.045 0.0861302 1 
8 2 51 0.00691538 0.019 0.081959 2 
9 2 51 0 0.012 0.075453 1 
10 2 51 0.0122435 0.046 0.245846 2 
11 2 51 0 0.003 0.0958405 1 
12 2 51 0 0.035 0.0888947 1 
13 2 51 0 0.014 0.104022 1 
14 2 51 0 0.029 0.08085 1 
15 2 51 0 0.007 0.0625202 1 
16 2 51 0 0.004 0.0835689 1 
17 2 51 0 0.033 0.0802908 1 
18 2 51 0 0.037 0.0926169 1 
19 2 51 0 0.028 0.0990691 1 
20 2 51 0 0.044 0.0893365 1 
21 2 51 0 0.038 0.152541 1 
22 2 51 0 0.02 0.080225 1 
23 2 51 0 0.006 0.0878705 1 
24 2 51 0 0.02 0.0779194 1 
25 2 51 0 0.014 0.0824563 1 
26 2 51 0 0.024 0.0854858 1 
27 2 51 0 0.006 0.0624361 1 
28 2 51 0 0.029 0.0963792 1 
29 2 51 0 0.032 0.0818771 1 
30 2 51 0 0.037 0.0628816 1 
31 2 51 0 0.044 0.130336 1 
32 2 51 0.000320478 0.005 0.105157 2 
0 2 52 0 0.031 0.0808683 1 
1 2 52 0 0.042 0.0931618 1 
2 2 52 0 0.02 0.0656623 1 
3 2 52 0 0.022 0.0674692 1 
4 2 52 0 0.04 0.0883191 1 
5 2 52 0 0.028 0.0888622 1 
6 2 52 0 0.042 0.0873507 1 
7 2 52 0 0.022 0.0817247 1 
8 2 52 0 0.04 0.359993 1 
9 2 52 0 0.019 0.0825513 1 
10 2 52 0 0.019 0.092322 1 
11 2 52 0 0.031 0.111145 1 
12 2 52 0 0.044 0.088971 1 
13 2 52 0.00102229 0.016 0.0955851 2 
14 2 52 0 0.046 0.0757669 1 
15 2 52 0 0.003 0.0742583 1 
16 2 52 0 0.046 0.0456848 1 
17 2 52 0 0.01 0.0678799 1 
18 2 52 0 0.005 0.0797479 1 
19 2 52 0 0.009 0.0624361 1 
20 2 52 0 0.044 0.0864417 1 
21 2 52 0.00331455 0.035 0.205874 2 
22 2 52 0 0.041 0.0868838 1 
23 2 52 0 0.028 0.0869823 1 
24 2 52 0 0.011 0.0826199 1 
25 2 52 0 0.033 0.0691696 1 
26 2 52 0 0.043 0.0875091 1 
27 2 52 0 0.001 0.0824366 2 
28 2 52 0 0.007 0.0805173 1 
29 2 52 0 0.015 0.115162 1 
30 2 52 0 0.007 0.0779174 1 
31 2 52 0 0.014 0.177633 1 
32 2 52 0 0.043 0.0845263 1 
0 2 53 0 0.041 0.0966053 1 
1 2 53 0 0.014 0.0896171 1 
2 2 53 0 0.048 0.0833159 1 
3 2 53 0 0.001 0.0855671 1 
4 2 53 0.122824 0.02 0.0836992 2 
5 2 53 0 0.019 0.390195 1 
6 2 53 0 0.046 0.083463 1 
7 2 53 0 0.017 0.0823695 1 
8 2 53 0.00690811 0.038 0.0752907 2 
9 2 53 0 0.033 0.080885 1 
10 2 53 0 0.047 0.384445 1 
11 2 53 0 0.043 0.0592326 1 
12 2 53 0 0.01 0.0766063 1 
13 2 53 0 0.021 0.092269 1 
14 2 53 0 0.021 0.0765589 1 
15 2 53 0 0.039 0.101904 1 
16 2 53 0 0.009 0.0804048 1 
17 2 53 0 0.042 0.0805846 1 
18 2 53 0 0.009 0.083849 1 
19 2 53 0.0752001 0.004 0.0997904 3 
20 2 53 0 0.021 0.0743641 1 
21 2 53 0 0.038 0.0799654 1 
22 2 53 0.0920326 0.001 0.0862846 4 
23 2 53 0.0160883 0.002 0.0928726 3 
24 2 53 0 0.013 0.0893656 1 
25 2 53 0 0.007 0.0653476 1 
26 2 53 0 0.044 0.0744637 1 
27 2 53 0 0.026 0.105282 1 
28 2 53 0 0.005 0.0861781 1 
29 2 53 0 0.018 0.0800593 1 
30 2 53 0 0.001 0.0917456 1 
31 2 53 0 0.006 0.125779 1 
32 2 53 0 0.013 0.0808997 1 
0 2 54 0 0.043 0.0709132 1 
1 2 54 0 0.013 0.096741 1 
2 2 54 0 0.036 0.110334 1 
3 2 54 0 0.016 0.0782159 1 
4 2 54 0 0.019 0.37309 1 
5 2 54 0.0024662 0.019 0.0813903 2 
6 2 54 0 0.021 0.0817069 1 
7 2 54 0 0.033 0.0716449 1 
8 2 54 0 0.033 0.328729 1 
9 2 54 0 0.011 0.0835353 1 
10 2 54 0.00152778 0.019 0.0820549 2 
11 2 54 0 0.017 0.118496 1 
12 2 54 0.00139812 0.017 0.0913967 2 
13 2 54 0 0.021 0.0877949 1 
14 2 54 0 0.02 0.101587 1 
15 2 54 0 0.028 0.0832674 1 
16 2 54 0 0.001 0.0784108 1 
17 2 54 0 0.037 0.0749018 1 
18 2 54 0 0.03 0.0864048 1 
19 2 54 0.0365563 0.019 0.065348 2 
20 2 54 0 0.04 0.0979054 1 
21 2 54 0 0.023 0.184717 1 
22 2 54 0.00529379 0.012 0.0743641 2 
23 2 54 0.0104588 0.036 0.0566169 2 
24 2 54 0 0.034 0.0980545 1 
25 2 54 0.0358955 0.007 0.085605 3 
26 2 54 0.00313745 0.008 0.0756995 2 
27 2 54 0 0.033 0.0905054 1 
28 2 54 0 0.036 0.074216 1 
29 2 54 0 0.013 0.105837 1 
30 2 54 0 0.037 0.0805193 1 
31 2 54 0 0.033 0.140562 1 
32 2 54 0 0.031 0.0675472 1 
0 2 55 0.0426638 0.004 0.0901697 3 
1 2 55 0.00493807 0.039 0.0947165 2 
2 2 55 0 0.027 0.0852784 1 
3 2 55 0.0928246 0.017 0.0954532 2 
4 2 55 0.119959 0.026 0.0827443 2 
5 2 55 0 0.028 0.376347 1 
6 2 55 0 0.03 0.0857228 1 
7 2 55 0 0.005 0.0967669 1 
8 2 55 0.0136841 0.002 0.0886948 2 
9 2 55 0 0.03 0.108612 1 
10 2 55 0.00562844 0.011 0.260203 2 
11 2 55 0 0.043 0.0612229 1 
12 2 55 0 0.025 0.0967776 1 
13 2 55 0 0.015 0.0875582 1 
14 2 55 0 0.001 0.091496 1 
15 2 55 0 0.014 0.0852578 1 
16 2 55 0 0.022 0.0836403 1 
17 2 55 0 0.035 0.0784063 1 
18 2 55 0 0.026 0.0695826 1 
19 2 55 0 0.032 0.0823879 1 
20 2 55 0 0.039 0.089591 1 
21 2 55 0 0.033 0.169121 1 
22 2 55 0 0.033 0.0923514 1 
23 2 55 0 0.04 0.101852 1 
24 2 55 0 0.009 0.0747306 1 
25 2 55 0.0189973 0.005 0.0876889 2 
26 2 55 0 0.007 0.0884003 1 
27 2 55 0.061419 0.01 0.101663 4 
28 2 55 0 0.042 0.0772152 1 
29 2 55 0 0.034 0.0849219 1 
30 2 55 0 0.006 0.0814858 1 
31 2 55 0 0.036 0.141904 1 
32 2 55 0 0.011 0.0811321 1 
0 2 56 0 0.008 0.0791101 1 
1 2 56 0 0.002 0.0604419 1 
2 2 56 0 0.034 0.0888551 1 
3 2 56 0 0.007 0.112504 1 
4 2 56 0 0.046 0.377622 1 
5 2 56 0 0.024 0.396453 1 
6 2 56 0 0.004 0.078082 1 
7 2 56 0 0.046 0.0922333 1 
8 2 56 0 0.047 0.358304 1 
9 2 56 0 0.043 0.102302 1 
10 2 56 0 0.025 0.0885816 1 
11 2 56 0 0.023 0.122394 1 
12 2 56 0 0.041 0.101559 1 
13 2 56 0 0.003 0.098287 1 
14 2 56 0 0.044 0.100624 1 
15 2 56 0 0.03 0.0885331 1 
16 2 56 0 0.009 0.0906878 1 
17 2 56 0 0.027 0.0778272 1 
18 2 56 0 0.036 0.108273 1 
19 2 56 0.091497 0.025 0.0982418 4 
20 2 56 0 0.002 0.0904309 1 
21 2 56 0 0.004 0.200849 1 
22 2 56 0 0.035 0.098851 1 
23 2 56 0 0.012 0.0761567 1 
24 2 56 0 0.017 0.081891 1 
25 2 56 0 0.038 0.0868554 1 
26 2 56 0 0.027 0.086754 1 
27 2 56 0 0.049 0.0740614 1 
28 2 56 0 0.012 0.0949204 1 
29 2 56 0 0.037 0.0878839 1 
30 2 56 0 0.018 0.109505 1 
31 2 56 0 0.02 0.169867 1 
32 2 56 0 0.014 0.0812275 1 
0 2 57 0 0.004 0.0737316 1 
1 2 57 0 0.018 0.0854593 1 
2 2 57 0 0.035 0.104671 1 
3 2 57 0 0.044 0.0784063 1 
4 2 57 0.119957 0.046 0.0862449 2 
5 2 57 0 0.038 0.394854 1 
6 2 57 0 0.047 0.0959689 1 
7 2 57 0 0.036 0.087462 1 
8 2 57 0 0.009 0.0834105 1 
9 2 57 0 0.005 0.0753186 1 
10 2 57 0 0.024 0.380717 1 
11 2 57 0 0.031 0.0891685 1 
12 2 57 0 0.022 0.0922361 1 
13 2 57 0 0.043 0.09693 1 
14 2 57 0 0.006 0.0710125 1 
15 2 57 0 0.039 0.0906113 1 
16 2 57 0 0.038 0.0917855 1 
17 2 57 0 0.04 0.0885493 1 
18 2 57 0 0.049 0.075377 1 
19 2 57 0 0.013 0.0806586 1 
20 2 57 0 0.002 0.117518 1 
21 2 57 0 0.04 0.233082 1 
22 2 57 0 0.032 0.0860836 1 
23 2 57 0 0.023 0.0787861 1 
24 2 57 0 0.035 0.0835557 1 
25 2 57 0.00245444 0.025 0.0834926 2 
26 2 57 0 0.038 0.0965984 1 
27 2 57 0 0.01 0.0795917 1 
28 2 57 0 0.008 0.0892555 1 
29 2 57 0 0.006 0.0968917 1 
30 2 57 0 0.003 0.0746396 1 
31 2 57 0 0.002 0.169836 1 
32 2 57 0 0.012 0.0881429 1 
0 2 58 0 0.044 0.080285 1 
1 2 58 0 0.033 0.0989232 1 
2 2 58 0 0.037 0.0745229 1 
3 2 58 0 0.042 0.0953958 1 
4 2 58 0 0.02 0.396507 1 
5 2 58 0 0.026 0.0899364 1 
6 2 58 0 0.04 0.10533 1 
7 2 58 0 0.021 0.0890195 1 
8 2 58 0.0509124 0.011 0.0913648 2 
9 2 58 0 0.004 0.0771783 1 
10 2 58 0 0.026 0.101678 1 
11 2 58 0 0.003 0.0551363 1 
12 2 58 0.00641181 0.012 0.0882901 2 
13 2 58 0 0.047 0.0868306 1 
14 2 58 0 0.028 0.0938619 1 
15 2 58 0 0.033 0.0913919 1 
16 2 58 0 0.03 0.0945912 1 
17 2 58 0 0.048 0.0865536 1 
18 2 58 0 0.029 0.089042 1 
19 2 58 0 0.033 0.109221 1 
20 2 58 0 0.037 0.0881732 1 
21 2 58 0.000515302 0.049 0.18688 2 
22 2 58 0 0.004 0.0838906 1 
23 2 58 0.00481315 0.026 0.0999548 2 
24 2 58 0 0.035 0.0859027 1 
25 2 58 0 0.038 0.101292 1 
26 2 58 0 0.043 0.0989363 1 
27 2 58 0 0.029 0.082621 1 
28 2 58 0 0.033 0.0883956 1 
29 2 58 0 0.018 0.0972499 1 
30 2 58 0 0.003 0.0928568 1 
31 2 58 0 0.031 0.182648 1 
32 2 58 0 0.038 0.113354 1 
0 2 59 0 0.019 0.0951184 1 
1 2 59 0.00778402 0.031 0.0943848 2 
2 2 59 0 0.033 0.106137 1 
3 2 59 0 0.026 0.0871074 1 
4 2 59 0.114099 0.002 0.11457 4 
5 2 59 0 0.007 0.395923 1 
6 2 59 0 0.021 0.0723849 1 
7 2 59 0 0.021 0.0834906 1 
8 2 59 0 0.008 0.364959 1 
9 2 59 0 0.028 0.0965906 1 
10 2 59 0 0.015 0.103963 1 
11 2 59 0 0.042 0.109281 1 
12 2 59 0 0.01 0.0959336 1 
13 2 59 0 0.017 0.079813 1 
14 2 59 0 0.012 0.0804145 1 
15 2 59 0 0.024 0.0901697 1 
16 2 59 0 0.003 0.0952481 1 
17 2 59 0 0.041 0.0943662 1 
18 2 59 0 0.009 0.0788675 1 
19 2 59 0 0.025 0.0834678 1 
20 2 59 0.0213856 0.02 0.0991964 2 
21 2 59 0 0.003 0.0747822 1 
22 2 59 0 0.02 0.0857922 1 
23 2 59 0.000159289 0.04 0.0861355 2 
24 2 59 0 0.025 0.0919731 1 
25 2 59 0.0171241 0.015 0.0958298 2 
26 2 59 0 0.049 0.0757164 1 
27 2 59 0 0.046 0.0792589 1 
28 2 59 0 0.028 0.0826664 1 
29 2 59 0 0.01 0.0891711 1 
30 2 59 0.189728 0.004 0.0959849 7 
31 2 59 0 0.019 0.184732 1 
32 2 59 0.0139193 0.005 0.10306 3 
0 2 60 0 0.028 0.0805296 1 
1 2 60 0 0.007 0.0802428 1 
2 2 60 0 0.045 0.107043 1 
3 2 60 0 0.006 0.0874802 1 
4 2 60 0.0452983 0.044 0.0746698 2 
5 2 60 0 0.041 0.0958541 1 
6 2 60 0 0.004 0.0884643 1 
7 2 60 0.0594497 0.002 0.086261 2 
8 2 60 0 0.04 0.0972287 1 
9 2 60 0 0.039 0.0910298 1 
10 2 60 0.0147316 0.009 0.0914215 2 
11 2 60 0 0.035 0.0916888 1 
12 2 60 0 0.037 0.0888746 1 
13 2 60 0 0.027 0.094934 1 
14 2 60 0 0.048 0.080373 1 
15 2 60 0 0.002 0.0764809 1 
16 2 60 0 0.048 0.0730789 1 
17 2 60 0 0.002 0.0748837 1 
18 2 60 0 0.037 0.0958376 1 
19 2 60 0 0.048 0.089029 1 
20 2 60 0.0980592 0.028 0.0871604 3 
21 2 60 0 0.02 0.221745 1 
22 2 60 0 0.021 0.102682 1 
23 2 60 0 0.019 0.0782901 1 
24 2 60 0 0.043 0.104283 1 
25 2 60 0 0.009 0.0790574 1 
26 2 60 0 0.038 0.0807458 1 
27 2 60 0 0.045 0.0842721 1 
28 2 60 0 0.036 0.0877135 1 
29 2 60 0 0.035 0.0700532 1 
30 2 60 0 0.002 0.0770053 1 
31 2 60 0 0.025 0.207698 1 
32 2 60 0 0.025 0.0800199 1 
