0 30 0 0.00314195 0.046 0.0137415 4 
1 30 0 0.000504864 0.001 0.0094933 2 
2 30 0 0 0.003 0.0104753 1 
3 30 0 0.000478226 0.017 0.0103338 1 
4 30 0 0.00201521 0.022 0.0083942 2 
5 30 0 0.0610806 0.041 0.00859334 3 
6 30 0 0 0.023 0.0152613 1 
7 30 0 0.00227048 0.002 0.0114459 2 
8 30 0 0.000478226 0.048 0.00905032 1 
9 30 0 0.0399427 0.005 0.0101435 42 
10 30 0 0.000478226 0.03 0.010289 1 
11 30 0 0.000478226 0.036 0.0141186 1 
12 30 0 0.000478226 0.025 0.0104241 1 
13 30 0 0.00161821 0.03 0.00903743 2 
14 30 0 0.000478226 0.015 0.00891802 1 
15 30 0 0.000609429 0.044 0.0087912 2 
16 30 0 0.000200427 0.003 0.0113906 1 
17 30 0 0.000478226 0.024 0.010854 1 
18 30 0 0 0.025 0.0114389 1 
19 30 0 0.00397643 0.005 0.0120351 9 
20 30 0 0.00187327 0.032 0.0112463 5 
21 30 0 0.000478226 0.011 0.010947 1 
22 30 0 0.0209353 0.001 0.0110165 33 
23 30 0 0.00521351 0.045 0.00748949 5 
24 30 0 0.000333123 0.042 0.011754 2 
25 30 0 0.00554802 0.008 0.0100565 6 
26 30 0 0.00106583 0.012 0.0117658 3 
27 30 0 0.00231765 0.033 0.00992067 4 
28 30 0 0.000478226 0.02 0.0100408 1 
29 30 0 0 0.013 0.0122332 2 
30 30 0 1 0.001 0.0331893 2 
31 30 0 0.000478226 0.023 0.0104536 1 
32 30 0 0.000916405 0.002 0.00953272 2 
0 30 1 0.00155653 0.035 0.0101144 3 
1 30 1 0.00111063 0.004 0.0130308 3 
2 30 1 0 0.013 0.0126148 2 
3 30 1 0.00660598 0.046 0.00788862 11 
4 30 1 0 0.026 0.0175421 1 
5 30 1 0 0.023 0.0137168 1 
6 30 1 0 0.014 0.0148424 1 
7 30 1 0.0154534 0.035 0.0104086 11 
8 30 1 2.11149e-06 0.049 0.00823349 2 
9 30 1 0 0.048 0.00932766 1 
10 30 1 0.00117665 0.008 0.0100949 3 
11 30 1 0 0.035 0.0116968 1 
12 30 1 0.00356795 0.026 0.00885184 8 
13 30 1 0.0138529 0.011 0.00773388 16 
14 30 1 0 0.002 0.0130563 1 
15 30 1 0.000854407 0.034 0.00910211 2 
16 30 1 0.000477025 0.038 0.011194 1 
17 30 1 0.0125284 0.013 0.0134541 21 
18 30 1 0.000284678 0.047 0.01138 2 
19 30 1 0 0.027 0.0093487 1 
20 30 1 0.0139369 0.005 0.0100631 11 
21 30 1 0 0.029 0.0137049 1 
22 30 1 0.00503301 0.013 0.0114411 3 
23 30 1 0.000208531 0.005 0.0133111 2 
24 30 1 0 0.02 0.0119797 1 
25 30 1 0.000329419 0.025 0.011479 2 
26 30 1 0 0.032 0.0110221 1 
27 30 1 0 0.006 0.010683 1 
28 30 1 0 0.022 0.0102284 1 
29 30 1 0 0.017 0.0101836 1 
30 30 1 0.0260135 0.007 0.00792751 32 
31 30 1 4.48622e-05 0.029 0.00932026 2 
32 30 1 0.00414581 0.049 0.0141052 4 
0 30 2 0 0.048 0.0127118 1 
1 30 2 0 0.033 0.0123276 1 
2 30 2 0 0.041 0.0125958 1 
3 30 2 0 0.004 0.00911372 1 
4 30 2 0 0.046 0.0120848 1 
5 30 2 0 0.046 0.0154979 1 
6 30 2 0 0.016 0.0146634 1 
7 30 2 0.00540101 0.011 0.0124484 5 
8 30 2 0 0.015 0.0114995 1 
9 30 2 0 0.033 0.0112769 1 
10 30 2 0 0.029 0.0095701 1 
11 30 2 0 0.02 0.0108074 1 
12 30 2 0.00876806 0.023 0.0111017 8 
13 30 2 0.00400549 0.022 0.0106551 5 
14 30 2 0.0215004 0.005 0.0104182 36 
15 30 2 0.000344476 0.004 0.00944001 2 
16 30 2 0.000344476 0.034 0.0116033 2 
17 30 2 0 0.019 0.00974388 1 
18 30 2 0.000625694 0.029 0.0110752 2 
19 30 2 0.000576767 0.036 0.0076905 3 
20 30 2 0.00327768 0.028 0.0102401 5 
21 30 2 0.000207793 0.019 0.0131562 1 
22 30 2 0.00518295 0.003 0.012469 8 
23 30 2 0.000985131 0.006 0.0103079 2 
24 30 2 0.000885847 0.045 0.00977477 2 
25 30 2 0.00483842 0.039 0.0117432 5 
26 30 2 0.00720549 0.035 0.00960141 7 
27 30 2 0 0.008 0.0112818 1 
28 30 2 0 0.013 0.0117596 1 
29 30 2 0 0.028 0.0107202 2 
30 30 2 0 0.011 0.0111544 1 
31 30 2 0.000104285 0.049 0.00897603 2 
32 30 2 0.00123191 0.046 0.0120026 3 
0 30 3 0 0.006 0.0121562 1 
1 30 3 0.000348616 0.033 0.00992443 4 
2 30 3 0 0.039 0.0133782 1 
3 30 3 0.00714081 0.019 0.0113622 7 
4 30 3 0.00251616 0.007 0.00881893 3 
5 30 3 0 0.031 0.0110824 1 
6 30 3 0 0.017 0.0101796 2 
7 30 3 0 0.022 0.0103567 1 
8 30 3 0.00398377 0.046 0.01248 6 
9 30 3 0.00279866 0.023 0.0104984 4 
10 30 3 0 0.007 0.0128791 1 
11 30 3 0 0.01 0.0117884 1 
12 30 3 0.00259009 0.011 0.0128198 7 
13 30 3 0.00163214 0.002 0.00837841 2 
14 30 3 0 0.029 0.0106163 1 
15 30 3 0.000330165 0.011 0.0134554 2 
16 30 3 0.000330165 0.002 0.0104117 2 
17 30 3 0 0.038 0.00995891 1 
18 30 3 0 0.045 0.0121693 1 
19 30 3 0 0.006 0.0123373 1 
20 30 3 0 0.007 0.00879886 1 
21 30 3 0 0.002 0.010123 1 
22 30 3 0 0.03 0.0108532 1 
23 30 3 0 0.013 0.0111199 1 
24 30 3 0 0.045 0.0141035 1 
25 30 3 0.0162075 0.007 0.0100796 23 
26 30 3 0.00671892 0.011 0.00989678 14 
27 30 3 0.00114842 0.023 0.0121464 3 
28 30 3 0.000575702 0.005 0.0114036 2 
29 30 3 0 0.008 0.00851786 1 
30 30 3 0 0.038 0.00991308 1 
31 30 3 0.00010002 0.002 0.0105092 2 
32 30 3 0 0.019 0.0141019 1 
0 30 4 0.00912658 0.004 0.0120203 12 
1 30 4 0.00196668 0.002 0.0122627 5 
2 30 4 0 0.018 0.0121848 1 
3 30 4 0 0.007 0.0123152 1 
4 30 4 0 0.004 0.00964334 1 
5 30 4 0 0.047 0.0121659 1 
6 30 4 0 0.034 0.00796345 2 
7 30 4 0.00237009 0.005 0.0148618 7 
8 30 4 0.000748333 0.046 0.00943258 2 
9 30 4 0 0.043 0.0114383 1 
10 30 4 0 0.005 0.00921234 1 
11 30 4 0 0.034 0.0114079 2 
12 30 4 0.00165253 0.002 0.0100252 5 
13 30 4 0 0.044 0.00927364 1 
14 30 4 0 0.008 0.0132358 1 
15 30 4 0.000287026 0.002 0.0112829 2 
16 30 4 0.000287026 0.048 0.0115591 2 
17 30 4 3.24887e-05 0.033 0.0120089 2 
18 30 4 0 0.045 0.0113777 1 
19 30 4 0 0.046 0.0103463 1 
20 30 4 0 0.03 0.00838745 1 
21 30 4 0.000444447 0.007 0.0138176 2 
22 30 4 0 0.045 0.012302 1 
23 30 4 0 0.017 0.0123975 1 
24 30 4 0 0.031 0.0103836 1 
25 30 4 0.00880564 0.011 0.0110581 13 
26 30 4 0.00250578 0.02 0.00906274 2 
27 30 4 0 0.006 0.0104636 1 
28 30 4 0.000825044 0.021 0.0118902 2 
29 30 4 0 0.049 0.0117395 1 
30 30 4 0.026375 0.008 0.0149026 23 
31 30 4 0 0.027 0.0138219 1 
32 30 4 0 0.025 0.011687 1 
0 30 5 0 0.048 0.0117892 1 
1 30 5 0 0.018 0.0110189 1 
2 30 5 0 0.011 0.0134114 1 
3 30 5 0.00264095 0.011 0.0128845 10 
4 30 5 0.00124303 0.007 0.0111566 2 
5 30 5 0 0.048 0.0140275 1 
6 30 5 0 0.043 0.0119185 2 
7 30 5 0 0.03 0.0140351 1 
8 30 5 3.45375e-06 0.046 0.0102526 2 
9 30 5 0 0.042 0.0119629 1 
10 30 5 0 0.015 0.011045 1 
11 30 5 0 0.007 0.0120326 3 
12 30 5 0 0.03 0.0135247 1 
13 30 5 0.00153843 0.038 0.00791295 4 
14 30 5 0 0.002 0.0132243 1 
15 30 5 0 0.009 0.0126132 1 
16 30 5 0 0.009 0.0102337 1 
17 30 5 0.00544532 0.026 0.0118794 6 
18 30 5 0.000316911 0.024 0.0145436 2 
19 30 5 0.00279811 0.004 0.0112577 4 
20 30 5 0.00378205 0.027 0.011751 7 
21 30 5 0 0.025 0.011031 1 
22 30 5 0 0.004 0.0101075 1 
23 30 5 0.00258985 0.048 0.0117522 2 
24 30 5 0 0.047 0.0123067 1 
25 30 5 0 0.047 0.0115915 1 
26 30 5 0.000599239 0.013 0.0127152 2 
27 30 5 0.0181507 0.012 0.0103839 23 
28 30 5 0.00161701 0.02 0.0113769 2 
29 30 5 0 0.041 0.0121999 1 
30 30 5 0.000961426 0.001 0.0123785 2 
31 30 5 0 0.015 0.0121474 1 
32 30 5 0 0.042 0.0109789 1 
0 30 6 0 0.003 0.0138442 1 
1 30 6 0 0.006 0.0119102 1 
2 30 6 0 0.026 0.00939638 1 
3 30 6 0 0.017 0.0108875 1 
4 30 6 0 0.047 0.0107125 1 
5 30 6 0 0.005 0.00872388 1 
6 30 6 0 0.006 0.0117782 1 
7 30 6 0 0.023 0.0124924 1 
8 30 6 0.00425927 0.017 0.0122045 5 
9 30 6 0 0.043 0.0126821 1 
10 30 6 0 0.023 0.012888 1 
11 30 6 0.000487902 0.01 0.0120476 3 
12 30 6 0.00274726 0.001 0.00725669 2 
13 30 6 0.00212419 0.004 0.0122176 8 
14 30 6 0.0024539 0.008 0.0113501 11 
15 30 6 0 0.03 0.0129291 1 
16 30 6 0 0.041 0.0103991 1 
17 30 6 0 0.047 0.00987183 1 
18 30 6 0.000362907 0.046 0.0112625 2 
19 30 6 0.0103835 0.032 0.0102999 5 
20 30 6 0 0.047 0.012528 1 
21 30 6 0 0.036 0.00760254 1 
22 30 6 0.00984837 0.018 0.010286 15 
23 30 6 0.000744746 0.045 0.010778 2 
24 30 6 0 0.011 0.00896295 1 
25 30 6 0.0017136 0.012 0.0126283 2 
26 30 6 0 0.046 0.0079162 1 
27 30 6 0.000810542 0.03 0.0119947 3 
28 30 6 0.000362907 0.015 0.00878926 2 
29 30 6 0.000597478 0.003 0.0140161 3 
30 30 6 0 0.03 0.00957148 1 
31 30 6 0 0.015 0.012931 1 
32 30 6 0.00192594 0.006 0.00992111 3 
0 30 7 0.00414958 0.018 0.011999 3 
1 30 7 0.00374614 0.009 0.011023 10 
2 30 7 0 0.043 0.0127601 1 
3 30 7 0 0.048 0.0128936 1 
4 30 7 0 0.006 0.00980469 1 
5 30 7 0.00370828 0.037 0.013178 2 
6 30 7 0 0.015 0.0124119 1 
7 30 7 0 0.004 0.0103525 1 
8 30 7 0 0.044 0.0128508 1 
9 30 7 0 0.012 0.00766782 1 
10 30 7 0 0.019 0.0117607 1 
11 30 7 0.000301226 0.009 0.0156396 3 
12 30 7 0.00582187 0.003 0.0117771 15 
13 30 7 0.0380322 0.001 0.00868809 44 
14 30 7 0 0.038 0.0102847 1 
15 30 7 0.000396886 0.005 0.0106049 2 
16 30 7 0.000396886 0.032 0.0109191 2 
17 30 7 0.0215018 0.013 0.0129039 26 
18 30 7 0.000380219 0.01 0.0100652 2 
19 30 7 0.000801997 0.027 0.0117801 2 
20 30 7 9.58298e-05 0.013 0.0114842 3 
21 30 7 0.000406518 0.029 0.0130843 2 
22 30 7 0 0.047 0.0106711 1 
23 30 7 0.00369568 0.036 0.010937 4 
24 30 7 0 0.025 0.0137482 1 
25 30 7 0.0488148 0.003 0.0127557 56 
26 30 7 0.014377 0.036 0.0110008 9 
27 30 7 0.00781843 0.008 0.0105031 10 
28 30 7 0.000349709 0.022 0.0116483 3 
29 30 7 0 0.013 0.0108762 1 
30 30 7 0.0100698 0.008 0.0106247 22 
31 30 7 0 0.04 0.00608395 1 
32 30 7 0 0.041 0.0111818 1 
0 30 8 0.000499337 0.028 0.0119098 3 
1 30 8 0.00341733 0.03 0.00970943 5 
2 30 8 0.000205124 0.022 0.00924798 1 
3 30 8 0 0.028 0.0122834 1 
4 30 8 0 0.047 0.0119192 1 
5 30 8 0.00251017 0.028 0.00894351 2 
6 30 8 0 0.03 0.0123298 1 
7 30 8 0 0.025 0.0084803 1 
8 30 8 0.00134668 0.033 0.015552 1 
9 30 8 0.0185148 0.008 0.0102348 22 
10 30 8 0 0.015 0.0110078 1 
11 30 8 0 0.037 0.00940359 1 
12 30 8 0.00285448 0.03 0.00839904 4 
13 30 8 0.00277589 0.016 0.0121799 5 
14 30 8 0.0131362 0.018 0.010605 16 
15 30 8 0.000349185 0.014 0.0144241 2 
16 30 8 0.000349185 0.047 0.00942343 2 
17 30 8 0 0.019 0.0128591 1 
18 30 8 0.000365065 0.015 0.0123342 2 
19 30 8 0.00105935 0.018 0.0117327 4 
20 30 8 0 0.038 0.0118331 1 
21 30 8 0 0.046 0.0121882 1 
22 30 8 0.00255658 0.02 0.0106678 7 
23 30 8 0.00517675 0.009 0.00975372 5 
24 30 8 0 0.049 0.0103793 1 
25 30 8 4.33163e-06 0.017 0.0101081 2 
26 30 8 0.0214189 0.008 0.0109576 24 
27 30 8 0 0.049 0.0121474 1 
28 30 8 0.00036288 0.042 0.0139499 3 
29 30 8 0.0033988 0.012 0.0106467 2 
30 30 8 0 0.032 0.00874567 1 
31 30 8 0 0.02 0.00988955 1 
32 30 8 0.00447294 0.03 0.0133041 3 
0 30 9 0.00831217 0.015 0.0106661 8 
1 30 9 0 0.019 0.0114234 1 
2 30 9 0 0.048 0.0109315 1 
3 30 9 0.000719479 0.035 0.0150255 2 
4 30 9 0.00177406 0.028 0.011964 2 
5 30 9 0 0.005 0.00916839 1 
6 30 9 0.000226804 0.047 0.0103906 2 
7 30 9 0.000375059 0.018 0.0114659 2 
8 30 9 0 0.038 0.0121256 1 
9 30 9 0 0.017 0.0121822 1 
10 30 9 0 0.007 0.0111203 1 
11 30 9 0 0.012 0.00804539 1 
12 30 9 0 0.013 0.0123594 1 
13 30 9 0.011689 0.002 0.0106174 11 
14 30 9 0.0108642 0.009 0.0109954 15 
15 30 9 0 0.035 0.0109375 1 
16 30 9 0 0.048 0.0136648 1 
17 30 9 0 0.049 0.00911195 1 
18 30 9 0.000319585 0.049 0.0125689 2 
19 30 9 0.000388281 0.005 0.0102224 2 
20 30 9 0 0.003 0.0124836 1 
21 30 9 0 0.004 0.0105627 1 
22 30 9 0.0146321 0.009 0.0102718 13 
23 30 9 0 0.025 0.0103978 1 
24 30 9 0 0.04 0.00887493 1 
25 30 9 0.0033225 0.008 0.0101304 6 
26 30 9 0 0.023 0.0100855 1 
27 30 9 0 0.043 0.013092 1 
28 30 9 0 0.036 0.0142767 1 
29 30 9 0.000288908 0.038 0.0107816 2 
30 30 9 0.0067886 0.001 0.00957187 16 
31 30 9 0 0.011 0.0105635 1 
32 30 9 0 0.003 0.00862993 1 
0 30 10 0 0.029 0.00909207 1 
1 30 10 0 0.003 0.00887801 1 
2 30 10 0 0.025 0.011014 1 
3 30 10 0 0.041 0.0128631 1 
4 30 10 0 0.034 0.0114048 1 
5 30 10 0.00304451 0.019 0.0131741 2 
6 30 10 0 0.047 0.00944993 1 
7 30 10 0 0.041 0.011115 1 
8 30 10 0 0.03 0.0130512 1 
9 30 10 0 0.015 0.0079818 1 
10 30 10 2.342e-05 0.004 0.0117692 2 
11 30 10 0 0.038 0.0123523 1 
12 30 10 0 0.001 0.0104159 1 
13 30 10 0 0.038 0.0120165 1 
14 30 10 0.0117543 0.043 0.01198 7 
15 30 10 0 0.013 0.0106639 1 
16 30 10 0 0.026 0.0103692 1 
17 30 10 0 0.002 0.00919494 1 
18 30 10 0.000305545 0.047 0.010345 2 
19 30 10 0.000231908 0.002 0.0135208 2 
20 30 10 0 0.025 0.010867 1 
21 30 10 8.03135e-05 0.044 0.0080182 2 
22 30 10 0 0.009 0.0135028 1 
23 30 10 0.00206977 0.011 0.0113317 2 
24 30 10 0.000305545 0.029 0.0116231 2 
25 30 10 0 0.039 0.00905712 1 
26 30 10 0 0.013 0.0113171 1 
27 30 10 0.0229341 0.004 0.0115689 37 
28 30 10 0 0.045 0.0119122 1 
29 30 10 0 0.048 0.012453 1 
30 30 10 0 0.013 0.00980103 1 
31 30 10 0 0.031 0.0112814 1 
32 30 10 0 0.045 0.0114878 1 
0 30 11 0 0.03 0.0125973 1 
1 30 11 0 0.039 0.00970975 1 
2 30 11 0 0.03 0.0135063 1 
3 30 11 0.013575 0.002 0.00968866 72 
4 30 11 0 0.003 0.0101707 1 
5 30 11 0 0.021 0.00886869 1 
6 30 11 0.000487503 0.008 0.0131004 1 
7 30 11 0.0108448 0.007 0.00987959 11 
8 30 11 0 0.034 0.0107057 1 
9 30 11 0.00037822 0.013 0.0102411 2 
10 30 11 0.000130476 0.043 0.0105707 2 
11 30 11 0 0.045 0.0136893 1 
12 30 11 0.000286195 0.021 0.0103444 2 
13 30 11 0.00148008 0.011 0.0109627 6 
14 30 11 0 0.01 0.0123659 1 
15 30 11 0 0.034 0.0104681 1 
16 30 11 0.000277926 0.01 0.01478 2 
17 30 11 0.00751885 0.001 0.0122519 11 
18 30 11 0 0.009 0.00891814 1 
19 30 11 0 0.028 0.012225 1 
20 30 11 0.00923857 0.013 0.0103384 6 
21 30 11 0 0.013 0.0138196 2 
22 30 11 0 0.001 0.00741501 1 
23 30 11 0 0.001 0.0096479 1 
24 30 11 0.000263927 0.048 0.0106633 2 
25 30 11 0.0101188 0.01 0.010615 26 
26 30 11 0.01366 0.006 0.0122985 20 
27 30 11 0 0.008 0.0100618 1 
28 30 11 0 0.023 0.0109018 1 
29 30 11 0 0.02 0.0114626 1 
30 30 11 0.00111943 0.019 0.00744071 4 
31 30 11 0.000331586 0.045 0.0107366 2 
32 30 11 0.000831657 0.046 0.00881821 2 
0 30 12 0 0.021 0.0094736 1 
1 30 12 0 0.034 0.0122189 1 
2 30 12 0 0.048 0.00930583 1 
3 30 12 0.00224182 0.009 0.0136281 3 
4 30 12 0.000619769 0.012 0.0121098 2 
5 30 12 0 0.024 0.0125455 1 
6 30 12 0 0.041 0.0130619 1 
7 30 12 0.00281614 0.011 0.00951166 4 
8 30 12 0 0.023 0.0108825 1 
9 30 12 0.00331525 0.013 0.00812461 12 
10 30 12 0 0.028 0.00928087 1 
11 30 12 0.00027228 0.024 0.013358 3 
12 30 12 0.0150234 0.029 0.0094934 12 
13 30 12 0 0.027 0.0140271 1 
14 30 12 0.0101302 0.013 0.0120767 15 
15 30 12 0 0.042 0.012258 1 
16 30 12 0.000237864 0.047 0.0125677 2 
17 30 12 0 0.023 0.0105528 1 
18 30 12 0 0.011 0.00835301 1 
19 30 12 0.000352287 0.006 0.010893 3 
20 30 12 0.00168958 0.049 0.0095019 2 
21 30 12 0 0.005 0.0143954 1 
22 30 12 0 0.015 0.00822313 1 
23 30 12 0 0.049 0.00878901 1 
24 30 12 0.000251053 0.032 0.0103146 2 
25 30 12 0 0.029 0.0092138 1 
26 30 12 0.00631732 0.041 0.0121442 12 
27 30 12 0 0.003 0.0120326 1 
28 30 12 0 0.045 0.0107167 1 
29 30 12 0 0.045 0.0122039 1 
30 30 12 0.0116721 0.012 0.0127641 23 
31 30 12 0 0.041 0.0111477 1 
32 30 12 0.00100228 0.004 0.012425 2 
0 30 13 0 0.042 0.0121128 1 
1 30 13 0.00127049 0.041 0.00972204 3 
2 30 13 0 0.005 0.0100512 1 
3 30 13 0 0.043 0.012277 1 
4 30 13 0 0.034 0.0152749 1 
5 30 13 0 0.016 0.0142936 1 
6 30 13 0.000162814 0.005 0.0122629 2 
7 30 13 0.00449198 0.011 0.00967202 7 
8 30 13 0 0.025 0.0125512 1 
9 30 13 0 0.033 0.0116639 1 
10 30 13 0 0.016 0.0122706 1 
11 30 13 0.000364901 0.045 0.0108741 3 
12 30 13 0.000616607 0.032 0.0117873 2 
13 30 13 0 0.007 0.00932461 1 
14 30 13 0 0.016 0.00697483 1 
15 30 13 0 0.042 0.00984709 1 
16 30 13 0 0.015 0.0102515 1 
17 30 13 0.0107862 0.001 0.0146665 27 
18 30 13 0 0.025 0.00980934 1 
19 30 13 0 0.027 0.00841353 1 
20 30 13 0.00167682 0.038 0.012126 2 
21 30 13 0 0.003 0.0118029 1 
22 30 13 0 0.013 0.00992267 1 
23 30 13 0 0.012 0.0111675 1 
24 30 13 0 0.019 0.0133909 1 
25 30 13 0.00344168 0.014 0.00886746 2 
26 30 13 0 0.021 0.0119943 1 
27 30 13 0.000302153 0.026 0.00820219 2 
28 30 13 0 0.028 0.0117679 1 
29 30 13 0 0.036 0.0118477 1 
30 30 13 0.000560049 0.008 0.0117701 2 
31 30 13 0.000540699 0.01 0.0129984 2 
32 30 13 0.035365 0.005 0.00958481 38 
0 30 14 0 0.033 0.0119504 1 
1 30 14 0.00150953 0.019 0.0108956 2 
2 30 14 0.000873585 0.011 0.00812049 4 
3 30 14 0 0.003 0.012596 1 
4 30 14 0.000154203 0.026 0.00656271 2 
5 30 14 0.00325216 0.043 0.0115291 2 
6 30 14 0 0.022 0.0105318 1 
7 30 14 0 0.028 0.0126925 1 
8 30 14 0 0.004 0.0109003 1 
9 30 14 0 0.041 0.00939467 1 
10 30 14 0 0.016 0.0132022 1 
11 30 14 0 0.019 0.0104949 1 
12 30 14 0 0.035 0.0104649 1 
13 30 14 0.00600261 0.003 0.0102451 6 
14 30 14 0.000203576 0.039 0.0104632 2 
15 30 14 0 0.033 0.00864802 1 
16 30 14 0 0.007 0.00982969 1 
17 30 14 0 0.012 0.0115415 1 
18 30 14 1.75925e-05 0.013 0.0077549 2 
19 30 14 0 0.021 0.0105131 1 
20 30 14 0 0.021 0.0105088 1 
21 30 14 0 0.049 0.0119519 1 
22 30 14 0 0.022 0.0125812 1 
23 30 14 0 0.033 0.00874131 5 
24 30 14 0 0.012 0.0116317 1 
25 30 14 0.00152495 0.026 0.00847717 2 
26 30 14 0 0.02 0.011675 1 
27 30 14 0 0.046 0.0114968 1 
28 30 14 0 0.03 0.00981239 1 
29 30 14 0 0.015 0.0110762 1 
30 30 14 0 0.045 0.0128891 1 
31 30 14 0.000391741 0.013 0.0139383 2 
32 30 14 0.00955764 0.004 0.0102863 11 
0 30 15 0.0184803 0.019 0.0109158 13 
1 30 15 0 0.047 0.0114492 1 
2 30 15 0 0.025 0.0124475 1 
3 30 15 0 0.014 0.0106677 1 
4 30 15 0.000942095 0.042 0.0105221 3 
5 30 15 0.00431577 0.002 0.00833544 2 
6 30 15 0 0.018 0.01208 1 
7 30 15 0 0.034 0.0103185 1 
8 30 15 0.00445205 0.004 0.0132123 6 
9 30 15 0.0135013 0.004 0.0112479 21 
10 30 15 0 0.036 0.00719618 1 
11 30 15 0 0.035 0.0108773 1 
12 30 15 0 0.017 0.0115947 1 
13 30 15 0.00205241 0.008 0.00995568 3 
14 30 15 0 0.047 0.0123318 1 
15 30 15 0 0.02 0.00920918 1 
16 30 15 0 0.001 0.00962983 1 
17 30 15 0.0103784 0.003 0.0120575 15 
18 30 15 0.000266174 0.04 0.0131054 2 
19 30 15 0.00389506 0.002 0.00962682 9 
20 30 15 0.000526822 0.045 0.00990092 2 
21 30 15 0 0.015 0.0111565 1 
22 30 15 0 0.024 0.011217 1 
23 30 15 0.00106131 0.021 0.011299 3 
24 30 15 0 0.031 0.0142964 1 
25 30 15 0 0.024 0.0125864 1 
26 30 15 0 0.032 0.0117381 1 
27 30 15 0.0424921 0.004 0.0107062 57 
28 30 15 0.000876352 0.028 0.0102001 4 
29 30 15 0.000237952 0.026 0.0108765 2 
30 30 15 0 0.025 0.0119528 1 
31 30 15 0.00022274 0.022 0.01167 2 
32 30 15 0.00254471 0.037 0.00925243 4 
0 30 16 0 0.046 0.0116394 1 
1 30 16 0.000819322 0.013 0.00633611 2 
2 30 16 0.00035455 0.016 0.00874771 3 
3 30 16 0.00348957 0.042 0.0121551 4 
4 30 16 0 0.009 0.0076053 1 
5 30 16 0.00365555 0.006 0.0111829 2 
6 30 16 0 0.01 0.00901671 1 
7 30 16 0.000310003 0.034 0.0100899 2 
8 30 16 0 0.032 0.00979139 1 
9 30 16 0 0.001 0.00968277 1 
10 30 16 0.000733936 0.021 0.00906536 2 
11 30 16 0 0.032 0.0127888 1 
12 30 16 1.95778e-05 0.001 0.0113863 2 
13 30 16 0.0270912 0.008 0.0098872 21 
14 30 16 0 0.007 0.0142011 1 
15 30 16 0 0.04 0.010745 1 
16 30 16 0 0.023 0.00747498 1 
17 30 16 0 0.007 0.00945203 1 
18 30 16 0.000253112 0.012 0.0159074 2 
19 30 16 0 0.028 0.0111394 1 
20 30 16 0.00543737 0.011 0.0101834 9 
21 30 16 0 0.029 0.0116457 1 
22 30 16 0 0.043 0.00851216 1 
23 30 16 0.00137702 0.004 0.009311 2 
24 30 16 0 0.009 0.0127743 1 
25 30 16 0.000965075 0.022 0.00958747 3 
26 30 16 0.0194696 0.009 0.0096954 30 
27 30 16 0.0178323 0.003 0.00953821 37 
28 30 16 0.000892561 0.04 0.0133811 4 
29 30 16 0.00120653 0.003 0.00992897 3 
30 30 16 0 0.012 0.0112641 1 
31 30 16 0 0.01 0.0137592 1 
32 30 16 0 0.033 0.0111254 1 
0 30 17 0 0.016 0.0128037 1 
1 30 17 0 0.013 0.010268 1 
2 30 17 0 0.035 0.00961654 1 
3 30 17 0 0.012 0.0108244 1 
4 30 17 0 0.013 0.0106225 1 
5 30 17 0 0.02 0.0106719 1 
6 30 17 0.000210529 0.03 0.0113957 2 
7 30 17 0 0.019 0.0094551 1 
8 30 17 0.000577583 0.014 0.0102741 2 
9 30 17 3.48734e-06 0.028 0.0111879 2 
10 30 17 0 0.032 0.0140177 1 
11 30 17 0 0.021 0.00992761 1 
12 30 17 0.00226305 0.037 0.0112554 2 
13 30 17 0.0118208 0.017 0.0115884 9 
14 30 17 0 0.043 0.0121344 1 
15 30 17 0 0.045 0.015405 1 
16 30 17 0 0.012 0.010711 1 
17 30 17 0.00171787 0.022 0.0138562 2 
18 30 17 0 0.008 0.0109452 1 
19 30 17 0.0037639 0.001 0.0102241 3 
20 30 17 0 0.013 0.00715306 1 
21 30 17 0 0.026 0.0101543 1 
22 30 17 0 0.022 0.0099576 1 
23 30 17 0 0.021 0.00878318 1 
24 30 17 0 0.033 0.0151606 1 
25 30 17 0.000450916 0.005 0.0106959 3 
26 30 17 0 0.048 0.00915388 1 
27 30 17 0 0.016 0.010634 1 
28 30 17 0 0.019 0.00872344 1 
29 30 17 0.000352044 0.033 0.0112097 3 
30 30 17 0.0223359 0.003 0.0112139 51 
31 30 17 0 0.039 0.0112369 1 
32 30 17 0.00504082 0.015 0.0119074 8 
0 30 18 0.00254434 0.008 0.0130573 4 
1 30 18 0.00167601 0.019 0.0114448 6 
2 30 18 0 0.007 0.01025 1 
3 30 18 0.0199787 0.004 0.0104456 25 
4 30 18 0 0.03 0.0116651 1 
5 30 18 0 0.03 0.0113447 1 
6 30 18 0.000369614 0.034 0.0107991 2 
7 30 18 0.00583422 0.02 0.0127203 5 
8 30 18 2.73648e-05 0.048 0.0117089 2 
9 30 18 0.0115945 0.008 0.00948618 10 
10 30 18 0 0.026 0.00951994 1 
11 30 18 0 0.019 0.0127098 1 
12 30 18 0.000552126 0.013 0.0124431 2 
13 30 18 0.00578562 0.003 0.00975377 9 
14 30 18 0.0401083 0.002 0.0111419 57 
15 30 18 0 0.007 0.0163778 1 
16 30 18 0 0.031 0.0104071 1 
17 30 18 0 0.037 0.00842571 1 
18 30 18 0 0.018 0.00954746 1 
19 30 18 0.000325633 0.003 0.0107863 2 
20 30 18 0.000960681 0.043 0.0096463 4 
21 30 18 0 0.048 0.0133159 1 
22 30 18 0 0.001 0.0114447 1 
23 30 18 0.000138999 0.019 0.0136597 2 
24 30 18 0 0.002 0.0114242 1 
25 30 18 0.0293867 0.002 0.0131131 29 
26 30 18 0 0.049 0.0118362 1 
27 30 18 0 0.002 0.00969731 1 
28 30 18 0.00175978 0.026 0.0111722 2 
29 30 18 0.000897934 0.037 0.0128056 4 
30 30 18 0.00775653 0.021 0.0146604 7 
31 30 18 0 0.025 0.0109168 1 
32 30 18 0 0.036 0.0106124 1 
0 30 19 0 0.016 0.0116935 1 
1 30 19 0.0120909 0.026 0.0117218 8 
2 30 19 8.722e-05 0.027 0.0104301 2 
3 30 19 0 0.001 0.0106834 1 
4 30 19 0 0.016 0.00988364 1 
5 30 19 0 0.006 0.0143431 1 
6 30 19 0.000263752 0.043 0.0105185 2 
7 30 19 0 0.039 0.0106727 1 
8 30 19 0 0.027 0.0134183 1 
9 30 19 0 0.001 0.01169 1 
10 30 19 0 0.002 0.00972809 1 
11 30 19 0 0.005 0.0115161 1 
12 30 19 0 0.008 0.011985 1 
13 30 19 0.000875256 0.039 0.0106454 2 
14 30 19 0.00254552 0.027 0.0115752 3 
15 30 19 0 0.026 0.0100287 1 
16 30 19 0.000342619 0.029 0.0163898 2 
17 30 19 0.00104338 0.022 0.0101701 2 
18 30 19 0 0.017 0.0118965 1 
19 30 19 0 0.011 0.00772881 1 
20 30 19 0 0.002 0.0129269 1 
21 30 19 0 0.003 0.012548 1 
22 30 19 0.00266668 0.021 0.00790249 3 
23 30 19 0.00751472 0.047 0.00909266 6 
24 30 19 0 0.046 0.0117493 1 
25 30 19 0.00397889 0.009 0.0120236 7 
26 30 19 0.00951579 0.003 0.00965561 23 
27 30 19 0.0063099 0.027 0.00964641 5 
28 30 19 0.000326846 0.033 0.00989361 2 
29 30 19 0 0.014 0.00774308 1 
30 30 19 0.00545663 0.023 0.0128516 2 
31 30 19 0 0.01 0.00885718 1 
32 30 19 0.00602554 0.025 0.0112406 6 
0 30 20 0 0.02 0.0123054 1 
1 30 20 0.00329165 0.001 0.0107828 14 
2 30 20 0.000390403 0.045 0.0131246 2 
3 30 20 0.000408376 0.012 0.0125847 2 
4 30 20 0.000768163 0.022 0.0116935 1 
5 30 20 7.71429e-05 0.019 0.0117477 1 
6 30 20 0 0.029 0.0103343 1 
7 30 20 0.00181999 0.023 0.0129657 4 
8 30 20 0 0.032 0.0124353 1 
9 30 20 0.0006948 0.029 0.0108295 3 
10 30 20 0.00110574 0.033 0.00896653 3 
11 30 20 0 0.025 0.0111519 1 
12 30 20 0.00609051 0.023 0.0141204 7 
13 30 20 0 0.025 0.0107466 1 
14 30 20 0 0.032 0.0113086 1 
15 30 20 0 0.018 0.0124188 1 
16 30 20 0.000357876 0.003 0.0115102 2 
17 30 20 0 0.021 0.0119392 1 
18 30 20 0 0.003 0.00979371 1 
19 30 20 0.015542 0.036 0.00894943 9 
20 30 20 0.00588685 0.03 0.0119964 2 
21 30 20 0.000439285 0.042 0.0106399 2 
22 30 20 0 0.009 0.0130284 1 
23 30 20 0 0.017 0.00780135 1 
24 30 20 0 0.023 0.0111413 1 
25 30 20 0 0.02 0.00995497 1 
26 30 20 0.00400745 0.044 0.0105695 5 
27 30 20 0.00274495 0.006 0.0113705 2 
28 30 20 0 0.002 0.0113411 1 
29 30 20 0.000281594 0.044 0.0106159 3 
30 30 20 0.0022444 0.011 0.0109866 9 
31 30 20 0 0.027 0.0126752 1 
32 30 20 0 0.012 0.0125237 1 
0 30 21 0 0.021 0.0146647 1 
1 30 21 0 0.043 0.0105829 1 
2 30 21 0 0.045 0.0129059 1 
3 30 21 0 0.01 0.0117022 1 
4 30 21 4.8729e-05 0.012 0.0128924 2 
5 30 21 0 0.019 0.0105424 1 
6 30 21 0 0.027 0.00862339 1 
7 30 21 0 0.042 0.00919384 1 
8 30 21 0.000391056 0.011 0.0103909 2 
9 30 21 0.00791305 0.002 0.0105153 16 
10 30 21 0.00469066 0.007 0.0124465 8 
11 30 21 0.00118738 0.033 0.011673 2 
12 30 21 0.00113916 0.017 0.00816137 4 
13 30 21 0 0.026 0.0112543 1 
14 30 21 0.00346296 0.038 0.0115051 2 
15 30 21 0 0.003 0.00942704 1 
16 30 21 0.000343425 0.013 0.0114451 2 
17 30 21 0.0387744 0.002 0.0148865 67 
18 30 21 0 0.017 0.0125659 1 
19 30 21 0.00258118 0.009 0.00947896 3 
20 30 21 0.00514441 0.045 0.00979459 2 
21 30 21 0 0.032 0.0100723 1 
22 30 21 0.0166125 0.003 0.0132096 23 
23 30 21 0.00684558 0.01 0.0113524 8 
24 30 21 0.000240412 0.043 0.0104266 3 
25 30 21 0.0297201 0.008 0.0131994 24 
26 30 21 0 0.024 0.0124137 1 
27 30 21 0.00645627 0.012 0.0107092 11 
28 30 21 0 0.035 0.00959945 1 
29 30 21 0.00178653 0.01 0.0134649 5 
30 30 21 0 0.033 0.0114279 1 
31 30 21 0 0.031 0.0116518 1 
32 30 21 0.0184994 0.006 0.0112444 28 
0 30 22 0.00584937 0.029 0.011241 7 
1 30 22 0.000360996 0.04 0.00975985 2 
2 30 22 0.000127135 0.039 0.00932103 2 
3 30 22 0 0.048 0.00950339 1 
4 30 22 0.00270842 0.043 0.0125714 2 
5 30 22 0 0.015 0.0133323 1 
6 30 22 0.000439802 0.011 0.00877881 2 
7 30 22 0 0.049 0.0106764 1 
8 30 22 0 0.026 0.0163006 1 
9 30 22 0.00072859 0.037 0.00948473 2 
10 30 22 0.000806372 0.002 0.0144558 1 
11 30 22 0.000391205 0.011 0.0103351 2 
12 30 22 0 0.035 0.0112473 1 
13 30 22 0 0.022 0.0104784 1 
14 30 22 0.000126785 0.006 0.00988501 3 
15 30 22 0.000358807 0.046 0.0107463 2 
16 30 22 0.000358807 0.04 0.0130682 2 
17 30 22 0 0.018 0.0150066 1 
18 30 22 0 0.012 0.00957821 1 
19 30 22 0 0.024 0.0119846 1 
20 30 22 0 0.047 0.00793114 1 
21 30 22 0 0.006 0.0109778 1 
22 30 22 0 0.03 0.00977655 1 
23 30 22 0 0.034 0.0108989 1 
24 30 22 0.000375006 0.004 0.00914461 2 
25 30 22 0.000315529 0.017 0.0105329 3 
26 30 22 0 0.006 0.00912599 1 
27 30 22 0 0.025 0.0131284 1 
28 30 22 0 0.015 0.00881355 1 
29 30 22 0.00103245 0.008 0.0109439 2 
30 30 22 0.00138935 0.042 0.00931596 2 
31 30 22 0 0.002 0.0151456 1 
32 30 22 0 0.015 0.0141468 1 
0 30 23 0.0169392 0.001 0.0112701 17 
1 30 23 0.00119213 0.005 0.010004 2 
2 30 23 0.000312967 0.03 0.0123582 2 
3 30 23 0 0.049 0.0102086 1 
4 30 23 0.000151365 0.041 0.0093661 2 
5 30 23 0 0.021 0.0106123 1 
6 30 23 0.000266025 0.026 0.0134221 2 
7 30 23 4.10977e-05 0.026 0.00684096 2 
8 30 23 0 0.022 0.00906319 1 
9 30 23 0 0.04 0.0112314 1 
10 30 23 0 0.048 0.012053 1 
11 30 23 0 0.001 0.0116022 1 
12 30 23 2.05502e-05 0.018 0.0138076 2 
13 30 23 0.00518606 0.011 0.0111359 18 
14 30 23 0 0.02 0.0126359 1 
15 30 23 0.000344262 0.004 0.0125709 2 
16 30 23 0.000344262 0.038 0.0108573 2 
17 30 23 0 0.034 0.0112748 1 
18 30 23 0 0.004 0.013572 1 
19 30 23 0.000318854 0.013 0.0128141 2 
20 30 23 0 0.035 0.0133483 1 
21 30 23 0 0.001 0.0110689 1 
22 30 23 0.0179649 0.004 0.0109078 33 
23 30 23 0.00279502 0.004 0.0118669 3 
24 30 23 0.000328615 0.016 0.0111196 2 
25 30 23 0.000377652 0.04 0.0105826 2 
26 30 23 0.00841166 0.009 0.0119003 12 
27 30 23 0.00998003 0.007 0.0107883 15 
28 30 23 0.000328615 0.033 0.00993836 2 
29 30 23 0.000839805 0.027 0.0104536 2 
30 30 23 0.00637734 0.011 0.010824 18 
31 30 23 0 0.044 0.0110876 1 
32 30 23 0 0.046 0.0126146 1 
0 30 24 0.00236255 0.003 0.00819806 3 
1 30 24 0.0221171 0.009 0.010862 32 
2 30 24 0.000279678 0.003 0.0129114 3 
3 30 24 0 0.023 0.0117592 1 
4 30 24 0.00136237 0.025 0.00866556 2 
5 30 24 0 0.008 0.0117071 1 
6 30 24 0 0.014 0.0134743 1 
7 30 24 0 0.007 0.0107847 1 
8 30 24 0.00191672 0.033 0.00818222 3 
9 30 24 0 0.039 0.011043 1 
10 30 24 0.00143515 0.014 0.0117445 1 
11 30 24 0 0.012 0.0107726 1 
12 30 24 0.000431719 0.011 0.0109981 2 
13 30 24 0 0.032 0.0116135 1 
14 30 24 0 0.003 0.0100653 1 
15 30 24 0 0.012 0.0132909 1 
16 30 24 0.000298989 0.03 0.0118867 2 
17 30 24 0.0254872 0.001 0.0109934 72 
18 30 24 0.000313822 0.029 0.00762181 2 
19 30 24 0.00194395 0.01 0.00962107 2 
20 30 24 0 0.007 0.0129393 1 
21 30 24 0 0.018 0.0107124 1 
22 30 24 0 0.046 0.0124386 1 
23 30 24 0.00165315 0.044 0.0104856 3 
24 30 24 0.000313822 0.024 0.0109229 2 
25 30 24 0 0.011 0.0134577 1 
26 30 24 0 0.023 0.00915708 1 
27 30 24 0.000170342 0.004 0.0082754 2 
28 30 24 0 0.008 0.0109102 1 
29 30 24 0 0.041 0.011917 1 
30 30 24 0 0.005 0.0124075 1 
31 30 24 0 0.039 0.0131256 1 
32 30 24 0 0.049 0.0112335 1 
0 30 25 0 0.01 0.0111043 1 
1 30 25 0 0.023 0.0118381 1 
2 30 25 0.000365428 0.046 0.0094345 3 
3 30 25 0.00205347 0.034 0.00885168 8 
4 30 25 0.00141484 0.005 0.0130319 1 
5 30 25 0.000724265 0.004 0.0196391 1 
6 30 25 0 0.035 0.0103483 1 
7 30 25 0.00182871 0.04 0.0100426 4 
8 30 25 0 0.041 0.013007 1 
9 30 25 0.00433931 0.016 0.0109833 9 
10 30 25 0.00172104 0.037 0.0128748 1 
11 30 25 0 0.002 0.0122238 1 
12 30 25 0.00122029 0.002 0.0118262 4 
13 30 25 0.00506704 0.016 0.0101604 6 
14 30 25 0 0.037 0.00934801 1 
15 30 25 0 0.024 0.0128378 1 
16 30 25 0.000285695 0.016 0.012818 2 
17 30 25 0 0.01 0.013375 1 
18 30 25 0.000271413 0.009 0.00925257 2 
19 30 25 0.00571402 0.01 0.0118556 10 
20 30 25 0.00404398 0.022 0.0101164 7 
21 30 25 3.79752e-05 0.046 0.00908725 2 
22 30 25 0 0.038 0.0113879 1 
23 30 25 0 0.047 0.0124155 1 
24 30 25 0.000271413 0.038 0.0127751 2 
25 30 25 0.0471836 0.002 0.0125557 48 
26 30 25 0 0.049 0.0124641 1 
27 30 25 0 0.014 0.0102573 1 
28 30 25 0 0.026 0.00911283 1 
29 30 25 0.000242849 0.021 0.0121649 2 
30 30 25 0 0.043 0.0137583 1 
31 30 25 0 0.031 0.015437 1 
32 30 25 9.58812e-06 0.003 0.00894099 2 
0 30 26 0.000844843 0.006 0.0103897 5 
1 30 26 0.0161645 0.003 0.0108452 22 
2 30 26 0.000386699 0.049 0.0144461 3 
3 30 26 0 0.03 0.0130076 1 
4 30 26 0 0.009 0.0086809 1 
5 30 26 0 0.026 0.0129253 1 
6 30 26 0.000311722 0.023 0.0159634 2 
7 30 26 0 0.031 0.0130457 1 
8 30 26 0 0.005 0.00909472 1 
9 30 26 0 0.028 0.0110318 1 
10 30 26 0 0.013 0.0105806 1 
11 30 26 0 0.026 0.0117594 1 
12 30 26 0.000675714 0.006 0.00957038 5 
13 30 26 0 0.048 0.0106873 1 
14 30 26 0 0.023 0.0092201 1 
15 30 26 0 0.035 0.0128517 1 
16 30 26 0 0.032 0.0124523 1 
17 30 26 0.00279896 0.028 0.0131316 4 
18 30 26 0.000357705 0.016 0.00929614 3 
19 30 26 0.00277162 0.037 0.0115453 2 
20 30 26 0 0.016 0.0108161 1 
21 30 26 0 0.031 0.009343 1 
22 30 26 0.000993192 0.014 0.0101954 3 
23 30 26 0.0108471 0.013 0.0121863 10 
24 30 26 0.0002579 0.049 0.0135124 2 
25 30 26 0.00507929 0.02 0.00759306 9 
26 30 26 0.000996719 0.019 0.0148119 3 
27 30 26 0.0109006 0.007 0.0118159 12 
28 30 26 0 0.02 0.0117879 1 
29 30 26 0.000284811 0.047 0.0137853 2 
30 30 26 0.0184522 0.009 0.0120289 30 
31 30 26 0 0.037 0.0153107 1 
32 30 26 0 0.01 0.00950019 1 
0 30 27 0 0.006 0.0120412 1 
1 30 27 0 0.041 0.0100988 1 
2 30 27 0 0.035 0.0078006 1 
3 30 27 0 0.012 0.0125505 1 
4 30 27 0.00215896 0.01 0.0087898 2 
5 30 27 0.000513507 0.044 0.0133333 1 
6 30 27 0.000167839 0.019 0.013569 2 
7 30 27 0 0.017 0.0105845 1 
8 30 27 0.000770002 0.027 0.014912 6 
9 30 27 0 0.021 0.0124511 1 
10 30 27 0.00501808 0.02 0.0128344 3 
11 30 27 0 0.012 0.0128288 1 
12 30 27 0 0.02 0.0142791 1 
13 30 27 0 0.013 0.0114181 1 
14 30 27 0 0.003 0.0134427 1 
15 30 27 0 0.01 0.0122609 1 
16 30 27 0 0.017 0.0129591 1 
17 30 27 0.00420127 0.02 0.0126818 7 
18 30 27 0 0.007 0.00975078 1 
19 30 27 0 0.04 0.013229 1 
20 30 27 0.0080902 0.035 0.0137307 4 
21 30 27 0 0.005 0.0106136 1 
22 30 27 0.00157989 0.003 0.0108795 3 
23 30 27 0 0.039 0.0106516 1 
24 30 27 0.00033321 0.001 0.0116348 3 
25 30 27 0 0.006 0.0103494 1 
26 30 27 0.00114824 0.003 0.00942615 5 
27 30 27 0.0352074 0.002 0.0106278 55 
28 30 27 0 0.012 0.00940951 1 
29 30 27 0.00019365 0.002 0.0162639 2 
30 30 27 0.0173823 0.006 0.0108622 33 
31 30 27 0.000725282 0.005 0.0116853 2 
32 30 27 0.000828216 0.009 0.00725316 2 
0 30 28 0 0.002 0.0124643 1 
1 30 28 0.000730041 0.047 0.00999371 4 
2 30 28 0 0.02 0.0111519 1 
3 30 28 0 0.024 0.0127772 1 
4 30 28 0 0.002 0.00930928 1 
5 30 28 0 0.002 0.0086559 1 
6 30 28 0 0.021 0.0083574 1 
7 30 28 0 0.03 0.0131142 1 
8 30 28 3.04778e-06 0.049 0.0173702 1 
9 30 28 1.49036e-05 0.016 0.00980313 2 
10 30 28 0.00012563 0.04 0.0173568 1 
11 30 28 0 0.049 0.0146687 1 
12 30 28 0 0.001 0.0113327 1 
13 30 28 0 0.024 0.0111907 1 
14 30 28 0 0.039 0.00960277 1 
15 30 28 0 0.039 0.0122665 1 
16 30 28 0 0.004 0.0127612 1 
17 30 28 0.0428864 0.001 0.0143315 67 
18 30 28 0.000258519 0.027 0.0116302 2 
19 30 28 0 0.005 0.0125972 1 
20 30 28 0.000245117 0.042 0.0115013 2 
21 30 28 0.000376839 0.024 0.0124301 3 
22 30 28 0.00233978 0.026 0.012283 3 
23 30 28 0 0.006 0.0111277 1 
24 30 28 0 0.021 0.0115448 1 
25 30 28 0 0.037 0.0106506 1 
26 30 28 0 0.008 0.0115175 1 
27 30 28 0 0.019 0.00851444 1 
28 30 28 0 0.024 0.0131895 1 
29 30 28 0.000285324 0.032 0.0108498 2 
30 30 28 0 0.002 0.00717985 1 
31 30 28 0 0.045 0.00914889 1 
32 30 28 0.000507853 0.009 0.0155816 4 
0 30 29 0.0127067 0.048 0.0120661 6 
1 30 29 0 0.011 0.00809139 1 
2 30 29 0 0.018 0.0116263 1 
3 30 29 0.0155287 0.013 0.0109996 18 
4 30 29 0 0.026 0.0124764 1 
5 30 29 0.00108667 0.014 0.0164616 1 
6 30 29 0 0.011 0.00934564 1 
7 30 29 0.0214231 0.006 0.0107278 18 
8 30 29 0 0.005 0.0119027 1 
9 30 29 0 0.002 0.00986307 1 
10 30 29 0 0.036 0.00886769 1 
11 30 29 0 0.021 0.0117695 1 
12 30 29 0 0.027 0.0082896 1 
13 30 29 0 0.024 0.0108005 1 
14 30 29 0.00824275 0.014 0.0105075 20 
15 30 29 0 0.034 0.00944045 1 
16 30 29 0 0.036 0.0128629 1 
17 30 29 0 0.03 0.00979572 1 
18 30 29 0 0.044 0.00831321 1 
19 30 29 0 0.041 0.00866967 1 
20 30 29 0 0.02 0.00913627 1 
21 30 29 0.000241571 0.03 0.00969975 3 
22 30 29 0.000225396 0.007 0.0108143 3 
23 30 29 0 0.019 0.0106041 1 
24 30 29 0 0.034 0.0103773 1 
25 30 29 0.000991956 0.024 0.0105194 2 
26 30 29 0.00700725 0.016 0.0107011 10 
27 30 29 0.0030475 0.049 0.0108661 3 
28 30 29 0.000220091 0.04 0.0102737 2 
29 30 29 0 0.004 0.0097876 1 
30 30 29 0.00490557 0.032 0.0124146 9 
31 30 29 0.000921879 0.046 0.0114784 2 
32 30 29 0.00262863 0.029 0.0120493 3 
0 30 30 0.00158163 0.021 0.0114662 2 
1 30 30 0 0.033 0.0106225 1 
2 30 30 0 0.029 0.0107586 1 
3 30 30 0 0.044 0.0123459 1 
4 30 30 0.000315952 0.036 0.0093516 3 
5 30 30 0 0.027 0.0108981 1 
6 30 30 0 0.009 0.0109063 1 
7 30 30 0.000341434 0.042 0.0111396 2 
8 30 30 0 0.043 0.0115301 1 
9 30 30 0 0.026 0.0113438 1 
10 30 30 0 0.049 0.0119563 1 
11 30 30 0 0.022 0.0103283 1 
12 30 30 0.0167247 0.028 0.0132586 18 
13 30 30 0 0.004 0.0120416 1 
14 30 30 0.0333021 0.006 0.0103345 37 
15 30 30 0 0.011 0.0124201 1 
16 30 30 0 0.038 0.00904634 1 
17 30 30 0 0.024 0.0116383 1 
18 30 30 0 0.038 0.0110981 1 
19 30 30 0 0.02 0.00670468 2 
20 30 30 0.00363647 0.003 0.0120412 11 
21 30 30 0 0.035 0.0100078 1 
22 30 30 0.00158311 0.02 0.00927182 2 
23 30 30 0.000268787 0.022 0.00794777 2 
24 30 30 0 0.043 0.0124866 1 
25 30 30 0.00163188 0.01 0.010927 4 
26 30 30 0 0.035 0.0102825 2 
27 30 30 0 0.008 0.0140721 1 
28 30 30 0.000207707 0.009 0.0125972 2 
29 30 30 0.00141079 0.033 0.0120017 5 
30 30 30 0.0123941 0.007 0.00981859 25 
31 30 30 0 0.039 0.0106824 1 
32 30 30 0 0.025 0.00954024 1 
0 30 31 0 0.015 0.0133295 1 
1 30 31 0 0.027 0.00804348 1 
2 30 31 0 0.034 0.0106528 1 
3 30 31 2.02885e-05 0.009 0.0126367 2 
4 30 31 0 0.041 0.011931 1 
5 30 31 0 0.006 0.0108326 1 
6 30 31 0 0.041 0.012637 1 
7 30 31 0 0.009 0.0144072 1 
8 30 31 0 0.04 0.0117616 1 
9 30 31 0.029733 0.007 0.00950962 33 
10 30 31 0 0.04 0.0105794 1 
11 30 31 0.000450867 0.017 0.0120232 3 
12 30 31 0.0230654 0.015 0.0124068 25 
13 30 31 0.000715241 0.014 0.00877334 3 
14 30 31 0.0128861 0.02 0.0113236 17 
15 30 31 0 0.045 0.0121278 1 
16 30 31 0 0.033 0.00796773 1 
17 30 31 0.00112144 0.004 0.0113451 4 
18 30 31 0 0.017 0.011877 1 
19 30 31 0 0.004 0.0135369 1 
20 30 31 0.000889794 0.037 0.00872458 2 
21 30 31 0 0.017 0.00949521 1 
22 30 31 0 0.043 0.0103254 1 
23 30 31 0 0.027 0.0120183 1 
24 30 31 0.000173365 0.048 0.0110963 2 
25 30 31 0.00352006 0.007 0.00941801 7 
26 30 31 0 0.02 0.0102975 1 
27 30 31 0 0.046 0.0141586 1 
28 30 31 0.000173365 0.045 0.0121796 2 
29 30 31 0.00160036 0.044 0.0120955 5 
30 30 31 0 0.048 0.0124946 1 
31 30 31 0.00126174 0.036 0.0118023 2 
32 30 31 0 0.046 0.0136654 1 
0 30 32 0 0.028 0.0122876 1 
1 30 32 0.00169714 0.022 0.0107377 3 
2 30 32 0.000220157 0.046 0.0123647 2 
3 30 32 0 0.042 0.0115832 1 
4 30 32 0 0.036 0.015767 1 
5 30 32 0 0.027 0.0128646 1 
6 30 32 0 0.031 0.0094553 1 
7 30 32 0.00227603 0.032 0.00796245 3 
8 30 32 0.001185 0.008 0.0129088 1 
9 30 32 0.00205446 0.041 0.00824099 5 
10 30 32 0 0.008 0.0121685 1 
11 30 32 0 0.041 0.0145147 1 
12 30 32 0 0.015 0.0125085 1 
13 30 32 0 0.042 0.00873896 1 
14 30 32 0 0.03 0.0112083 1 
15 30 32 0 0.015 0.00774418 1 
16 30 32 0 0.039 0.0104499 1 
17 30 32 0 0.025 0.0109036 1 
18 30 32 0.000163179 0.006 0.0130605 2 
19 30 32 0.000773086 0.028 0.0112559 2 
20 30 32 0 0.045 0.0101322 1 
21 30 32 0.00174902 0.031 0.00915875 2 
22 30 32 0 0.015 0.013044 1 
23 30 32 0 0.01 0.010963 1 
24 30 32 0 0.007 0.0133939 1 
25 30 32 0 0.048 0.0102025 1 
26 30 32 0 0.033 0.0114945 1 
27 30 32 0.00770333 0.013 0.0125732 12 
28 30 32 0.000456013 0.005 0.0113175 3 
29 30 32 0 0.021 0.00958134 1 
30 30 32 0 0.032 0.00675704 1 
31 30 32 0 0.008 0.0132513 1 
32 30 32 0 0.026 0.0130521 1 
0 30 33 0 0.013 0.0103379 1 
1 30 33 0 0.005 0.0100802 1 
2 30 33 0.000352351 0.049 0.0102141 3 
3 30 33 0.00902223 0.003 0.00972907 12 
4 30 33 0 0.039 0.0137102 1 
5 30 33 0 0.023 0.00947847 1 
6 30 33 0 0.033 0.0130377 1 
7 30 33 0.00195859 0.003 0.0127076 8 
8 30 33 0 0.038 0.00983643 1 
9 30 33 0.0132336 0.003 0.0116742 16 
10 30 33 0.00193353 0.014 0.0121517 3 
11 30 33 0 0.003 0.0117665 1 
12 30 33 0 0.02 0.0113168 1 
13 30 33 0 0.031 0.0110629 1 
14 30 33 2.99969e-05 0.001 0.0103456 3 
15 30 33 0 0.002 0.0132291 1 
16 30 33 0 0.038 0.0124031 1 
17 30 33 0 0.012 0.00772017 1 
18 30 33 0.000130928 0.012 0.0131575 2 
19 30 33 0 0.036 0.00960506 1 
20 30 33 0 0.004 0.0130925 1 
21 30 33 0.00229693 0.009 0.0113006 4 
22 30 33 0 0.026 0.0101571 1 
23 30 33 0.00045146 0.031 0.00882306 5 
24 30 33 0 0.042 0.0106148 1 
25 30 33 0.00450871 0.031 0.0134977 6 
26 30 33 0.000269412 0.025 0.00834064 3 
27 30 33 0 0.022 0.00764822 1 
28 30 33 0.00107576 0.017 0.0119557 2 
29 30 33 0 0.008 0.0118716 1 
30 30 33 0 0.03 0.00737852 1 
31 30 33 0 0.02 0.0104153 1 
32 30 33 0 0.039 0.0132285 1 
0 30 34 0.0343108 0.006 0.0101487 25 
1 30 34 0 0.016 0.00926998 1 
2 30 34 0.00359699 0.015 0.00892662 3 
3 30 34 0 0.028 0.0113364 1 
4 30 34 0.0060684 0.034 0.00871771 9 
5 30 34 0 0.012 0.0135744 1 
6 30 34 0.00020503 0.007 0.012446 2 
7 30 34 0.00304773 0.006 0.0136149 8 
8 30 34 2.49268e-05 0.025 0.00956877 2 
9 30 34 0 0.019 0.00997094 1 
10 30 34 0 0.013 0.0118502 1 
11 30 34 0 0.016 0.0123037 1 
12 30 34 0.00103486 0.007 0.0122 2 
13 30 34 0 0.001 0.0118466 1 
14 30 34 0 0.046 0.0119949 1 
15 30 34 0 0.025 0.01085 1 
16 30 34 0.000152115 0.021 0.0112244 2 
17 30 34 0 0.018 0.00815767 1 
18 30 34 0.000162698 0.013 0.0132563 2 
19 30 34 0.000653112 0.017 0.00964211 2 
20 30 34 0.00109341 0.006 0.0114311 4 
21 30 34 0 0.028 0.00945959 1 
22 30 34 0.000497952 0.013 0.0121534 2 
23 30 34 0.00258036 0.049 0.0115025 2 
24 30 34 0 0.009 0.0127545 1 
25 30 34 0.0265119 0.002 0.00879131 26 
26 30 34 0.00571107 0.013 0.00848303 8 
27 30 34 0.00203058 0.037 0.00941846 3 
28 30 34 0.000162698 0.011 0.0106075 2 
29 30 34 0.00182553 0.021 0.00998082 2 
30 30 34 0.00859581 0.028 0.0112689 5 
31 30 34 0 0.024 0.0112731 1 
32 30 34 0.00356085 0.005 0.00811124 6 
0 30 35 0 0.029 0.0116654 1 
1 30 35 0 0.041 0.0114118 1 
2 30 35 0.00336092 0.033 0.0118251 3 
3 30 35 0.0140822 0.013 0.00824765 14 
4 30 35 0 0.016 0.0103929 1 
5 30 35 0 0.039 0.0103867 1 
6 30 35 9.22728e-05 0.022 0.0112997 2 
7 30 35 0.00724639 0.01 0.0113277 8 
8 30 35 0 0.036 0.0133396 1 
9 30 35 0 0.005 0.00745237 1 
10 30 35 0 0.015 0.00802945 1 
11 30 35 0 0.019 0.00933434 1 
12 30 35 0 0.044 0.0112068 1 
13 30 35 0.00129862 0.028 0.00905456 2 
14 30 35 0 0.01 0.00976245 1 
15 30 35 0 0.037 0.0123165 1 
16 30 35 0.000142457 0.028 0.0118126 2 
17 30 35 0 0.018 0.0122691 1 
18 30 35 0 0.044 0.0149266 1 
19 30 35 0.00156753 0.011 0.0103503 3 
20 30 35 0.00146821 0.018 0.00694682 2 
21 30 35 0.00037733 0.043 0.0120673 3 
22 30 35 0 0.007 0.0110938 1 
23 30 35 0 0.044 0.00901363 1 
24 30 35 0 0.013 0.0140958 1 
25 30 35 0.00750414 0.04 0.00903411 7 
26 30 35 0.000142457 0.023 0.0124332 2 
27 30 35 0 0.046 0.0099103 1 
28 30 35 0.000770287 0.032 0.0104656 2 
29 30 35 0.000112347 0.024 0.0117487 2 
30 30 35 0 0.032 0.0103672 1 
31 30 35 0 0.017 0.0138698 1 
32 30 35 0.0134154 0.015 0.0110756 14 
0 30 36 0 0.017 0.00918345 1 
1 30 36 0 0.03 0.0105989 1 
2 30 36 0 0.004 0.0119131 1 
3 30 36 0 0.044 0.0118031 1 
4 30 36 0 0.017 0.0119422 1 
5 30 36 0 0.004 0.0108064 1 
6 30 36 0.000205232 0.024 0.0114723 2 
7 30 36 0 0.043 0.0114894 1 
8 30 36 0.000731672 0.041 0.0126097 1 
9 30 36 0 0.026 0.012714 1 
10 30 36 2.87134e-05 0.048 0.0167615 1 
11 30 36 0 0.005 0.00956337 1 
12 30 36 0.00400594 0.035 0.0104978 5 
13 30 36 0 0.004 0.00899604 1 
14 30 36 0.0416839 0.004 0.0129978 43 
15 30 36 0 0.026 0.010185 1 
16 30 36 0 0.004 0.0140992 1 
17 30 36 0.000209492 0.009 0.0107098 3 
18 30 36 0 0.018 0.0104784 1 
19 30 36 0.000347396 0.018 0.010365 2 
20 30 36 0 0.019 0.00954902 1 
21 30 36 0 0.031 0.010573 1 
22 30 36 0 0.009 0.0106362 1 
23 30 36 0.000173234 0.025 0.00957072 4 
24 30 36 0 0.027 0.0125646 1 
25 30 36 0 0.024 0.00837684 1 
26 30 36 0 0.043 0.0124408 1 
27 30 36 0 0.044 0.0115457 1 
28 30 36 0.000741994 0.034 0.00862898 2 
29 30 36 0.000298403 0.025 0.0116265 3 
30 30 36 0.0318798 0.004 0.0119197 53 
31 30 36 0 0.037 0.0116139 1 
32 30 36 0.00271479 0.032 0.0109776 5 
0 30 37 0.00277298 0.03 0.0108933 5 
1 30 37 0.0109481 0.022 0.0128598 16 
2 30 37 0.000367212 0.005 0.0102626 3 
3 30 37 0.000454183 0.003 0.0123314 2 
4 30 37 0.000159298 0.002 0.012487 2 
5 30 37 0.000642266 0.013 0.0123136 4 
6 30 37 9.28471e-05 0.048 0.0105045 2 
7 30 37 0.00372756 0.019 0.00999574 4 
8 30 37 0 0.028 0.0103895 1 
9 30 37 0.0060189 0.011 0.00993796 5 
10 30 37 0 0.039 0.0100479 1 
11 30 37 0 0.03 0.0103034 1 
12 30 37 0 0.045 0.00923271 1 
13 30 37 0 0.018 0.0124924 1 
14 30 37 0.000150072 0.019 0.00599255 2 
15 30 37 0 0.011 0.00893049 1 
16 30 37 0 0.037 0.0124819 1 
17 30 37 0 0.016 0.00937911 1 
18 30 37 0 0.04 0.0117523 1 
19 30 37 0.00665331 0.029 0.00948891 9 
20 30 37 0 0.027 0.0129598 1 
21 30 37 0 0.035 0.0136239 1 
22 30 37 0 0.034 0.0139058 1 
23 30 37 0 0.004 0.0119781 1 
24 30 37 0 0.011 0.0123372 1 
25 30 37 1.89155e-06 0.005 0.0108893 2 
26 30 37 0.00517859 0.019 0.0112214 4 
27 30 37 0 0.002 0.0125753 1 
28 30 37 0.000132829 0.026 0.0114422 2 
29 30 37 0 0.046 0.0120553 1 
30 30 37 0 0.027 0.0101828 1 
31 30 37 0 0.028 0.0118012 1 
32 30 37 0 0.028 0.00976928 1 
0 30 38 0.00398094 0.015 0.00958703 7 
1 30 38 0 0.008 0.0100853 1 
2 30 38 0.000393737 0.048 0.00976438 3 
3 30 38 0 0.017 0.010814 1 
4 30 38 0 0.015 0.00920429 1 
5 30 38 0 0.022 0.0104468 1 
6 30 38 0.000159466 0.043 0.0106884 2 
7 30 38 0.000867612 0.033 0.0127216 2 
8 30 38 0 0.028 0.0115735 1 
9 30 38 0.00218699 0.033 0.0128394 4 
10 30 38 0 0.006 0.0101293 1 
11 30 38 0.000132027 0.037 0.0108486 2 
12 30 38 0.0324362 0.003 0.0106333 26 
13 30 38 0.0100314 0.014 0.00952907 13 
14 30 38 0 0.016 0.00694685 1 
15 30 38 0 0.015 0.0103336 1 
16 30 38 0 0.02 0.0106222 1 
17 30 38 0 0.039 0.0134439 1 
18 30 38 0 0.006 0.0113062 1 
19 30 38 0.00959075 0.031 0.0115373 9 
20 30 38 0 0.025 0.00913897 1 
21 30 38 0 0.015 0.00996573 1 
22 30 38 0 0.01 0.00970933 1 
23 30 38 0.0054715 0.017 0.00999439 3 
24 30 38 0 0.032 0.0132373 1 
25 30 38 0.0304469 0.006 0.0115701 35 
26 30 38 0.00179325 0.037 0.0100164 4 
27 30 38 0.00633899 0.029 0.00871205 10 
28 30 38 0 0.041 0.00888197 1 
29 30 38 0.000141174 0.041 0.0116832 2 
30 30 38 0.0499837 0.003 0.0123617 57 
31 30 38 0 0.004 0.0110791 1 
32 30 38 0 0.006 0.00965924 1 
0 30 39 0 0.044 0.0126481 1 
1 30 39 0.000730466 0.002 0.0134899 2 
2 30 39 0 0.005 0.0135737 1 
3 30 39 8.21515e-05 0.002 0.0104215 2 
4 30 39 0.000206961 0.008 0.0115272 2 
5 30 39 0 0.005 0.0105171 1 
6 30 39 6.23501e-05 0.031 0.0115845 2 
7 30 39 0 0.016 0.0115618 1 
8 30 39 0 0.012 0.0111558 1 
9 30 39 0.015304 0.02 0.00915225 19 
10 30 39 0.000580597 0.048 0.0107371 2 
11 30 39 0.000918109 0.014 0.0146812 4 
12 30 39 0.0100757 0.023 0.00821816 14 
13 30 39 0.000554762 0.035 0.0103032 3 
14 30 39 0 0.024 0.00921326 1 
15 30 39 0 0.024 0.0116349 1 
16 30 39 0 0.007 0.015095 1 
17 30 39 0.00150919 0.006 0.0108192 5 
18 30 39 0 0.01 0.0106723 1 
19 30 39 0.00322166 0.004 0.00867694 8 
20 30 39 0.00057248 0.002 0.0141205 3 
21 30 39 5.37476e-05 0.011 0.00940629 2 
22 30 39 0 0.031 0.0118364 1 
23 30 39 0 0.047 0.0103975 1 
24 30 39 0 0.023 0.0124402 1 
25 30 39 0.00258006 0.039 0.0108804 4 
26 30 39 0.00069698 0.013 0.00967848 2 
27 30 39 0.0301192 0.026 0.00814174 13 
28 30 39 0 0.019 0.0102295 1 
29 30 39 0.000841843 0.048 0.0132946 4 
30 30 39 0 0.026 0.0124081 1 
31 30 39 0 0.019 0.0108317 1 
32 30 39 0.000116173 0.009 0.00933039 2 
0 30 40 0 0.015 0.0111321 1 
1 30 40 0 0.047 0.00666036 1 
2 30 40 0 0.009 0.0133721 1 
3 30 40 0.00500507 0.019 0.00978032 7 
4 30 40 0 0.016 0.0101075 1 
5 30 40 0 0.048 0.010365 2 
6 30 40 0.000119206 0.048 0.013733 2 
7 30 40 0 0.012 0.0119635 1 
8 30 40 0 0.043 0.0132968 1 
9 30 40 0 0.043 0.0142599 1 
10 30 40 0 0.046 0.00946354 1 
11 30 40 0 0.01 0.0098209 1 
12 30 40 0.00142351 0.029 0.00708722 2 
13 30 40 0.00873498 0.012 0.0100388 14 
14 30 40 0 0.007 0.0106857 1 
15 30 40 0 0.038 0.0131537 1 
16 30 40 0 0.046 0.0120371 1 
17 30 40 0 0.01 0.012149 1 
18 30 40 0.000124585 0.046 0.0106766 2 
19 30 40 0.0030173 0.029 0.0108889 2 
20 30 40 0 0.014 0.0126659 1 
21 30 40 0.000710291 0.039 0.0122609 3 
22 30 40 0 0.032 0.0105126 1 
23 30 40 0 0.027 0.0110608 1 
24 30 40 8.82425e-05 0.04 0.0105607 2 
25 30 40 0.00135544 0.002 0.0112162 3 
26 30 40 0 0.015 0.0103451 1 
27 30 40 0.000843847 0.004 0.00969182 2 
28 30 40 8.82425e-05 0.015 0.0090174 2 
29 30 40 0.00184607 0.005 0.00859113 2 
30 30 40 0 0.01 0.0112939 1 
31 30 40 0 0.043 0.0119381 1 
32 30 40 0 0.001 0.00939975 1 
0 30 41 0.00217035 0.005 0.0119059 10 
1 30 41 0.000622995 0.037 0.0114607 2 
2 30 41 0 0.017 0.0147555 1 
3 30 41 0 0.029 0.0125759 1 
4 30 41 0.000471812 0.007 0.0112778 3 
5 30 41 9.62038e-05 0.01 0.0101072 2 
6 30 41 0 0.019 0.0133189 1 
7 30 41 0 0.031 0.0105445 1 
8 30 41 5.9201e-05 0.047 0.0108347 2 
9 30 41 0.00109395 0.002 0.0111719 2 
10 30 41 0 0.028 0.0125875 1 
11 30 41 0 0.033 0.0110055 1 
12 30 41 1.86399e-05 0.001 0.00865231 2 
13 30 41 0.0201249 0.005 0.0124083 26 
14 30 41 0 0.02 0.0143197 1 
15 30 41 0 0.016 0.0102444 1 
16 30 41 0 0.009 0.00932883 1 
17 30 41 0.00337256 0.029 0.010492 3 
18 30 41 6.62842e-05 0.012 0.0133108 2 
19 30 41 0 0.02 0.0117705 1 
20 30 41 0.000997004 0.001 0.0106577 2 
21 30 41 0.000599199 0.049 0.0122782 3 
22 30 41 0.00470813 0.034 0.0117666 4 
23 30 41 0 0.025 0.00944425 1 
24 30 41 6.62842e-05 0.042 0.0153758 2 
25 30 41 0.0360174 0.005 0.0106375 44 
26 30 41 0.000548836 0.035 0.00981127 4 
27 30 41 0 0.031 0.00973175 1 
28 30 41 0.000442999 0.018 0.0125209 2 
29 30 41 0 0.045 0.0117697 1 
30 30 41 0.00577973 0.019 0.0100857 10 
31 30 41 0 0.024 0.00994109 1 
32 30 41 0 0.014 0.0151269 1 
0 30 42 0.00430675 0.004 0.0123609 6 
1 30 42 0 0.006 0.0141042 1 
2 30 42 0 0.049 0.01022 1 
3 30 42 0 0.008 0.0112455 1 
4 30 42 0 0.027 0.0142438 1 
5 30 42 0 0.045 0.0100893 1 
6 30 42 0 0.035 0.012777 1 
7 30 42 0.00175973 0.036 0.0102488 6 
8 30 42 0.000888948 0.01 0.010899 1 
9 30 42 0.00120087 0.047 0.01105 2 
10 30 42 0 0.003 0.0112379 1 
11 30 42 0 0.037 0.0120892 1 
12 30 42 0 0.004 0.012802 1 
13 30 42 0.0029753 0.031 0.0105404 5 
14 30 42 0 0.038 0.0116293 1 
15 30 42 0 0.045 0.0106309 1 
16 30 42 0 0.021 0.0108585 1 
17 30 42 0 0.048 0.0137173 1 
18 30 42 8.8462e-05 0.049 0.0107347 2 
19 30 42 0.000577289 0.005 0.0113755 3 
20 30 42 0.00168911 0.014 0.0112066 2 
21 30 42 0 0.034 0.0111327 1 
22 30 42 0.00405912 0.024 0.0111102 7 
23 30 42 0.00292389 0.002 0.0121101 2 
24 30 42 8.8462e-05 0.018 0.00982394 2 
25 30 42 0.00422748 0.04 0.00988111 3 
26 30 42 0.0116753 0.006 0.00971861 17 
27 30 42 0.0121878 0.033 0.0117343 9 
28 30 42 8.8462e-05 0.034 0.0111988 2 
29 30 42 0.000103882 0.043 0.0111084 2 
30 30 42 0.00239501 0.036 0.00966314 4 
31 30 42 0.00060555 0.02 0.00997772 2 
32 30 42 0.000567027 0.004 0.0129601 2 
0 30 43 0.000623419 0.01 0.0126061 3 
1 30 43 0 0.034 0.0110692 1 
2 30 43 0 0.008 0.0114022 1 
3 30 43 0 0.039 0.010606 1 
4 30 43 0 0.03 0.0142593 1 
5 30 43 0 0.002 0.0124729 1 
6 30 43 0 0.03 0.0119506 1 
7 30 43 0.0117661 0.01 0.0141977 19 
8 30 43 0.000389062 0.001 0.0174551 1 
9 30 43 0.00113481 0.016 0.0118955 6 
10 30 43 0 0.034 0.0089524 1 
11 30 43 0 0.035 0.00998999 1 
12 30 43 0 0.008 0.0101744 1 
13 30 43 0.00609307 0.014 0.0125116 5 
14 30 43 0.0219295 0.006 0.00960257 34 
15 30 43 0 0.002 0.0142083 1 
16 30 43 0 0.023 0.0106085 1 
17 30 43 0.00634255 0.019 0.00976932 7 
18 30 43 0 0.007 0.010757 1 
19 30 43 0 0.03 0.0133764 1 
20 30 43 0.0200138 0.02 0.0109728 16 
21 30 43 0.000724621 0.031 0.0110981 2 
22 30 43 0 0.003 0.00863341 1 
23 30 43 0.00193705 0.023 0.012395 2 
24 30 43 0 0.044 0.0138975 1 
25 30 43 0.00295504 0.001 0.0118737 4 
26 30 43 0 0.036 0.0083131 1 
27 30 43 0.00415354 0.001 0.00858026 7 
28 30 43 9.75973e-05 0.001 0.0129485 2 
29 30 43 0 0.044 0.0125634 1 
30 30 43 0 0.004 0.0121374 1 
31 30 43 0 0.027 0.0114359 1 
32 30 43 0 0.001 0.0105443 1 
0 30 44 0 0.026 0.00937383 1 
1 30 44 0 0.032 0.0126563 1 
2 30 44 0.000133401 0.015 0.00961285 2 
3 30 44 0 0.017 0.0111868 3 
4 30 44 0 0.025 0.0117229 1 
5 30 44 0 0.011 0.0125452 1 
6 30 44 0 0.021 0.0114691 1 
7 30 44 0 0.028 0.0123073 1 
8 30 44 0.00263963 0.019 0.011777 2 
9 30 44 0 0.011 0.0100169 1 
10 30 44 0 0.008 0.00971704 1 
11 30 44 0.000133401 0.036 0.00913198 2 
12 30 44 6.63605e-05 0.017 0.0111353 2 
13 30 44 0.00168833 0.001 0.0126072 3 
14 30 44 0.00155346 0.005 0.0120721 5 
15 30 44 0 0.048 0.0111315 1 
16 30 44 0.000115034 0.005 0.0134933 2 
17 30 44 0 0.04 0.0136185 1 
18 30 44 0 0.048 0.0111628 1 
19 30 44 0 0.038 0.0088701 1 
20 30 44 0.000115034 0.038 0.00819361 2 
21 30 44 0.00125195 0.027 0.0103335 2 
22 30 44 0 0.012 0.00895486 1 
23 30 44 0 0.012 0.0114919 1 
24 30 44 0 0.044 0.0103418 1 
25 30 44 0.055206 0.003 0.0119704 59 
26 30 44 0 0.029 0.0115517 1 
27 30 44 0 0.003 0.0113759 1 
28 30 44 0.000124217 0.046 0.0097142 2 
29 30 44 0 0.028 0.0122077 1 
30 30 44 0 0.03 0.0114818 1 
31 30 44 0 0.045 0.00851729 1 
32 30 44 0 0.042 0.0124784 1 
0 30 45 0.00492222 0.036 0.0101502 5 
1 30 45 0 0.031 0.0118743 1 
2 30 45 0 0.001 0.0106126 1 
3 30 45 0.00150942 0.018 0.0116028 5 
4 30 45 0.00205177 0.028 0.0114719 3 
5 30 45 0 0.048 0.0108855 1 
6 30 45 0 0.003 0.00972221 1 
7 30 45 0.0023151 0.038 0.0122275 3 
8 30 45 0.000769539 0.032 0.0132727 3 
9 30 45 0 0.004 0.0125474 1 
10 30 45 0 0.003 0.010911 1 
11 30 45 0 0.005 0.00986141 1 
12 30 45 0 0.03 0.0119651 1 
13 30 45 0.000967081 0.008 0.0112188 2 
14 30 45 0.00861714 0.044 0.0138018 5 
15 30 45 0 0.044 0.0154932 1 
16 30 45 0.000145296 0.018 0.0110411 2 
17 30 45 0.00590928 0.026 0.0100524 9 
18 30 45 0 0.004 0.0137718 1 
19 30 45 0.0011712 0.04 0.0103295 2 
20 30 45 0 0.046 0.0113435 1 
21 30 45 8.43328e-05 0.035 0.0111154 2 
22 30 45 1.1191e-06 0.028 0.00862317 2 
23 30 45 0.00137498 0.041 0.0109565 3 
24 30 45 0 0.049 0.0119787 1 
25 30 45 0 0.007 0.0110784 1 
26 30 45 0.00290974 0.012 0.00965717 2 
27 30 45 0 0.038 0.0106318 1 
28 30 45 0.000135136 0.042 0.00683723 2 
29 30 45 0.000513902 0.042 0.011679 2 
30 30 45 0 0.006 0.00993357 1 
31 30 45 0 0.026 0.012811 1 
32 30 45 0.0291308 0.006 0.0116268 27 
0 30 46 0.00355968 0.025 0.0106576 19 
1 30 46 0 0.002 0.00971544 1 
2 30 46 0 0.035 0.0095968 1 
3 30 46 0 0.026 0.0114883 1 
4 30 46 0.000321088 0.019 0.0136939 1 
5 30 46 0 0.007 0.0113773 1 
6 30 46 0 0.044 0.0116654 1 
7 30 46 0.0137189 0.014 0.00935565 14 
8 30 46 0 0.026 0.0138428 1 
9 30 46 0.00143972 0.011 0.00840823 3 
10 30 46 9.82647e-05 0.027 0.0108794 2 
11 30 46 0.000231513 0.003 0.0118502 3 
12 30 46 0 0.027 0.0110828 1 
13 30 46 0.0139625 0.017 0.0127696 12 
14 30 46 0 0.009 0.0104357 1 
15 30 46 0.000115684 0.031 0.0109867 2 
16 30 46 0.000115684 0.029 0.0100446 2 
17 30 46 0 0.007 0.00907417 1 
18 30 46 0 0.041 0.0157241 1 
19 30 46 0.00348784 0.001 0.0143268 6 
20 30 46 0.00238995 0.012 0.0135775 2 
21 30 46 0.00202799 0.005 0.0107227 4 
22 30 46 4.70606e-05 0.02 0.0100044 2 
23 30 46 0.00900479 0.014 0.00918837 8 
24 30 46 0.00012498 0.041 0.0129316 2 
25 30 46 0 0.041 0.00886194 1 
26 30 46 0.0183115 0.005 0.0106548 18 
27 30 46 0.00349633 0.022 0.00936737 2 
28 30 46 0 0.017 0.0125602 1 
29 30 46 0 0.014 0.0100349 1 
30 30 46 0 0.03 0.0111041 1 
31 30 46 0 0.039 0.012713 1 
32 30 46 0 0.041 0.0102011 1 
0 30 47 0 0.009 0.0120574 1 
1 30 47 0 0.001 0.0118553 1 
2 30 47 0 0.017 0.0130435 1 
3 30 47 0 0.001 0.0088865 1 
4 30 47 0 0.017 0.0101254 1 
5 30 47 0 0.047 0.00944024 1 
6 30 47 0 0.039 0.0127986 1 
7 30 47 0.00412299 0.016 0.0116499 5 
8 30 47 0 0.042 0.0137136 1 
9 30 47 0 0.011 0.0118238 1 
10 30 47 0 0.019 0.0108853 1 
11 30 47 0 0.014 0.01212 1 
12 30 47 0.00201152 0.032 0.0093989 2 
13 30 47 0 0.044 0.0103965 1 
14 30 47 0 0.021 0.012941 1 
15 30 47 0 0.036 0.0123778 1 
16 30 47 0 0.001 0.0106443 1 
17 30 47 0 0.026 0.00980574 1 
18 30 47 0 0.02 0.0148084 1 
19 30 47 0 0.013 0.00919671 1 
20 30 47 0.000705762 0.004 0.0112676 4 
21 30 47 0 0.049 0.00945409 1 
22 30 47 0 0.02 0.0141966 1 
23 30 47 0 0.038 0.0107573 1 
24 30 47 9.84704e-05 0.001 0.0121459 2 
25 30 47 0.00272517 0.033 0.0110695 4 
26 30 47 0 0.025 0.0103539 1 
27 30 47 0.0102989 0.008 0.0103521 18 
28 30 47 0 0.029 0.00688559 1 
29 30 47 8.09808e-05 0.018 0.0099496 2 
30 30 47 0 0.001 0.00935353 1 
31 30 47 0 0.039 0.0125725 1 
32 30 47 0.000220372 0.004 0.0124116 3 
0 30 48 0.016913 0.004 0.0132983 21 
1 30 48 3.27663e-05 0.004 0.011288 2 
2 30 48 0 0.026 0.0130347 1 
3 30 48 0.000860213 0.002 0.0128479 2 
4 30 48 0 0.044 0.0136654 1 
5 30 48 0 0.014 0.0100775 1 
6 30 48 0 0.021 0.00940063 1 
7 30 48 0.00552584 0.043 0.0106858 7 
8 30 48 0 0.048 0.0124915 1 
9 30 48 0 0.032 0.0131135 1 
10 30 48 0.000651926 0.049 0.0119117 2 
11 30 48 0 0.018 0.0133294 1 
12 30 48 0 0.03 0.0110956 1 
13 30 48 0 0.04 0.00996357 1 
14 30 48 0 0.009 0.00999643 1 
15 30 48 0 0.015 0.011226 1 
16 30 48 0 0.036 0.0135442 1 
17 30 48 0.00814519 0.023 0.00717308 9 
18 30 48 0.000216653 0.04 0.0105593 2 
19 30 48 0.00174121 0.023 0.00913655 4 
20 30 48 0 0.031 0.0130967 1 
21 30 48 0 0.02 0.0105191 1 
22 30 48 0.00143031 0.01 0.00945428 4 
23 30 48 0.000102812 0.025 0.0116523 3 
24 30 48 8.97203e-05 0.044 0.0142499 2 
25 30 48 0 0.045 0.0125589 1 
26 30 48 0.000357901 0.038 0.0125095 2 
27 30 48 0 0.039 0.00841451 1 
28 30 48 0 0.003 0.0112645 1 
29 30 48 0 0.047 0.012605 1 
30 30 48 0 0.031 0.0108779 1 
31 30 48 0.000320588 0.028 0.0125872 2 
32 30 48 0 0.034 0.00958163 1 
0 30 49 0 0.029 0.0113428 1 
1 30 49 0.000924609 0.013 0.0100816 2 
2 30 49 0 0.042 0.0121434 1 
3 30 49 0.00618319 0.021 0.0119513 15 
4 30 49 0 0.046 0.0118483 1 
5 30 49 0 0.028 0.0120387 1 
6 30 49 3.81729e-05 0.007 0.0105429 2 
7 30 49 0 0.022 0.0108172 1 
8 30 49 0.000566303 0.025 0.0128901 1 
9 30 49 0 0.013 0.00995248 1 
10 30 49 0.00154196 0.016 0.0176436 1 
11 30 49 0 0.013 0.0136208 1 
12 30 49 0.000745641 0.02 0.0117359 7 
13 30 49 0.00132347 0.006 0.0116641 4 
14 30 49 0 0.024 0.0135305 1 
15 30 49 7.47599e-05 0.026 0.0124444 2 
16 30 49 0 0.022 0.011333 1 
17 30 49 0 0.032 0.0126448 1 
18 30 49 6.74425e-05 0.022 0.0125972 2 
19 30 49 0 0.015 0.0119783 1 
20 30 49 0.00746967 0.011 0.0105735 11 
21 30 49 0 0.028 0.0102937 1 
22 30 49 0 0.049 0.0122191 1 
23 30 49 0.00663882 0.028 0.00950562 6 
24 30 49 0 0.03 0.0126345 1 
25 30 49 0 0.039 0.0124909 1 
26 30 49 0.000152204 0.019 0.011717 2 
27 30 49 0 0.046 0.0118294 1 
28 30 49 0.000308911 0.033 0.0124133 3 
29 30 49 0 0.002 0.009071 1 
30 30 49 0.00130642 0.017 0.0119265 2 
31 30 49 0 0.049 0.00968262 1 
32 30 49 0.0195296 0.007 0.0124169 32 
0 30 50 0 0.044 0.0103095 1 
1 30 50 0.00140177 0.001 0.0107299 5 
2 30 50 0 0.026 0.0143316 1 
3 30 50 0.0330386 0.003 0.0123594 51 
4 30 50 0 0.009 0.0110511 1 
5 30 50 0 0.022 0.0102642 1 
6 30 50 0.000121265 0.003 0.0156103 2 
7 30 50 0.000522952 0.044 0.0119176 2 
8 30 50 4.04622e-05 0.038 0.0135661 1 
9 30 50 0 0.001 0.0118613 1 
10 30 50 0 0.029 0.0133803 1 
11 30 50 0 0.034 0.0135466 1 
12 30 50 0.00927063 0.017 0.00718983 8 
13 30 50 0.00141102 0.002 0.00892557 3 
14 30 50 0 0.031 0.0111326 1 
15 30 50 8.20835e-05 0.007 0.0110342 2 
16 30 50 0 0.014 0.013775 1 
17 30 50 0 0.019 0.0114758 1 
18 30 50 8.99198e-05 0.011 0.0118432 2 
19 30 50 0.019437 0.045 0.0114651 12 
20 30 50 0 0.033 0.0104217 1 
21 30 50 0 0.01 0.0117351 1 
22 30 50 0.00274534 0.043 0.0072582 3 
23 30 50 1.90268e-06 0.01 0.0108652 2 
24 30 50 0 0.003 0.0136613 1 
25 30 50 0 0.012 0.0115448 1 
26 30 50 0.0113704 0.005 0.0121236 7 
27 30 50 0 0.01 0.0125003 1 
28 30 50 0 0.008 0.0134331 1 
29 30 50 0 0.014 0.01212 1 
30 30 50 0 0.018 0.00924663 1 
31 30 50 0 0.001 0.00993302 1 
32 30 50 0 0.025 0.00882371 1 
0 30 51 0 0.044 0.0121007 1 
1 30 51 0.000485853 0.001 0.00810047 2 
2 30 51 0 0.033 0.0104499 1 
3 30 51 0 0.01 0.0117593 1 
4 30 51 0 0.006 0.0109571 1 
5 30 51 0 0.042 0.00846686 1 
6 30 51 0 0.029 0.00890912 1 
7 30 51 0.00014075 0.042 0.0115745 4 
8 30 51 0 0.03 0.0136727 1 
9 30 51 0.0034164 0.049 0.00884275 2 
10 30 51 0 0.015 0.0114899 1 
11 30 51 0 0.002 0.00706591 1 
12 30 51 0.0109106 0.024 0.0103811 16 
13 30 51 0 0.001 0.00982278 1 
14 30 51 0.00613713 0.021 0.0114671 5 
15 30 51 0 0.033 0.0163615 1 
16 30 51 0 0.028 0.0141797 1 
17 30 51 0 0.045 0.010476 1 
18 30 51 0.000283291 0.049 0.0123172 2 
19 30 51 0.00457252 0.005 0.00894417 4 
20 30 51 0.000777307 0.009 0.00967095 6 
21 30 51 0 0.004 0.0106342 1 
22 30 51 0 0.04 0.0108984 1 
23 30 51 0 0.011 0.00983291 1 
24 30 51 0 0.023 0.013145 1 
25 30 51 0 0.004 0.00862943 1 
26 30 51 0.0202502 0.001 0.0133302 33 
27 30 51 0 0.015 0.0133024 1 
28 30 51 0 0.047 0.0105177 1 
29 30 51 0 0.02 0.0111482 1 
30 30 51 0.00735679 0.037 0.0106077 9 
31 30 51 0.000103757 0.018 0.011498 2 
32 30 51 0.00603044 0.006 0.00921531 16 
0 30 52 0 0.011 0.0118349 1 
1 30 52 0.013111 0.01 0.00989099 16 
2 30 52 9.79252e-05 0.041 0.0127751 2 
3 30 52 0.00257803 0.025 0.011489 6 
4 30 52 0.00127517 0.033 0.0185702 1 
5 30 52 0.000586235 0.046 0.0121208 1 
6 30 52 0 0.007 0.0106224 1 
7 30 52 0.000702741 0.017 0.0110945 4 
8 30 52 0 0.032 0.00941329 1 
9 30 52 0.0313684 0.003 0.0112758 47 
10 30 52 0.000747632 0.044 0.015768 1 
11 30 52 0 0.016 0.00959901 1 
12 30 52 0.0241339 0.004 0.0102967 19 
13 30 52 0.0696825 0.001 0.0125586 56 
14 30 52 0.00749705 0.024 0.012365 9 
15 30 52 0 0.024 0.0118145 1 
16 30 52 0 0.018 0.0130134 1 
17 30 52 0 0.017 0.0112502 1 
18 30 52 9.01205e-05 0.017 0.010509 2 
19 30 52 0.025432 0.009 0.0121667 22 
20 30 52 0.00239895 0.012 0.0122826 3 
21 30 52 0 0.002 0.0104245 1 
22 30 52 0.00961696 0.02 0.0107763 16 
23 30 52 0 0.013 0.0105848 1 
24 30 52 0 0.016 0.0121422 1 
25 30 52 0 0.008 0.0114379 1 
26 30 52 0.00377822 0.014 0.00962406 5 
27 30 52 0.00289593 0.005 0.013379 6 
28 30 52 0 0.037 0.0122528 1 
29 30 52 0 0.047 0.0147156 1 
30 30 52 0 0.048 0.0103292 1 
31 30 52 0 0.039 0.0102034 1 
32 30 52 0.00162053 0.015 0.00929888 6 
0 30 53 0 0.005 0.0112441 1 
1 30 53 0.0147971 0.005 0.0072947 16 
2 30 53 0 0.049 0.00857811 1 
3 30 53 0 0.002 0.0124849 1 
4 30 53 0.000268764 0.048 0.0108258 2 
5 30 53 0 0.037 0.0110694 1 
6 30 53 0 0.018 0.0133368 1 
7 30 53 0 0.018 0.0108379 1 
8 30 53 0.000105266 0.036 0.00892235 1 
9 30 53 0 0.015 0.0119135 1 
10 30 53 0 0.001 0.0122403 1 
11 30 53 0.00210234 0.049 0.0117063 2 
12 30 53 0 0.021 0.0107905 1 
13 30 53 0 0.011 0.0138121 1 
14 30 53 0 0.034 0.0113664 1 
15 30 53 0 0.033 0.0103306 1 
16 30 53 0 0.003 0.011892 1 
17 30 53 0.0291173 0.002 0.0107229 32 
18 30 53 0 0.029 0.0129529 1 
19 30 53 0.00159317 0.018 0.00903364 3 
20 30 53 0 0.03 0.00843333 1 
21 30 53 3.15847e-05 0.014 0.0137759 2 
22 30 53 0 0.024 0.0134079 1 
23 30 53 0 0.004 0.0103473 1 
24 30 53 6.78679e-05 0.037 0.00998263 2 
25 30 53 0 0.041 0.0117728 1 
26 30 53 0.00468173 0.006 0.0125798 10 
27 30 53 0 0.009 0.00879798 1 
28 30 53 0.000337156 0.008 0.0116712 3 
29 30 53 0 0.048 0.0115309 1 
30 30 53 0.0017718 0.036 0.00890938 3 
31 30 53 0 0.02 0.0124 1 
32 30 53 0 0.046 0.0095897 1 
0 30 54 0.00384201 0.044 0.0128704 4 
1 30 54 0.013118 0.011 0.010859 24 
2 30 54 0.000699159 0.036 0.0104142 4 
3 30 54 0.00371294 0.016 0.0128468 3 
4 30 54 0.000204259 0.028 0.0145788 1 
5 30 54 0 0.015 0.0105969 1 
6 30 54 0 0.024 0.0119507 1 
7 30 54 0 0.007 0.0123275 1 
8 30 54 0 0.031 0.00978021 1 
9 30 54 0 0.044 0.0106889 1 
10 30 54 0 0.023 0.0107588 1 
11 30 54 9.81211e-05 0.021 0.010644 2 
12 30 54 0 0.047 0.0102049 1 
13 30 54 0.00579941 0.006 0.0121723 3 
14 30 54 0.00217469 0.035 0.0113801 3 
15 30 54 0 0.012 0.0110379 1 
16 30 54 0 0.048 0.0108873 1 
17 30 54 0 0.01 0.0159136 1 
18 30 54 0 0.031 0.0124154 1 
19 30 54 0 0.026 0.0120731 1 
20 30 54 0 0.041 0.00936274 1 
21 30 54 0.000543513 0.048 0.0113669 3 
22 30 54 0.0137338 0.008 0.0132568 12 
23 30 54 0.0138522 0.003 0.0115251 17 
24 30 54 0 0.003 0.0150395 1 
25 30 54 0 0.001 0.010206 1 
26 30 54 0 0.042 0.0111634 1 
27 30 54 0 0.012 0.011263 1 
28 30 54 0 0.044 0.0138479 1 
29 30 54 0.000105894 0.043 0.0144157 2 
30 30 54 0.0288372 0.007 0.0106481 45 
31 30 54 0 0.034 0.0115909 1 
32 30 54 0 0.018 0.00992136 1 
0 30 55 0.0227774 0.003 0.0115777 40 
1 30 55 0.00850273 0.03 0.010591 6 
2 30 55 0 0.045 0.0125307 1 
3 30 55 0.0185948 0.006 0.0120714 32 
4 30 55 0 0.032 0.0106811 1 
5 30 55 0.00150134 0.019 0.0152311 1 
6 30 55 0 0.002 0.0114703 1 
7 30 55 0.0092668 0.046 0.00700886 7 
8 30 55 0 0.036 0.0106885 1 
9 30 55 0 0.008 0.00818231 1 
10 30 55 0 0.002 0.0119033 1 
11 30 55 0 0.049 0.0116037 1 
12 30 55 0 0.042 0.0125294 1 
13 30 55 0.00210364 0.038 0.0122579 3 
14 30 55 0 0.005 0.0139136 1 
15 30 55 0 0.032 0.00930957 1 
16 30 55 0.000108651 0.047 0.0133556 2 
17 30 55 7.30845e-06 0.003 0.0113766 2 
18 30 55 0 0.022 0.00882517 1 
19 30 55 0.0306323 0.001 0.0125778 26 
20 30 55 0.00955761 0.001 0.0103157 8 
21 30 55 0 0.031 0.0116002 1 
22 30 55 0.00155246 0.007 0.0113396 7 
23 30 55 0 0.028 0.0110221 1 
24 30 55 0 0.024 0.00921406 1 
25 30 55 0 0.003 0.0131199 1 
26 30 55 0 0.041 0.0103421 1 
27 30 55 0 0.028 0.0111643 1 
28 30 55 0 0.03 0.0123067 1 
29 30 55 0.00060541 0.015 0.0141561 2 
30 30 55 0 0.007 0.00939575 1 
31 30 55 0 0.042 0.0127735 1 
32 30 55 0 0.004 0.0117244 1 
0 30 56 0 0.005 0.0099205 1 
1 30 56 0 0.03 0.0106392 1 
2 30 56 0 0.036 0.0124903 1 
3 30 56 0 0.021 0.0133669 1 
4 30 56 0 0.028 0.0153689 1 
5 30 56 0 0.039 0.0102953 1 
6 30 56 0 0.011 0.0119173 1 
7 30 56 0.000478788 0.045 0.0119414 2 
8 30 56 0 0.021 0.0117532 1 
9 30 56 0.0120051 0.012 0.011237 14 
10 30 56 0.000294178 0.007 0.0127927 1 
11 30 56 0 0.01 0.00977029 1 
12 30 56 0 0.007 0.0111022 1 
13 30 56 0 0.044 0.0108268 1 
14 30 56 0.00447564 0.026 0.0105388 5 
15 30 56 0 0.022 0.0132076 1 
16 30 56 0 0.01 0.0134811 1 
17 30 56 5.10501e-05 0.002 0.0112455 2 
18 30 56 0 0.037 0.00964062 1 
19 30 56 0.0118755 0.023 0.0104555 5 
20 30 56 0 0.037 0.0101517 1 
21 30 56 0 0.028 0.013134 1 
22 30 56 0.000517647 0.002 0.00977482 3 
23 30 56 0 0.015 0.0109975 1 
24 30 56 0 0.048 0.0131035 1 
25 30 56 0 0.03 0.0117328 1 
26 30 56 0.00194152 0.011 0.0104139 5 
27 30 56 0.0556298 0.003 0.0117574 63 
28 30 56 0 0.033 0.0115542 1 
29 30 56 0.000145403 0.028 0.0092013 2 
30 30 56 0 0.002 0.00960744 1 
31 30 56 0.000617426 0.041 0.00995527 3 
32 30 56 0 0.025 0.0154058 1 
0 30 57 0.00350261 0.022 0.00909237 8 
1 30 57 0.00689183 0.031 0.0120372 5 
2 30 57 0 0.026 0.0112733 1 
3 30 57 0.00398558 0.011 0.0106086 6 
4 30 57 0.000310596 0.004 0.0144209 1 
5 30 57 0.00283797 0.03 0.0167047 4 
6 30 57 0 0.005 0.0137925 1 
7 30 57 0 0.007 0.0107106 1 
8 30 57 0 0.031 0.00940497 1 
9 30 57 0.0423936 0.01 0.010123 33 
10 30 57 0.000613549 0.015 0.0102261 1 
11 30 57 0 0.035 0.0110096 1 
12 30 57 0.00777881 0.023 0.0109005 12 
13 30 57 0 0.034 0.00908807 1 
14 30 57 0 0.032 0.0120282 1 
15 30 57 0 0.026 0.0138041 1 
16 30 57 0 0.022 0.0119594 1 
17 30 57 0 0.041 0.00936895 1 
18 30 57 0 0.029 0.00972005 1 
19 30 57 0.00767588 0.019 0.00895157 2 
20 30 57 0.000799208 0.005 0.00890109 2 
21 30 57 0 0.01 0.0115242 1 
22 30 57 0.000132062 0.029 0.00973421 2 
23 30 57 0.00166904 0.014 0.00987321 4 
24 30 57 0 0.033 0.0126203 1 
25 30 57 0.00577861 0.002 0.0102811 6 
26 30 57 0 0.034 0.00984115 1 
27 30 57 0 0.041 0.0106232 1 
28 30 57 0 0.003 0.0138266 1 
29 30 57 0.000286889 0.017 0.0108025 3 
30 30 57 0.00491115 0.015 0.0125165 10 
31 30 57 0 0.018 0.00955349 1 
32 30 57 0 0.009 0.0110615 1 
0 30 58 0.000116409 0.032 0.00783715 2 
1 30 58 0.0193621 0.024 0.0122573 13 
2 30 58 0 0.002 0.013689 1 
3 30 58 0 0.024 0.0114898 1 
4 30 58 0 0.008 0.0129145 1 
5 30 58 0 0.049 0.0114286 1 
6 30 58 0 0.011 0.014626 1 
7 30 58 0 0.001 0.0129421 1 
8 30 58 0.00413619 0.028 0.0125946 6 
9 30 58 0 0.006 0.0110791 1 
10 30 58 0 0.009 0.0123797 1 
11 30 58 0.000332907 0.037 0.0146558 3 
12 30 58 0.00700295 0.008 0.0103293 6 
13 30 58 0.0342983 0.001 0.011419 59 
14 30 58 0 0.039 0.0110552 1 
15 30 58 0 0.045 0.0119906 1 
16 30 58 0 0.023 0.011992 1 
17 30 58 0.00431126 0.026 0.00947972 11 
18 30 58 0.000363014 0.015 0.011895 3 
19 30 58 0.00483758 0.009 0.0114087 2 
20 30 58 0 0.035 0.0117614 1 
21 30 58 0 0.009 0.0135581 1 
22 30 58 0.0297925 0.007 0.0114841 27 
23 30 58 0 0.048 0.00613962 1 
24 30 58 0.000169787 0.034 0.00950858 2 
25 30 58 0.0148275 0.009 0.0117093 23 
26 30 58 0.00701322 0.046 0.00962484 9 
27 30 58 0.00267509 0.009 0.00873337 2 
28 30 58 0 0.004 0.0136677 1 
29 30 58 0 0.044 0.010886 1 
30 30 58 0.023059 0.002 0.0100778 75 
31 30 58 0 0.038 0.0139697 1 
32 30 58 0 0.047 0.0139269 1 
0 30 59 0 0.014 0.00855607 1 
1 30 59 0 0.029 0.0105016 1 
2 30 59 0 0.029 0.0148036 1 
3 30 59 0 0.004 0.0114701 1 
4 30 59 0.000926346 0.019 0.0157653 1 
5 30 59 0 0.002 0.0124489 1 
6 30 59 0.000136068 0.049 0.0121199 2 
7 30 59 0.000194852 0.039 0.0113216 2 
8 30 59 0 0.037 0.0145684 1 
9 30 59 0.00432695 0.016 0.0095125 12 
10 30 59 0.00121621 0.04 0.010238 2 
11 30 59 0 0.009 0.0100692 1 
12 30 59 0 0.045 0.00940802 1 
13 30 59 0 0.017 0.00929596 1 
14 30 59 0.0053683 0.013 0.0101666 5 
15 30 59 0 0.039 0.0102568 1 
16 30 59 0 0.042 0.00995245 1 
17 30 59 0 0.038 0.0101498 1 
18 30 59 0 0.015 0.011981 1 
19 30 59 0 0.006 0.00831928 1 
20 30 59 0.0105928 0.003 0.0135873 8 
21 30 59 0 0.044 0.010171 1 
22 30 59 0 0.003 0.0104799 1 
23 30 59 0.0175647 0.004 0.0104076 14 
24 30 59 0.000183095 0.002 0.0106773 2 
25 30 59 0.00721851 0.033 0.0120667 3 
26 30 59 0 0.04 0.0148838 1 
27 30 59 0.0258465 0.009 0.0114724 24 
28 30 59 0 0.007 0.0118932 1 
29 30 59 0.000159581 0.027 0.0114466 2 
30 30 59 0.0259741 0.005 0.0111727 43 
31 30 59 0 0.037 0.0154469 1 
32 30 59 0 0.047 0.0153804 1 
0 30 60 0 0.013 0.0100678 1 
1 30 60 0.000910584 0.001 0.0109565 4 
2 30 60 0 0.034 0.0137922 1 
3 30 60 0 0.033 0.0119534 1 
4 30 60 0 0.027 0.0128074 1 
5 30 60 0.000699863 0.023 0.00844393 2 
6 30 60 0.000268235 0.047 0.0116667 2 
7 30 60 0.0160933 0.006 0.0115608 16 
8 30 60 0 0.016 0.014566 1 
9 30 60 0.0119563 0.01 0.0103874 11 
10 30 60 0.00144764 0.028 0.0119232 2 
11 30 60 0 0.023 0.00844987 1 
12 30 60 0.00327319 0.008 0.00901585 5 
13 30 60 0 0.004 0.0105968 1 
14 30 60 0 0.041 0.00977553 1 
15 30 60 0 0.037 0.0125903 1 
16 30 60 0.000206891 0.001 0.0110789 2 
17 30 60 0 0.011 0.00893812 1 
18 30 60 0 0.016 0.0125383 1 
19 30 60 0 0.039 0.0116509 1 
20 30 60 0 0.006 0.0128706 1 
21 30 60 0 0.042 0.0126635 1 
22 30 60 0 0.046 0.0127043 1 
23 30 60 0.0129656 0.002 0.00947283 25 
24 30 60 0.000219159 0.016 0.00934692 2 
25 30 60 0.00230222 0.002 0.00968739 4 
26 30 60 0.000852602 0.013 0.00986841 3 
27 30 60 0.0498677 0.005 0.0114207 48 
28 30 60 0 0.023 0.0145541 1 
29 30 60 0 0.004 0.0128055 1 
30 30 60 0.00350876 0.011 0.0101067 3 
31 30 60 0 0.012 0.0137468 1 
32 30 60 0.000557035 0.001 0.0108874 2 
