0 31 0 0 0.032 0.0569801 1 
1 31 0 0 0.021 0.0507584 1 
2 31 0 0 0.006 0.0549383 1 
3 31 0 0 0.013 0.0581119 1 
4 31 0 0 0.029 0.32664 1 
5 31 0 0 0.047 0.323935 1 
6 31 0 0 0.013 0.0526746 1 
7 31 0 0 0.047 0.0650505 1 
8 31 0 0 0.044 0.0649127 1 
9 31 0 0 0.033 0.0718532 1 
10 31 0 0 0.018 0.0545666 1 
11 31 0 0 0.024 0.0448612 1 
12 31 0 0 0.034 0.071647 1 
13 31 0 0 0.034 0.0577026 1 
14 31 0 0.0275272 0.011 0.0531028 3 
15 31 0 0 0.01 0.0461986 1 
16 31 0 0 0.004 0.0584215 1 
17 31 0 0 0.013 0.0582538 1 
18 31 0 0 0.01 0.0554846 1 
19 31 0 0 0.017 0.0585146 1 
20 31 0 0 0.049 0.0549587 1 
21 31 0 0 0.017 0.0672301 1 
22 31 0 0.00662185 0.004 0.049768 2 
23 31 0 0 0.007 0.0579108 1 
24 31 0 0 0.001 0.0578541 1 
25 31 0 0 0.033 0.0529878 1 
26 31 0 0 0.036 0.0613378 1 
27 31 0 0 0.025 0.0539931 1 
28 31 0 0 0.007 0.0605531 1 
29 31 0 0 0.039 0.0644248 1 
30 31 0 0 0.048 0.0610671 1 
31 31 0 1 0.001 0.0955351 2 
32 31 0 0 0.017 0.0661483 1 
0 31 1 0 0.04 0.0713452 1 
1 31 1 0 0.018 0.0497947 1 
2 31 1 0 0.034 0.0712603 1 
3 31 1 0 0.007 0.0576616 1 
4 31 1 0 0.03 0.326453 1 
5 31 1 0 0.04 0.31928 1 
6 31 1 0 0.003 0.0642728 1 
7 31 1 0 0.022 0.0527304 1 
8 31 1 0 0.014 0.0528741 1 
9 31 1 0 0.031 0.0595456 1 
10 31 1 0 0.017 0.0470422 1 
11 31 1 0 0.014 0.0527451 1 
12 31 1 0 0.006 0.0513427 1 
13 31 1 0 0.024 0.0648171 1 
14 31 1 0 0.044 0.0663797 1 
15 31 1 0 0.033 0.0563966 1 
16 31 1 0 0.005 0.0557095 1 
17 31 1 0 0.04 0.0536273 1 
18 31 1 0 0.026 0.0487404 1 
19 31 1 0.00236167 0.031 0.0646238 2 
20 31 1 0 0.015 0.0639219 1 
21 31 1 0 0.009 0.137802 1 
22 31 1 0 0.044 0.0568055 1 
23 31 1 0 0.014 0.0687724 1 
24 31 1 0 0.02 0.0594904 1 
25 31 1 0 0.044 0.0649026 1 
26 31 1 0 0.028 0.04905 1 
27 31 1 0 0.015 0.061736 1 
28 31 1 0 0.039 0.057176 1 
29 31 1 0 0.015 0.0595896 1 
30 31 1 0 0.032 0.0510064 1 
31 31 1 0.01313 0.012 0.0588201 2 
32 31 1 0 0.001 0.0593495 1 
0 31 2 0.117569 0.002 0.0552426 4 
1 31 2 0 0.018 0.0556918 1 
2 31 2 0 0.011 0.0748288 1 
3 31 2 0.00479425 0.013 0.0543102 2 
4 31 2 0.00459192 0.016 0.0538513 2 
5 31 2 0.0238873 0.025 0.0613917 3 
6 31 2 0 0.01 0.060091 1 
7 31 2 0.0708221 0.008 0.0622614 2 
8 31 2 0.000969067 0.001 0.048126 2 
9 31 2 0 0.008 0.0567986 1 
10 31 2 0 0.007 0.0491047 1 
11 31 2 0 0.037 0.0647389 1 
12 31 2 0.00345556 0.015 0.060916 2 
13 31 2 0.00661325 0.003 0.052774 4 
14 31 2 0 0.049 0.0592332 1 
15 31 2 0 0.04 0.0578228 1 
16 31 2 0 0.035 0.0589745 1 
17 31 2 0 0.028 0.059857 1 
18 31 2 0 0.016 0.0634314 1 
19 31 2 0 0.011 0.0361674 1 
20 31 2 0 0.028 0.0571543 1 
21 31 2 0.0105931 0.011 0.104724 2 
22 31 2 0 0.037 0.0607372 1 
23 31 2 0.0340739 0.039 0.0501338 2 
24 31 2 0 0.025 0.0509636 1 
25 31 2 0 0.006 0.0563176 1 
26 31 2 0.00827099 0.016 0.0646402 2 
27 31 2 0 0.024 0.066377 1 
28 31 2 0 0.002 0.0510595 1 
29 31 2 0 0.044 0.063471 1 
30 31 2 0 0.012 0.0420273 1 
31 31 2 0 0.04 0.0559295 1 
32 31 2 0.00800419 0.004 0.052818 2 
0 31 3 0.0336048 0.011 0.0582191 4 
1 31 3 0.0233017 0.015 0.0529144 2 
2 31 3 0 0.044 0.063892 1 
3 31 3 0 0.035 0.0643982 1 
4 31 3 0 0.032 0.0649578 1 
5 31 3 0 0.009 0.060351 1 
6 31 3 0.0119724 0.043 0.0740889 2 
7 31 3 0.0239357 0.03 0.049578 2 
8 31 3 0.00546298 0.043 0.292793 1 
9 31 3 0.0119366 0.021 0.0604114 2 
10 31 3 0 0.008 0.0443483 1 
11 31 3 0 0.033 0.0412598 1 
12 31 3 0 0.037 0.0442862 1 
13 31 3 0 0.011 0.0684724 1 
14 31 3 0 0.014 0.056545 1 
15 31 3 0 0.003 0.058775 1 
16 31 3 0 0.016 0.0478665 1 
17 31 3 0 0.049 0.0630227 1 
18 31 3 0 0.011 0.0568229 1 
19 31 3 0 0.001 0.0665556 1 
20 31 3 0 0.012 0.0655524 1 
21 31 3 0.00285869 0.025 0.0848087 2 
22 31 3 0.00296939 0.002 0.0593601 2 
23 31 3 0.00550448 0.04 0.04913 2 
24 31 3 0 0.04 0.0705089 1 
25 31 3 0 0.036 0.0644521 1 
26 31 3 0 0.043 0.0595297 1 
27 31 3 0 0.026 0.0598385 1 
28 31 3 0 0.022 0.0500101 1 
29 31 3 0 0.01 0.0518314 1 
30 31 3 0.00109786 0.001 0.0555154 4 
31 31 3 0 0.038 0.0446716 1 
32 31 3 0 0.014 0.0523988 1 
0 31 4 0 0.001 0.0489197 1 
1 31 4 0 0.047 0.0588471 1 
2 31 4 0 0.027 0.0538371 1 
3 31 4 0 0.04 0.063864 1 
4 31 4 0 0.034 0.322533 1 
5 31 4 0 0.038 0.0665473 1 
6 31 4 0 0.033 0.0737741 1 
7 31 4 0.0321691 0.027 0.055117 2 
8 31 4 0.012253 0.027 0.0631737 2 
9 31 4 0 0.028 0.056451 1 
10 31 4 0 0.019 0.0565006 1 
11 31 4 0 0.031 0.0566993 1 
12 31 4 0 0.004 0.0623004 1 
13 31 4 0 0.047 0.0604103 1 
14 31 4 0 0.03 0.0569206 1 
15 31 4 0 0.015 0.0662274 1 
16 31 4 0 0.012 0.0665412 1 
17 31 4 0 0.046 0.0628783 1 
18 31 4 0 0.041 0.0550922 1 
19 31 4 0 0.047 0.0491629 1 
20 31 4 0 0.024 0.0616588 1 
21 31 4 0.0120565 0.031 0.130291 2 
22 31 4 0 0.029 0.054497 1 
23 31 4 0 0.003 0.059005 1 
24 31 4 0 0.013 0.0553874 1 
25 31 4 0 0.046 0.0675848 1 
26 31 4 0 0.023 0.0664452 1 
27 31 4 0 0.032 0.0572162 1 
28 31 4 0.021701 0.024 0.0593138 2 
29 31 4 0 0.033 0.0635061 1 
30 31 4 0 0.034 0.068942 1 
31 31 4 0.0209013 0.045 0.0541399 2 
32 31 4 0 0.009 0.0587009 1 
0 31 5 0 0.029 0.046565 1 
1 31 5 0 0.037 0.0596068 1 
2 31 5 0 0.024 0.0652507 1 
3 31 5 0 0.045 0.0528394 1 
4 31 5 0.00428077 0.001 0.0593497 3 
5 31 5 0 0.004 0.328286 1 
6 31 5 0.0134351 0.01 0.058381 2 
7 31 5 0 0.003 0.0577915 1 
8 31 5 0 0.021 0.0498249 1 
9 31 5 0 0.04 0.0421694 1 
10 31 5 0 0.042 0.0677103 1 
11 31 5 0 0.025 0.0501244 1 
12 31 5 0 0.006 0.0570959 1 
13 31 5 0 0.022 0.0629921 1 
14 31 5 0 0.03 0.0567143 1 
15 31 5 0 0.04 0.0554749 1 
16 31 5 0 0.007 0.0566294 1 
17 31 5 0 0.047 0.0576111 1 
18 31 5 0 0.024 0.0622576 1 
19 31 5 0 0.032 0.0567481 1 
20 31 5 0 0.033 0.0596481 1 
21 31 5 0 0.039 0.0672962 1 
22 31 5 0 0.023 0.0684368 1 
23 31 5 0 0.038 0.0532037 1 
24 31 5 0 0.017 0.0460811 1 
25 31 5 0 0.015 0.0513068 1 
26 31 5 0 0.041 0.0571139 1 
27 31 5 0 0.02 0.05463 1 
28 31 5 0 0.02 0.0496677 1 
29 31 5 0.0177415 0.041 0.0576615 2 
30 31 5 0 0.032 0.0550585 1 
31 31 5 0 0.003 0.064336 1 
32 31 5 0.000370014 0.043 0.0512274 2 
0 31 6 0 0.031 0.0643915 1 
1 31 6 0.0521779 0.005 0.0569528 4 
2 31 6 0 0.025 0.0676567 1 
3 31 6 0 0.023 0.0568848 1 
4 31 6 0 0.005 0.0511072 1 
5 31 6 0.0162082 0.012 0.0691589 2 
6 31 6 0 0.02 0.0629072 1 
7 31 6 0 0.04 0.060904 1 
8 31 6 0 0.038 0.0655499 1 
9 31 6 0 0.007 0.0728089 1 
10 31 6 0 0.002 0.0564374 1 
11 31 6 0 0.007 0.0576704 1 
12 31 6 0.00362336 0.024 0.0625651 2 
13 31 6 0 0.048 0.063421 1 
14 31 6 0.0171141 0.004 0.0607085 7 
15 31 6 0 0.038 0.0516187 1 
16 31 6 0 0.012 0.0631609 1 
17 31 6 0 0.033 0.0581995 1 
18 31 6 0 0.023 0.0577015 1 
19 31 6 0 0.025 0.0466133 1 
20 31 6 0 0.028 0.0669919 1 
21 31 6 0 0.033 0.148832 1 
22 31 6 0 0.036 0.0666343 1 
23 31 6 0 0.028 0.0656736 1 
24 31 6 0 0.021 0.0622909 1 
25 31 6 0 0.042 0.0612426 1 
26 31 6 0 0.025 0.0592751 1 
27 31 6 0 0.047 0.0534868 1 
28 31 6 0 0.004 0.0552873 1 
29 31 6 0 0.022 0.0474951 1 
30 31 6 0 0.045 0.0537558 1 
31 31 6 0 0.033 0.0776582 1 
32 31 6 0 0.021 0.0657733 1 
0 31 7 0 0.016 0.0704792 1 
1 31 7 0 0.011 0.0663474 1 
2 31 7 0 0.013 0.0546236 1 
3 31 7 0 0.046 0.0741529 1 
4 31 7 0 0.016 0.0601745 1 
5 31 7 0 0.043 0.0558912 1 
6 31 7 0 0.001 0.0549446 1 
7 31 7 0 0.042 0.0763112 1 
8 31 7 0 0.041 0.0626991 1 
9 31 7 0 0.012 0.0543108 1 
10 31 7 0.000940496 0.022 0.0577325 2 
11 31 7 0.0184425 0.048 0.0506298 2 
12 31 7 0.0611952 0.003 0.0489639 5 
13 31 7 0 0.033 0.0652638 1 
14 31 7 0 0.004 0.0525691 1 
15 31 7 0 0.024 0.0604123 1 
16 31 7 0 0.002 0.0569234 1 
17 31 7 0 0.002 0.0643563 1 
18 31 7 0 0.048 0.06037 1 
19 31 7 0.0374554 0.035 0.0604169 2 
20 31 7 0 0.026 0.0668234 1 
21 31 7 0 0.047 0.0557555 1 
22 31 7 0 0.014 0.0520197 1 
23 31 7 0 0.023 0.0672636 1 
24 31 7 0 0.025 0.056369 1 
25 31 7 0 0.03 0.0603043 1 
26 31 7 0 0.02 0.0629905 1 
27 31 7 0.00464967 0.007 0.0511965 2 
28 31 7 0 0.011 0.0614515 1 
29 31 7 0 0.016 0.0563994 1 
30 31 7 0 0.01 0.0775083 1 
31 31 7 0 0.026 0.0798192 1 
32 31 7 0 0.034 0.0457691 1 
0 31 8 0 0.049 0.0698407 1 
1 31 8 0 0.001 0.0543408 1 
2 31 8 0 0.023 0.0658086 1 
3 31 8 0 0.023 0.0724755 1 
4 31 8 0 0.02 0.0833479 1 
5 31 8 0 0.002 0.319982 1 
6 31 8 0.0220643 0.018 0.086367 2 
7 31 8 6.61112e-05 0.001 0.0707942 3 
8 31 8 0.00914382 0.031 0.301474 1 
9 31 8 0 0.048 0.0521949 1 
10 31 8 0 0.032 0.0595771 1 
11 31 8 0 0.031 0.0585187 1 
12 31 8 0 0.004 0.05345 1 
13 31 8 0 0.027 0.0505945 1 
14 31 8 0 0.033 0.0558499 1 
15 31 8 0 0.017 0.0651192 1 
16 31 8 0 0.018 0.0530581 1 
17 31 8 0 0.033 0.0473922 1 
18 31 8 0 0.041 0.0623876 1 
19 31 8 0 0.042 0.0545222 1 
20 31 8 0 0.036 0.0534959 1 
21 31 8 0 0.005 0.127279 1 
22 31 8 0 0.023 0.0616285 1 
23 31 8 0.0358221 0.009 0.0544724 2 
24 31 8 0 0.016 0.0717528 1 
25 31 8 0 0.046 0.0765674 1 
26 31 8 0 0.009 0.0677238 1 
27 31 8 0.03624 0.001 0.0676603 4 
28 31 8 0 0.017 0.0596932 1 
29 31 8 0 0.03 0.0517549 1 
30 31 8 0 0.005 0.0670248 1 
31 31 8 0.0238015 0.041 0.0707761 2 
32 31 8 0 0.034 0.0631576 1 
0 31 9 0 0.011 0.060822 1 
1 31 9 0.000834486 0.036 0.0589334 2 
2 31 9 0 0.017 0.0529604 1 
3 31 9 0 0.049 0.0621094 1 
4 31 9 0 0.049 0.307702 1 
5 31 9 0 0.018 0.324896 1 
6 31 9 0 0.039 0.0497593 1 
7 31 9 0 0.023 0.0608273 1 
8 31 9 0 0.014 0.0625676 1 
9 31 9 0 0.024 0.0536023 1 
10 31 9 0 0.029 0.0641673 1 
11 31 9 0 0.028 0.0810039 1 
12 31 9 0.000684477 0.001 0.053345 3 
13 31 9 0 0.009 0.0560904 1 
14 31 9 0 0.003 0.0717009 1 
15 31 9 0 0.042 0.0597291 1 
16 31 9 0 0.014 0.0533761 1 
17 31 9 0 0.037 0.0609 1 
18 31 9 0.0210498 0.041 0.0634334 2 
19 31 9 0 0.019 0.0609834 1 
20 31 9 0 0.023 0.0555574 1 
21 31 9 0 0.004 0.0644067 1 
22 31 9 0 0.047 0.0585322 1 
23 31 9 0 0.002 0.063759 1 
24 31 9 0 0.006 0.0490361 1 
25 31 9 0 0.008 0.0532326 1 
26 31 9 0 0.004 0.0569458 1 
27 31 9 0 0.036 0.0555383 1 
28 31 9 0 0.001 0.057727 1 
29 31 9 0 0.043 0.0672229 1 
30 31 9 0 0.021 0.0645501 1 
31 31 9 0.0106824 0.048 0.0536734 2 
32 31 9 0 0.012 0.0757442 1 
0 31 10 0 0.039 0.0609271 1 
1 31 10 0 0.01 0.0614701 1 
2 31 10 0 0.018 0.0690924 1 
3 31 10 0 0.041 0.0514076 1 
4 31 10 0.015041 0.024 0.0609253 2 
5 31 10 0 0.006 0.0591252 1 
6 31 10 0 0.002 0.0649506 1 
7 31 10 0 0.011 0.0402757 1 
8 31 10 0 0.028 0.0617353 1 
9 31 10 0 0.016 0.0504304 1 
10 31 10 0 0.047 0.331113 1 
11 31 10 0 0.032 0.0414384 1 
12 31 10 0 0.021 0.0628294 1 
13 31 10 0 0.008 0.0593736 1 
14 31 10 0 0.031 0.0606477 1 
15 31 10 0 0.038 0.0660844 1 
16 31 10 0 0.036 0.04952 1 
17 31 10 0 0.002 0.0657486 1 
18 31 10 0.0221782 0.012 0.0592611 2 
19 31 10 0 0.002 0.0470332 1 
20 31 10 0 0.035 0.0627577 1 
21 31 10 0 0.001 0.149691 1 
22 31 10 0.00234401 0.004 0.0584038 2 
23 31 10 0.00862731 0.022 0.064952 2 
24 31 10 0 0.048 0.0603389 1 
25 31 10 0.00935331 0.002 0.0578097 4 
26 31 10 0 0.03 0.0486035 1 
27 31 10 0 0.02 0.0725452 1 
28 31 10 0 0.035 0.0624045 1 
29 31 10 0 0.011 0.0604897 1 
30 31 10 0 0.04 0.0585525 1 
31 31 10 0.0242682 0.001 0.0621615 2 
32 31 10 0 0.006 0.0522706 1 
0 31 11 0 0.015 0.0589326 1 
1 31 11 0 0.017 0.0724439 1 
2 31 11 0 0.028 0.0728447 1 
3 31 11 0.0550598 0.001 0.0489863 3 
4 31 11 0 0.045 0.0636546 1 
5 31 11 0.0294708 0.013 0.0479755 3 
6 31 11 0 0.011 0.0692063 1 
7 31 11 0 0.005 0.0560505 1 
8 31 11 0.0245416 0.01 0.0552991 2 
9 31 11 0 0.013 0.0631242 1 
10 31 11 0 0.014 0.316845 1 
11 31 11 0 0.036 0.055909 1 
12 31 11 0 0.039 0.0569238 1 
13 31 11 0.0496711 0.025 0.0594288 2 
14 31 11 0 0.026 0.0543736 1 
15 31 11 0 0.03 0.0556957 1 
16 31 11 0 0.04 0.0585196 1 
17 31 11 0 0.015 0.0700198 1 
18 31 11 0.0210581 0.042 0.0389085 2 
19 31 11 0.00290367 0.028 0.0512105 2 
20 31 11 0 0.037 0.057172 1 
21 31 11 0 0.017 0.121556 1 
22 31 11 0 0.038 0.055993 1 
23 31 11 0 0.001 0.0393188 1 
24 31 11 0 0.009 0.036727 1 
25 31 11 0 0.003 0.0668583 1 
26 31 11 0 0.007 0.0506527 1 
27 31 11 0 0.03 0.0602187 1 
28 31 11 0 0.001 0.0550384 1 
29 31 11 0 0.026 0.0586719 1 
30 31 11 0 0.035 0.0553475 1 
31 31 11 0 0.044 0.0548776 1 
32 31 11 0 0.011 0.0639542 1 
0 31 12 0.00846643 0.008 0.0644401 3 
1 31 12 0.00416506 0.009 0.057548 2 
2 31 12 0 0.018 0.0561936 1 
3 31 12 0.0488618 0.005 0.064082 5 
4 31 12 0 0.01 0.0471233 1 
5 31 12 6.79096e-05 0.008 0.0496091 2 
6 31 12 0 0.046 0.0475924 1 
7 31 12 0 0.003 0.0634815 1 
8 31 12 0 0.045 0.063582 1 
9 31 12 0 0.007 0.0515046 1 
10 31 12 0.0163252 0.027 0.053496 2 
11 31 12 0 0.019 0.0624524 1 
12 31 12 0 0.022 0.0611802 1 
13 31 12 0.00304474 0.003 0.0640171 5 
14 31 12 0.0384108 0.02 0.054574 2 
15 31 12 0 0.031 0.0612104 1 
16 31 12 0 0.012 0.0702203 1 
17 31 12 0 0.029 0.0698622 1 
18 31 12 0 0.016 0.057689 1 
19 31 12 0 0.011 0.0663767 1 
20 31 12 0 0.006 0.0633942 1 
21 31 12 0 0.001 0.0658784 1 
22 31 12 0 0.041 0.0660749 1 
23 31 12 0 0.04 0.0536187 1 
24 31 12 0 0.044 0.0586982 1 
25 31 12 0 0.003 0.0622231 1 
26 31 12 0 0.034 0.0555644 1 
27 31 12 0 0.019 0.0610202 1 
28 31 12 0.0221854 0.007 0.0522854 2 
29 31 12 0.0235786 0.019 0.0529494 2 
30 31 12 0 0.024 0.0651089 1 
31 31 12 0 0.027 0.0722875 1 
32 31 12 0 0.042 0.0635151 1 
0 31 13 0 0.033 0.0542305 1 
1 31 13 0.0123821 0.044 0.0676689 2 
2 31 13 0 0.016 0.0663959 1 
3 31 13 0 0.03 0.0572668 1 
4 31 13 0 0.033 0.311457 1 
5 31 13 0 0.043 0.043903 1 
6 31 13 0 0.001 0.053529 1 
7 31 13 0 0.004 0.06543 1 
8 31 13 0 0.024 0.0658084 1 
9 31 13 0 0.036 0.0536176 1 
10 31 13 0 0.016 0.0449865 1 
11 31 13 0 0.015 0.0465756 1 
12 31 13 0 0.049 0.03787 1 
13 31 13 0 0.01 0.0548311 1 
14 31 13 0 0.029 0.0500658 1 
15 31 13 0 0.018 0.0602371 1 
16 31 13 0 0.046 0.0494689 1 
17 31 13 0.0188552 0.009 0.0495228 3 
18 31 13 0 0.048 0.0553694 1 
19 31 13 0.00015086 0.039 0.0490582 2 
20 31 13 0 0.028 0.0551148 1 
21 31 13 0 0.006 0.100306 1 
22 31 13 0 0.03 0.0552721 1 
23 31 13 0.00252033 0.009 0.0443216 2 
24 31 13 0 0.016 0.0550552 1 
25 31 13 0.00164357 0.002 0.0534733 2 
26 31 13 0 0.008 0.0639237 1 
27 31 13 0 0.032 0.0525403 1 
28 31 13 0 0.037 0.0636396 1 
29 31 13 0 0.049 0.0491854 1 
30 31 13 0.0277301 0.003 0.0624727 5 
31 31 13 0.018981 0.015 0.0536233 2 
32 31 13 0 0.029 0.0542609 1 
0 31 14 0 0.018 0.0579254 1 
1 31 14 0 0.012 0.054143 1 
2 31 14 0 0.018 0.0664488 1 
3 31 14 0 0.04 0.0545479 1 
4 31 14 0.000159308 0.033 0.317591 1 
5 31 14 0.0155894 0.012 0.221242 2 
6 31 14 0 0.037 0.0490219 1 
7 31 14 0 0.049 0.0616091 1 
8 31 14 0 0.043 0.0569912 1 
9 31 14 0 0.003 0.0582403 1 
10 31 14 0.000959828 0.04 0.316678 1 
11 31 14 0 0.044 0.0550978 1 
12 31 14 0 0.041 0.0597264 1 
13 31 14 0 0.034 0.0534241 1 
14 31 14 0 0.013 0.0502305 1 
15 31 14 0 0.031 0.0651082 1 
16 31 14 0 0.045 0.0662432 1 
17 31 14 0 0.004 0.0680543 1 
18 31 14 0 0.044 0.0547817 1 
19 31 14 0.0410908 0.015 0.0517788 3 
20 31 14 0.00641969 0.015 0.056835 2 
21 31 14 0 0.019 0.114332 1 
22 31 14 0 0.036 0.0542384 1 
23 31 14 0.0244379 0.004 0.0749482 5 
24 31 14 0 0.047 0.0508005 1 
25 31 14 0 0.007 0.0619674 1 
26 31 14 0 0.042 0.0543207 1 
27 31 14 0 0.031 0.0506966 1 
28 31 14 0 0.027 0.0569087 1 
29 31 14 0 0.022 0.0555092 1 
30 31 14 0 0.028 0.0592043 1 
31 31 14 0.0107955 0.011 0.0623087 2 
32 31 14 0 0.01 0.0616849 1 
0 31 15 0 0.031 0.0587926 1 
1 31 15 0 0.017 0.0731713 1 
2 31 15 0 0.039 0.048369 1 
3 31 15 0 0.01 0.0421762 1 
4 31 15 0.0147388 0.048 0.0630138 2 
5 31 15 0 0.034 0.0616553 1 
6 31 15 0 0.028 0.0617207 1 
7 31 15 0 0.006 0.0484488 1 
8 31 15 0.0133022 0.033 0.0632274 2 
9 31 15 0 0.011 0.0594903 1 
10 31 15 0.00517956 0.025 0.0561057 2 
11 31 15 0 0.033 0.0745417 1 
12 31 15 0 0.043 0.0556255 1 
13 31 15 0.0190663 0.028 0.0611156 2 
14 31 15 0 0.022 0.0477107 1 
15 31 15 0 0.011 0.0606412 1 
16 31 15 0 0.04 0.0603132 1 
17 31 15 0 0.041 0.0649735 1 
18 31 15 0 0.004 0.0685393 1 
19 31 15 0 0.039 0.0587988 1 
20 31 15 0 0.025 0.0531036 1 
21 31 15 0.0117191 0.041 0.0963645 2 
22 31 15 0 0.037 0.0724397 1 
23 31 15 0 0.003 0.0547679 1 
24 31 15 0 0.036 0.0560775 1 
25 31 15 0 0.035 0.0513819 1 
26 31 15 0 0.017 0.0569064 1 
27 31 15 0 0.034 0.0545707 1 
28 31 15 0 0.007 0.0533062 1 
29 31 15 0 0.014 0.0582485 1 
30 31 15 0 0.042 0.0595145 1 
31 31 15 0.0189894 0.032 0.0566279 2 
32 31 15 0 0.012 0.0635236 1 
0 31 16 0 0.048 0.0574018 1 
1 31 16 0.0115902 0.011 0.0723223 2 
2 31 16 0 0.007 0.0511666 1 
3 31 16 0 0.043 0.0622558 1 
4 31 16 0.00165332 0.004 0.329462 1 
5 31 16 0 0.004 0.333375 1 
6 31 16 0 0.043 0.0597494 1 
7 31 16 0 0.018 0.0739801 1 
8 31 16 0.0150371 0.007 0.271565 1 
9 31 16 0 0.047 0.06168 1 
10 31 16 0.00245264 0.012 0.314893 1 
11 31 16 0 0.04 0.0713223 1 
12 31 16 0.0268943 0.015 0.0592804 3 
13 31 16 0 0.014 0.0673699 1 
14 31 16 0 0.04 0.0686899 1 
15 31 16 0 0.045 0.0580852 1 
16 31 16 0 0.043 0.0453309 1 
17 31 16 0 0.046 0.0499251 1 
18 31 16 0 0.022 0.0568864 1 
19 31 16 0 0.042 0.0463098 1 
20 31 16 0 0.021 0.0592728 1 
21 31 16 0 0.04 0.0511623 1 
22 31 16 0 0.008 0.0475149 1 
23 31 16 0 0.048 0.0525196 1 
24 31 16 0 0.023 0.0625394 1 
25 31 16 0 0.014 0.065767 1 
26 31 16 0 0.016 0.0777576 1 
27 31 16 0 0.031 0.066187 1 
28 31 16 0 0.012 0.0563495 1 
29 31 16 0 0.043 0.0634018 1 
30 31 16 0 0.01 0.059847 1 
31 31 16 0 0.012 0.0620418 1 
32 31 16 0 0.002 0.0563666 1 
0 31 17 0 0.021 0.0523575 1 
1 31 17 0 0.031 0.0553056 1 
2 31 17 0 0.02 0.0623204 1 
3 31 17 0 0.008 0.0506477 1 
4 31 17 0.00463736 0.009 0.055384 2 
5 31 17 0.00114341 0.03 0.0607669 2 
6 31 17 0 0.02 0.0590548 1 
7 31 17 0 0.045 0.0565406 1 
8 31 17 0.0157746 0.022 0.29623 1 
9 31 17 0 0.026 0.0727884 1 
10 31 17 0.0466299 0.035 0.0464987 3 
11 31 17 0 0.018 0.0699503 1 
12 31 17 0 0.004 0.0509987 1 
13 31 17 0.064524 0.014 0.059768 6 
14 31 17 0.00128753 0.001 0.0656593 3 
15 31 17 0 0.039 0.0531653 1 
16 31 17 0 0.02 0.0662614 1 
17 31 17 0.0486407 0.001 0.0451128 7 
18 31 17 0 0.001 0.0626318 1 
19 31 17 0 0.027 0.0427776 1 
20 31 17 0 0.04 0.0624984 1 
21 31 17 0 0.005 0.0894491 1 
22 31 17 0 0.027 0.0601783 1 
23 31 17 0 0.038 0.0587356 1 
24 31 17 0 0.023 0.0544668 1 
25 31 17 0 0.036 0.0704225 1 
26 31 17 0 0.011 0.0547492 1 
27 31 17 0.0657834 0.006 0.0544045 3 
28 31 17 0 0.036 0.0659032 1 
29 31 17 0 0.019 0.0689493 1 
30 31 17 0.0355127 0.003 0.0604427 4 
31 31 17 0 0.003 0.0871656 1 
32 31 17 0.0288753 0.006 0.0674338 3 
0 31 18 0 0.033 0.0496082 1 
1 31 18 0 0.034 0.059813 1 
2 31 18 0 0.004 0.0587994 1 
3 31 18 0 0.015 0.0705978 1 
4 31 18 0.00314809 0.04 0.281328 1 
5 31 18 0 0.008 0.0467257 1 
6 31 18 0 0.043 0.0575711 1 
7 31 18 0 0.027 0.0574212 1 
8 31 18 0 0.04 0.0638969 1 
9 31 18 0 0.041 0.0764708 1 
10 31 18 0.0203939 0.032 0.214603 2 
11 31 18 0 0.015 0.0652937 1 
12 31 18 0 0.047 0.0557686 1 
13 31 18 0 0.048 0.0673747 1 
14 31 18 0 0.027 0.0431177 1 
15 31 18 0 0.027 0.0464701 1 
16 31 18 0 0.037 0.0588238 1 
17 31 18 0.00226985 0.001 0.0538988 2 
18 31 18 0 0.031 0.0435449 1 
19 31 18 0 0.019 0.0542152 1 
20 31 18 0 0.025 0.0601541 1 
21 31 18 0 0.009 0.129021 1 
22 31 18 0.0232764 0.005 0.0624678 3 
23 31 18 0 0.044 0.071853 1 
24 31 18 0 0.015 0.0509515 1 
25 31 18 0 0.012 0.0694165 1 
26 31 18 0 0.026 0.0462893 1 
27 31 18 0 0.007 0.0720161 1 
28 31 18 0 0.04 0.0646409 1 
29 31 18 0 0.042 0.0485458 1 
30 31 18 0 0.005 0.0582074 1 
31 31 18 0.024298 0.04 0.0616313 2 
32 31 18 0 0.019 0.0495144 1 
0 31 19 0 0.019 0.0585484 1 
1 31 19 0 0.013 0.0532382 1 
2 31 19 0 0.001 0.0672988 1 
3 31 19 0 0.038 0.0579393 1 
4 31 19 0.0171479 0.013 0.0748101 2 
5 31 19 0 0.005 0.324949 1 
6 31 19 0 0.035 0.0598181 1 
7 31 19 0 0.009 0.0545643 1 
8 31 19 0 0.034 0.0555443 1 
9 31 19 0 0.018 0.0564952 1 
10 31 19 0 0.02 0.0489929 1 
11 31 19 0 0.002 0.0619597 1 
12 31 19 0.0415349 0.026 0.0627194 2 
13 31 19 0 0.027 0.0471832 1 
14 31 19 0 0.049 0.0588514 1 
15 31 19 0 0.032 0.0597517 1 
16 31 19 0 0.016 0.0531895 1 
17 31 19 0 0.008 0.0523445 1 
18 31 19 0 0.006 0.0679142 1 
19 31 19 0 0.014 0.0543571 1 
20 31 19 0 0.032 0.06314 1 
21 31 19 0.0146755 0.046 0.14316 2 
22 31 19 0 0.027 0.0603753 1 
23 31 19 0.00265748 0.033 0.0521564 2 
24 31 19 0 0.003 0.053833 1 
25 31 19 0 0.034 0.0614126 1 
26 31 19 0 0.04 0.0575306 1 
27 31 19 0.0156872 0.007 0.055326 3 
28 31 19 0 0.033 0.0587743 1 
29 31 19 0 0.024 0.0489287 1 
30 31 19 0.0297541 0.021 0.0526762 2 
31 31 19 0 0.02 0.0547964 1 
32 31 19 0 0.032 0.0521292 1 
0 31 20 0 0.044 0.0710704 1 
1 31 20 0.0234703 0.019 0.0489157 2 
2 31 20 0 0.044 0.0675601 1 
3 31 20 0 0.031 0.0672995 1 
4 31 20 0.0234179 0.035 0.182108 2 
5 31 20 0.0161155 0.039 0.0620362 2 
6 31 20 0 0.02 0.0503822 1 
7 31 20 0.079688 0.003 0.0581705 8 
8 31 20 0.01307 0.041 0.056725 2 
9 31 20 0 0.044 0.0626078 1 
10 31 20 0 0.028 0.0630069 1 
11 31 20 0 0.001 0.0656139 1 
12 31 20 0.000711076 0.002 0.0657135 3 
13 31 20 0 0.045 0.0562259 1 
14 31 20 0 0.001 0.0549147 1 
15 31 20 0 0.047 0.0600929 1 
16 31 20 0 0.001 0.0550634 1 
17 31 20 0 0.012 0.0557068 1 
18 31 20 0 0.009 0.0636018 1 
19 31 20 0 0.036 0.0624785 1 
20 31 20 0 0.023 0.0443825 1 
21 31 20 0 0.027 0.0469765 1 
22 31 20 0.00264693 0.004 0.0589748 2 
23 31 20 0.00106018 0.003 0.061386 2 
24 31 20 0 0.03 0.0609149 1 
25 31 20 0 0.047 0.0497274 1 
26 31 20 0 0.016 0.0653635 1 
27 31 20 0 0.046 0.0575889 1 
28 31 20 0 0.023 0.0425156 1 
29 31 20 0 0.048 0.0618076 1 
30 31 20 0.0145728 0.012 0.0607983 3 
31 31 20 0 0.012 0.0742288 1 
32 31 20 0 0.014 0.07068 1 
0 31 21 0 0.025 0.0676599 1 
1 31 21 0 0.042 0.0645401 1 
2 31 21 0 0.031 0.057487 1 
3 31 21 0.0612762 0.006 0.0580051 6 
4 31 21 0 0.015 0.0575905 1 
5 31 21 0 0.003 0.2111 2 
6 31 21 0 0.006 0.0409042 1 
7 31 21 0 0.042 0.0540726 1 
8 31 21 0.0187239 0.044 0.268818 1 
9 31 21 0.00672911 0.006 0.0688202 4 
10 31 21 0 0.005 0.0576644 1 
11 31 21 0 0.027 0.0499037 1 
12 31 21 0 0.004 0.0567272 1 
13 31 21 0.0298975 0.012 0.045914 3 
14 31 21 0 0.006 0.0582132 1 
15 31 21 0 0.028 0.0364911 1 
16 31 21 0 0.001 0.0620685 1 
17 31 21 0 0.032 0.0582907 1 
18 31 21 0 0.013 0.0497849 1 
19 31 21 0 0.024 0.062829 1 
20 31 21 0 0.012 0.0573979 1 
21 31 21 0.0161543 0.042 0.0897813 2 
22 31 21 0 0.042 0.0647202 1 
23 31 21 0.0408996 0.027 0.0650178 3 
24 31 21 0 0.014 0.0526569 1 
25 31 21 0 0.028 0.0576537 1 
26 31 21 0 0.013 0.0494417 1 
27 31 21 0 0.037 0.059931 1 
28 31 21 0 0.046 0.0508839 1 
29 31 21 0 0.007 0.0652392 1 
30 31 21 0 0.034 0.0452663 1 
31 31 21 0 0.039 0.0816686 1 
32 31 21 0 0.035 0.0634577 1 
0 31 22 0 0.034 0.0641041 1 
1 31 22 0.038329 0.021 0.0541305 2 
2 31 22 0 0.008 0.0634389 1 
3 31 22 0 0.021 0.0503748 1 
4 31 22 0.00299152 0.018 0.0629971 2 
5 31 22 0 0.014 0.0636118 1 
6 31 22 0 0.006 0.0687226 1 
7 31 22 0 0.002 0.0645608 1 
8 31 22 0.0194611 0.037 0.275498 1 
9 31 22 0 0.049 0.050709 1 
10 31 22 0 0.008 0.0465498 1 
11 31 22 0 0.025 0.0597056 1 
12 31 22 0 0.004 0.0545377 1 
13 31 22 0.0903295 0.039 0.0533256 2 
14 31 22 0 0.004 0.0614586 1 
15 31 22 0 0.035 0.0648315 1 
16 31 22 0 0.031 0.0583511 1 
17 31 22 0.0817977 0.002 0.0613031 13 
18 31 22 0 0.045 0.0592237 1 
19 31 22 0.00324566 0.002 0.047211 3 
20 31 22 0.00202618 0.011 0.0581143 2 
21 31 22 0 0.019 0.0752015 1 
22 31 22 0 0.03 0.0523731 1 
23 31 22 0 0.048 0.0547023 1 
24 31 22 0 0.033 0.0443712 1 
25 31 22 0 0.01 0.0608649 1 
26 31 22 0 0.033 0.0548988 1 
27 31 22 0 0.047 0.0638477 1 
28 31 22 0 0.044 0.0645796 1 
29 31 22 0 0.049 0.0640434 1 
30 31 22 0 0.032 0.0550215 1 
31 31 22 0 0.034 0.0594772 1 
32 31 22 0.014831 0.041 0.0504072 2 
0 31 23 0 0.023 0.0506047 1 
1 31 23 0 0.001 0.0493921 1 
2 31 23 0 0.025 0.0585725 1 
3 31 23 0 0.011 0.0647849 1 
4 31 23 0.0294978 0.01 0.0594882 3 
5 31 23 0 0.041 0.187681 2 
6 31 23 0.0183281 0.032 0.0721149 2 
7 31 23 0 0.006 0.048756 1 
8 31 23 0 0.007 0.0483319 1 
9 31 23 0 0.004 0.0708087 1 
10 31 23 0.0676894 0.001 0.0579675 4 
11 31 23 0 0.01 0.0668391 1 
12 31 23 0 0.036 0.0576078 1 
13 31 23 0 0.011 0.0598525 1 
14 31 23 0 0.038 0.059158 1 
15 31 23 0 0.003 0.0595746 1 
16 31 23 0 0.014 0.0552783 1 
17 31 23 0 0.006 0.0660997 1 
18 31 23 0 0.017 0.0571802 1 
19 31 23 0 0.021 0.0575629 1 
20 31 23 0 0.046 0.0616468 1 
21 31 23 0 0.007 0.134016 1 
22 31 23 0.0133114 0.004 0.0567843 4 
23 31 23 0 0.035 0.056627 1 
24 31 23 0 0.018 0.0593769 1 
25 31 23 0 0.022 0.0622477 1 
26 31 23 0 0.014 0.0694551 1 
27 31 23 0 0.027 0.0544854 1 
28 31 23 0 0.015 0.0592524 1 
29 31 23 0 0.044 0.0767745 1 
30 31 23 0 0.007 0.057573 1 
31 31 23 0 0.018 0.0476465 1 
32 31 23 0 0.018 0.0604166 1 
0 31 24 0 0.044 0.0594914 1 
1 31 24 0 0.012 0.0511475 1 
2 31 24 0 0.034 0.0653221 1 
3 31 24 0 0.044 0.0486535 1 
4 31 24 0 0.042 0.0516579 1 
5 31 24 0 0.026 0.0550261 1 
6 31 24 0 0.031 0.0548974 1 
7 31 24 0 0.012 0.0634776 1 
8 31 24 0.000116919 0.003 0.0617617 2 
9 31 24 0 0.015 0.0510524 1 
10 31 24 0.00842804 0.009 0.317457 1 
11 31 24 0 0.04 0.0520768 1 
12 31 24 0 0.022 0.0460493 1 
13 31 24 0 0.008 0.0514855 1 
14 31 24 0 0.021 0.0578797 1 
15 31 24 0 0.022 0.0525533 1 
16 31 24 0 0.029 0.0616769 1 
17 31 24 0 0.048 0.0570225 1 
18 31 24 0 0.049 0.0575432 1 
19 31 24 0 0.01 0.0521893 1 
20 31 24 0 0.027 0.0533028 1 
21 31 24 0 0.04 0.0857823 1 
22 31 24 0 0.013 0.0618426 1 
23 31 24 0 0.014 0.0532757 1 
24 31 24 0 0.033 0.060576 1 
25 31 24 0 0.022 0.0556976 1 
26 31 24 0.0194254 0.001 0.0461209 5 
27 31 24 0 0.002 0.0621489 1 
28 31 24 0 0.002 0.0524857 1 
29 31 24 0 0.007 0.0536195 1 
30 31 24 0 0.032 0.0513073 1 
31 31 24 0 0.034 0.0564101 1 
32 31 24 0.053859 0.007 0.0748105 5 
0 31 25 0.0121955 0.001 0.0732826 2 
1 31 25 0 0.046 0.0631798 1 
2 31 25 0 0.019 0.056761 1 
3 31 25 0 0.028 0.0688423 1 
4 31 25 0 0.027 0.0633368 1 
5 31 25 0.00439645 0.026 0.331155 1 
6 31 25 0 0.033 0.0547499 1 
7 31 25 0 0.045 0.0466042 1 
8 31 25 0 0.023 0.06162 1 
9 31 25 0 0.04 0.0629477 1 
10 31 25 0 0.027 0.0762929 1 
11 31 25 0 0.024 0.0774999 1 
12 31 25 0 0.017 0.0532474 1 
13 31 25 0.0085007 0.002 0.0718565 2 
14 31 25 0 0.023 0.0641304 1 
15 31 25 0 0.007 0.0659389 1 
16 31 25 0 0.048 0.0623617 1 
17 31 25 0 0.037 0.038351 1 
18 31 25 0 0.027 0.052765 1 
19 31 25 0.0190478 0.001 0.0633998 2 
20 31 25 0 0.005 0.0507909 1 
21 31 25 0 0.001 0.122962 1 
22 31 25 0 0.043 0.0643245 1 
23 31 25 0.0181149 0.004 0.0539228 2 
24 31 25 0 0.047 0.0551807 1 
25 31 25 0 0.029 0.0659 1 
26 31 25 0 0.019 0.0610603 1 
27 31 25 0 0.043 0.0666545 1 
28 31 25 0 0.019 0.0621976 1 
29 31 25 0 0.006 0.0727065 1 
30 31 25 0 0.023 0.0591334 1 
31 31 25 0 0.038 0.0754734 1 
32 31 25 0.0143777 0.015 0.0432419 2 
0 31 26 0 0.005 0.0661744 1 
1 31 26 0 0.044 0.0517526 1 
2 31 26 0 0.043 0.0528569 1 
3 31 26 0 0.044 0.0478204 1 
4 31 26 0 0.016 0.0588496 1 
5 31 26 0.0165365 0.027 0.0610939 2 
6 31 26 0 0.008 0.0528559 1 
7 31 26 0 0.041 0.0528604 1 
8 31 26 0.000118181 0.015 0.0578533 2 
9 31 26 0 0.025 0.054731 1 
10 31 26 0 0.032 0.0500763 1 
11 31 26 0 0.023 0.0645447 1 
12 31 26 0 0.041 0.0556489 1 
13 31 26 0 0.02 0.0630538 1 
14 31 26 0 0.044 0.0545182 1 
15 31 26 0 0.045 0.0541661 1 
16 31 26 0 0.023 0.0661463 1 
17 31 26 0 0.015 0.0434773 1 
18 31 26 0 0.035 0.0532225 1 
19 31 26 0 0.014 0.0505709 1 
20 31 26 0.090218 0.019 0.0528527 3 
21 31 26 0 0.04 0.115291 1 
22 31 26 0 0.028 0.0589463 1 
23 31 26 0 0.018 0.0594454 1 
24 31 26 0 0.002 0.0565777 1 
25 31 26 0 0.035 0.0526944 1 
26 31 26 0 0.026 0.0599518 1 
27 31 26 0 0.003 0.0513962 1 
28 31 26 0 0.008 0.0632375 1 
29 31 26 0 0.029 0.0475103 1 
30 31 26 0 0.036 0.0586069 1 
31 31 26 0 0.018 0.0711293 1 
32 31 26 0 0.022 0.0633415 1 
0 31 27 0 0.046 0.05203 1 
1 31 27 0 0.014 0.0675158 1 
2 31 27 0.0204299 0.028 0.0686222 2 
3 31 27 0 0.038 0.051143 1 
4 31 27 0 0.023 0.0631738 1 
5 31 27 0.00589805 0.036 0.32163 1 
6 31 27 0 0.017 0.0626536 1 
7 31 27 0 0.035 0.038447 1 
8 31 27 0 0.041 0.0527109 1 
9 31 27 0 0.033 0.0520828 1 
10 31 27 0 0.002 0.0546901 1 
11 31 27 0 0.017 0.0593595 1 
12 31 27 0 0.037 0.0502221 1 
13 31 27 0 0.003 0.0632818 1 
14 31 27 0 0.03 0.0669885 1 
15 31 27 0 0.01 0.0561068 1 
16 31 27 0 0.018 0.0520468 1 
17 31 27 0.0183434 0.034 0.0762584 2 
18 31 27 0 0.007 0.0643446 1 
19 31 27 0 0.049 0.0585636 1 
20 31 27 0 0.021 0.0497533 1 
21 31 27 0 0.034 0.133017 1 
22 31 27 0 0.035 0.0458013 1 
23 31 27 0 0.028 0.062488 1 
24 31 27 0 0.002 0.0607343 1 
25 31 27 0 0.049 0.0599677 1 
26 31 27 0 0.041 0.0510349 1 
27 31 27 0.039881 0.002 0.0538639 7 
28 31 27 0 0.002 0.041263 1 
29 31 27 0 0.037 0.0566009 1 
30 31 27 0 0.042 0.0545481 1 
31 31 27 0 0.041 0.0912863 1 
32 31 27 0 0.032 0.0548024 1 
0 31 28 0 0.021 0.0543406 1 
1 31 28 0 0.021 0.0440476 1 
2 31 28 0 0.021 0.0526664 1 
3 31 28 0 0.033 0.0621608 1 
4 31 28 0 0.01 0.0417565 1 
5 31 28 0.0258947 0.04 0.196952 2 
6 31 28 0 0.041 0.0630064 1 
7 31 28 0 0.04 0.0612762 1 
8 31 28 0 0.041 0.0635148 1 
9 31 28 0 0.003 0.0558724 1 
10 31 28 0 0.032 0.0632991 1 
11 31 28 0 0.009 0.0620746 1 
12 31 28 0.004615 0.002 0.0616133 2 
13 31 28 0 0.003 0.0736099 1 
14 31 28 0 0.027 0.0481749 1 
15 31 28 0 0.009 0.0600176 1 
16 31 28 0 0.025 0.0441103 1 
17 31 28 0 0.014 0.0718367 1 
18 31 28 0 0.047 0.0543716 1 
19 31 28 0 0.02 0.065752 1 
20 31 28 0 0.038 0.0572429 1 
21 31 28 0 0.044 0.135367 1 
22 31 28 0.0462437 0.002 0.0481545 15 
23 31 28 0.00267396 0.009 0.0595517 2 
24 31 28 0 0.034 0.0589836 1 
25 31 28 0 0.02 0.0573447 1 
26 31 28 0.0227133 0.01 0.0726987 4 
27 31 28 0 0.023 0.0543074 1 
28 31 28 0.0222481 0.005 0.0427491 2 
29 31 28 0 0.026 0.0582024 1 
30 31 28 0 0.046 0.0559625 1 
31 31 28 0 0.047 0.0700724 1 
32 31 28 0 0.044 0.0580843 1 
0 31 29 0 0.037 0.0547479 1 
1 31 29 0 0.031 0.0616545 1 
2 31 29 0 0.021 0.0768056 1 
3 31 29 0 0.011 0.0547595 1 
4 31 29 0.0113742 0.046 0.303798 1 
5 31 29 0 0.042 0.0587482 1 
6 31 29 0 0.023 0.0509712 1 
7 31 29 0 0.008 0.0577652 1 
8 31 29 0.000983664 0.011 0.0557213 2 
9 31 29 0 0.023 0.0679898 1 
10 31 29 0.013366 0.046 0.0588068 2 
11 31 29 0 0.006 0.0661464 1 
12 31 29 0 0.027 0.0622824 1 
13 31 29 0 0.04 0.0697849 1 
14 31 29 0 0.015 0.0537443 1 
15 31 29 0 0.03 0.0650283 1 
16 31 29 0 0.026 0.0524391 1 
17 31 29 0 0.029 0.045538 1 
18 31 29 0 0.02 0.0601338 1 
19 31 29 0.0147325 0.047 0.0621121 2 
20 31 29 0.0305328 0.028 0.0486496 2 
21 31 29 0.0176596 0.015 0.0851394 2 
22 31 29 0.0185112 0.014 0.046532 2 
23 31 29 0 0.034 0.066968 1 
24 31 29 0 0.019 0.0565289 1 
25 31 29 0.0139568 0.013 0.0450256 3 
26 31 29 0 0.035 0.0553477 1 
27 31 29 0 0.047 0.0709876 1 
28 31 29 0.0211336 0.011 0.0574242 2 
29 31 29 0 0.01 0.0635353 1 
30 31 29 0 0.032 0.0604718 1 
31 31 29 0 0.035 0.0718601 1 
32 31 29 0 0.043 0.0615347 1 
0 31 30 0 0.022 0.0501206 1 
1 31 30 0 0.042 0.069152 1 
2 31 30 0 0.008 0.0539954 1 
3 31 30 0.0271759 0.007 0.0516251 4 
4 31 30 0.0121228 0.03 0.300442 1 
5 31 30 0 0.049 0.0468952 1 
6 31 30 0 0.001 0.0508561 1 
7 31 30 0 0.044 0.0661846 1 
8 31 30 0 0.012 0.0571801 1 
9 31 30 0 0.016 0.0610523 1 
10 31 30 0.0129137 0.046 0.308195 1 
11 31 30 0 0.036 0.0576858 1 
12 31 30 0 0.039 0.0565228 1 
13 31 30 0 0.019 0.0500215 1 
14 31 30 0 0.004 0.0606122 1 
15 31 30 0 0.024 0.0616704 1 
16 31 30 0 0.049 0.0518239 1 
17 31 30 0 0.032 0.0705084 1 
18 31 30 0.0222559 0.037 0.0645325 2 
19 31 30 0 0.008 0.0643407 1 
20 31 30 0.00355392 0.012 0.0511634 2 
21 31 30 0.0257365 0.003 0.101862 2 
22 31 30 0 0.037 0.061771 1 
23 31 30 0 0.004 0.0488724 1 
24 31 30 0 0.019 0.0677944 1 
25 31 30 0 0.014 0.0662999 1 
26 31 30 0 0.034 0.0496988 1 
27 31 30 0 0.027 0.059751 1 
28 31 30 0.0222559 0.036 0.0523833 2 
29 31 30 0 0.016 0.0481691 1 
30 31 30 0 0.032 0.0584355 1 
31 31 30 0 0.04 0.0573629 1 
32 31 30 0.0152174 0.023 0.0605874 2 
0 31 31 0 0.036 0.0621705 1 
1 31 31 0.0112585 0.006 0.0534093 2 
2 31 31 0 0.039 0.0548997 1 
3 31 31 0 0.027 0.0513739 1 
4 31 31 0.00497773 0.011 0.0597738 2 
5 31 31 0.00890403 0.02 0.331778 1 
6 31 31 0 0.015 0.0427329 1 
7 31 31 0.0438867 0.009 0.0501324 5 
8 31 31 0 0.039 0.0661758 1 
9 31 31 0 0.042 0.0669315 1 
10 31 31 0 0.011 0.0621096 1 
11 31 31 0.0204473 0.021 0.0597555 2 
12 31 31 0.00167861 0.008 0.0670959 5 
13 31 31 0 0.03 0.0610638 1 
14 31 31 0 0.033 0.0586351 1 
15 31 31 0 0.013 0.0577389 1 
16 31 31 0 0.046 0.063431 1 
17 31 31 0 0.034 0.061002 1 
18 31 31 0 0.025 0.0651134 1 
19 31 31 0 0.028 0.0611973 1 
20 31 31 0 0.021 0.0533468 1 
21 31 31 0.0176684 0.028 0.0876047 2 
22 31 31 0 0.045 0.0555959 1 
23 31 31 0 0.044 0.0562189 1 
24 31 31 0 0.037 0.0610411 1 
25 31 31 0.0436943 0.035 0.0601564 2 
26 31 31 0 0.04 0.0552695 1 
27 31 31 0.0179437 0.002 0.0501872 4 
28 31 31 0 0.028 0.0694751 1 
29 31 31 0 0.027 0.0639193 1 
30 31 31 0.0254123 0.011 0.0569757 3 
31 31 31 0.0190578 0.032 0.0439817 2 
32 31 31 0.0147962 0.008 0.0713007 3 
0 31 32 0.0119914 0.013 0.067427 2 
1 31 32 0.00085586 0.013 0.0531079 2 
2 31 32 0 0.042 0.0644003 1 
3 31 32 0 0.022 0.066768 1 
4 31 32 0.0136192 0.03 0.325038 1 
5 31 32 0.0288416 0.043 0.168307 2 
6 31 32 0 0.002 0.044408 1 
7 31 32 0.0337116 0.042 0.0609612 2 
8 31 32 0 0.017 0.0574555 1 
9 31 32 0 0.013 0.0505996 1 
10 31 32 6.85776e-05 0.049 0.0458867 2 
11 31 32 0 0.032 0.0662201 1 
12 31 32 0.00326784 0.043 0.0519817 2 
13 31 32 0 0.021 0.0534305 1 
14 31 32 0 0.036 0.0370849 1 
15 31 32 0 0.027 0.046755 1 
16 31 32 0 0.001 0.0597601 1 
17 31 32 0 0.005 0.0367994 1 
18 31 32 0 0.027 0.0575838 1 
19 31 32 0 0.038 0.0604259 1 
20 31 32 0 0.012 0.0633293 1 
21 31 32 0 0.04 0.0636535 1 
22 31 32 0 0.042 0.0537139 1 
23 31 32 0 0.032 0.0598632 1 
24 31 32 0 0.046 0.0593167 1 
25 31 32 0 0.04 0.0398427 1 
26 31 32 0 0.021 0.0518758 1 
27 31 32 0 0.008 0.0470913 1 
28 31 32 0 0.009 0.0637791 1 
29 31 32 0 0.018 0.0616844 1 
30 31 32 0 0.042 0.0605421 1 
31 31 32 0.000380963 0.006 0.0649769 2 
32 31 32 0 0.032 0.0557884 1 
0 31 33 0 0.023 0.0515251 1 
1 31 33 0 0.041 0.0598689 1 
2 31 33 0 0.039 0.047062 1 
3 31 33 0 0.046 0.0559342 1 
4 31 33 0.0164695 0.021 0.0466544 3 
5 31 33 0 0.046 0.056658 1 
6 31 33 0 0.035 0.0643709 1 
7 31 33 0 0.005 0.061649 1 
8 31 33 0 0.025 0.0598218 1 
9 31 33 0 0.002 0.0601914 1 
10 31 33 0 0.024 0.0651436 1 
11 31 33 0 0.038 0.0476099 1 
12 31 33 0 0.045 0.0647127 1 
13 31 33 0.00608895 0.011 0.0425528 2 
14 31 33 0 0.016 0.0642927 1 
15 31 33 0 0.021 0.0485978 1 
16 31 33 0 0.018 0.065339 1 
17 31 33 0 0.022 0.0597073 1 
18 31 33 0 0.038 0.0499016 1 
19 31 33 0 0.026 0.0627269 1 
20 31 33 0 0.026 0.0399305 1 
21 31 33 0 0.005 0.13221 1 
22 31 33 0 0.034 0.0652817 1 
23 31 33 0 0.021 0.0485561 1 
24 31 33 0 0.022 0.0625772 1 
25 31 33 0 0.035 0.0642694 1 
26 31 33 0 0.012 0.061623 1 
27 31 33 0 0.01 0.0591634 1 
28 31 33 0 0.032 0.0611189 1 
29 31 33 0 0.029 0.0614727 1 
30 31 33 0 0.017 0.0565783 1 
31 31 33 0.0190661 0.027 0.0511301 2 
32 31 33 0 0.021 0.0533422 1 
0 31 34 0.0401577 0.014 0.0679351 3 
1 31 34 0 0.044 0.05301 1 
2 31 34 0 0.026 0.0530854 1 
3 31 34 0 0.039 0.0667657 1 
4 31 34 0.0151179 0.016 0.314975 1 
5 31 34 0.0111599 0.014 0.332021 1 
6 31 34 0 0.033 0.0578575 1 
7 31 34 0 0.04 0.0652813 1 
8 31 34 0.00517576 0.042 0.0542737 2 
9 31 34 0 0.009 0.0535462 1 
10 31 34 0 0.004 0.053423 1 
11 31 34 0 0.001 0.0581995 1 
12 31 34 0 0.039 0.0614718 1 
13 31 34 0 0.047 0.0530175 1 
14 31 34 0 0.009 0.0655997 1 
15 31 34 0 0.01 0.060787 1 
16 31 34 0 0.039 0.0565001 1 
17 31 34 0 0.033 0.0700776 1 
18 31 34 0 0.005 0.0597338 1 
19 31 34 0 0.029 0.0476532 1 
20 31 34 0 0.004 0.0544444 1 
21 31 34 0 0.035 0.143401 1 
22 31 34 0.00241901 0.001 0.0545679 3 
23 31 34 0 0.008 0.0548467 1 
24 31 34 0 0.001 0.0508281 1 
25 31 34 0 0.036 0.0548802 1 
26 31 34 0 0.04 0.0563563 1 
27 31 34 0 0.029 0.0532238 1 
28 31 34 0 0.014 0.0586726 1 
29 31 34 0 0.01 0.0674183 1 
30 31 34 0.0126262 0.003 0.0560762 5 
31 31 34 0 0.044 0.0619421 1 
32 31 34 0 0.004 0.0534731 1 
0 31 35 0.056021 0.001 0.0669307 4 
1 31 35 0.00745817 0.029 0.0441557 3 
2 31 35 0 0.033 0.0660774 1 
3 31 35 0 0.046 0.0571289 1 
4 31 35 0.0158669 0.012 0.328888 1 
5 31 35 0.0119119 0.032 0.316641 1 
6 31 35 0 0.029 0.0513286 1 
7 31 35 0 0.012 0.051703 1 
8 31 35 0 0.004 0.274931 1 
9 31 35 0 0.019 0.0575218 1 
10 31 35 0.00785049 0.022 0.198664 2 
11 31 35 0 0.018 0.0528445 1 
12 31 35 0 0.034 0.053157 1 
13 31 35 0 0.047 0.0601244 1 
14 31 35 0.0888936 0.001 0.0440185 18 
15 31 35 0 0.037 0.0592699 1 
16 31 35 0 0.044 0.0606193 1 
17 31 35 0 0.029 0.0566957 1 
18 31 35 0 0.034 0.0474532 1 
19 31 35 0.00306566 0.03 0.059881 2 
20 31 35 0 0.032 0.0563945 1 
21 31 35 0 0.023 0.0742508 1 
22 31 35 0 0.012 0.0608136 1 
23 31 35 0 0.006 0.0587979 1 
24 31 35 0 0.02 0.0488044 1 
25 31 35 0.00835039 0.007 0.0502438 2 
26 31 35 0 0.045 0.0747716 1 
27 31 35 0 0.047 0.0518947 1 
28 31 35 0 0.024 0.0592949 1 
29 31 35 0 0.001 0.068238 1 
30 31 35 0 0.043 0.0583862 1 
31 31 35 0 0.044 0.0626049 1 
32 31 35 0 0.041 0.0566271 1 
0 31 36 0 0.022 0.0610506 1 
1 31 36 0 0.013 0.058818 1 
2 31 36 0 0.034 0.0609715 1 
3 31 36 0 0.033 0.0664748 1 
4 31 36 0 0.046 0.0640382 1 
5 31 36 0 0.034 0.0587293 1 
6 31 36 0 0.001 0.0409413 1 
7 31 36 0 0.024 0.0578268 1 
8 31 36 0 0.009 0.0615452 1 
9 31 36 0 0.002 0.0620046 1 
10 31 36 0 0.033 0.0627663 1 
11 31 36 0.0229758 0.003 0.0665893 2 
12 31 36 0 0.045 0.0577738 1 
13 31 36 0.0149669 0.002 0.0515709 5 
14 31 36 0 0.045 0.0589132 1 
15 31 36 0 0.032 0.0605763 1 
16 31 36 0 0.001 0.0678178 1 
17 31 36 0 0.043 0.046601 1 
18 31 36 0 0.009 0.0539589 1 
19 31 36 0 0.002 0.0642103 1 
20 31 36 0 0.003 0.0613526 1 
21 31 36 0 0.018 0.124588 1 
22 31 36 0 0.024 0.0569352 1 
23 31 36 0 0.013 0.0491463 1 
24 31 36 0 0.038 0.051071 1 
25 31 36 0 0.044 0.0537662 1 
26 31 36 0 0.003 0.0610283 1 
27 31 36 0 0.012 0.0626692 1 
28 31 36 0 0.04 0.051406 1 
29 31 36 0 0.04 0.0619449 1 
30 31 36 0.0348053 0.012 0.0486353 2 
31 31 36 0 0.013 0.0823989 1 
32 31 36 0.0370344 0.006 0.0561026 4 
0 31 37 0 0.012 0.0550889 1 
1 31 37 0 0.021 0.066031 1 
2 31 37 0 0.023 0.0621318 1 
3 31 37 0.00991403 0.004 0.0610712 4 
4 31 37 0 0.031 0.041758 1 
5 31 37 0.00380471 0.03 0.192618 2 
6 31 37 0 0.017 0.0585347 1 
7 31 37 0 0.01 0.0553261 2 
8 31 37 0 0.049 0.0599527 1 
9 31 37 0 0.044 0.0613563 1 
10 31 37 0.018151 0.011 0.324078 1 
11 31 37 0 0.018 0.0581782 1 
12 31 37 0 0.031 0.0428788 1 
13 31 37 0 0.018 0.0578764 1 
14 31 37 0 0.009 0.0566149 1 
15 31 37 0 0.011 0.062642 1 
16 31 37 0 0.013 0.0663869 1 
17 31 37 0.00632121 0.006 0.0558834 2 
18 31 37 0 0.031 0.0509236 1 
19 31 37 0.000776234 0.006 0.0616433 2 
20 31 37 0 0.048 0.0532183 1 
21 31 37 0 0.008 0.130915 1 
22 31 37 0 0.008 0.0695354 1 
23 31 37 0 0.021 0.0455842 1 
24 31 37 0 0.019 0.0532651 1 
25 31 37 0 0.035 0.0614958 1 
26 31 37 0 0.034 0.0609079 1 
27 31 37 0 0.048 0.0676388 1 
28 31 37 0 0.036 0.0537863 1 
29 31 37 0.0197784 0.048 0.0443769 2 
30 31 37 0 0.032 0.0535992 1 
31 31 37 0 0.027 0.100341 1 
32 31 37 0 0.005 0.0683879 1 
0 31 38 0 0.004 0.0623971 1 
1 31 38 0.0306539 0.013 0.0510186 3 
2 31 38 0 0.003 0.0803193 1 
3 31 38 0 0.001 0.0578887 1 
4 31 38 0 0.033 0.0588507 1 
5 31 38 0 0.026 0.0586599 1 
6 31 38 0 0.013 0.0583389 1 
7 31 38 0.00354369 0.005 0.0514533 3 
8 31 38 0.0130153 0.005 0.0519144 2 
9 31 38 0 0.016 0.0589253 1 
10 31 38 0.0172172 0.026 0.0662057 2 
11 31 38 0 0.005 0.0675056 1 
12 31 38 0.10937 0.004 0.0570789 2 
13 31 38 0 0.036 0.0510385 1 
14 31 38 0 0.033 0.0500564 1 
15 31 38 0 0.01 0.0588789 1 
16 31 38 0 0.015 0.0545017 1 
17 31 38 0 0.046 0.0565891 1 
18 31 38 0 0.028 0.0664077 1 
19 31 38 0 0.005 0.0541144 1 
20 31 38 0 0.045 0.0623349 1 
21 31 38 0 0.035 0.122315 1 
22 31 38 0 0.047 0.0621093 1 
23 31 38 0 0.024 0.0542999 1 
24 31 38 0 0.041 0.0737877 1 
25 31 38 0 0.039 0.0641026 1 
26 31 38 0 0.042 0.0749574 1 
27 31 38 0 0.012 0.051947 1 
28 31 38 0 0.001 0.0588048 1 
29 31 38 0 0.017 0.0485042 1 
30 31 38 0 0.013 0.0559586 1 
31 31 38 0.0024047 0.025 0.0461287 2 
32 31 38 0 0.003 0.0698162 1 
0 31 39 0 0.041 0.0487339 1 
1 31 39 0 0.034 0.0631141 1 
2 31 39 0 0.01 0.0645722 1 
3 31 39 0.0190152 0.006 0.0645058 3 
4 31 39 0 0.019 0.0564563 1 
5 31 39 0.0149201 0.039 0.309702 1 
6 31 39 0 0.021 0.0517128 1 
7 31 39 0.0050246 0.009 0.0521225 3 
8 31 39 0 0.008 0.285236 1 
9 31 39 0 0.039 0.069502 1 
10 31 39 0.0153732 0.002 0.0700399 2 
11 31 39 0 0.02 0.0654711 1 
12 31 39 0 0.023 0.0459674 1 
13 31 39 0 0.011 0.0605118 1 
14 31 39 0 0.005 0.0571724 1 
15 31 39 0 0.032 0.0515563 1 
16 31 39 0 0.028 0.0611186 1 
17 31 39 0.0326755 0.013 0.0573405 2 
18 31 39 0 0.015 0.0517415 1 
19 31 39 0 0.022 0.0534067 1 
20 31 39 0.0262863 0.027 0.0587356 2 
21 31 39 0 0.008 0.0977317 1 
22 31 39 0 0.029 0.0595791 1 
23 31 39 0 0.039 0.056181 1 
24 31 39 0 0.048 0.0471777 1 
25 31 39 0 0.023 0.0639942 1 
26 31 39 0.0002478 0.048 0.0573946 2 
27 31 39 0 0.03 0.0491247 1 
28 31 39 0.0211765 0.029 0.0524711 2 
29 31 39 0 0.013 0.0600628 1 
30 31 39 0.010931 0.007 0.0621172 2 
31 31 39 0 0.006 0.0997128 1 
32 31 39 0 0.01 0.0663845 1 
0 31 40 0 0.021 0.057257 1 
1 31 40 0 0.044 0.0608784 1 
2 31 40 0 0.047 0.0456477 1 
3 31 40 0 0.021 0.0629206 1 
4 31 40 0.0196125 0.033 0.31006 1 
5 31 40 0 0.023 0.0689178 1 
6 31 40 0 0.046 0.0578625 1 
7 31 40 0 0.046 0.0627863 1 
8 31 40 0 0.031 0.294166 1 
9 31 40 0 0.027 0.0583204 1 
10 31 40 0 0.049 0.0606658 1 
11 31 40 0 0.039 0.0608561 1 
12 31 40 0 0.042 0.0625678 1 
13 31 40 0 0.022 0.0588002 1 
14 31 40 0 0.022 0.0571096 1 
15 31 40 0 0.037 0.0623308 1 
16 31 40 0 0.048 0.0637434 1 
17 31 40 0.0039505 0.023 0.0456694 2 
18 31 40 0 0.038 0.0693538 1 
19 31 40 0.031324 0.007 0.0697511 3 
20 31 40 0 0.019 0.0726053 1 
21 31 40 0.0257748 0.015 0.118764 2 
22 31 40 0 0.04 0.0490688 1 
23 31 40 0 0.038 0.0606486 1 
24 31 40 0 0.033 0.0524748 1 
25 31 40 0 0.015 0.0588147 1 
26 31 40 0.0056943 0.022 0.04936 2 
27 31 40 0 0.008 0.0563532 1 
28 31 40 0 0.047 0.0579191 1 
29 31 40 0 0.041 0.0403792 1 
30 31 40 0 0.01 0.0566362 1 
31 31 40 0 0.003 0.057179 1 
32 31 40 0 0.028 0.0541313 1 
0 31 41 0 0.03 0.0576687 1 
1 31 41 0.00352979 0.018 0.0657422 2 
2 31 41 0 0.03 0.0603367 1 
3 31 41 0 0.025 0.059547 1 
4 31 41 0.0465278 0.001 0.0597386 3 
5 31 41 0.0164248 0.024 0.32419 1 
6 31 41 0 0.046 0.0727094 1 
7 31 41 0 0.038 0.056104 1 
8 31 41 0 0.048 0.0625082 1 
9 31 41 0 0.016 0.0593546 1 
10 31 41 0 0.022 0.0649603 1 
11 31 41 0 0.048 0.0716941 1 
12 31 41 0 0.047 0.0718604 1 
13 31 41 0 0.001 0.0590406 1 
14 31 41 0.0230793 0.01 0.0555137 3 
15 31 41 0 0.047 0.0545515 1 
16 31 41 0 0.005 0.0610934 1 
17 31 41 0 0.004 0.0609896 1 
18 31 41 0 0.043 0.0497511 1 
19 31 41 0 0.019 0.0463184 1 
20 31 41 0 0.008 0.0392171 1 
21 31 41 0.0103337 0.042 0.0604303 2 
22 31 41 0 0.015 0.0523878 1 
23 31 41 5.91822e-05 0.03 0.0725668 2 
24 31 41 0 0.013 0.0517685 1 
25 31 41 0 0.036 0.0665116 1 
26 31 41 0.000689264 0.009 0.0578851 2 
27 31 41 0 0.004 0.061489 1 
28 31 41 0 0.002 0.0450073 1 
29 31 41 0 0.013 0.0451454 1 
30 31 41 0 0.044 0.0659825 1 
31 31 41 0 0.038 0.0876279 1 
32 31 41 0.00443649 0.02 0.0522171 2 
0 31 42 0 0.034 0.0588407 1 
1 31 42 0 0.035 0.0581279 1 
2 31 42 0 0.033 0.0473089 1 
3 31 42 0 0.004 0.0507479 1 
4 31 42 0.0211122 0.03 0.317947 1 
5 31 42 0.036219 0.049 0.210241 2 
6 31 42 0 0.004 0.0665887 1 
7 31 42 0 0.012 0.0682888 1 
8 31 42 0.00515 0.014 0.0610553 2 
9 31 42 0.00931778 0.002 0.0701288 2 
10 31 42 0 0.012 0.0687099 1 
11 31 42 0 0.007 0.0669218 1 
12 31 42 0 0.044 0.0547818 1 
13 31 42 0 0.006 0.0561085 1 
14 31 42 0 0.011 0.0549207 1 
15 31 42 0 0.027 0.0560119 1 
16 31 42 0 0.04 0.069215 1 
17 31 42 0 0.029 0.0616465 1 
18 31 42 0 0.035 0.0600687 1 
19 31 42 0 0.008 0.058687 1 
20 31 42 0 0.047 0.044168 1 
21 31 42 0.0257824 0.018 0.11527 2 
22 31 42 0 0.008 0.0569072 1 
23 31 42 0 0.03 0.0571591 1 
24 31 42 0 0.009 0.0726861 1 
25 31 42 0.00955884 0.004 0.0610158 4 
26 31 42 0 0.003 0.0747688 1 
27 31 42 0 0.001 0.0516913 1 
28 31 42 0 0.021 0.0523038 1 
29 31 42 0 0.015 0.0765123 1 
30 31 42 0 0.043 0.0509407 1 
31 31 42 0.0243909 0.031 0.050968 2 
32 31 42 0 0.041 0.0442885 1 
0 31 43 0.00420646 0.001 0.0722641 2 
1 31 43 0 0.001 0.050056 1 
2 31 43 0 0.038 0.0582988 1 
3 31 43 0 0.04 0.0640593 1 
4 31 43 0.0218618 0.016 0.309729 1 
5 31 43 0 0.047 0.0634032 1 
6 31 43 0 0.038 0.0620158 1 
7 31 43 0 0.008 0.05078 1 
8 31 43 0 0.014 0.0517034 1 
9 31 43 0 0.047 0.0584616 1 
10 31 43 0 0.028 0.0573159 1 
11 31 43 0 0.042 0.0571141 1 
12 31 43 0.0014256 0.032 0.0603462 3 
13 31 43 0 0.008 0.0598086 1 
14 31 43 0.0291677 0.006 0.0552876 4 
15 31 43 0 0.003 0.0670304 1 
16 31 43 0 0.002 0.0546529 1 
17 31 43 0 0.042 0.0612228 1 
18 31 43 0 0.011 0.0616474 1 
19 31 43 0.0196577 0.044 0.0507761 2 
20 31 43 0 0.028 0.0561728 1 
21 31 43 0 0.039 0.0616761 1 
22 31 43 0 0.047 0.0538635 1 
23 31 43 0 0.01 0.0504107 1 
24 31 43 0 0.023 0.0464549 1 
25 31 43 0 0.006 0.0615488 1 
26 31 43 0 0.003 0.058624 1 
27 31 43 0 0.01 0.0528076 1 
28 31 43 0 0.037 0.0524293 1 
29 31 43 0 0.013 0.0575968 1 
30 31 43 0.0455103 0.008 0.0484504 3 
31 31 43 0 0.039 0.0559439 1 
32 31 43 0 0.029 0.0497177 1 
0 31 44 0 0.02 0.0546618 1 
1 31 44 0 0.022 0.0512399 1 
2 31 44 0 0.03 0.0790279 1 
3 31 44 0 0.018 0.0648675 1 
4 31 44 0 0.039 0.0534346 1 
5 31 44 0.016374 0.008 0.0545089 2 
6 31 44 0.00923742 0.018 0.0568204 3 
7 31 44 0 0.03 0.05655 1 
8 31 44 0.0136452 0.032 0.0601491 3 
9 31 44 0 0.014 0.0507935 1 
10 31 44 0.0467121 0.02 0.0616216 3 
11 31 44 0 0.045 0.0620233 1 
12 31 44 0 0.004 0.0586223 1 
13 31 44 0 0.04 0.0663194 1 
14 31 44 0 0.024 0.0611756 1 
15 31 44 0 0.044 0.057522 1 
16 31 44 0 0.026 0.0615478 1 
17 31 44 0 0.028 0.0671842 1 
18 31 44 0 0.035 0.0692282 1 
19 31 44 0 0.024 0.065851 1 
20 31 44 0 0.038 0.0559588 1 
21 31 44 0 0.041 0.12558 1 
22 31 44 0 0.017 0.0690473 1 
23 31 44 7.44418e-05 0.006 0.0613817 2 
24 31 44 0 0.02 0.0632628 1 
25 31 44 0 0.03 0.0603163 1 
26 31 44 0 0.043 0.0545566 1 
27 31 44 0 0.048 0.0627685 1 
28 31 44 0.0223119 0.043 0.0488055 2 
29 31 44 0 0.024 0.0476742 1 
30 31 44 0 0.015 0.0487159 1 
31 31 44 0 0.028 0.0805257 1 
32 31 44 0 0.021 0.0621565 1 
0 31 45 0 0.034 0.0483649 1 
1 31 45 0 0.026 0.0600402 1 
2 31 45 0.0205076 0.002 0.0638826 2 
3 31 45 0.0214922 0.003 0.0544795 4 
4 31 45 0 0.037 0.0638237 1 
5 31 45 0.0194368 0.036 0.312825 1 
6 31 45 0 0.038 0.0689707 1 
7 31 45 0.0284386 0.014 0.0562715 2 
8 31 45 0 0.032 0.267735 1 
9 31 45 0 0.043 0.0501603 1 
10 31 45 0 0.013 0.0615198 1 
11 31 45 0.0205076 0.014 0.0618103 2 
12 31 45 0.0241692 0.018 0.0547768 2 
13 31 45 0.0419476 0.028 0.0645965 2 
14 31 45 0 0.026 0.0551318 1 
15 31 45 0 0.046 0.0630184 1 
16 31 45 0 0.014 0.0454611 1 
17 31 45 0 0.019 0.0650435 1 
18 31 45 0 0.028 0.0437465 1 
19 31 45 0.00744744 0.044 0.0605805 3 
20 31 45 0 0.022 0.0600805 1 
21 31 45 0 0.01 0.0503038 1 
22 31 45 0.00353669 0.014 0.0497836 2 
23 31 45 0.0642722 0.004 0.0535234 6 
24 31 45 0 0.006 0.046153 1 
25 31 45 0.00196626 0.001 0.065137 2 
26 31 45 0 0.013 0.0665067 1 
27 31 45 0 0.037 0.0578471 1 
28 31 45 0 0.01 0.0539275 1 
29 31 45 0 0.019 0.0477964 1 
30 31 45 0 0.028 0.048205 1 
31 31 45 0 0.035 0.0884718 1 
32 31 45 0 0.01 0.0692504 1 
0 31 46 0 0.002 0.0643008 1 
1 31 46 0.044132 0.029 0.0711315 3 
2 31 46 0 0.006 0.0677013 1 
3 31 46 0 0.035 0.0532245 1 
4 31 46 0 0.017 0.060492 1 
5 31 46 0.0201902 0.027 0.315668 1 
6 31 46 0 0.046 0.0655532 1 
7 31 46 0 0.049 0.0536467 1 
8 31 46 0 0.015 0.0601579 1 
9 31 46 0 0.024 0.0614232 1 
10 31 46 0.0248934 0.008 0.303874 1 
11 31 46 0 0.013 0.0618798 1 
12 31 46 0 0.047 0.0577908 1 
13 31 46 0 0.027 0.0524589 1 
14 31 46 0.00245116 0.035 0.0480762 2 
15 31 46 0 0.037 0.0585332 1 
16 31 46 0 0.001 0.051009 1 
17 31 46 0 0.045 0.0652404 1 
18 31 46 0 0.023 0.0610933 1 
19 31 46 0 0.027 0.0500952 1 
20 31 46 0 0.011 0.0649461 1 
21 31 46 0 0.002 0.0925529 1 
22 31 46 0 0.028 0.0510928 1 
23 31 46 0 0.049 0.0655856 1 
24 31 46 0 0.01 0.0592573 1 
25 31 46 0.0236701 0.017 0.0543997 3 
26 31 46 0.00867389 0.005 0.0587012 2 
27 31 46 0 0.02 0.0671262 1 
28 31 46 0 0.022 0.0594352 1 
29 31 46 0 0.034 0.0527955 1 
30 31 46 0 0.047 0.0624503 1 
31 31 46 0 0.015 0.0798942 1 
32 31 46 0 0.041 0.0642898 1 
0 31 47 0 0.007 0.0488333 1 
1 31 47 0 0.019 0.053458 1 
2 31 47 0 0.022 0.0795174 1 
3 31 47 0 0.025 0.0413787 1 
4 31 47 0.000814257 0.048 0.0549923 2 
5 31 47 0 0.029 0.0686146 1 
6 31 47 0 0.021 0.0611672 1 
7 31 47 0 0.021 0.0546699 1 
8 31 47 0 0.002 0.0432058 1 
9 31 47 0 0.021 0.0602493 1 
10 31 47 0 0.031 0.315283 1 
11 31 47 0 0.014 0.0518921 1 
12 31 47 0 0.021 0.0602623 1 
13 31 47 0.0484024 0.001 0.0508752 6 
14 31 47 0 0.001 0.066754 1 
15 31 47 0 0.039 0.0636817 1 
16 31 47 0 0.022 0.0657433 1 
17 31 47 0 0.04 0.0453691 1 
18 31 47 0 0.008 0.0623436 1 
19 31 47 0 0.003 0.071395 1 
20 31 47 0.00375915 0.011 0.0684851 2 
21 31 47 0.0177392 0.023 0.11554 2 
22 31 47 0 0.001 0.061767 1 
23 31 47 4.77597e-05 0.007 0.059518 2 
24 31 47 0 0.011 0.0446809 1 
25 31 47 0.0091788 0.013 0.0451811 2 
26 31 47 0 0.004 0.0619835 1 
27 31 47 0.00460207 0.001 0.0529126 2 
28 31 47 0.0212105 0.027 0.0497473 2 
29 31 47 0 0.03 0.0641851 1 
30 31 47 0 0.019 0.0624193 1 
31 31 47 0.0191278 0.009 0.0441704 2 
32 31 47 0 0.005 0.0620351 1 
0 31 48 0.000756627 0.003 0.0705218 2 
1 31 48 0 0.015 0.0566674 1 
2 31 48 0 0.011 0.0602874 1 
3 31 48 0.0565755 0.004 0.059467 7 
4 31 48 0 0.019 0.317939 1 
5 31 48 0 0.028 0.0638833 1 
6 31 48 0 0.015 0.0578765 1 
7 31 48 0 0.006 0.0543007 1 
8 31 48 0.000898128 0.02 0.056012 2 
9 31 48 0 0.003 0.0622135 1 
10 31 48 0 0.025 0.0597023 1 
11 31 48 0 0.038 0.0715015 1 
12 31 48 0 0.032 0.059178 1 
13 31 48 0 0.014 0.0651294 1 
14 31 48 0 0.017 0.0606436 1 
15 31 48 0 0.027 0.0511571 1 
16 31 48 0 0.008 0.0579443 1 
17 31 48 0 0.012 0.0749067 1 
18 31 48 0 0.005 0.0649829 1 
19 31 48 0 0.038 0.053332 1 
20 31 48 0 0.043 0.0582781 1 
21 31 48 0.0258055 0.014 0.118806 2 
22 31 48 0 0.023 0.0602592 1 
23 31 48 0 0.034 0.0608098 1 
24 31 48 0 0.033 0.0654413 1 
25 31 48 0 0.048 0.0616639 1 
26 31 48 0 0.035 0.0651458 1 
27 31 48 0 0.046 0.0575753 1 
28 31 48 0 0.034 0.0615003 1 
29 31 48 0 0.028 0.072481 1 
30 31 48 0 0.027 0.0599909 1 
31 31 48 0 0.022 0.0558881 1 
32 31 48 0 0.024 0.0545584 1 
0 31 49 0 0.021 0.0706947 1 
1 31 49 0 0.029 0.05961 1 
2 31 49 0 0.021 0.0606983 1 
3 31 49 0 0.033 0.0656451 1 
4 31 49 0 0.022 0.0647319 1 
5 31 49 0 0.004 0.0616285 1 
6 31 49 0 0.007 0.0668034 1 
7 31 49 0 0.002 0.058348 1 
8 31 49 0 0.001 0.267055 1 
9 31 49 0.00037479 0.004 0.0608919 3 
10 31 49 0.0639814 0.045 0.056417 2 
11 31 49 0 0.034 0.0643987 1 
12 31 49 0 0.023 0.0620251 1 
13 31 49 0 0.042 0.0606294 1 
14 31 49 0.0351586 0.005 0.050645 3 
15 31 49 0 0.025 0.0662598 1 
16 31 49 0 0.04 0.0629124 1 
17 31 49 0.0335267 0.034 0.0630767 2 
18 31 49 0 0.003 0.0621461 1 
19 31 49 0 0.043 0.0596241 1 
20 31 49 0 0.006 0.0574805 1 
21 31 49 0 0.007 0.0598985 1 
22 31 49 0.0398799 0.001 0.0690245 6 
23 31 49 0 0.038 0.0645699 1 
24 31 49 0 0.029 0.0635693 1 
25 31 49 0 0.001 0.067522 1 
26 31 49 0 0.038 0.0519362 1 
27 31 49 0 0.001 0.0659435 1 
28 31 49 0 0.029 0.0591258 1 
29 31 49 0 0.049 0.0532612 1 
30 31 49 0 0.018 0.056616 1 
31 31 49 0 0.011 0.0765471 1 
32 31 49 0 0.028 0.0562884 1 
0 31 50 0 0.03 0.0630135 1 
1 31 50 0 0.021 0.0574817 1 
2 31 50 0 0.016 0.049822 1 
3 31 50 0 0.044 0.0611081 1 
4 31 50 0.0153543 0.017 0.0639739 3 
5 31 50 0.00540306 0.036 0.0542761 2 
6 31 50 0 0.042 0.0649878 1 
7 31 50 0.0179181 0.045 0.0593201 2 
8 31 50 0.0124365 0.024 0.0602108 2 
9 31 50 0 0.045 0.0586594 1 
10 31 50 0.0529479 0.019 0.0665652 2 
11 31 50 0 0.017 0.067911 1 
12 31 50 0.00174809 0.024 0.0682209 3 
13 31 50 0 0.036 0.0636887 1 
14 31 50 0 0.047 0.0685263 1 
15 31 50 0 0.002 0.0608677 1 
16 31 50 0 0.027 0.0545481 1 
17 31 50 0 0.002 0.0757624 1 
18 31 50 0 0.009 0.0554837 1 
19 31 50 0 0.015 0.0524754 1 
20 31 50 0 0.041 0.0613168 1 
21 31 50 0 0.013 0.103344 1 
22 31 50 0 0.016 0.0577975 1 
23 31 50 0 0.029 0.0678625 1 
24 31 50 0 0.037 0.0567129 1 
25 31 50 0 0.028 0.0580775 1 
26 31 50 0 0.036 0.0603373 1 
27 31 50 0 0.036 0.0617527 1 
28 31 50 0 0.019 0.0519186 1 
29 31 50 0 0.031 0.0544742 1 
30 31 50 0 0.017 0.0634437 1 
31 31 50 0 0.006 0.0927327 1 
32 31 50 0 0.043 0.0490178 1 
0 31 51 0 0.012 0.0400052 1 
1 31 51 0 0.034 0.0548532 1 
2 31 51 0 0.02 0.0645756 1 
3 31 51 0.000459907 0.003 0.0519489 2 
4 31 51 0 0.021 0.319779 1 
5 31 51 0.0168352 0.034 0.064231 2 
6 31 51 0 0.012 0.0543129 1 
7 31 51 0.0170464 0.033 0.0456593 2 
8 31 51 0 0.031 0.0670472 1 
9 31 51 0 0.021 0.0612126 1 
10 31 51 0 0.001 0.0505793 2 
11 31 51 0 0.028 0.0759682 1 
12 31 51 0.00507873 0.013 0.0507493 3 
13 31 51 0 0.032 0.0526552 1 
14 31 51 0 0.033 0.0439226 1 
15 31 51 0 0.047 0.0614841 1 
16 31 51 0 0.036 0.0627255 1 
17 31 51 0.0119933 0.007 0.0591212 2 
18 31 51 0 0.034 0.0629776 1 
19 31 51 0 0.038 0.0689305 1 
20 31 51 0.00155029 0.005 0.0545135 2 
21 31 51 0.0177572 0.044 0.0867037 2 
22 31 51 0 0.041 0.0597959 1 
23 31 51 0 0.032 0.0544376 1 
24 31 51 0 0.024 0.0556052 1 
25 31 51 0 0.033 0.0602111 1 
26 31 51 0 0.035 0.0559283 1 
27 31 51 0.0318521 0.003 0.0592177 6 
28 31 51 0.0212279 0.049 0.0479377 2 
29 31 51 0 0.034 0.0655785 1 
30 31 51 0 0.016 0.062982 1 
31 31 51 0.00303945 0.045 0.0520085 2 
32 31 51 0 0.019 0.0599275 1 
0 31 52 0.0354612 0.005 0.0717948 2 
1 31 52 0 0.035 0.0490445 1 
2 31 52 0 0.04 0.0582701 1 
3 31 52 0.013701 0.001 0.0702104 2 
4 31 52 0 0.038 0.0658984 1 
5 31 52 0.0247103 0.04 0.343482 1 
6 31 52 0 0.032 0.0651037 1 
7 31 52 0.00838636 0.005 0.0532395 2 
8 31 52 0 0.004 0.0447981 1 
9 31 52 0 0.044 0.0591641 1 
10 31 52 0 0.046 0.0594891 1 
11 31 52 0 0.031 0.0666242 1 
12 31 52 0 0.021 0.0563085 1 
13 31 52 0.0291342 0.03 0.0583504 2 
14 31 52 0 0.003 0.052473 1 
15 31 52 0 0.005 0.0740709 1 
16 31 52 0 0.024 0.0702232 1 
17 31 52 0 0.044 0.0625554 1 
18 31 52 0 0.011 0.043072 1 
19 31 52 0 0.032 0.0717492 1 
20 31 52 0 0.03 0.0548408 1 
21 31 52 0 0.042 0.0555538 1 
22 31 52 0 0.03 0.0495365 1 
23 31 52 0 0.03 0.0704283 1 
24 31 52 0 0.011 0.0662651 1 
25 31 52 0 0.039 0.0629092 1 
26 31 52 0 0.023 0.0551024 1 
27 31 52 0 0.027 0.0629522 1 
28 31 52 0 0.032 0.0634677 1 
29 31 52 0 0.047 0.0662339 1 
30 31 52 0 0.007 0.0613082 1 
31 31 52 0 0.042 0.100912 1 
32 31 52 0 0.002 0.0604413 1 
0 31 53 0 0.02 0.0572263 1 
1 31 53 0 0.014 0.0650291 1 
2 31 53 0 0.013 0.080572 1 
3 31 53 0.0393626 0.004 0.0535826 6 
4 31 53 0 0.049 0.319344 1 
5 31 53 0 0.007 0.0521631 1 
6 31 53 0 0.042 0.0643192 1 
7 31 53 0 0.005 0.0587907 1 
8 31 53 0 0.035 0.0673772 1 
9 31 53 0 0.03 0.0564751 1 
10 31 53 0 0.013 0.0592707 1 
11 31 53 0 0.007 0.0541994 1 
12 31 53 0 0.049 0.066587 1 
13 31 53 0 0.023 0.0553457 1 
14 31 53 0 0.04 0.0568713 1 
15 31 53 0 0.012 0.0808012 1 
16 31 53 0 0.01 0.0614462 1 
17 31 53 0 0.002 0.0610019 1 
18 31 53 0 0.022 0.0468682 1 
19 31 53 0 0.011 0.0615088 1 
20 31 53 0 0.023 0.052279 1 
21 31 53 0 0.028 0.143577 1 
22 31 53 0 0.007 0.0621006 1 
23 31 53 0 0.007 0.0568837 1 
24 31 53 0 0.029 0.0645577 1 
25 31 53 0.00676917 0.015 0.0559802 3 
26 31 53 0 0.002 0.0463393 1 
27 31 53 0 0.016 0.0523777 1 
28 31 53 0 0.013 0.0584602 1 
29 31 53 0 0.047 0.0614514 1 
30 31 53 0.0259725 0.003 0.057018 3 
31 31 53 0 0.033 0.0679827 1 
32 31 53 0 0.039 0.0451682 1 
0 31 54 0 0.02 0.0558897 1 
1 31 54 0 0.046 0.0441766 1 
2 31 54 0 0.022 0.060333 1 
3 31 54 0 0.016 0.0612886 1 
4 31 54 0.00449005 0.012 0.058711 2 
5 31 54 0 0.021 0.334655 1 
6 31 54 0 0.033 0.0524243 1 
7 31 54 0 0.027 0.0526872 1 
8 31 54 0 0.038 0.0626581 1 
9 31 54 0 0.049 0.0544389 1 
10 31 54 0 0.016 0.0597166 1 
11 31 54 0.0230471 0.012 0.0644382 2 
12 31 54 0.00105627 0.026 0.0638374 3 
13 31 54 0.00927887 0.034 0.0578952 2 
14 31 54 0 0.015 0.0478527 1 
15 31 54 0 0.049 0.0674027 1 
16 31 54 0 0.024 0.0479501 1 
17 31 54 0 0.006 0.0550454 1 
18 31 54 0 0.035 0.0446838 1 
19 31 54 0 0.035 0.0695517 1 
20 31 54 0 0.045 0.0640857 1 
21 31 54 0 0.047 0.099398 1 
22 31 54 0 0.028 0.0523481 1 
23 31 54 0.00253182 0.015 0.0539778 2 
24 31 54 0 0.012 0.0584243 1 
25 31 54 0 0.034 0.0612471 1 
26 31 54 0 0.046 0.0577573 1 
27 31 54 0 0.005 0.0744871 1 
28 31 54 0 0.038 0.059586 1 
29 31 54 0 0.018 0.0535068 1 
30 31 54 0.0303564 0.006 0.0577681 3 
31 31 54 0 0.029 0.0879737 1 
32 31 54 0.0273153 0.001 0.0599708 3 
0 31 55 0 0.033 0.0525965 1 
1 31 55 0.00215688 0.016 0.066649 2 
2 31 55 0 0.044 0.0595344 1 
3 31 55 0 0.024 0.0698084 1 
4 31 55 0 0.021 0.306247 1 
5 31 55 0.00736497 0.018 0.191399 2 
6 31 55 0 0.011 0.049493 1 
7 31 55 0 0.012 0.0603764 1 
8 31 55 0 0.037 0.0504289 1 
9 31 55 0 0.048 0.0586852 1 
10 31 55 0.0136837 0.041 0.0686482 2 
11 31 55 0 0.022 0.056686 1 
12 31 55 0 0.024 0.052457 1 
13 31 55 0.0152944 0.013 0.0588629 2 
14 31 55 0 0.022 0.0598988 1 
15 31 55 0 0.005 0.0649945 1 
16 31 55 0 0.023 0.0622039 1 
17 31 55 0 0.022 0.0531098 1 
18 31 55 0 0.026 0.0481063 1 
19 31 55 0 0.049 0.0598779 1 
20 31 55 0 0.004 0.0544751 1 
21 31 55 0 0.009 0.103419 1 
22 31 55 0 0.012 0.0567945 1 
23 31 55 0 0.038 0.058554 1 
24 31 55 0 0.019 0.059411 1 
25 31 55 0 0.013 0.066313 1 
26 31 55 0 0.033 0.0507186 1 
27 31 55 0 0.027 0.0706712 1 
28 31 55 0 0.011 0.0517141 1 
29 31 55 0 0.045 0.0508091 1 
30 31 55 0 0.027 0.0582527 1 
31 31 55 0 0.012 0.0562648 1 
32 31 55 0.00430149 0.036 0.0552236 2 
0 31 56 0 0.006 0.0530216 1 
1 31 56 0 0.013 0.059868 1 
2 31 56 0 0.046 0.059459 1 
3 31 56 0 0.026 0.0614117 1 
4 31 56 0.0499854 0.027 0.0697744 3 
5 31 56 0 0.001 0.0547022 1 
6 31 56 0 0.016 0.0632683 1 
7 31 56 0 0.009 0.0497697 1 
8 31 56 0 0.027 0.0557379 1 
9 31 56 0.0126513 0.027 0.0506449 2 
10 31 56 0 0.031 0.299461 1 
11 31 56 0 0.032 0.0567644 1 
12 31 56 0.0155693 0.002 0.0555882 3 
13 31 56 0 0.037 0.0621883 1 
14 31 56 0 0.002 0.0627375 1 
15 31 56 0 0.022 0.0618077 1 
16 31 56 0 0.004 0.0623568 1 
17 31 56 0 0.028 0.0559143 1 
18 31 56 0 0.003 0.0443458 1 
19 31 56 0.00296444 0.025 0.0665702 2 
20 31 56 0 0.029 0.0593937 1 
21 31 56 0.025837 0.023 0.124715 2 
22 31 56 0 0.021 0.0638672 1 
23 31 56 0 0.027 0.0636558 1 
24 31 56 0 0.002 0.0592951 1 
25 31 56 0 0.042 0.0500566 1 
26 31 56 0 0.011 0.0600409 1 
27 31 56 0 0.005 0.0722837 1 
28 31 56 0 0.011 0.0563639 1 
29 31 56 0 0.019 0.0644515 1 
30 31 56 0 0.029 0.0487095 1 
31 31 56 0.0244462 0.035 0.0472278 2 
32 31 56 0 0.025 0.05034 1 
0 31 57 0 0.037 0.0390881 1 
1 31 57 0.0239893 0.01 0.0587171 2 
2 31 57 0 0.013 0.0477806 1 
3 31 57 0 0.001 0.0633502 1 
4 31 57 0 0.007 0.320301 1 
5 31 57 0 0.034 0.313313 1 
6 31 57 0 0.003 0.0622427 1 
7 31 57 0.0104065 0.02 0.0481024 2 
8 31 57 0 0.027 0.061496 1 
9 31 57 0 0.009 0.0480329 1 
10 31 57 0 0.02 0.0617524 1 
11 31 57 0 0.041 0.0525575 1 
12 31 57 0 0.044 0.059367 1 
13 31 57 0 0.048 0.0515277 1 
14 31 57 0 0.022 0.0585417 1 
15 31 57 0 0.018 0.0652798 1 
16 31 57 0 0.026 0.0513773 1 
17 31 57 0 0.025 0.0515438 1 
18 31 57 0 0.025 0.058546 1 
19 31 57 0 0.047 0.0465647 1 
20 31 57 0 0.023 0.0573828 1 
21 31 57 0 0.041 0.0597378 1 
22 31 57 0 0.025 0.0439377 1 
23 31 57 0 0.01 0.0545344 1 
24 31 57 0 0.03 0.048619 1 
25 31 57 0 0.027 0.0590176 1 
26 31 57 0 0.007 0.0591694 1 
27 31 57 0 0.042 0.0658057 1 
28 31 57 0 0.032 0.050446 1 
29 31 57 0 0.042 0.0612244 1 
30 31 57 0 0.03 0.0557807 1 
31 31 57 0 0.02 0.0530443 1 
32 31 57 0 0.042 0.0550271 1 
0 31 58 0.0105634 0.004 0.0556466 5 
1 31 58 0.000454397 0.013 0.0553823 2 
2 31 58 0 0.027 0.0619095 1 
3 31 58 0 0.048 0.046065 1 
4 31 58 0 0.012 0.31352 1 
5 31 58 0.00477598 0.016 0.0627152 2 
6 31 58 0 0.034 0.0602178 1 
7 31 58 0 0.005 0.0595093 1 
8 31 58 0.0162722 0.008 0.068008 3 
9 31 58 0.0207125 0.005 0.0773166 3 
10 31 58 0 0.049 0.0472962 1 
11 31 58 0 0.049 0.0446333 1 
12 31 58 0.000850036 0.022 0.0650005 2 
13 31 58 0.000648013 0.008 0.0469806 2 
14 31 58 0.0140852 0.008 0.0570521 3 
15 31 58 0 0.036 0.0539182 1 
16 31 58 0 0.031 0.0722364 1 
17 31 58 0 0.032 0.0638904 1 
18 31 58 0 0.031 0.0661439 1 
19 31 58 0 0.023 0.0593169 1 
20 31 58 0.00442947 0.006 0.0533279 2 
21 31 58 0 0.031 0.0997335 1 
22 31 58 0 0.047 0.0579985 1 
23 31 58 0 0.019 0.0556275 1 
24 31 58 0 0.046 0.0494998 1 
25 31 58 0 0.015 0.0708377 1 
26 31 58 0 0.031 0.0631692 1 
27 31 58 0 0.027 0.0494956 1 
28 31 58 0 0.014 0.0651172 1 
29 31 58 0 0.009 0.0582907 1 
30 31 58 0.0121335 0.009 0.0593758 3 
31 31 58 0 0.008 0.0875284 1 
32 31 58 0 0.006 0.0635784 1 
0 31 59 0.0471841 0.009 0.0619251 5 
1 31 59 0 0.001 0.0570524 1 
2 31 59 0 0.048 0.0462695 1 
3 31 59 0 0.003 0.0629178 1 
4 31 59 0.0125898 0.004 0.0669352 2 
5 31 59 0 0.036 0.326407 1 
6 31 59 0 0.042 0.0602916 1 
7 31 59 0 0.04 0.0565787 1 
8 31 59 0 0.01 0.0592919 1 
9 31 59 0 0.029 0.0606691 1 
10 31 59 0 0.004 0.0741205 1 
11 31 59 0 0.04 0.0679032 1 
12 31 59 0 0.041 0.0625219 1 
13 31 59 0 0.046 0.0606622 1 
14 31 59 0 0.011 0.0622287 1 
15 31 59 0 0.004 0.061838 1 
16 31 59 0 0.009 0.059599 1 
17 31 59 0 0.002 0.0536624 1 
18 31 59 0 0.046 0.043115 1 
19 31 59 0.00303395 0.02 0.0616515 2 
20 31 59 0.00721061 0.003 0.0607684 2 
21 31 59 0.0177935 0.001 0.117535 2 
22 31 59 0 0.024 0.0627198 1 
23 31 59 0 0.007 0.0666458 1 
24 31 59 0 0.003 0.0619264 1 
25 31 59 0 0.038 0.0643471 1 
26 31 59 0 0.039 0.0654853 1 
27 31 59 0 0.013 0.0628527 1 
28 31 59 0 0.019 0.0512901 1 
29 31 59 0 0.02 0.0560841 1 
30 31 59 0 0.017 0.0590033 1 
31 31 59 0 0.016 0.0691559 1 
32 31 59 0.00123446 0.012 0.0544628 3 
0 31 60 0.000631582 0.002 0.0630159 2 
1 31 60 0 0.01 0.0420825 1 
2 31 60 0.0230717 0.035 0.0658849 2 
3 31 60 0 0.029 0.0419979 1 
4 31 60 0 0.042 0.326516 1 
5 31 60 0 0.02 0.31604 1 
6 31 60 0.0251575 0.031 0.0620933 2 
7 31 60 0 0.013 0.064718 1 
8 31 60 0 0.002 0.299063 1 
9 31 60 0 0.037 0.0543697 1 
10 31 60 0 0.048 0.0542352 1 
11 31 60 0 0.042 0.0690291 1 
12 31 60 0.0117211 0.001 0.0701627 2 
13 31 60 0.00953611 0.005 0.065605 2 
14 31 60 0 0.022 0.0560982 1 
15 31 60 0 0.038 0.0626356 1 
16 31 60 0 0.012 0.0693712 1 
17 31 60 0 0.038 0.0609821 1 
18 31 60 0 0.023 0.0704405 1 
19 31 60 0 0.029 0.058197 1 
20 31 60 0.0333925 0.013 0.0635687 3 
21 31 60 0 0.033 0.0553683 1 
22 31 60 0.0400303 0.002 0.055576 7 
23 31 60 0 0.01 0.0454672 1 
24 31 60 0 0.037 0.0527816 1 
25 31 60 0 0.022 0.0525744 1 
26 31 60 0 0.027 0.0598828 1 
27 31 60 0.00325016 0.005 0.0579699 2 
28 31 60 0 0.01 0.0617259 1 
29 31 60 0 0.044 0.0558675 1 
30 31 60 0 0.037 0.0538171 1 
31 31 60 0 0.029 0.0710985 1 
32 31 60 0 0.046 0.0659461 1 
