0 32 0 0.00312328 0.023 0.0107479 7 
1 32 0 0.011841 0.005 0.0110821 6 
2 32 0 0.00555064 0.015 0.0121012 4 
3 32 0 0.015 0.016 0.0135458 16 
4 32 0 0 0.017 0.0101819 1 
5 32 0 0 0.044 0.0130197 1 
6 32 0 0 0.049 0.0123558 1 
7 32 0 0.0112522 0.007 0.012994 9 
8 32 0 0 0.044 0.0186121 1 
9 32 0 0 0.027 0.0152734 1 
10 32 0 0 0.029 0.0115666 2 
11 32 0 5.41373e-05 0.007 0.0122785 2 
12 32 0 0.00163083 0.021 0.00879735 6 
13 32 0 0 0.005 0.0123124 1 
14 32 0 0.0143788 0.008 0.0119973 24 
15 32 0 0.000480555 0.046 0.0127131 1 
16 32 0 0.000511824 0.014 0.0136264 2 
17 32 0 0 0.006 0.0116361 1 
18 32 0 0 0.007 0.0131184 1 
19 32 0 0.00834692 0.01 0.0138007 5 
20 32 0 0 0.025 0.0111614 1 
21 32 0 0 0.01 0.0120434 1 
22 32 0 0.000115423 0.016 0.00676096 4 
23 32 0 0 0.012 0.00861269 2 
24 32 0 0.00133886 0.049 0.0124738 1 
25 32 0 0.00483774 0.036 0.0114945 5 
26 32 0 0 0.029 0.0107764 1 
27 32 0 0 0.029 0.0103886 1 
28 32 0 0.00484806 0.006 0.0117734 3 
29 32 0 0 0.005 0.0107446 1 
30 32 0 0 0.017 0.0127845 1 
31 32 0 0 0.021 0.0114566 1 
32 32 0 1 0.001 0.0340022 2 
0 32 1 0 0.046 0.0114474 1 
1 32 1 0.00695066 0.027 0.0100861 8 
2 32 1 0.00247644 0.017 0.0102803 2 
3 32 1 0 0.018 0.0120866 1 
4 32 1 0 0.039 0.0123097 1 
5 32 1 0 0.024 0.0111716 1 
6 32 1 0 0.004 0.0127336 1 
7 32 1 0 0.047 0.0115306 1 
8 32 1 6.41427e-06 0.022 0.00977317 3 
9 32 1 0 0.049 0.0126436 1 
10 32 1 0.000117897 0.015 0.00838172 2 
11 32 1 0 0.008 0.00889215 1 
12 32 1 0.00650504 0.019 0.0105575 11 
13 32 1 0.000793968 0.032 0.0114668 3 
14 32 1 0 0.01 0.0100521 1 
15 32 1 0 0.021 0.0132396 1 
16 32 1 0 0.032 0.0106057 1 
17 32 1 0 0.005 0.00973083 1 
18 32 1 0 0.019 0.0148274 1 
19 32 1 0 0.003 0.0111294 1 
20 32 1 0 0.005 0.0115712 1 
21 32 1 0.00518806 0.029 0.0113889 5 
22 32 1 0.0160757 0.002 0.0134976 19 
23 32 1 0 0.044 0.0132728 1 
24 32 1 0.000484717 0.021 0.0105234 1 
25 32 1 0.0367291 0.002 0.0130927 58 
26 32 1 0 0.039 0.0114114 1 
27 32 1 0 0.019 0.0137254 1 
28 32 1 0.00399163 0.021 0.0113584 3 
29 32 1 0 0.048 0.0126201 1 
30 32 1 0.00706273 0.012 0.0103663 4 
31 32 1 0.00110569 0.038 0.0124094 2 
32 32 1 0 0.043 0.0119074 1 
0 32 2 0.00116485 0.031 0.0136978 2 
1 32 2 0.00187094 0.019 0.0140468 2 
2 32 2 0.00240632 0.007 0.0128273 2 
3 32 2 0.020985 0.014 0.0102615 22 
4 32 2 0 0.049 0.0313546 1 
5 32 2 0 0.026 0.0113021 1 
6 32 2 0 0.037 0.0091026 1 
7 32 2 0 0.024 0.00813511 1 
8 32 2 0.000471578 0.017 0.130278 4 
9 32 2 0 0.038 0.0139057 1 
10 32 2 0 0.013 0.013594 1 
11 32 2 0.000717793 0.023 0.0146929 1 
12 32 2 0.00648438 0.011 0.0123359 5 
13 32 2 0.00995747 0.026 0.0111084 9 
14 32 2 0 0.022 0.0109848 1 
15 32 2 0 0.036 0.0129158 1 
16 32 2 0 0.019 0.0109793 1 
17 32 2 0 0.034 0.00956818 1 
18 32 2 0.000488918 0.019 0.0135311 1 
19 32 2 0 0.047 0.0114028 1 
20 32 2 0.00659436 0.021 0.011571 4 
21 32 2 0 0.033 0.0115126 1 
22 32 2 0 0.015 0.0109822 1 
23 32 2 0 0.017 0.0109122 1 
24 32 2 0 0.046 0.0130572 2 
25 32 2 0.00906797 0.016 0.0104896 14 
26 32 2 0.00957968 0.021 0.0112126 10 
27 32 2 0 0.035 0.0116383 1 
28 32 2 0.00145573 0.002 0.0112364 2 
29 32 2 0 0.007 0.0118706 1 
30 32 2 0 0.011 0.0119987 1 
31 32 2 0 0.006 0.00862685 1 
32 32 2 0.000263241 0.041 0.00898113 3 
0 32 3 0 0.037 0.0117116 1 
1 32 3 0 0.031 0.0109977 1 
2 32 3 0.00114898 0.034 0.00753918 2 
3 32 3 0 0.017 0.0122908 1 
4 32 3 0 0.001 0.0147199 1 
5 32 3 0 0.047 0.010333 1 
6 32 3 0.000335475 0.033 0.013189 1 
7 32 3 0.000133531 0.03 0.0106391 3 
8 32 3 0 0.011 0.0254372 1 
9 32 3 0 0.01 0.0137105 1 
10 32 3 0 0.007 0.0117987 1 
11 32 3 0.00114898 0.03 0.0133909 2 
12 32 3 0.0109907 0.01 0.0116795 3 
13 32 3 0.000730904 0.031 0.0127621 2 
14 32 3 0 0.001 0.00882434 1 
15 32 3 0 0.018 0.0112777 1 
16 32 3 0 0.041 0.0120118 1 
17 32 3 0 0.003 0.0115936 1 
18 32 3 0 0.036 0.00936032 1 
19 32 3 0 0.032 0.0098739 1 
20 32 3 0.000697449 0.012 0.00948225 2 
21 32 3 4.35402e-07 0.003 0.00860773 2 
22 32 3 0 0.019 0.0138959 1 
23 32 3 0.000279078 0.011 0.0139617 2 
24 32 3 0 0.037 0.012652 1 
25 32 3 0.0320881 0.005 0.0133038 41 
26 32 3 0 0.032 0.00959301 1 
27 32 3 0.00866168 0.011 0.012285 16 
28 32 3 0.000510003 0.017 0.0105177 2 
29 32 3 0.00185 0.023 0.0125287 1 
30 32 3 0 0.031 0.00841616 1 
31 32 3 0.000781438 0.027 0.0132548 2 
32 32 3 0.00336703 0.001 0.00911906 2 
0 32 4 0.0373554 0.006 0.0152551 39 
1 32 4 0 0.032 0.0107629 1 
2 32 4 0.00157791 0.042 0.0115995 2 
3 32 4 0.000117257 0.01 0.0115997 13 
4 32 4 0 0.044 0.0345677 1 
5 32 4 0 0.042 0.0105648 1 
6 32 4 0 0.039 0.0126411 1 
7 32 4 0 0.049 0.00953312 1 
8 32 4 8.00514e-05 0.017 0.011445 7 
9 32 4 0 0.03 0.0160479 1 
10 32 4 0 0.003 0.010147 1 
11 32 4 7.7779e-05 0.039 0.0123769 2 
12 32 4 0.000939774 0.012 0.012452 4 
13 32 4 0 0.041 0.010305 1 
14 32 4 0 0.017 0.0104141 1 
15 32 4 0 0.004 0.0121245 1 
16 32 4 5.48856e-05 0.006 0.0121112 2 
17 32 4 0.00759168 0.008 0.0142843 12 
18 32 4 0 0.03 0.0127815 1 
19 32 4 0 0.04 0.00969814 1 
20 32 4 0 0.002 0.00826704 1 
21 32 4 1.06625e-07 0.047 0.0102149 2 
22 32 4 0 0.04 0.0109923 1 
23 32 4 0 0.023 0.00877206 1 
24 32 4 0 0.014 0.0105273 1 
25 32 4 0 0.018 0.0118904 1 
26 32 4 0 0.015 0.0101098 1 
27 32 4 0.0173868 0.001 0.0117925 25 
28 32 4 0 0.002 0.0122657 2 
29 32 4 0.000150149 0.016 0.010251 3 
30 32 4 0 0.034 0.0132781 1 
31 32 4 0.000359027 0.021 0.0107923 2 
32 32 4 0.0144401 0.001 0.0129445 13 
0 32 5 0.0587626 0.002 0.0124404 61 
1 32 5 0 0.002 0.0106568 1 
2 32 5 0 0.049 0.0108103 1 
3 32 5 0.0123594 0.016 0.0112842 19 
4 32 5 0 0.002 0.0190552 1 
5 32 5 0 0.032 0.0116515 1 
6 32 5 0.00110095 0.045 0.0109306 1 
7 32 5 0.00234754 0.031 0.0123529 4 
8 32 5 0.00139931 0.009 0.0105494 6 
9 32 5 0 0.037 0.012793 1 
10 32 5 0 0.009 0.0116569 1 
11 32 5 0.00194715 0.04 0.00970496 2 
12 32 5 0 0.006 0.0114256 1 
13 32 5 0.000299943 0.017 0.0125624 2 
14 32 5 0.0150798 0.013 0.0132593 23 
15 32 5 0 0.027 0.0106424 1 
16 32 5 0 0.014 0.0126105 1 
17 32 5 0 0.011 0.014685 1 
18 32 5 0 0.017 0.0115161 1 
19 32 5 0.0106381 0.013 0.0129685 12 
20 32 5 0.0131848 0.04 0.0125418 10 
21 32 5 0.00259384 0.019 0.00919309 3 
22 32 5 0.00037016 0.022 0.0105667 2 
23 32 5 0.00197605 0.03 0.00967017 6 
24 32 5 0 0.038 0.0159556 1 
25 32 5 0.0010953 0.009 0.0114701 2 
26 32 5 0.00160298 0.038 0.0131836 5 
27 32 5 0 0.008 0.00841083 1 
28 32 5 6.958e-05 0.043 0.00892005 2 
29 32 5 0.00419937 0.026 0.013615 3 
30 32 5 0 0.016 0.0143108 1 
31 32 5 0.00023827 0.005 0.0119589 2 
32 32 5 0.000436636 0.014 0.014187 2 
0 32 6 0 0.001 0.00925382 1 
1 32 6 0 0.019 0.0102421 1 
2 32 6 0 0.013 0.0127049 1 
3 32 6 0.0292105 0.005 0.0106617 42 
4 32 6 0 0.042 0.00997834 1 
5 32 6 0 0.039 0.0391541 1 
6 32 6 0 0.023 0.0125962 1 
7 32 6 0 0.013 0.0115481 1 
8 32 6 0 0.032 0.010303 1 
9 32 6 0.00149242 0.008 0.011895 5 
10 32 6 0 0.03 0.00915823 1 
11 32 6 0.00109191 0.038 0.0136203 2 
12 32 6 0.00419555 0.001 0.012622 6 
13 32 6 0.000489826 0.004 0.0081005 2 
14 32 6 0.0406725 0.006 0.013877 44 
15 32 6 0 0.033 0.0135019 1 
16 32 6 0 0.018 0.0127031 1 
17 32 6 0 0.02 0.0121033 1 
18 32 6 9.70786e-05 0.034 0.0105421 2 
19 32 6 0.00352813 0.013 0.011288 9 
20 32 6 0.0255446 0.001 0.0115337 25 
21 32 6 0 0.002 0.0149394 1 
22 32 6 0 0.045 0.0134453 1 
23 32 6 0 0.02 0.0129768 1 
24 32 6 0 0.005 0.014467 1 
25 32 6 0.00261962 0.024 0.0115927 6 
26 32 6 0 0.032 0.0102156 1 
27 32 6 0.00718034 0.008 0.0119815 10 
28 32 6 0 0.044 0.0130186 1 
29 32 6 0 0.026 0.0121914 1 
30 32 6 0.00358279 0.046 0.0105136 3 
31 32 6 0 0.007 0.0123546 1 
32 32 6 0 0.009 0.0106984 1 
0 32 7 0 0.048 0.0138849 1 
1 32 7 0 0.004 0.011858 1 
2 32 7 0.00137031 0.041 0.0137146 1 
3 32 7 0.00536105 0.044 0.0148451 4 
4 32 7 0 0.018 0.00984417 1 
5 32 7 0 0.041 0.0126308 1 
6 32 7 0.0018709 0.01 0.0114175 1 
7 32 7 0.000644609 0.002 0.0114538 3 
8 32 7 0 0.044 0.0110681 1 
9 32 7 0.00243085 0.002 0.00972826 3 
10 32 7 0 0.01 0.0331729 1 
11 32 7 4.76109e-06 0.043 0.00938082 2 
12 32 7 0.0548996 0.001 0.00990751 53 
13 32 7 0.0177343 0.021 0.0129362 8 
14 32 7 0.0175945 0.019 0.0141433 24 
15 32 7 0.000117078 0.024 0.0114424 2 
16 32 7 0.000117078 0.036 0.0127243 2 
17 32 7 0 0.013 0.0112289 1 
18 32 7 0 0.001 0.00835159 1 
19 32 7 0.00119572 0.037 0.0106351 3 
20 32 7 0.00298961 0.036 0.0118645 6 
21 32 7 0 0.007 0.00940655 1 
22 32 7 0.00023521 0.013 0.0106119 3 
23 32 7 0.00833561 0.02 0.0106964 9 
24 32 7 0 0.039 0.0157796 1 
25 32 7 0.000747137 0.034 0.0145318 3 
26 32 7 0.00653788 0.029 0.0118959 8 
27 32 7 7.9207e-05 0.01 0.011024 2 
28 32 7 0 0.002 0.0122775 1 
29 32 7 0 0.02 0.0127249 1 
30 32 7 0.000650508 0.017 0.00943004 2 
31 32 7 0 0.033 0.0106535 1 
32 32 7 0.0124483 0.019 0.00963858 13 
0 32 8 0.0110474 0.011 0.0088373 13 
1 32 8 0 0.016 0.00845258 1 
2 32 8 0.000498068 0.02 0.0158514 1 
3 32 8 0 0.031 0.0125374 1 
4 32 8 0.00144085 0.045 0.0104721 3 
5 32 8 0 0.009 0.00996979 1 
6 32 8 0 0.009 0.0110688 1 
7 32 8 0.00147077 0.033 0.011997 2 
8 32 8 0 0.002 0.0105537 1 
9 32 8 0 0.003 0.0120463 1 
10 32 8 0.000129238 0.042 0.0114841 2 
11 32 8 0.000573586 0.011 0.00943182 2 
12 32 8 0 0.004 0.0108494 1 
13 32 8 0 0.033 0.00938413 1 
14 32 8 0 0.021 0.0125944 1 
15 32 8 8.56478e-05 0.02 0.0126866 2 
16 32 8 0 0.037 0.011126 1 
17 32 8 0 0.017 0.0132014 1 
18 32 8 0 0.017 0.0132789 1 
19 32 8 7.6485e-05 0.011 0.0107398 2 
20 32 8 6.06615e-06 0.029 0.0122533 2 
21 32 8 0 0.034 0.0139751 1 
22 32 8 0 0.047 0.00927217 1 
23 32 8 0.00702889 0.017 0.0107893 8 
24 32 8 0 0.008 0.0112572 1 
25 32 8 0.000137325 0.001 0.0125743 2 
26 32 8 0.0314576 0.002 0.0121816 30 
27 32 8 0 0.01 0.0124442 1 
28 32 8 0 0.048 0.0120072 1 
29 32 8 0 0.049 0.012753 1 
30 32 8 0.00657487 0.015 0.0101509 2 
31 32 8 0 0.013 0.00934669 1 
32 32 8 0.0098048 0.005 0.0130274 13 
0 32 9 0.00108576 0.03 0.0111002 2 
1 32 9 0 0.03 0.0103277 1 
2 32 9 0 0.045 0.0108226 1 
3 32 9 0 0.035 0.0103421 1 
4 32 9 0 0.029 0.0106734 1 
5 32 9 0 0.035 0.0301893 1 
6 32 9 0.00139016 0.013 0.00911463 1 
7 32 9 0.000445179 0.021 0.0126244 2 
8 32 9 0 0.032 0.0154215 1 
9 32 9 0.000246388 0.005 0.0118936 2 
10 32 9 0 0.01 0.0120464 1 
11 32 9 0 0.001 0.0102388 1 
12 32 9 0.0128122 0.004 0.0102258 20 
13 32 9 0 0.036 0.0136087 1 
14 32 9 0.0007207 0.005 0.00945258 3 
15 32 9 0 0.029 0.0102491 1 
16 32 9 0 0.047 0.0137576 1 
17 32 9 0 0.006 0.0147553 1 
18 32 9 0 0.031 0.011366 1 
19 32 9 0 0.01 0.0104045 1 
20 32 9 0 0.039 0.0109354 1 
21 32 9 0 0.045 0.012448 1 
22 32 9 0 0.038 0.0118678 1 
23 32 9 0.000288357 0.032 0.0104543 2 
24 32 9 0 0.006 0.012722 1 
25 32 9 0.0457559 0.002 0.0112788 50 
26 32 9 0 0.022 0.00992167 1 
27 32 9 0 0.009 0.0115729 1 
28 32 9 0.000903245 0.02 0.0133884 2 
29 32 9 7.64879e-05 0.038 0.0125413 2 
30 32 9 0.000449222 0.009 0.010429 2 
31 32 9 0.00120534 0.035 0.0150442 4 
32 32 9 0.000544688 0.013 0.0115335 2 
0 32 10 0 0.025 0.0128941 1 
1 32 10 0.024758 0.02 0.0106897 14 
2 32 10 0 0.043 0.012973 1 
3 32 10 0 0.001 0.0105367 1 
4 32 10 0 0.001 0.0245567 1 
5 32 10 0 0.034 0.0135963 1 
6 32 10 0 0.028 0.0135054 1 
7 32 10 0 0.02 0.0123552 1 
8 32 10 0 0.005 0.0125612 1 
9 32 10 0 0.019 0.00994349 1 
10 32 10 0 0.03 0.011752 1 
11 32 10 0 0.005 0.0100907 1 
12 32 10 0 0.014 0.0090734 1 
13 32 10 0 0.007 0.0120092 1 
14 32 10 7.27901e-05 0.001 0.013466 2 
15 32 10 0 0.045 0.0134594 1 
16 32 10 0.000123005 0.047 0.0138954 2 
17 32 10 0.0206614 0.016 0.0113364 23 
18 32 10 0 0.042 0.0125465 1 
19 32 10 0 0.006 0.0107219 1 
20 32 10 0 0.033 0.00811932 1 
21 32 10 0 0.014 0.012936 1 
22 32 10 0.0201551 0.005 0.0153856 32 
23 32 10 0 0.039 0.0119804 1 
24 32 10 0.0001375 0.028 0.0115296 2 
25 32 10 0 0.027 0.0112946 1 
26 32 10 0.00197215 0.049 0.0108947 3 
27 32 10 0 0.04 0.0122102 1 
28 32 10 0.0001375 0.043 0.0142726 2 
29 32 10 0.00251427 0.029 0.00933684 2 
30 32 10 0 0.044 0.0130699 1 
31 32 10 0.00151241 0.037 0.00989031 1 
32 32 10 0 0.046 0.0116128 1 
0 32 11 0.0029156 0.008 0.0107073 4 
1 32 11 6.13223e-05 0.035 0.0110555 2 
2 32 11 0 0.038 0.0102633 1 
3 32 11 0 0.035 0.0138753 1 
4 32 11 0 0.013 0.0131754 1 
5 32 11 0 0.02 0.0103968 1 
6 32 11 0 0.016 0.0140632 1 
7 32 11 0.00258111 0.013 0.00999089 4 
8 32 11 0 0.002 0.00944708 1 
9 32 11 0 0.032 0.0134754 1 
10 32 11 0 0.042 0.0250436 1 
11 32 11 0 0.041 0.0134718 1 
12 32 11 0.00377076 0.015 0.00995111 2 
13 32 11 0.000532953 0.034 0.0106008 3 
14 32 11 0 0.019 0.0141743 1 
15 32 11 0.000161354 0.032 0.0149047 2 
16 32 11 0.000161354 0.011 0.014744 2 
17 32 11 0.0152686 0.01 0.0111169 16 
18 32 11 0 0.026 0.010972 1 
19 32 11 0.00706084 0.013 0.0105056 11 
20 32 11 0.000663035 0.032 0.0107265 2 
21 32 11 0 0.027 0.0173535 1 
22 32 11 0 0.016 0.0113839 1 
23 32 11 0 0.024 0.0141516 1 
24 32 11 0.000145164 0.03 0.0114739 2 
25 32 11 0.000189383 0.013 0.0108283 2 
26 32 11 0 0.04 0.00981892 1 
27 32 11 0 0.048 0.0117513 1 
28 32 11 0 0.047 0.0168524 1 
29 32 11 0 0.027 0.0121284 1 
30 32 11 0 0.032 0.0114944 1 
31 32 11 0.00139893 0.015 0.0109905 2 
32 32 11 0.0120909 0.012 0.0108721 20 
0 32 12 0.00372059 0.016 0.0120217 5 
1 32 12 0.00149221 0.002 0.012706 6 
2 32 12 0.00218516 0.049 0.012509 3 
3 32 12 0 0.041 0.014171 1 
4 32 12 0 0.038 0.013503 1 
5 32 12 9.83037e-05 0.036 0.00897734 2 
6 32 12 0 0.031 0.011012 1 
7 32 12 0 0.043 0.00974974 1 
8 32 12 0 0.008 0.0110706 1 
9 32 12 0 0.045 0.0119259 1 
10 32 12 0 0.018 0.0344844 1 
11 32 12 0 0.008 0.0103893 1 
12 32 12 0.00963229 0.005 0.0131384 13 
13 32 12 0.0113819 0.049 0.0114207 7 
14 32 12 0 0.045 0.0109895 1 
15 32 12 0 0.007 0.0130166 1 
16 32 12 0.000167196 0.023 0.0115636 2 
17 32 12 0.00347795 0.036 0.0123878 2 
18 32 12 0.000184065 0.017 0.0129355 2 
19 32 12 0.000282926 0.031 0.00938325 2 
20 32 12 0 0.016 0.0116333 1 
21 32 12 0 0.034 0.0111927 1 
22 32 12 0.00112577 0.014 0.0117262 2 
23 32 12 0.00269786 0.01 0.0113072 9 
24 32 12 0 0.001 0.0125339 1 
25 32 12 0 0.02 0.01024 1 
26 32 12 0 0.008 0.0170806 1 
27 32 12 0 0.03 0.013374 1 
28 32 12 0 0.002 0.012251 1 
29 32 12 0.000217803 0.035 0.0141132 2 
30 32 12 0 0.04 0.0117641 1 
31 32 12 0 0.035 0.0112778 1 
32 32 12 0 0.008 0.0125494 1 
0 32 13 0 0.036 0.0120216 1 
1 32 13 0.00034192 0.028 0.00950978 4 
2 32 13 0 0.018 0.0119798 1 
3 32 13 0.0178287 0.015 0.0115291 21 
4 32 13 0 0.002 0.0278689 1 
5 32 13 7.154e-05 0.007 0.0133089 2 
6 32 13 0 0.045 0.0115576 1 
7 32 13 0.00287362 0.035 0.0110811 3 
8 32 13 0.001833 0.046 0.0120137 4 
9 32 13 0 0.031 0.0108661 1 
10 32 13 0.00012741 0.008 0.0124763 2 
11 32 13 0 0.026 0.00991447 1 
12 32 13 0.00246698 0.014 0.00929236 4 
13 32 13 0.000817275 0.013 0.0111803 3 
14 32 13 0 0.013 0.0151963 1 
15 32 13 0 0.039 0.0135178 1 
16 32 13 0 0.039 0.0132506 1 
17 32 13 0 0.003 0.0154487 1 
18 32 13 0.00235732 0.034 0.0152833 3 
19 32 13 0.00142611 0.023 0.0107397 4 
20 32 13 0.000273294 0.015 0.0138865 3 
21 32 13 0 0.006 0.0119083 1 
22 32 13 0.0060092 0.032 0.0110788 5 
23 32 13 0.000313622 0.017 0.0119264 4 
24 32 13 0 0.02 0.0116069 1 
25 32 13 0 0.006 0.0140047 1 
26 32 13 0 0.02 0.0104432 1 
27 32 13 0.00028435 0.01 0.0128496 2 
28 32 13 0 0.018 0.013008 1 
29 32 13 0.000113218 0.038 0.0140647 2 
30 32 13 0.0269238 0.001 0.0133596 33 
31 32 13 0.000909815 0.014 0.0088776 2 
32 32 13 0.00117077 0.018 0.0113109 2 
0 32 14 0 0.03 0.0102273 1 
1 32 14 0 0.036 0.0128302 1 
2 32 14 0.000201222 0.018 0.0147865 2 
3 32 14 0.00244848 0.028 0.0114677 5 
4 32 14 3.53719e-05 0.005 0.0117082 2 
5 32 14 0 0.029 0.0143511 1 
6 32 14 0.000251729 0.012 0.0124676 2 
7 32 14 0 0.023 0.0114489 1 
8 32 14 0 0.044 0.0129713 1 
9 32 14 0.00412236 0.033 0.0119228 4 
10 32 14 0 0.046 0.0118705 1 
11 32 14 0.000975147 0.029 0.0110079 3 
12 32 14 0.000572525 0.042 0.0125487 2 
13 32 14 0.000770702 0.033 0.0109021 3 
14 32 14 0 0.028 0.0135515 1 
15 32 14 0 0.026 0.015621 1 
16 32 14 0 0.04 0.0128257 1 
17 32 14 0.00816915 0.013 0.0119492 11 
18 32 14 0 0.001 0.0123978 1 
19 32 14 0.00255045 0.011 0.012644 3 
20 32 14 0.00661248 0.01 0.011832 8 
21 32 14 0.000687048 0.03 0.0148053 2 
22 32 14 0 0.028 0.011729 1 
23 32 14 0 0.035 0.0124567 1 
24 32 14 0 0.046 0.0100506 1 
25 32 14 0.0108861 0.016 0.0105983 17 
26 32 14 0 0.026 0.0104604 1 
27 32 14 0.014546 0.002 0.011651 22 
28 32 14 0 0.038 0.0114865 1 
29 32 14 0.00247442 0.032 0.0135657 3 
30 32 14 0.00773558 0.03 0.0114827 11 
31 32 14 0.000603977 0.031 0.0111329 2 
32 32 14 0 0.007 0.0163472 1 
0 32 15 0 0.01 0.00986911 1 
1 32 15 0.000410401 0.011 0.0112886 2 
2 32 15 0 0.005 0.0118444 1 
3 32 15 0.0578504 0.001 0.0102068 89 
4 32 15 0.000244527 0.038 0.0099303 2 
5 32 15 0 0.002 0.0133562 1 
6 32 15 8.13149e-05 0.048 0.0121832 2 
7 32 15 0 0.001 0.0127906 1 
8 32 15 0 0.048 0.0113904 1 
9 32 15 0.00702407 0.005 0.0108697 10 
10 32 15 4.57984e-08 0.033 0.0118075 2 
11 32 15 0.002201 0.014 0.0124367 3 
12 32 15 0 0.024 0.0133971 1 
13 32 15 0.000515861 0.012 0.00919074 2 
14 32 15 0 0.005 0.0133655 1 
15 32 15 0.000161931 0.048 0.0152849 2 
16 32 15 0 0.041 0.0162718 1 
17 32 15 0.0173386 0.019 0.00936311 13 
18 32 15 0.00137623 0.035 0.0103676 2 
19 32 15 0 0.038 0.0114802 1 
20 32 15 0 0.022 0.0107815 1 
21 32 15 0 0.004 0.0129936 1 
22 32 15 0 0.025 0.0112403 1 
23 32 15 0 0.046 0.0115449 1 
24 32 15 0 0.041 0.0133165 1 
25 32 15 0 0.025 0.014019 1 
26 32 15 0 0.014 0.0120691 1 
27 32 15 0.00594958 0.002 0.0108618 11 
28 32 15 0 0.041 0.00921072 1 
29 32 15 0.00282164 0.013 0.00980661 2 
30 32 15 0.00244704 0.002 0.0132415 13 
31 32 15 0.000704854 0.015 0.0111707 2 
32 32 15 0 0.024 0.012445 1 
0 32 16 0 0.044 0.0122515 1 
1 32 16 0 0.046 0.00950604 1 
2 32 16 0 0.014 0.0118313 1 
3 32 16 0 0.001 0.0137775 1 
4 32 16 0 0.009 0.0115756 1 
5 32 16 0.000102746 0.038 0.0106082 2 
6 32 16 0 0.007 0.0142834 1 
7 32 16 0.00473507 0.01 0.0125224 11 
8 32 16 0 0.006 0.0135519 1 
9 32 16 0 0.015 0.00778838 1 
10 32 16 0 0.037 0.0153575 1 
11 32 16 0 0.01 0.0120462 1 
12 32 16 0 0.037 0.0105172 1 
13 32 16 0.0074796 0.011 0.0083447 10 
14 32 16 0 0.034 0.0126273 1 
15 32 16 0.000124376 0.038 0.0133614 2 
16 32 16 0 0.014 0.0115809 1 
17 32 16 0 0.027 0.0115943 1 
18 32 16 0.000138969 0.005 0.0145827 2 
19 32 16 6.09815e-05 0.001 0.0112643 2 
20 32 16 0 0.044 0.0125227 1 
21 32 16 0 0.013 0.0102632 1 
22 32 16 0.0122374 0.033 0.0110612 11 
23 32 16 0 0.011 0.0101817 1 
24 32 16 0 0.046 0.0135592 1 
25 32 16 0.00431565 0.006 0.0106496 12 
26 32 16 0 0.042 0.0118252 1 
27 32 16 0 0.02 0.0119362 1 
28 32 16 0.000990814 0.023 0.0098573 2 
29 32 16 0 0.038 0.0113583 1 
30 32 16 0.0232162 0.007 0.0123745 26 
31 32 16 0.000519922 0.047 0.0111341 2 
32 32 16 0.00341991 0.012 0.00955259 2 
0 32 17 0 0.001 0.00946813 1 
1 32 17 0 0.012 0.00809582 1 
2 32 17 0 0.017 0.00980089 1 
3 32 17 0.00849873 0.011 0.0107127 15 
4 32 17 0 0.038 0.0117587 1 
5 32 17 0 0.013 0.0129387 1 
6 32 17 0 0.009 0.0140076 1 
7 32 17 0.00137081 0.021 0.0127834 7 
8 32 17 0 0.018 0.010509 1 
9 32 17 0 0.008 0.0122213 1 
10 32 17 0 0.039 0.0100219 1 
11 32 17 0.00133238 0.043 0.0100757 3 
12 32 17 0.000119573 0.005 0.0137648 2 
13 32 17 0.00860142 0.024 0.00997668 10 
14 32 17 0 0.027 0.0100604 1 
15 32 17 0 0.009 0.0104939 1 
16 32 17 0 0.029 0.0127738 1 
17 32 17 0 0.03 0.0125146 1 
18 32 17 0 0.01 0.0132748 1 
19 32 17 0 0.049 0.0101642 1 
20 32 17 0.00390786 0.022 0.0127484 5 
21 32 17 0 0.005 0.00950947 1 
22 32 17 0 0.026 0.0129472 1 
23 32 17 0 0.043 0.00926585 1 
24 32 17 0 0.018 0.0167226 1 
25 32 17 0 0.017 0.00888558 1 
26 32 17 0.000820268 0.03 0.0120357 2 
27 32 17 0 0.01 0.0129202 1 
28 32 17 0.000105692 0.031 0.015079 2 
29 32 17 7.79299e-05 0.032 0.0148294 2 
30 32 17 0 0.011 0.0127212 1 
31 32 17 0.00030658 0.043 0.0105068 2 
32 32 17 0 0.019 0.0119733 1 
0 32 18 0 0.023 0.0112368 1 
1 32 18 0.00380875 0.033 0.0102968 7 
2 32 18 0.00011211 0.012 0.00787687 2 
3 32 18 0.00400357 0.04 0.0127326 5 
4 32 18 1.24377e-06 0.017 0.0116248 2 
5 32 18 0 0.029 0.0118808 1 
6 32 18 0 0.013 0.0119831 1 
7 32 18 0.00315502 0.021 0.00918411 2 
8 32 18 0.00199307 0.041 0.152974 4 
9 32 18 0 0.02 0.00996215 1 
10 32 18 0 0.048 0.00987135 1 
11 32 18 0.000891394 0.013 0.0109764 4 
12 32 18 0.00282714 0.043 0.0118601 3 
13 32 18 0 0.021 0.0107019 1 
14 32 18 0.0264653 0.003 0.0112912 37 
15 32 18 0 0.014 0.0129518 1 
16 32 18 0 0.048 0.010854 1 
17 32 18 0.0160629 0.027 0.0104527 16 
18 32 18 9.97794e-05 0.011 0.0144828 2 
19 32 18 0.00439169 0.003 0.0109932 10 
20 32 18 0.00454734 0.004 0.0139388 7 
21 32 18 0.00192074 0.011 0.0114377 1 
22 32 18 0.00048058 0.014 0.0134862 2 
23 32 18 0 0.03 0.0124838 1 
24 32 18 0 0.012 0.0114106 1 
25 32 18 0.000161889 0.002 0.00981845 2 
26 32 18 0 0.018 0.0115309 1 
27 32 18 0.0310327 0.002 0.0142738 45 
28 32 18 0 0.003 0.0125438 1 
29 32 18 0 0.012 0.0130958 1 
30 32 18 0 0.013 0.00973402 1 
31 32 18 0.000188052 0.013 0.0134159 2 
32 32 18 0 0.011 0.011072 1 
0 32 19 0.00807466 0.018 0.0108856 8 
1 32 19 0 0.018 0.00940306 1 
2 32 19 0 0.006 0.0131617 1 
3 32 19 0 0.016 0.0134062 1 
4 32 19 0 0.01 0.0130167 1 
5 32 19 0 0.038 0.0103717 1 
6 32 19 0 0.029 0.0138476 1 
7 32 19 0 0.036 0.0101185 1 
8 32 19 0 0.041 0.0102725 1 
9 32 19 0.0270188 0.003 0.0101509 48 
10 32 19 0.000325577 0.043 0.0102515 5 
11 32 19 0.00102742 0.006 0.0131559 4 
12 32 19 0 0.003 0.0121825 1 
13 32 19 0 0.012 0.00962936 1 
14 32 19 0 0.019 0.0133339 1 
15 32 19 0 0.004 0.0128311 1 
16 32 19 0 0.047 0.0153057 1 
17 32 19 0.0106333 0.024 0.0115133 10 
18 32 19 0 0.011 0.015788 1 
19 32 19 0 0.027 0.00954007 1 
20 32 19 0.000340871 0.02 0.0111348 2 
21 32 19 0.00151063 0.031 0.0108181 3 
22 32 19 0 0.019 0.0136504 1 
23 32 19 0 0.01 0.0118554 1 
24 32 19 0 0.028 0.0119196 1 
25 32 19 0.000787719 0.012 0.0118755 4 
26 32 19 0 0.032 0.0100352 1 
27 32 19 0 0.043 0.00871286 1 
28 32 19 0 0.028 0.0127754 1 
29 32 19 0 0.031 0.015176 1 
30 32 19 0.00117895 0.01 0.011777 2 
31 32 19 0 0.041 0.011654 1 
32 32 19 0 0.035 0.0130036 1 
0 32 20 0.0107282 0.018 0.00832633 11 
1 32 20 0 0.003 0.0108321 1 
2 32 20 0.00256944 0.043 0.0116748 3 
3 32 20 0.00876441 0.019 0.0122454 13 
4 32 20 0 0.007 0.0144888 1 
5 32 20 0 0.004 0.0119195 1 
6 32 20 0 0.015 0.0131869 1 
7 32 20 0.00355814 0.001 0.0117491 3 
8 32 20 0.00130017 0.023 0.0101787 4 
9 32 20 0 0.003 0.0112431 1 
10 32 20 0 0.002 0.0105606 1 
11 32 20 0.00575213 0.049 0.0138533 4 
12 32 20 0 0.017 0.0129414 1 
13 32 20 0 0.026 0.0110211 1 
14 32 20 0 0.033 0.0114376 1 
15 32 20 0 0.046 0.0133641 1 
16 32 20 8.80893e-05 0.008 0.0139117 2 
17 32 20 0.0277846 0.006 0.0133664 37 
18 32 20 0 0.048 0.0126861 1 
19 32 20 0 0.046 0.0108041 1 
20 32 20 0.00870641 0.03 0.0114511 8 
21 32 20 0.00617322 0.023 0.013282 6 
22 32 20 0.000363398 0.036 0.0111905 2 
23 32 20 0.00745023 0.041 0.0116091 8 
24 32 20 0 0.012 0.0131373 1 
25 32 20 0 0.03 0.0126949 1 
26 32 20 0.000177475 0.007 0.0100481 2 
27 32 20 0 0.044 0.0141735 1 
28 32 20 0.00244081 0.01 0.0122197 3 
29 32 20 0.000125481 0.003 0.0137413 2 
30 32 20 0 0.027 0.00947641 1 
31 32 20 0 0.031 0.013488 1 
32 32 20 0 0.035 0.00867886 1 
0 32 21 0 0.034 0.00977887 1 
1 32 21 0.000197963 0.018 0.0098787 2 
2 32 21 0 0.03 0.0110388 1 
3 32 21 0 0.043 0.0107115 1 
4 32 21 0 0.042 0.0139196 1 
5 32 21 0 0.021 0.0102542 1 
6 32 21 0 0.022 0.00894004 1 
7 32 21 0 0.008 0.0111703 1 
8 32 21 0 0.038 0.0205866 6 
9 32 21 0 0.013 0.0125087 1 
10 32 21 0 0.03 0.0129471 1 
11 32 21 0.000536906 0.027 0.0105561 3 
12 32 21 0.0231462 0.006 0.0131895 28 
13 32 21 0.00745074 0.013 0.0108832 10 
14 32 21 0.000620937 0.024 0.0124654 3 
15 32 21 0 0.048 0.0106158 1 
16 32 21 0 0.02 0.0124594 1 
17 32 21 0 0.04 0.0110801 1 
18 32 21 0 0.028 0.0120443 1 
19 32 21 0 0.016 0.00925098 1 
20 32 21 0.00679857 0.002 0.0112478 4 
21 32 21 0 0.018 0.0129794 1 
22 32 21 0 0.013 0.0121026 1 
23 32 21 0 0.044 0.0131815 1 
24 32 21 0 0.007 0.0120043 1 
25 32 21 0 0.031 0.0141837 1 
26 32 21 0.00370159 0.021 0.0119679 5 
27 32 21 0.000729331 0.001 0.0103033 3 
28 32 21 0.00223622 0.003 0.0177128 3 
29 32 21 0 0.036 0.0108171 1 
30 32 21 0 0.03 0.00990696 1 
31 32 21 7.19481e-05 0.009 0.00851161 2 
32 32 21 0.0409061 0.003 0.0115151 51 
0 32 22 0 0.025 0.0107252 1 
1 32 22 0 0.003 0.0112184 1 
2 32 22 0 0.016 0.0104732 1 
3 32 22 0.0227318 0.009 0.0127127 29 
4 32 22 9.69879e-05 0.016 0.0101079 2 
5 32 22 0 0.01 0.0111342 1 
6 32 22 0.00474681 0.025 0.00988975 4 
7 32 22 0 0.027 0.0127413 1 
8 32 22 0 0.007 0.0239415 1 
9 32 22 0.00934487 0.007 0.0130102 17 
10 32 22 0 0.026 0.011513 1 
11 32 22 0.000478761 0.016 0.0124828 3 
12 32 22 0.0162926 0.01 0.0126798 23 
13 32 22 0.0073348 0.008 0.0080385 4 
14 32 22 0.00917095 0.041 0.0115748 5 
15 32 22 0 0.001 0.0148705 1 
16 32 22 0 0.038 0.0148636 1 
17 32 22 0.00452984 0.011 0.0122265 11 
18 32 22 0 0.013 0.0132633 1 
19 32 22 0.00183172 0.028 0.0114728 5 
20 32 22 0 0.026 0.0120288 1 
21 32 22 9.49127e-05 0.005 0.0104274 2 
22 32 22 0.00838527 0.015 0.00891911 16 
23 32 22 0 0.036 0.0090943 1 
24 32 22 0 0.03 0.011733 1 
25 32 22 0.0126229 0.03 0.0131643 10 
26 32 22 0 0.014 0.0132903 1 
27 32 22 0 0.038 0.0127787 1 
28 32 22 0.00224974 0.003 0.0138258 3 
29 32 22 0 0.023 0.009476 1 
30 32 22 0 0.02 0.0109232 1 
31 32 22 4.11061e-05 0.022 0.013914 2 
32 32 22 0 0.031 0.0147409 1 
0 32 23 0 0.018 0.00927153 1 
1 32 23 0 0.014 0.0117005 1 
2 32 23 0 0.022 0.013413 1 
3 32 23 0.0060715 0.021 0.0104622 7 
4 32 23 0 0.048 0.0144338 1 
5 32 23 0 0.036 0.0119002 1 
6 32 23 0 0.007 0.0112437 1 
7 32 23 0 0.042 0.0125438 1 
8 32 23 0 0.034 0.0137885 1 
9 32 23 0 0.03 0.0151008 1 
10 32 23 0 0.004 0.010068 1 
11 32 23 0.00236658 0.012 0.0142014 3 
12 32 23 0.00086927 0.027 0.0115748 2 
13 32 23 0 0.036 0.0117949 1 
14 32 23 0 0.031 0.0111496 1 
15 32 23 0 0.014 0.0128883 1 
16 32 23 0.000121695 0.032 0.0118508 2 
17 32 23 1.52129e-05 0.033 0.011353 2 
18 32 23 0.000107536 0.021 0.0143992 2 
19 32 23 7.5686e-05 0.001 0.0140907 2 
20 32 23 0.00332448 0.018 0.00902042 4 
21 32 23 0.000104279 0.003 0.0113591 2 
22 32 23 0.0113278 0.009 0.0110351 15 
23 32 23 0 0.043 0.0122264 1 
24 32 23 0 0.023 0.0128372 1 
25 32 23 0.000121695 0.019 0.0107142 2 
26 32 23 1.38152e-05 0.005 0.0125367 2 
27 32 23 0 0.036 0.0130714 1 
28 32 23 0.0022677 0.042 0.0117778 3 
29 32 23 0.00228708 0.047 0.0127159 3 
30 32 23 0.0382472 0.002 0.011597 57 
31 32 23 0.000107135 0.016 0.0100508 2 
32 32 23 0 0.037 0.00798843 1 
0 32 24 0.00373382 0.022 0.0111731 4 
1 32 24 0.0136764 0.042 0.0117911 10 
2 32 24 0 0.026 0.0145785 1 
3 32 24 0 0.017 0.0121867 1 
4 32 24 0 0.001 0.0147324 1 
5 32 24 0 0.043 0.012119 1 
6 32 24 0 0.032 0.0135583 1 
7 32 24 0.00080133 0.019 0.0118241 2 
8 32 24 0 0.003 0.0146279 1 
9 32 24 0.00456715 0.043 0.0107647 3 
10 32 24 0 0.008 0.0141916 1 
11 32 24 0 0.014 0.0115417 1 
12 32 24 0.00116617 0.041 0.00999259 2 
13 32 24 0.00199548 0.047 0.0105173 4 
14 32 24 0.0435581 0.005 0.0138117 52 
15 32 24 0 0.006 0.0129816 1 
16 32 24 8.88601e-05 0.001 0.0110302 2 
17 32 24 0 0.003 0.0111826 1 
18 32 24 0 0.004 0.0126056 1 
19 32 24 0.00174617 0.049 0.014386 2 
20 32 24 0.00284447 0.024 0.0105851 2 
21 32 24 0 0.015 0.0141774 1 
22 32 24 0 0.013 0.0123375 1 
23 32 24 0 0.047 0.0114089 1 
24 32 24 0.000101434 0.039 0.0105508 2 
25 32 24 0 0.008 0.00980308 1 
26 32 24 0 0.046 0.00909693 1 
27 32 24 0 0.01 0.0130782 1 
28 32 24 0.000900878 0.019 0.0115585 2 
29 32 24 0 0.022 0.0108243 1 
30 32 24 9.9991e-05 0.007 0.00976623 2 
31 32 24 0 0.007 0.0126296 1 
32 32 24 0 0.024 0.0120527 1 
0 32 25 0.00465975 0.004 0.0102715 12 
1 32 25 0.000337684 0.013 0.0108333 3 
2 32 25 0 0.039 0.0136699 1 
3 32 25 0 0.049 0.0125296 1 
4 32 25 0 0.032 0.00851297 1 
5 32 25 0 0.043 0.0106632 1 
6 32 25 2.56898e-05 0.009 0.0111659 2 
7 32 25 0 0.017 0.0126141 2 
8 32 25 0 0.039 0.0178279 1 
9 32 25 0.00114937 0.012 0.0132698 4 
10 32 25 0 0.04 0.00937051 1 
11 32 25 0 0.004 0.016598 1 
12 32 25 0.00543776 0.044 0.0124603 7 
13 32 25 0.00257373 0.042 0.0114902 6 
14 32 25 0.0514629 0.005 0.0121206 44 
15 32 25 0 0.021 0.0124868 1 
16 32 25 0 0.007 0.0114223 1 
17 32 25 0 0.033 0.0102306 1 
18 32 25 0 0.005 0.0150344 1 
19 32 25 0 0.024 0.0091963 1 
20 32 25 0.0130217 0.023 0.011467 11 
21 32 25 0 0.049 0.0129417 1 
22 32 25 0.00296945 0.035 0.0119892 6 
23 32 25 0.00898029 0.006 0.00925317 16 
24 32 25 7.30993e-05 0.023 0.0114415 2 
25 32 25 0.000142427 0.009 0.0101305 2 
26 32 25 0.00381788 0.024 0.00954821 5 
27 32 25 0.0456649 0.005 0.0109319 44 
28 32 25 7.30993e-05 0.035 0.0091378 2 
29 32 25 0 0.008 0.0130876 1 
30 32 25 0.0168181 0.002 0.0129514 19 
31 32 25 0 0.016 0.0118094 1 
32 32 25 0 0.017 0.00904914 1 
0 32 26 0.00254532 0.029 0.012258 4 
1 32 26 0 0.018 0.0120522 1 
2 32 26 0 0.028 0.0138838 1 
3 32 26 0 0.036 0.0103651 1 
4 32 26 0 0.006 0.0283661 1 
5 32 26 0 0.043 0.00984391 1 
6 32 26 0.000151834 0.022 0.0124307 2 
7 32 26 0 0.003 0.0112652 1 
8 32 26 9.29076e-05 0.034 0.0113945 2 
9 32 26 0.0528137 0.002 0.0130534 69 
10 32 26 0.00243464 0.003 0.012789 2 
11 32 26 0 0.021 0.0126563 1 
12 32 26 0 0.04 0.0113412 1 
13 32 26 0.00439463 0.006 0.0114623 8 
14 32 26 0 0.031 0.0112044 1 
15 32 26 0 0.035 0.0119875 1 
16 32 26 0 0.049 0.0120029 1 
17 32 26 0 0.023 0.0120791 1 
18 32 26 0.00254883 0.036 0.00958174 3 
19 32 26 0.00167345 0.019 0.00923275 2 
20 32 26 0 0.037 0.0107614 1 
21 32 26 0 0.01 0.0160659 1 
22 32 26 0.00687066 0.041 0.0126232 5 
23 32 26 0 0.027 0.0121318 1 
24 32 26 0.000101635 0.002 0.0102579 2 
25 32 26 0.00168847 0.001 0.0123277 4 
26 32 26 0 0.046 0.00917015 1 
27 32 26 0 0.004 0.0106109 1 
28 32 26 0 0.021 0.0109675 1 
29 32 26 0 0.027 0.0132855 1 
30 32 26 0 0.033 0.0114138 1 
31 32 26 0 0.043 0.0116201 1 
32 32 26 0.000549264 0.001 0.0118285 2 
0 32 27 0.000702799 0.024 0.0100922 2 
1 32 27 0.000122947 0.004 0.0111228 2 
2 32 27 0 0.027 0.00907327 1 
3 32 27 0 0.029 0.0133117 1 
4 32 27 0 0.034 0.0103702 1 
5 32 27 0 0.02 0.0142528 1 
6 32 27 5.15114e-05 0.019 0.0145477 2 
7 32 27 9.3719e-05 0.003 0.01127 2 
8 32 27 0 0.014 0.0138978 1 
9 32 27 0 0.004 0.00934522 1 
10 32 27 0 0.023 0.0214123 1 
11 32 27 0.00251291 0.002 0.0131109 3 
12 32 27 0.0142297 0.014 0.0101772 17 
13 32 27 0.0277502 0.006 0.0121639 26 
14 32 27 0.0028658 0.048 0.00965344 2 
15 32 27 0 0.025 0.0128716 1 
16 32 27 0 0.012 0.0144138 1 
17 32 27 0.00227908 0.006 0.0132636 5 
18 32 27 0 0.025 0.0138327 1 
19 32 27 0 0.044 0.0105228 1 
20 32 27 0 0.036 0.0107362 1 
21 32 27 0.00105063 0.016 0.00957319 2 
22 32 27 0.000550969 0.014 0.013563 3 
23 32 27 5.44477e-05 0.003 0.0115017 3 
24 32 27 0 0.044 0.00836295 1 
25 32 27 0.00389742 0.02 0.0112113 9 
26 32 27 0.00583712 0.006 0.0119759 6 
27 32 27 0.00460841 0.031 0.0113535 2 
28 32 27 0 0.035 0.0113227 1 
29 32 27 0 0.013 0.0118356 1 
30 32 27 0 0.014 0.00993824 1 
31 32 27 0 0.037 0.0152476 1 
32 32 27 0 0.029 0.0111657 1 
0 32 28 0.00735564 0.009 0.0114834 15 
1 32 28 0 0.034 0.0117855 1 
2 32 28 0 0.031 0.0114895 1 
3 32 28 0.00280034 0.038 0.0113318 5 
4 32 28 0 0.038 0.0121999 1 
5 32 28 0 0.016 0.011817 1 
6 32 28 0 0.046 0.0101398 1 
7 32 28 0.00060781 0.02 0.0103488 4 
8 32 28 0 0.034 0.0265296 1 
9 32 28 0 0.022 0.00990296 1 
10 32 28 0.00121054 0.007 0.0109238 2 
11 32 28 0 0.036 0.0108278 1 
12 32 28 0 0.023 0.0109698 1 
13 32 28 0.000230707 0.018 0.0122354 3 
14 32 28 0.0365755 0.003 0.0117325 35 
15 32 28 0 0.022 0.0128362 1 
16 32 28 0 0.003 0.0108167 1 
17 32 28 0.000224864 0.016 0.0129611 2 
18 32 28 0 0.018 0.0141467 1 
19 32 28 0.00320009 0.002 0.010437 5 
20 32 28 0.00472951 0.018 0.0107221 5 
21 32 28 0.00103312 0.031 0.011729 2 
22 32 28 0.00963599 0.023 0.0108403 5 
23 32 28 0.00698927 0.027 0.0116457 8 
24 32 28 0 0.017 0.0124683 1 
25 32 28 0 0.018 0.00847196 1 
26 32 28 0.0202314 0.004 0.0136678 17 
27 32 28 0.00219364 0.002 0.0122362 4 
28 32 28 0 0.01 0.0165769 1 
29 32 28 0.00259881 0.028 0.0126833 3 
30 32 28 0.0257382 0.001 0.0122935 59 
31 32 28 0 0.026 0.0130039 1 
32 32 28 0 0.009 0.0115125 1 
0 32 29 0 0.001 0.00867432 1 
1 32 29 0.0224617 0.01 0.0120665 26 
2 32 29 0 0.041 0.0107038 1 
3 32 29 0.011778 0.012 0.0113879 17 
4 32 29 0 0.002 0.0109623 1 
5 32 29 0 0.006 0.0126181 1 
6 32 29 0 0.021 0.011387 1 
7 32 29 0.0338481 0.005 0.0124598 32 
8 32 29 0 0.029 0.0128025 1 
9 32 29 0.0183527 0.018 0.0123467 16 
10 32 29 0 0.015 0.0244035 1 
11 32 29 9.72586e-08 0.042 0.0147267 2 
12 32 29 0 0.017 0.0117911 1 
13 32 29 0.000231269 0.021 0.0121087 4 
14 32 29 0 0.008 0.011929 1 
15 32 29 0 0.031 0.0136584 1 
16 32 29 0 0.015 0.0140711 1 
17 32 29 0 0.027 0.0137198 1 
18 32 29 0 0.047 0.0127538 1 
19 32 29 0 0.037 0.0105328 1 
20 32 29 0 0.021 0.00996847 1 
21 32 29 0 0.047 0.0112844 1 
22 32 29 0.00235467 0.009 0.0113892 2 
23 32 29 0 0.009 0.00745662 1 
24 32 29 0 0.001 0.00982114 1 
25 32 29 0.000921596 0.031 0.00912279 2 
26 32 29 0.0285826 0.005 0.0121158 27 
27 32 29 0 0.003 0.010588 1 
28 32 29 0 0.002 0.0142504 1 
29 32 29 0.00293709 0.03 0.0132401 2 
30 32 29 1.03602e-05 0.001 0.0123207 2 
31 32 29 7.41091e-05 0.036 0.0113842 2 
32 32 29 0 0.045 0.0127085 1 
0 32 30 0.000773009 0.007 0.012773 4 
1 32 30 0 0.012 0.00947936 1 
2 32 30 0 0.033 0.0125479 1 
3 32 30 0.0010985 0.033 0.0145723 2 
4 32 30 0 0.012 0.0391858 1 
5 32 30 0.00259489 0.007 0.0122567 3 
6 32 30 0 0.026 0.0123455 1 
7 32 30 0 0.031 0.0116889 1 
8 32 30 0 0.041 0.0106478 1 
9 32 30 0.000395636 0.001 0.0115177 2 
10 32 30 0 0.011 0.0135955 1 
11 32 30 0.000115325 0.012 0.0135777 2 
12 32 30 0 0.017 0.00973877 1 
13 32 30 0 0.018 0.0105024 1 
14 32 30 0 0.009 0.0125336 1 
15 32 30 0 0.006 0.0124758 1 
16 32 30 0 0.028 0.0121632 1 
17 32 30 0.00328595 0.005 0.0119734 2 
18 32 30 0 0.007 0.013516 1 
19 32 30 0 0.015 0.0113431 1 
20 32 30 0.00130383 0.047 0.0104995 5 
21 32 30 0 0.015 0.0114213 1 
22 32 30 0 0.036 0.0116801 1 
23 32 30 0.00393886 0.007 0.00988258 5 
24 32 30 0.000102664 0.005 0.0118619 2 
25 32 30 0 0.024 0.0130132 1 
26 32 30 0.00605817 0.006 0.0134024 12 
27 32 30 0 0.008 0.0115253 1 
28 32 30 0 0.01 0.0111231 1 
29 32 30 0.00244064 0.009 0.0105681 2 
30 32 30 0 0.049 0.014764 1 
31 32 30 0 0.033 0.0131944 1 
32 32 30 0.00252419 0.044 0.0117384 4 
0 32 31 0 0.029 0.0120488 1 
1 32 31 0 0.029 0.0102769 1 
2 32 31 0 0.03 0.00912835 1 
3 32 31 0.00909284 0.023 0.0127577 13 
4 32 31 0.000141738 0.045 0.0144187 2 
5 32 31 0.000205011 0.025 0.0117182 3 
6 32 31 0 0.025 0.0123108 1 
7 32 31 0.00181346 0.017 0.0113933 4 
8 32 31 0 0.002 0.00938164 1 
9 32 31 0 0.007 0.0146271 1 
10 32 31 0 0.012 0.0113291 1 
11 32 31 0 0.028 0.00997772 1 
12 32 31 0.00126087 0.005 0.0105274 3 
13 32 31 0 0.008 0.00880454 1 
14 32 31 0.00152125 0.021 0.0113 5 
15 32 31 0 0.046 0.0132139 1 
16 32 31 0 0.015 0.013277 1 
17 32 31 0.0138889 0.005 0.0115287 29 
18 32 31 0 0.043 0.0113884 1 
19 32 31 0.0152232 0.002 0.0134088 26 
20 32 31 0.000302044 0.002 0.0093234 2 
21 32 31 1.43549e-05 0.01 0.0141207 2 
22 32 31 0.00867093 0.009 0.0108095 22 
23 32 31 0.00385353 0.009 0.0102877 5 
24 32 31 0.00264913 0.005 0.0123835 3 
25 32 31 0.0102315 0.014 0.0135533 18 
26 32 31 0.0142813 0.012 0.0112033 17 
27 32 31 0.00969312 0.026 0.0109961 10 
28 32 31 0 0.018 0.0122762 1 
29 32 31 5.01598e-05 0.033 0.0106534 2 
30 32 31 0 0.024 0.0142829 1 
31 32 31 1.45049e-06 0.001 0.0129789 2 
32 32 31 0.0122991 0.009 0.011038 19 
0 32 32 0 0.021 0.0143382 1 
1 32 32 0 0.047 0.013602 1 
2 32 32 0.000520609 0.01 0.0107338 2 
3 32 32 0.00974821 0.009 0.0130065 14 
4 32 32 0 0.036 0.0102098 1 
5 32 32 0 0.049 0.0114441 1 
6 32 32 0 0.04 0.0112571 1 
7 32 32 0.00147401 0.026 0.0105316 4 
8 32 32 0 0.026 0.0221605 1 
9 32 32 0.0248966 0.005 0.0125759 33 
10 32 32 0 0.003 0.0148345 1 
11 32 32 0 0.004 0.0120683 1 
12 32 32 0 0.024 0.010624 1 
13 32 32 6.19968e-05 0.034 0.0120439 2 
14 32 32 0 0.022 0.0129305 1 
15 32 32 0 0.037 0.0125619 1 
16 32 32 0 0.022 0.0141386 1 
17 32 32 0 0.016 0.0138264 1 
18 32 32 0 0.012 0.010706 1 
19 32 32 0 0.002 0.0130343 1 
20 32 32 0 0.005 0.0116171 1 
21 32 32 0 0.004 0.0112318 1 
22 32 32 0.0107859 0.011 0.00699125 14 
23 32 32 0.00483323 0.015 0.00938742 4 
24 32 32 0 0.032 0.0172051 1 
25 32 32 0.0301377 0.002 0.01204 52 
26 32 32 0 0.014 0.0118434 1 
27 32 32 0.0430848 0.002 0.0127471 71 
28 32 32 0 0.004 0.0127346 1 
29 32 32 0 0.015 0.00952451 1 
30 32 32 0 0.015 0.0118559 1 
31 32 32 0 0.017 0.0133517 1 
32 32 32 0.000740864 0.002 0.0126977 2 
0 32 33 0 0.036 0.0121734 1 
1 32 33 3.16474e-05 0.001 0.0131558 2 
2 32 33 9.56745e-05 0.002 0.012302 2 
3 32 33 0 0.039 0.0140034 1 
4 32 33 0.00081968 0.035 0.0122432 2 
5 32 33 0 0.007 0.0392454 1 
6 32 33 0 0.015 0.0111366 1 
7 32 33 0.00801764 0.003 0.0120692 19 
8 32 33 0 0.031 0.0267796 1 
9 32 33 0 0.006 0.0108471 1 
10 32 33 0 0.046 0.012376 1 
11 32 33 0 0.018 0.01108 1 
12 32 33 0.00758337 0.035 0.0135634 11 
13 32 33 6.80093e-05 0.008 0.0128974 2 
14 32 33 0.0161254 0.013 0.0135904 14 
15 32 33 0 0.029 0.0111995 1 
16 32 33 0 0.041 0.0118815 1 
17 32 33 0 0.007 0.0116461 1 
18 32 33 0 0.026 0.0119283 1 
19 32 33 0 0.021 0.0115377 1 
20 32 33 0 0.014 0.0113133 1 
21 32 33 0 0.011 0.0131734 1 
22 32 33 0.00721949 0.026 0.0123926 5 
23 32 33 0 0.019 0.0121954 1 
24 32 33 0 0.013 0.0124213 1 
25 32 33 0.00274258 0.006 0.0120943 5 
26 32 33 0 0.042 0.012479 1 
27 32 33 0.0203102 0.006 0.0122827 26 
28 32 33 0 0.002 0.0101986 1 
29 32 33 0 0.028 0.0106943 1 
30 32 33 0 0.02 0.0144306 1 
31 32 33 0 0.035 0.014228 1 
32 32 33 0 0.024 0.0121924 1 
0 32 34 0 0.026 0.00992533 1 
1 32 34 0.000570021 0.02 0.0126292 2 
2 32 34 0.000920923 0.002 0.0133662 2 
3 32 34 0.0236509 0.011 0.0179577 30 
4 32 34 0.00132337 0.02 0.00868639 2 
5 32 34 0 0.018 0.0154615 1 
6 32 34 0 0.025 0.0138603 1 
7 32 34 0 0.007 0.0105024 1 
8 32 34 0 0.005 0.0186503 1 
9 32 34 0 0.027 0.0134757 1 
10 32 34 0 0.046 0.0166612 1 
11 32 34 0.000116383 0.047 0.0101023 2 
12 32 34 0 0.019 0.0130161 1 
13 32 34 0 0.039 0.0102451 1 
14 32 34 0 0.027 0.0118787 1 
15 32 34 0 0.001 0.0124282 1 
16 32 34 0 0.03 0.0122046 1 
17 32 34 0.0301118 0.011 0.00946141 23 
18 32 34 0 0.047 0.0126947 1 
19 32 34 0 0.028 0.0122515 1 
20 32 34 0.000154034 0.002 0.0125518 2 
21 32 34 0.00104719 0.016 0.0106762 2 
22 32 34 0 0.038 0.0163088 1 
23 32 34 0 0.028 0.0108691 1 
24 32 34 0 0.002 0.013003 1 
25 32 34 0 0.011 0.0122319 1 
26 32 34 0.0147917 0.01 0.0135266 26 
27 32 34 0 0.032 0.0126989 1 
28 32 34 0.000103608 0.021 0.0100347 2 
29 32 34 0 0.015 0.0122748 1 
30 32 34 0 0.01 0.00958627 1 
31 32 34 0 0.028 0.0136771 1 
32 32 34 3.20559e-05 0.03 0.0111446 2 
0 32 35 0.00999648 0.044 0.0109537 5 
1 32 35 0.000364589 0.01 0.00949789 3 
2 32 35 0.00110453 0.04 0.0104735 2 
3 32 35 0 0.014 0.00753483 1 
4 32 35 0 0.003 0.0148002 1 
5 32 35 0 0.009 0.0265319 1 
6 32 35 2.66503e-05 0.027 0.0141716 2 
7 32 35 0.0179576 0.018 0.0113957 11 
8 32 35 0 0.032 0.0279277 1 
9 32 35 3.54751e-05 0.006 0.0153988 3 
10 32 35 0 0.008 0.00872581 1 
11 32 35 0 0.01 0.0128712 1 
12 32 35 0 0.001 0.00870031 1 
13 32 35 0.00248763 0.041 0.0139739 3 
14 32 35 0.0370028 0.005 0.0126878 38 
15 32 35 0 0.042 0.0134764 1 
16 32 35 0 0.007 0.00815233 1 
17 32 35 0.0123381 0.001 0.0117713 29 
18 32 35 0 0.009 0.0162489 1 
19 32 35 0.00320085 0.031 0.00837028 4 
20 32 35 0.018392 0.017 0.0115374 12 
21 32 35 0 0.031 0.0126094 1 
22 32 35 0.0128378 0.028 0.00829038 8 
23 32 35 0.00641483 0.033 0.0124358 3 
24 32 35 0 0.001 0.0124598 1 
25 32 35 0 0.012 0.0101193 1 
26 32 35 0.0154242 0.009 0.0124282 17 
27 32 35 0 0.008 0.0118832 1 
28 32 35 0.00299551 0.005 0.0117829 3 
29 32 35 0 0.049 0.012005 1 
30 32 35 0 0.018 0.0110601 1 
31 32 35 0 0.034 0.013737 1 
32 32 35 0 0.033 0.0107082 1 
0 32 36 0 0.03 0.0114408 1 
1 32 36 0 0.038 0.0123074 1 
2 32 36 7.98597e-05 0.044 0.0115736 2 
3 32 36 0.0093385 0.018 0.0119968 17 
4 32 36 0 0.003 0.0114301 1 
5 32 36 0 0.009 0.0129997 1 
6 32 36 0 0.033 0.00837448 1 
7 32 36 0 0.03 0.0100565 1 
8 32 36 0 0.029 0.0287816 1 
9 32 36 0 0.039 0.014683 1 
10 32 36 0 0.036 0.0296274 1 
11 32 36 0 0.012 0.013424 1 
12 32 36 0.00285826 0.004 0.00923792 4 
13 32 36 0.0103064 0.01 0.0104581 15 
14 32 36 0 0.032 0.0122836 1 
15 32 36 0 0.045 0.00845877 1 
16 32 36 0 0.002 0.0126367 1 
17 32 36 0.0569639 0.003 0.0137298 56 
18 32 36 0 0.007 0.0108913 1 
19 32 36 0 0.039 0.00994469 1 
20 32 36 0.00355189 0.026 0.0119431 3 
21 32 36 0 0.014 0.0126776 1 
22 32 36 0 0.009 0.0106635 1 
23 32 36 0 0.025 0.0122093 1 
24 32 36 0 0.049 0.0100779 1 
25 32 36 0 0.008 0.0117975 1 
26 32 36 1.29222e-06 0.01 0.00954826 2 
27 32 36 0.0645155 0.001 0.0139076 79 
28 32 36 0 0.003 0.0116269 1 
29 32 36 9.02693e-05 0.049 0.00929274 2 
30 32 36 0.0228909 0.009 0.0111829 26 
31 32 36 0 0.003 0.0148236 1 
32 32 36 0.00281742 0.042 0.0119652 3 
0 32 37 0 0.049 0.0105625 1 
1 32 37 0.000630258 0.022 0.0127466 2 
2 32 37 0 0.003 0.00964909 1 
3 32 37 0.000434896 0.007 0.011547 2 
4 32 37 0 0.004 0.0119802 1 
5 32 37 0 0.041 0.0131022 1 
6 32 37 0 0.028 0.0139462 1 
7 32 37 0 0.022 0.0112361 1 
8 32 37 0.0006553 0.039 0.0130646 2 
9 32 37 0 0.005 0.00985722 1 
10 32 37 0 0.033 0.0070286 1 
11 32 37 0 0.025 0.0145251 1 
12 32 37 0 0.031 0.0103425 1 
13 32 37 0 0.042 0.012887 1 
14 32 37 0 0.007 0.009481 1 
15 32 37 0 0.04 0.0135033 1 
16 32 37 0 0.027 0.0139489 1 
17 32 37 0 0.009 0.015454 1 
18 32 37 4.62102e-05 0.002 0.0114445 2 
19 32 37 0.0055122 0.024 0.0119127 2 
20 32 37 0 0.005 0.0109576 1 
21 32 37 0 0.011 0.0135154 1 
22 32 37 0 0.028 0.0136844 1 
23 32 37 0 0.029 0.0120085 1 
24 32 37 4.62102e-05 0.016 0.0147002 2 
25 32 37 0.000350039 0.027 0.012831 2 
26 32 37 0 0.013 0.0138563 1 
27 32 37 0.00178948 0.008 0.0120125 4 
28 32 37 4.62102e-05 0.048 0.0141462 2 
29 32 37 0.000673226 0.005 0.013067 3 
30 32 37 0 0.024 0.0125708 1 
31 32 37 4.30968e-07 0.036 0.0140764 2 
32 32 37 0.000496028 0.04 0.0142201 2 
0 32 38 0 0.003 0.0088375 1 
1 32 38 7.40815e-05 0.003 0.0113564 2 
2 32 38 0 0.048 0.0159234 1 
3 32 38 0.0366668 0.006 0.0133277 32 
4 32 38 0 0.045 0.0122539 1 
5 32 38 0 0.002 0.0346914 1 
6 32 38 0 0.034 0.0115856 1 
7 32 38 0.00877715 0.043 0.0113317 8 
8 32 38 0.00650128 0.026 0.0108315 3 
9 32 38 0.00256099 0.015 0.012193 10 
10 32 38 0 0.032 0.0122792 1 
11 32 38 0 0.032 0.0104794 1 
12 32 38 0 0.009 0.00988107 1 
13 32 38 0.00112792 0.037 0.0112666 2 
14 32 38 0 0.007 0.0112491 1 
15 32 38 0 0.001 0.0145462 1 
16 32 38 0 0.021 0.0105564 1 
17 32 38 0.00866954 0.016 0.0122594 11 
18 32 38 6.96172e-05 0.025 0.0081215 2 
19 32 38 0.0068837 0.026 0.013511 11 
20 32 38 0.00504756 0.038 0.0110501 4 
21 32 38 0.000375879 0.005 0.0130242 2 
22 32 38 0 0.025 0.0108367 1 
23 32 38 0.00431901 0.004 0.0126975 3 
24 32 38 0 0.048 0.0138001 1 
25 32 38 0 0.032 0.0133058 1 
26 32 38 0 0.029 0.0112792 1 
27 32 38 0 0.046 0.00990461 1 
28 32 38 6.96172e-05 0.002 0.0103391 2 
29 32 38 0.00332359 0.001 0.010648 3 
30 32 38 0.00147717 0.02 0.0131783 3 
31 32 38 0 0.041 0.0110176 1 
32 32 38 0.0451707 0.001 0.011896 73 
0 32 39 0 0.001 0.0142624 1 
1 32 39 0 0.043 0.0134536 1 
2 32 39 0 0.002 0.016802 1 
3 32 39 0.014821 0.028 0.0117676 14 
4 32 39 0 0.027 0.0292582 1 
5 32 39 0 0.025 0.0316782 1 
6 32 39 7.66475e-06 0.031 0.0104329 2 
7 32 39 0 0.015 0.0108241 1 
8 32 39 0.00103477 0.035 0.00988923 2 
9 32 39 0 0.026 0.0146812 1 
10 32 39 0 0.014 0.0110298 1 
11 32 39 0 0.006 0.011896 1 
12 32 39 0.00508396 0.039 0.0111407 6 
13 32 39 2.31542e-05 0.024 0.0114418 2 
14 32 39 0.000661135 0.013 0.0109326 2 
15 32 39 0 0.025 0.0151312 1 
16 32 39 5.59583e-05 0.044 0.0116736 2 
17 32 39 0.0194762 0.007 0.0123863 27 
18 32 39 4.62996e-05 0.041 0.0115599 2 
19 32 39 0.0121612 0.042 0.0103716 6 
20 32 39 0 0.046 0.00924243 1 
21 32 39 0 0.044 0.0145521 2 
22 32 39 0.000123335 0.001 0.0101785 2 
23 32 39 0.0376528 0.003 0.0134924 33 
24 32 39 0 0.037 0.0118811 1 
25 32 39 0.000772477 0.004 0.0128884 4 
26 32 39 0 0.017 0.0104274 1 
27 32 39 0 0.042 0.0114736 1 
28 32 39 0 0.028 0.0134525 1 
29 32 39 0 0.01 0.0134764 1 
30 32 39 0.00120028 0.032 0.00968234 2 
31 32 39 0 0.021 0.0136178 1 
32 32 39 0 0.047 0.0135145 1 
0 32 40 0 0.002 0.0144233 1 
1 32 40 0 0.015 0.0120102 1 
2 32 40 0 0.032 0.0148274 1 
3 32 40 0 0.018 0.0132861 1 
4 32 40 0 0.035 0.0153511 1 
5 32 40 0.000435482 0.023 0.0104251 2 
6 32 40 0 0.017 0.0126914 1 
7 32 40 0.00202718 0.016 0.0086367 3 
8 32 40 0 0.022 0.0130601 1 
9 32 40 0 0.003 0.0121296 1 
10 32 40 0.00612887 0.02 0.023667 5 
11 32 40 0 0.037 0.0118573 1 
12 32 40 0.0089041 0.005 0.0107077 5 
13 32 40 0.00544928 0.009 0.0112227 9 
14 32 40 0 0.017 0.0098701 1 
15 32 40 0 0.031 0.0133066 1 
16 32 40 0 0.035 0.0100086 1 
17 32 40 0 0.011 0.0130531 1 
18 32 40 0 0.03 0.0102885 1 
19 32 40 0.00164045 0.034 0.0135841 3 
20 32 40 0.00161309 0.049 0.00963702 2 
21 32 40 0.0010616 0.022 0.0100786 2 
22 32 40 0.042422 0.003 0.0108039 63 
23 32 40 0 0.026 0.0108781 1 
24 32 40 0 0.018 0.0171175 1 
25 32 40 0 0.018 0.0172287 1 
26 32 40 0.00146674 0.049 0.0127518 2 
27 32 40 0 0.028 0.0138871 1 
28 32 40 0 0.014 0.0125802 1 
29 32 40 0 0.012 0.0114842 1 
30 32 40 0 0.048 0.010179 1 
31 32 40 0.000161709 0.036 0.0103011 2 
32 32 40 2.18472e-05 0.015 0.0103058 2 
0 32 41 0 0.001 0.0114324 1 
1 32 41 0.0179565 0.017 0.0131834 12 
2 32 41 0 0.042 0.0145669 1 
3 32 41 0.00247739 0.003 0.00865013 3 
4 32 41 0 0.021 0.0114079 1 
5 32 41 0 0.012 0.0118893 1 
6 32 41 0 0.005 0.0140563 1 
7 32 41 0.00385716 0.007 0.00860601 3 
8 32 41 0.000630225 0.034 0.0130428 2 
9 32 41 0 0.004 0.012266 1 
10 32 41 3.46441e-05 0.021 0.0111588 3 
11 32 41 0 0.04 0.0147738 1 
12 32 41 0.0186854 0.005 0.0120019 28 
13 32 41 0 0.004 0.009931 1 
14 32 41 0 0.043 0.0101741 1 
15 32 41 0 0.018 0.00923773 1 
16 32 41 0 0.02 0.0112537 1 
17 32 41 0 0.036 0.00845647 1 
18 32 41 2.43901e-05 0.001 0.00979876 2 
19 32 41 0 0.024 0.010691 1 
20 32 41 0.0175808 0.013 0.00952371 12 
21 32 41 0.00178046 0.004 0.0125978 2 
22 32 41 0 0.005 0.00853886 1 
23 32 41 0 0.004 0.0128805 1 
24 32 41 0 0.009 0.0150182 1 
25 32 41 0.0023228 0.002 0.0101538 3 
26 32 41 0 0.025 0.012686 1 
27 32 41 0.00420431 0.001 0.00802322 10 
28 32 41 0.00134868 0.047 0.0131435 2 
29 32 41 9.83608e-06 0.019 0.011649 2 
30 32 41 0 0.049 0.0131228 1 
31 32 41 0.000189078 0.04 0.00957912 2 
32 32 41 0.000359568 0.006 0.0112212 2 
0 32 42 0.028 0.001 0.0107564 33 
1 32 42 0.000604894 0.029 0.0113648 2 
2 32 42 0 0.04 0.0131668 1 
3 32 42 0.00588593 0.015 0.0113776 6 
4 32 42 0 0.024 0.0298017 1 
5 32 42 2.58421e-06 0.019 0.0128005 2 
6 32 42 0 0.026 0.0123497 1 
7 32 42 0 0.031 0.0114843 1 
8 32 42 0 0.032 0.0123283 1 
9 32 42 0 0.005 0.0143217 1 
10 32 42 0 0.021 0.0125288 1 
11 32 42 5.01303e-05 0.023 0.0081855 2 
12 32 42 0.00443469 0.004 0.0111394 4 
13 32 42 0.00603801 0.001 0.01191 7 
14 32 42 0 0.032 0.0144545 1 
15 32 42 0 0.044 0.0125529 1 
16 32 42 0 0.007 0.0139127 1 
17 32 42 0 0.033 0.0138653 1 
18 32 42 0 0.003 0.0123016 1 
19 32 42 0 0.034 0.0126168 1 
20 32 42 0.00603809 0.036 0.00723389 4 
21 32 42 8.21024e-05 0.028 0.0161987 2 
22 32 42 0.0462529 0.005 0.0117016 41 
23 32 42 0 0.012 0.0123736 1 
24 32 42 0 0.048 0.0159263 1 
25 32 42 0.00357971 0.002 0.00963884 4 
26 32 42 0 0.045 0.011604 1 
27 32 42 0.000647623 0.007 0.0145384 4 
28 32 42 4.21373e-05 0.041 0.0121483 2 
29 32 42 0.00293953 0.044 0.0141265 3 
30 32 42 0 0.004 0.013936 1 
31 32 42 0.000271535 0.012 0.00819392 2 
32 32 42 0.00439478 0.028 0.0123785 6 
0 32 43 0.0136548 0.016 0.0124345 17 
1 32 43 0 0.025 0.0128113 1 
2 32 43 0 0.044 0.0148017 1 
3 32 43 0.00076921 0.005 0.0149741 3 
4 32 43 0 0.017 0.0121481 1 
5 32 43 0 0.022 0.0356066 1 
6 32 43 0 0.004 0.0110291 1 
7 32 43 0.00383666 0.023 0.00953213 8 
8 32 43 0 0.036 0.0137393 1 
9 32 43 0 0.025 0.010165 1 
10 32 43 0 0.043 0.0142391 1 
11 32 43 0 0.03 0.0109952 1 
12 32 43 0.00528144 0.015 0.00976326 7 
13 32 43 0.0285514 0.004 0.0110454 30 
14 32 43 0.0041512 0.041 0.0101478 3 
15 32 43 0 0.028 0.0122705 1 
16 32 43 0 0.02 0.0107942 1 
17 32 43 0.0175371 0.011 0.0135832 21 
18 32 43 0 0.007 0.0170609 1 
19 32 43 0.00473359 0.003 0.0118929 5 
20 32 43 0 0.008 0.0107416 1 
21 32 43 0 0.029 0.0125954 1 
22 32 43 0 0.011 0.0104317 1 
23 32 43 0 0.037 0.012959 1 
24 32 43 4.67801e-05 0.018 0.0126591 2 
25 32 43 0.00203305 0.003 0.0112833 4 
26 32 43 0 0.006 0.0132755 1 
27 32 43 0 0.037 0.0117944 1 
28 32 43 0.00122039 0.012 0.0138061 2 
29 32 43 0.00305128 0.027 0.0125062 3 
30 32 43 0 0.025 0.0117365 1 
31 32 43 0.000141498 0.012 0.0107224 2 
32 32 43 0 0.004 0.00937538 1 
0 32 44 0.000633223 0.023 0.0101924 2 
1 32 44 0 0.048 0.0106326 1 
2 32 44 0 0.031 0.0103805 1 
3 32 44 0 0.039 0.00949573 1 
4 32 44 0 0.029 0.0367528 1 
5 32 44 0 0.023 0.0154768 1 
6 32 44 0 0.03 0.0136602 1 
7 32 44 0 0.006 0.0098123 1 
8 32 44 0 0.045 0.0122216 1 
9 32 44 0 0.047 0.0123686 1 
10 32 44 0.00245597 0.046 0.00938399 4 
11 32 44 0 0.016 0.0112644 1 
12 32 44 0.000254812 0.023 0.0104776 2 
13 32 44 0.00923774 0.007 0.00994397 12 
14 32 44 0.00138412 0.012 0.00878898 4 
15 32 44 0 0.014 0.0112308 1 
16 32 44 5.99164e-05 0.001 0.0152865 2 
17 32 44 0.0012539 0.014 0.00907894 7 
18 32 44 0 0.048 0.00962905 1 
19 32 44 0 0.02 0.0106085 1 
20 32 44 0 0.013 0.012967 1 
21 32 44 0 0.002 0.0119984 1 
22 32 44 0 0.041 0.0112126 1 
23 32 44 0 0.048 0.00911471 1 
24 32 44 0 0.043 0.0133462 1 
25 32 44 0.00182069 0.017 0.0115295 2 
26 32 44 0.00220901 0.002 0.0106108 5 
27 32 44 0 0.049 0.0102511 1 
28 32 44 7.03794e-05 0.026 0.0118261 2 
29 32 44 0.00501487 0.023 0.0127752 2 
30 32 44 0.0110904 0.016 0.00980326 12 
31 32 44 5.07769e-05 0.026 0.00975425 2 
32 32 44 0 0.036 0.0113739 1 
0 32 45 0 0.047 0.00822875 1 
1 32 45 0.00140487 0.003 0.015312 3 
2 32 45 0 0.005 0.0120857 1 
3 32 45 0 0.025 0.0117922 1 
4 32 45 0 0.009 0.0114726 1 
5 32 45 0.000354015 0.049 0.0137666 2 
6 32 45 0 0.025 0.0140876 1 
7 32 45 0.000839117 0.019 0.0127423 2 
8 32 45 0 0.029 0.0133324 1 
9 32 45 0 0.04 0.0105781 1 
10 32 45 1.35604e-05 0.009 0.0111806 2 
11 32 45 0 0.02 0.0107844 1 
12 32 45 0.0023989 0.023 0.0104326 4 
13 32 45 0.00533082 0.024 0.0105827 6 
14 32 45 0 0.037 0.0120789 1 
15 32 45 0 0.035 0.0149535 1 
16 32 45 0 0.025 0.0129263 1 
17 32 45 0.0288865 0.003 0.0158276 52 
18 32 45 0 0.005 0.0106939 1 
19 32 45 0 0.03 0.0139747 1 
20 32 45 7.53339e-05 0.043 0.0108172 2 
21 32 45 0.000644767 0.023 0.012229 2 
22 32 45 0 0.014 0.0120855 1 
23 32 45 0 0.001 0.00911933 1 
24 32 45 0 0.049 0.0132709 1 
25 32 45 0 0.007 0.0118525 1 
26 32 45 0.00669403 0.047 0.0112353 3 
27 32 45 0 0.047 0.0106966 1 
28 32 45 0.00471499 0.047 0.011894 4 
29 32 45 2.74172e-05 0.016 0.0106062 2 
30 32 45 0.00189152 0.015 0.00918899 7 
31 32 45 0 0.044 0.0121198 1 
32 32 45 0 0.038 0.0136972 1 
0 32 46 0 0.018 0.0108832 1 
1 32 46 0 0.002 0.00917953 1 
2 32 46 0 0.019 0.0111261 1 
3 32 46 0 0.011 0.0116931 1 
4 32 46 0.000496455 0.042 0.0113617 3 
5 32 46 0 0.03 0.0107854 1 
6 32 46 0 0.026 0.0139134 1 
7 32 46 0.0039594 0.018 0.0138181 3 
8 32 46 0 0.013 0.0161998 1 
9 32 46 0.00629529 0.007 0.0111265 12 
10 32 46 0.00172592 0.037 0.0116737 3 
11 32 46 0 0.033 0.00819606 1 
12 32 46 0.00736713 0.044 0.0128425 6 
13 32 46 0 0.041 0.0102271 1 
14 32 46 0 0.007 0.0112848 1 
15 32 46 0 0.007 0.0113343 1 
16 32 46 0 0.023 0.00584365 1 
17 32 46 0.000296673 0.001 0.0115491 2 
18 32 46 0 0.031 0.0129509 1 
19 32 46 3.80502e-05 0.003 0.0119673 2 
20 32 46 0.00436424 0.012 0.0119411 5 
21 32 46 0 0.028 0.0114457 1 
22 32 46 0.0046824 0.005 0.0105213 7 
23 32 46 0 0.014 0.0104467 1 
24 32 46 4.2517e-05 0.044 0.0122349 2 
25 32 46 0 0.002 0.00839405 1 
26 32 46 0 0.02 0.0115433 1 
27 32 46 0.00977787 0.018 0.0103363 5 
28 32 46 0 0.009 0.0132453 1 
29 32 46 5.86461e-05 0.009 0.0121578 2 
30 32 46 0.0124721 0.033 0.0117638 13 
31 32 46 0 0.036 0.0123834 1 
32 32 46 0 0.048 0.00794941 1 
0 32 47 0.000845312 0.004 0.0105174 4 
1 32 47 0 0.008 0.0111014 1 
2 32 47 0.00459812 0.017 0.0117661 4 
3 32 47 0 0.001 0.0105114 1 
4 32 47 0 0.001 0.0311256 1 
5 32 47 0 0.001 0.0120659 1 
6 32 47 0 0.036 0.0159458 1 
7 32 47 0.00277177 0.027 0.0123108 2 
8 32 47 0 0.017 0.0150651 1 
9 32 47 0 0.031 0.0105411 1 
10 32 47 0 0.04 0.0112986 1 
11 32 47 0 0.04 0.0142785 1 
12 32 47 0 0.028 0.0115801 1 
13 32 47 0.00578395 0.028 0.0101987 3 
14 32 47 0.00404848 0.038 0.0095966 2 
15 32 47 0 0.025 0.0169859 1 
16 32 47 3.20197e-05 0.019 0.0152986 2 
17 32 47 0 0.006 0.0141181 1 
18 32 47 2.46909e-05 0.043 0.014634 2 
19 32 47 0 0.019 0.0113544 1 
20 32 47 9.62742e-06 0.013 0.0126646 2 
21 32 47 0.000554751 0.013 0.0103384 2 
22 32 47 0 0.048 0.0149601 1 
23 32 47 0.00365876 0.025 0.0121822 5 
24 32 47 0 0.049 0.0127324 1 
25 32 47 0.000463127 0.021 0.0111905 2 
26 32 47 0.00985331 0.009 0.00936537 9 
27 32 47 0 0.03 0.00929278 1 
28 32 47 0 0.007 0.0158349 1 
29 32 47 1.00331e-05 0.037 0.0129006 2 
30 32 47 0.00280709 0.02 0.00977246 5 
31 32 47 0 0.035 0.0129155 1 
32 32 47 3.20197e-05 0.006 0.0119477 2 
0 32 48 0 0.037 0.0135092 1 
1 32 48 0.0138456 0.012 0.0128638 14 
2 32 48 0.000597644 0.019 0.00952143 3 
3 32 48 0 0.032 0.00973966 1 
4 32 48 0.000251362 0.016 0.0111021 2 
5 32 48 0.000267324 0.013 0.0118424 3 
6 32 48 0 0.042 0.0125667 1 
7 32 48 0.000183002 0.008 0.00910985 3 
8 32 48 0 0.019 0.013102 1 
9 32 48 0.00315041 0.009 0.0133254 3 
10 32 48 0.000708084 0.019 0.0115898 2 
11 32 48 0 0.021 0.0101076 1 
12 32 48 0.0057254 0.013 0.00862355 10 
13 32 48 0.00426059 0.035 0.0122886 3 
14 32 48 0 0.021 0.0119719 1 
15 32 48 0 0.014 0.0144518 1 
16 32 48 0 0.043 0.0122057 1 
17 32 48 0 0.039 0.0138224 1 
18 32 48 0 0.016 0.0127789 1 
19 32 48 0 0.034 0.0141019 1 
20 32 48 0 0.001 0.00819133 1 
21 32 48 0.00121102 0.022 0.0107999 2 
22 32 48 0.000328705 0.003 0.0118429 2 
23 32 48 0 0.016 0.0158875 1 
24 32 48 0 0.028 0.0113946 1 
25 32 48 0.00845511 0.009 0.0126711 11 
26 32 48 0.00789468 0.008 0.012869 16 
27 32 48 0 0.019 0.0125752 1 
28 32 48 0 0.044 0.0118826 1 
29 32 48 0.00313736 0.003 0.0109447 2 
30 32 48 0 0.041 0.0113759 1 
31 32 48 1.15189e-05 0.003 0.0114399 2 
32 32 48 0 0.004 0.0119073 1 
0 32 49 9.22809e-06 0.006 0.0133849 2 
1 32 49 0.00336237 0.002 0.0149568 8 
2 32 49 0.00323876 0.005 0.0115154 3 
3 32 49 0 0.04 0.0118947 1 
4 32 49 0 0.02 0.0146242 1 
5 32 49 0 0.039 0.00961571 1 
6 32 49 0 0.003 0.0125133 1 
7 32 49 0.000165236 0.004 0.013989 4 
8 32 49 0 0.049 0.0131406 1 
9 32 49 0.00172588 0.023 0.0154454 3 
10 32 49 0 0.023 0.01084 1 
11 32 49 0.000183285 0.025 0.0118584 2 
12 32 49 0 0.022 0.0109416 1 
13 32 49 0 0.046 0.0135672 1 
14 32 49 0.000251674 0.02 0.0117153 3 
15 32 49 1.43302e-05 0.011 0.0125678 2 
16 32 49 0 0.007 0.0124585 1 
17 32 49 0 0.002 0.0108379 2 
18 32 49 0 0.016 0.0121016 1 
19 32 49 0 0.045 0.0149549 1 
20 32 49 0.000325294 0.002 0.0101536 3 
21 32 49 0 0.024 0.0122461 1 
22 32 49 0 0.045 0.0133776 1 
23 32 49 0.0200601 0.014 0.0112266 14 
24 32 49 0 0.026 0.0143001 1 
25 32 49 0 0.03 0.0120768 1 
26 32 49 0.00107201 0.023 0.0145973 2 
27 32 49 0.0214425 0.002 0.0103314 28 
28 32 49 0 0.048 0.00944482 1 
29 32 49 0 0.041 0.00951803 2 
30 32 49 0.0113257 0.016 0.0109154 10 
31 32 49 0 0.001 0.00992198 1 
32 32 49 0.00121538 0.011 0.0108039 6 
0 32 50 0.00434258 0.027 0.0104584 6 
1 32 50 0.00562315 0.001 0.0117565 5 
2 32 50 0.000743882 0.025 0.0121666 3 
3 32 50 0 0.02 0.0108544 1 
4 32 50 0 0.04 0.0119701 1 
5 32 50 0 0.045 0.010847 1 
6 32 50 0 0.015 0.0142821 1 
7 32 50 0 0.011 0.0129053 1 
8 32 50 0.000545819 0.038 0.165158 4 
9 32 50 0.00197742 0.009 0.0130087 6 
10 32 50 0 0.034 0.027313 1 
11 32 50 0 0.029 0.010263 1 
12 32 50 0 0.005 0.0116107 1 
13 32 50 0 0.023 0.0104517 2 
14 32 50 0 0.006 0.010031 1 
15 32 50 1.59305e-05 0.002 0.00925333 2 
16 32 50 0 0.011 0.0143161 1 
17 32 50 0.0203972 0.008 0.0111718 24 
18 32 50 0 0.036 0.0132142 1 
19 32 50 0.00291727 0.01 0.0119005 6 
20 32 50 0 0.046 0.0107066 1 
21 32 50 4.97338e-05 0.017 0.0120494 2 
22 32 50 0 0.011 0.00956314 1 
23 32 50 0.00455047 0.039 0.012451 6 
24 32 50 0 0.024 0.0132658 1 
25 32 50 0 0.006 0.0122877 1 
26 32 50 0 0.034 0.0130187 1 
27 32 50 0 0.028 0.0142065 1 
28 32 50 2.15643e-05 0.004 0.0117778 2 
29 32 50 0 0.007 0.0103425 1 
30 32 50 0.0309736 0.003 0.0110838 27 
31 32 50 0.000555737 0.001 0.00993614 3 
32 32 50 0 0.002 0.013554 1 
0 32 51 0 0.042 0.0101527 1 
1 32 51 0 0.005 0.0127503 1 
2 32 51 0.00353501 0.015 0.00950948 3 
3 32 51 0.00184669 0.034 0.0126682 3 
4 32 51 0 0.032 0.014022 1 
5 32 51 3.4451e-05 0.029 0.0144244 2 
6 32 51 0 0.039 0.0145981 1 
7 32 51 0.000200838 0.029 0.0101024 5 
8 32 51 0 0.049 0.0118442 1 
9 32 51 0.00294503 0.005 0.0146983 2 
10 32 51 0 0.018 0.0355691 1 
11 32 51 1.75921e-05 0.024 0.0115776 2 
12 32 51 0.0029119 0.03 0.0109313 2 
13 32 51 0 0.013 0.0133033 1 
14 32 51 0.00664234 0.013 0.0101131 2 
15 32 51 0 0.004 0.0145398 1 
16 32 51 0 0.031 0.0107094 1 
17 32 51 0 0.037 0.0133024 1 
18 32 51 0 0.027 0.0104247 1 
19 32 51 0.00125312 0.005 0.0108961 6 
20 32 51 0.000121075 0.016 0.0119923 2 
21 32 51 0 0.02 0.0142126 1 
22 32 51 0.0196581 0.005 0.00950229 28 
23 32 51 0 0.008 0.0105039 1 
24 32 51 0 0.013 0.0149664 1 
25 32 51 0 0.045 0.0121804 1 
26 32 51 0.00133408 0.026 0.0106595 3 
27 32 51 0 0.032 0.0110706 1 
28 32 51 0 0.013 0.0105547 1 
29 32 51 1.01954e-05 0.025 0.0137157 2 
30 32 51 0.0054844 0.014 0.011576 13 
31 32 51 6.2231e-06 0.041 0.0143564 2 
32 32 51 0 0.024 0.012342 1 
0 32 52 0.00979761 0.02 0.0115381 12 
1 32 52 0 0.035 0.0107555 2 
2 32 52 0.000841575 0.044 0.0112899 2 
3 32 52 0 0.045 0.00880409 1 
4 32 52 0 0.027 0.0124749 1 
5 32 52 0 0.041 0.0390964 1 
6 32 52 0 0.015 0.0128261 1 
7 32 52 0.000498829 0.007 0.0130176 2 
8 32 52 0 0.04 0.0121484 1 
9 32 52 0.00559458 0.024 0.0140399 6 
10 32 52 0 0.022 0.0124749 1 
11 32 52 2.74275e-05 0.044 0.0125145 2 
12 32 52 0 0.047 0.0127329 1 
13 32 52 0.00349857 0.044 0.0115127 2 
14 32 52 0.0031752 0.004 0.0122437 2 
15 32 52 0 0.016 0.0127304 1 
16 32 52 1.60385e-05 0.003 0.00984932 2 
17 32 52 0 0.043 0.0164022 1 
18 32 52 2.1733e-05 0.029 0.0116245 2 
19 32 52 0.000132881 0.024 0.0110174 2 
20 32 52 0.00225831 0.048 0.0124514 3 
21 32 52 0 0.021 0.0110857 1 
22 32 52 0 0.029 0.0129004 1 
23 32 52 0.00807219 0.005 0.012453 6 
24 32 52 0 0.023 0.013025 1 
25 32 52 0 0.004 0.012905 1 
26 32 52 0 0.022 0.0122978 1 
27 32 52 0 0.015 0.0108422 1 
28 32 52 0 0.02 0.00928585 1 
29 32 52 3.3122e-05 0.02 0.012371 2 
30 32 52 0.000266529 0.013 0.0138786 2 
31 32 52 1.17899e-05 0.025 0.0114807 2 
32 32 52 0 0.02 0.0156905 1 
0 32 53 0 0.042 0.00996763 1 
1 32 53 0.00113364 0.008 0.0122173 4 
2 32 53 0.00115552 0.003 0.0108135 2 
3 32 53 0.00336302 0.016 0.0116757 9 
4 32 53 0 0.045 0.0148304 1 
5 32 53 0 0.047 0.0128674 1 
6 32 53 0 0.043 0.0152189 1 
7 32 53 0 0.019 0.0118349 1 
8 32 53 0.00245496 0.044 0.0131309 5 
9 32 53 0.00295873 0.001 0.008765 4 
10 32 53 0 0.003 0.0255502 1 
11 32 53 0.000363235 0.036 0.01337 4 
12 32 53 4.29681e-05 0.001 0.0119636 2 
13 32 53 0 0.043 0.0101147 1 
14 32 53 0 0.045 0.0143499 1 
15 32 53 0 0.045 0.0133998 1 
16 32 53 0 0.001 0.0117432 1 
17 32 53 0 0.011 0.0122132 1 
18 32 53 0 0.023 0.0139741 1 
19 32 53 0 0.02 0.0125142 1 
20 32 53 0.00176137 0.008 0.0125288 2 
21 32 53 0.0109391 0.037 0.00935545 6 
22 32 53 0 0.013 0.00857416 1 
23 32 53 0 0.03 0.00989742 1 
24 32 53 0 0.029 0.0145522 1 
25 32 53 0.00024642 0.014 0.0119061 2 
26 32 53 0 0.015 0.0141961 1 
27 32 53 0.0414421 0.001 0.0113722 44 
28 32 53 0 0.008 0.0136793 1 
29 32 53 1.02099e-05 0.02 0.016362 2 
30 32 53 0 0.003 0.0140106 1 
31 32 53 0 0.001 0.0110252 1 
32 32 53 0 0.018 0.0128689 1 
0 32 54 0 0.004 0.0125281 1 
1 32 54 0 0.021 0.0120888 1 
2 32 54 5.1497e-05 0.009 0.0119037 2 
3 32 54 0 0.039 0.0116298 1 
4 32 54 0 0.011 0.0109585 1 
5 32 54 0 0.041 0.0135154 1 
6 32 54 0 0.004 0.0134638 1 
7 32 54 0 0.039 0.0138782 1 
8 32 54 0 0.018 0.0126147 1 
9 32 54 0 0.003 0.0122101 1 
10 32 54 0.000294107 0.044 0.00868518 2 
11 32 54 0.00380558 0.022 0.0105125 4 
12 32 54 0 0.039 0.00864115 1 
13 32 54 0 0.006 0.0130364 1 
14 32 54 0.00074137 0.009 0.0108059 5 
15 32 54 0 0.007 0.0144125 1 
16 32 54 0 0.042 0.0126843 1 
17 32 54 0 0.034 0.0101509 1 
18 32 54 0 0.017 0.0117324 1 
19 32 54 0 0.026 0.0103905 1 
20 32 54 0.00435816 0.016 0.00885117 3 
21 32 54 0.00234982 0.047 0.0104539 2 
22 32 54 0 0.002 0.0102626 1 
23 32 54 0 0.01 0.0117941 1 
24 32 54 0 0.002 0.0134261 1 
25 32 54 0.0139242 0.009 0.0114516 22 
26 32 54 6.47596e-05 0.008 0.00885681 2 
27 32 54 0.0114516 0.039 0.0109503 6 
28 32 54 0.00334064 0.006 0.0111291 3 
29 32 54 0 0.01 0.0108444 1 
30 32 54 0 0.013 0.012153 1 
31 32 54 0 0.02 0.0157923 1 
32 32 54 0 0.028 0.0119402 1 
0 32 55 0.00387474 0.018 0.0101023 3 
1 32 55 0.0299661 0.001 0.0120799 19 
2 32 55 0.00324331 0.018 0.00926611 3 
3 32 55 0.000351382 0.046 0.0108808 4 
4 32 55 0 0.034 0.0344986 1 
5 32 55 0 0.017 0.0138157 1 
6 32 55 0 0.039 0.009493 1 
7 32 55 9.21845e-06 0.018 0.0115993 2 
8 32 55 0 0.037 0.0153191 1 
9 32 55 0.00644515 0.008 0.0135698 5 
10 32 55 0.00420878 0.022 0.0124363 6 
11 32 55 0 0.005 0.0135132 1 
12 32 55 0 0.002 0.0106954 1 
13 32 55 0.000414093 0.008 0.0110531 2 
14 32 55 0.00597102 0.043 0.0128805 5 
15 32 55 0 0.01 0.00991906 1 
16 32 55 0 0.023 0.01467 1 
17 32 55 0 0.041 0.0146595 1 
18 32 55 0.00347636 0.029 0.0102869 3 
19 32 55 0 0.026 0.0144959 1 
20 32 55 0.000768714 0.035 0.0110883 3 
21 32 55 0.00294202 0.009 0.00995522 2 
22 32 55 0 0.034 0.00953631 1 
23 32 55 0 0.022 0.0143944 1 
24 32 55 0 0.04 0.0110603 1 
25 32 55 0 0.031 0.0116165 1 
26 32 55 0 0.027 0.013656 1 
27 32 55 0.00447069 0.021 0.0153715 4 
28 32 55 0 0.048 0.0133364 1 
29 32 55 1.02863e-05 0.027 0.012294 2 
30 32 55 0.000403482 0.015 0.00849017 2 
31 32 55 0 0.027 0.0110064 1 
32 32 55 0 0.045 0.0126901 1 
0 32 56 0 0.025 0.00980041 1 
1 32 56 0.0254724 0.007 0.0124681 26 
2 32 56 0.00342941 0.029 0.0140218 3 
3 32 56 0 0.013 0.0132733 1 
4 32 56 0 0.042 0.0269301 1 
5 32 56 0 0.02 0.009193 1 
6 32 56 0 0.022 0.0175042 1 
7 32 56 0.0147464 0.01 0.00874894 19 
8 32 56 0 0.008 0.0150237 1 
9 32 56 0.00495918 0.003 0.0131623 9 
10 32 56 0 0.001 0.0145164 1 
11 32 56 0 0.035 0.0110581 1 
12 32 56 0.0101788 0.049 0.0114664 11 
13 32 56 0.0113618 0.032 0.00860711 7 
14 32 56 0.00335838 0.048 0.0114126 2 
15 32 56 0 0.03 0.0122953 1 
16 32 56 0 0.031 0.0127558 1 
17 32 56 0.00972794 0.035 0.0113917 8 
18 32 56 0 0.044 0.0149786 1 
19 32 56 0 0.004 0.0114551 1 
20 32 56 0 0.019 0.0103491 1 
21 32 56 0.0033857 0.04 0.0100702 2 
22 32 56 0 0.033 0.0117711 1 
23 32 56 0 0.004 0.0112971 1 
24 32 56 2.19147e-05 0.024 0.016538 2 
25 32 56 3.53635e-05 0.001 0.0108449 2 
26 32 56 0.00388677 0.031 0.0134544 2 
27 32 56 0 0.004 0.0133147 2 
28 32 56 2.19147e-05 0.048 0.0162293 2 
29 32 56 0 0.005 0.0124771 1 
30 32 56 0 0.008 0.0142555 1 
31 32 56 0 0.012 0.0109068 1 
32 32 56 0 0.02 0.00785214 1 
0 32 57 0 0.009 0.012502 1 
1 32 57 0 0.001 0.0130297 1 
2 32 57 0 0.004 0.0111959 1 
3 32 57 0.00959519 0.01 0.0125295 12 
4 32 57 0 0.024 0.0110817 1 
5 32 57 0.00143538 0.04 0.0115739 2 
6 32 57 0 0.046 0.0112617 1 
7 32 57 0.00505687 0.003 0.0144286 15 
8 32 57 0.00015325 0.01 0.00991171 2 
9 32 57 0 0.003 0.0121716 1 
10 32 57 0 0.006 0.0138327 1 
11 32 57 0 0.025 0.0115481 1 
12 32 57 0 0.035 0.0128532 1 
13 32 57 0.00722124 0.001 0.00911864 13 
14 32 57 0 0.027 0.0132844 1 
15 32 57 1.46008e-05 0.025 0.0131817 2 
16 32 57 0 0.045 0.0129825 1 
17 32 57 0.0229371 0.007 0.0119288 31 
18 32 57 0 0.048 0.0177493 1 
19 32 57 0 0.023 0.0134087 1 
20 32 57 0.00338344 0.027 0.00982295 5 
21 32 57 0.00309928 0.017 0.012319 3 
22 32 57 0.00082258 0.004 0.0105458 2 
23 32 57 0 0.024 0.010576 1 
24 32 57 9.60069e-06 0.014 0.0127604 2 
25 32 57 0.0482576 0.006 0.0121114 33 
26 32 57 0 0.021 0.0132637 1 
27 32 57 0 0.036 0.0102606 1 
28 32 57 0 0.041 0.0110145 1 
29 32 57 0.00181322 0.048 0.0104504 2 
30 32 57 0.00161827 0.025 0.0122797 3 
31 32 57 2.89088e-07 0.01 0.0120294 2 
32 32 57 0.00201047 0.018 0.0148325 6 
0 32 58 0.000423903 0.004 0.0130078 2 
1 32 58 0 0.033 0.0110344 1 
2 32 58 2.77246e-05 0.048 0.0144133 2 
3 32 58 0.00161737 0.001 0.0119241 3 
4 32 58 0 0.023 0.0114008 1 
5 32 58 0 0.043 0.0171373 1 
6 32 58 0 0.002 0.0129127 1 
7 32 58 0 0.03 0.0110193 1 
8 32 58 0 0.04 0.0126534 1 
9 32 58 0.000112425 0.007 0.00926202 2 
10 32 58 0 0.033 0.0108243 1 
11 32 58 0 0.003 0.0132284 1 
12 32 58 0.00502535 0.048 0.0133455 2 
13 32 58 0 0.004 0.0100184 1 
14 32 58 0.00253675 0.017 0.0137563 2 
15 32 58 0 0.04 0.0107249 1 
16 32 58 0 0.023 0.0103569 1 
17 32 58 0.0484623 0.001 0.0102625 77 
18 32 58 0 0.04 0.0126467 1 
19 32 58 0.000347859 0.006 0.0110643 3 
20 32 58 0.0065497 0.013 0.0113786 9 
21 32 58 5.06657e-05 0.002 0.0133548 2 
22 32 58 0 0.007 0.0120823 1 
23 32 58 0.00115031 0.003 0.012668 3 
24 32 58 2.19893e-05 0.049 0.0127947 2 
25 32 58 0.00502463 0.014 0.00967637 12 
26 32 58 0.000195457 0.004 0.01295 2 
27 32 58 0 0.001 0.0122243 1 
28 32 58 0 0.016 0.00987545 1 
29 32 58 3.34599e-05 0.04 0.0134904 2 
30 32 58 0 0.023 0.0114238 1 
31 32 58 0 0.037 0.00845368 1 
32 32 58 0.0104987 0.003 0.0105369 20 
0 32 59 0 0.029 0.0116615 1 
1 32 59 0.000508237 0.04 0.0134469 2 
2 32 59 0.00325765 0.024 0.0142115 3 
3 32 59 0 0.026 0.0157775 1 
4 32 59 0 0.049 0.0102882 1 
5 32 59 0 0.045 0.011483 1 
6 32 59 0 0.01 0.0142088 2 
7 32 59 0.0139479 0.03 0.00987898 7 
8 32 59 5.88729e-05 0.045 0.0120892 1 
9 32 59 0 0.046 0.0120762 1 
10 32 59 0 0.011 0.0119601 1 
11 32 59 0 0.041 0.0140661 1 
12 32 59 0.00562143 0.002 0.00952962 11 
13 32 59 0 0.015 0.0142771 1 
14 32 59 0 0.016 0.0106896 1 
15 32 59 0 0.024 0.0142051 1 
16 32 59 0 0.021 0.0124729 1 
17 32 59 0 0.009 0.00873644 1 
18 32 59 0.00311424 0.007 0.0120366 3 
19 32 59 0.00283887 0.009 0.0105803 6 
20 32 59 0 0.04 0.0141873 1 
21 32 59 0 0.011 0.0135481 2 
22 32 59 0.0128647 0.002 0.011865 13 
23 32 59 0.00660973 0.001 0.0157119 6 
24 32 59 2.54871e-05 0.01 0.0130878 2 
25 32 59 0 0.029 0.0116459 1 
26 32 59 0.000391387 0.027 0.0140367 2 
27 32 59 0 0.037 0.0111133 1 
28 32 59 0 0.043 0.0117102 1 
29 32 59 1.04165e-05 0.037 0.0128223 2 
30 32 59 0 0.023 0.013254 1 
31 32 59 0 0.021 0.010859 1 
32 32 59 0 0.016 0.010333 1 
0 32 60 0 0.012 0.012356 1 
1 32 60 0 0.021 0.0122815 1 
2 32 60 0.00285983 0.042 0.0120235 3 
3 32 60 0 0.048 0.0124996 1 
4 32 60 0 0.006 0.00920444 1 
5 32 60 0 0.034 0.013018 1 
6 32 60 0 0.013 0.0124955 1 
7 32 60 0.00521008 0.036 0.01146 5 
8 32 60 0.00046591 0.049 0.0173659 1 
9 32 60 0 0.011 0.0126908 1 
10 32 60 0 0.009 0.00936708 1 
11 32 60 0 0.014 0.0155037 1 
12 32 60 0.0255829 0.006 0.0149026 32 
13 32 60 0 0.002 0.0107534 1 
14 32 60 0.0231629 0.008 0.0131914 25 
15 32 60 3.55549e-05 0.015 0.0102277 2 
16 32 60 3.55549e-05 0.023 0.0104162 2 
17 32 60 0 0.041 0.0107741 1 
18 32 60 0.0027986 0.003 0.0125946 3 
19 32 60 0 0.015 0.0130002 1 
20 32 60 0 0.009 0.0103853 1 
21 32 60 8.51771e-05 0.027 0.0146275 2 
22 32 60 0.00809174 0.017 0.0133387 5 
23 32 60 0 0.021 0.0118253 1 
24 32 60 4.38252e-05 0.023 0.0145291 2 
25 32 60 0 0.006 0.0122533 1 
26 32 60 9.62092e-06 0.011 0.0104528 2 
27 32 60 0 0.012 0.0121471 1 
28 32 60 0 0.016 0.0111913 1 
29 32 60 0.00155956 0.025 0.013047 2 
30 32 60 0.0279317 0.006 0.0117003 19 
31 32 60 0 0.022 0.0128681 1 
32 32 60 0 0.044 0.011278 1 
