0 3 0 0.00206469 0.049 0.00677057 3 
1 3 0 0.000128432 0.045 0.0116761 1 
2 3 0 0.000346435 0.046 0.0110917 1 
3 3 0 1 0.001 0.0195718 2 
4 3 0 0.000128432 0.014 0.0103578 1 
5 3 0 0.000134549 0.013 0.015367 1 
6 3 0 0.000126472 0.006 0.0105633 1 
7 3 0 0.00098797 0.017 0.0129577 3 
8 3 0 0.000394688 0.035 0.0127114 1 
9 3 0 0.0348448 0.001 0.011088 71 
10 3 0 0.000324303 0.024 0.0194931 1 
11 3 0 0.000346435 0.009 0.01052 1 
12 3 0 0.000128432 0.023 0.0103934 1 
13 3 0 0.215706 0.025 0.00936075 7 
14 3 0 0.000128432 0.02 0.011909 1 
15 3 0 2.07623e-05 0.004 0.0117198 1 
16 3 0 7.21273e-05 0.038 0.01075 2 
17 3 0 0.00413507 0.036 0.010912 9 
18 3 0 0.000106645 0.018 0.0105288 3 
19 3 0 0.0146967 0.007 0.0117936 15 
20 3 0 0.000191353 0.02 0.0102267 2 
21 3 0 0.000452615 0.006 0.0108569 2 
22 3 0 0.0193999 0.003 0.00972333 47 
23 3 0 0.000128432 0.047 0.0133474 1 
24 3 0 0.000149745 0.002 0.0110336 1 
25 3 0 0.0150699 0.039 0.00841404 10 
26 3 0 0.19671 0.017 0.0109249 3 
27 3 0 0.000128432 0.031 0.0106769 1 
28 3 0 0.000925478 0.008 0.00999584 2 
29 3 0 0.00115114 0.041 0.00779614 5 
30 3 0 0.000825318 0.02 0.0116281 3 
31 3 0 0.00056303 0.022 0.0120211 2 
32 3 0 0.0173844 0.011 0.00934497 15 
0 3 1 0.00460583 0.011 0.00913828 5 
1 3 1 0.000133423 0.026 0.010026 2 
2 3 1 0.000464331 0.038 0.0111049 1 
3 3 1 0 0.039 0.00961503 1 
4 3 1 0.000339456 0.006 0.0186609 1 
5 3 1 0 0.007 0.0109086 1 
6 3 1 0 0.004 0.00928681 1 
7 3 1 0 0.048 0.00935548 1 
8 3 1 5.65418e-06 0.034 0.0126174 2 
9 3 1 0 0.032 0.0111027 1 
10 3 1 0.00129845 0.029 0.0107409 3 
11 3 1 0.000464331 0.02 0.0103632 1 
12 3 1 0 0.009 0.0102782 1 
13 3 1 0.0124589 0.019 0.0123888 12 
14 3 1 0 0.016 0.0113335 1 
15 3 1 0.000130169 0.01 0.0134067 1 
16 3 1 0.000177637 0.014 0.0125962 2 
17 3 1 0 0.003 0.0109776 1 
18 3 1 0 0.048 0.00987399 1 
19 3 1 0.000927267 0.047 0.0100192 3 
20 3 1 0.000827312 0.002 0.013653 3 
21 3 1 0 0.015 0.0106964 1 
22 3 1 0 0.046 0.0136475 1 
23 3 1 0 0.002 0.0125156 1 
24 3 1 0 0.032 0.0130409 1 
25 3 1 0 0.026 0.0129933 1 
26 3 1 0 0.041 0.0125869 1 
27 3 1 0.0326693 0.003 0.0116092 59 
28 3 1 0 0.009 0.0115223 1 
29 3 1 0 0.027 0.00884633 1 
30 3 1 0 0.018 0.0103725 1 
31 3 1 0.000275881 0.005 0.00611799 2 
32 3 1 0 0.003 0.0101732 1 
0 3 2 0 0.006 0.00986504 1 
1 3 2 0 0.004 0.0114793 1 
2 3 2 0 0.049 0.00762003 1 
3 3 2 0.00316482 0.033 0.00942719 2 
4 3 2 0 0.024 0.0141688 1 
5 3 2 0 0.014 0.0108197 1 
6 3 2 0.000357402 0.042 0.00915462 1 
7 3 2 0 0.032 0.00945732 1 
8 3 2 0.000322128 0.005 0.012263 3 
9 3 2 0 0.012 0.00968056 1 
10 3 2 0 0.042 0.0117377 1 
11 3 2 0.000403612 0.016 0.0139066 3 
12 3 2 0.0130225 0.01 0.0112669 9 
13 3 2 0.00651717 0.01 0.00991627 15 
14 3 2 0 0.036 0.0135001 1 
15 3 2 0 0.03 0.0106321 1 
16 3 2 0 0.012 0.0127134 1 
17 3 2 0 0.013 0.0129304 1 
18 3 2 7.1415e-05 0.048 0.0114644 2 
19 3 2 0 0.012 0.0115214 1 
20 3 2 0 0.022 0.0115897 1 
21 3 2 0 0.027 0.0106124 1 
22 3 2 0.0200392 0.006 0.00858673 31 
23 3 2 0.00383132 0.029 0.00691855 4 
24 3 2 0.000131863 0.01 0.0129343 1 
25 3 2 0.00123343 0.006 0.0135024 5 
26 3 2 0 0.049 0.0124436 1 
27 3 2 0.00221426 0.027 0.0106709 2 
28 3 2 0.000191667 0.037 0.0108025 2 
29 3 2 0 0.031 0.00815386 1 
30 3 2 0.012969 0.02 0.0113233 19 
31 3 2 0.0103012 0.018 0.0127296 6 
32 3 2 0 0.019 0.0103365 1 
0 3 3 0.00632768 0.007 0.012208 15 
1 3 3 0 0.021 0.0118736 1 
2 3 3 0.000234299 0.048 0.0108552 2 
3 3 3 0 0.043 0.0116596 1 
4 3 3 0 0.006 0.0109538 1 
5 3 3 0 0.012 0.00986781 1 
6 3 3 0.000477836 0.036 0.012036 1 
7 3 3 0 0.006 0.0121792 1 
8 3 3 0 0.039 0.0153884 1 
9 3 3 0 0.01 0.0125549 1 
10 3 3 0.000391822 0.048 0.00912259 2 
11 3 3 0.00047051 0.033 0.00795118 4 
12 3 3 0.00833941 0.011 0.0118232 9 
13 3 3 0.00912727 0.011 0.00929186 12 
14 3 3 0 0.028 0.0122934 1 
15 3 3 0 0.031 0.0128315 1 
16 3 3 0 0.049 0.00829735 1 
17 3 3 0 0.032 0.0110021 1 
18 3 3 0.000183215 0.03 0.0116952 2 
19 3 3 0.0117447 0.01 0.0128715 16 
20 3 3 0.00259608 0.025 0.00923078 4 
21 3 3 0 0.036 0.0103798 1 
22 3 3 0.000446334 0.009 0.0119128 2 
23 3 3 0.00185917 0.036 0.00844337 4 
24 3 3 6.33856e-05 0.047 0.0108243 2 
25 3 3 0 0.001 0.0126951 1 
26 3 3 0 0.004 0.0101361 1 
27 3 3 0.00103711 0.046 0.00953014 2 
28 3 3 0 0.025 0.0123171 1 
29 3 3 0 0.044 0.00964685 1 
30 3 3 0 0.019 0.00968101 1 
31 3 3 0 0.036 0.00811955 1 
32 3 3 0 0.007 0.00868275 1 
0 3 4 0.000534716 0.015 0.00999755 2 
1 3 4 0.000559191 0.014 0.00976374 5 
2 3 4 0.000116444 0.024 0.0122182 3 
3 3 4 0.00111567 0.001 0.0128186 5 
4 3 4 0 0.033 0.0107514 1 
5 3 4 0 0.048 0.0117323 1 
6 3 4 0 0.049 0.0132604 1 
7 3 4 0 0.021 0.0114373 1 
8 3 4 0 0.002 0.00851762 1 
9 3 4 0 0.048 0.0106599 1 
10 3 4 0.000578327 0.024 0.0184685 1 
11 3 4 0.0031325 0.03 0.0109692 6 
12 3 4 0.00817224 0.017 0.0111126 8 
13 3 4 0 0.045 0.0110679 1 
14 3 4 0 0.03 0.0100981 1 
15 3 4 0 0.001 0.0137236 1 
16 3 4 0 0.042 0.00912837 1 
17 3 4 0.00903868 0.016 0.00853162 19 
18 3 4 0.000378007 0.025 0.0111819 4 
19 3 4 0 0.01 0.0110459 1 
20 3 4 0.00218148 0.033 0.00946617 4 
21 3 4 0 0.034 0.0109473 1 
22 3 4 0 0.025 0.0102436 1 
23 3 4 0 0.001 0.013805 1 
24 3 4 4.96262e-05 0.003 0.0133996 2 
25 3 4 0.00129687 0.006 0.0101023 2 
26 3 4 0 0.044 0.0104644 1 
27 3 4 0.0308814 0.004 0.0114283 45 
28 3 4 0.000132387 0.048 0.0110277 1 
29 3 4 0 0.03 0.0111602 1 
30 3 4 0 0.041 0.0127977 1 
31 3 4 0 0.038 0.009108 1 
32 3 4 0 0.02 0.0117382 1 
0 3 5 0.00695243 0.013 0.0101611 14 
1 3 5 0.00812013 0.039 0.0111528 12 
2 3 5 0 0.049 0.012903 1 
3 3 5 0.0144399 0.001 0.00740129 21 
4 3 5 0 0.041 0.013777 1 
5 3 5 0 0.049 0.0140111 1 
6 3 5 0.000197599 0.004 0.0115557 1 
7 3 5 0 0.001 0.0089487 1 
8 3 5 0 0.043 0.0126095 1 
9 3 5 0.000456551 0.026 0.0113715 2 
10 3 5 0 0.021 0.0106824 1 
11 3 5 0 0.001 0.0107184 1 
12 3 5 0 0.02 0.0121534 1 
13 3 5 0.000436082 0.039 0.00873994 2 
14 3 5 0 0.011 0.0106246 1 
15 3 5 0 0.013 0.0138024 1 
16 3 5 0 0.006 0.010379 1 
17 3 5 0 0.003 0.00954067 1 
18 3 5 0.000972844 0.014 0.0103353 2 
19 3 5 0.00137922 0.012 0.0136803 3 
20 3 5 2.66494e-06 0.006 0.00886422 2 
21 3 5 4.88007e-05 0.04 0.00968969 2 
22 3 5 0 0.047 0.00774248 1 
23 3 5 0 0.018 0.0110301 1 
24 3 5 0 0.028 0.0141869 1 
25 3 5 0 0.023 0.0107524 1 
26 3 5 0.000981988 0.012 0.00741727 2 
27 3 5 0.0202617 0.011 0.00776028 25 
28 3 5 6.35281e-05 0.001 0.00992958 2 
29 3 5 0.000153188 0.025 0.0126917 1 
30 3 5 0.0175984 0.005 0.0124992 31 
31 3 5 0 0.011 0.0122012 1 
32 3 5 0.00883084 0.013 0.00979494 15 
0 3 6 0 0.029 0.0112471 1 
1 3 6 0.00253995 0.006 0.0112939 2 
2 3 6 0 0.008 0.0100908 1 
3 3 6 0.0379142 0.001 0.0136673 71 
4 3 6 0 0.011 0.010696 1 
5 3 6 0 0.042 0.00954957 1 
6 3 6 6.64457e-05 0.008 0.0106685 1 
7 3 6 0 0.012 0.0104974 1 
8 3 6 0 0.048 0.0121406 1 
9 3 6 0 0.028 0.00799623 1 
10 3 6 0.00373036 0.004 0.0120867 6 
11 3 6 0 0.013 0.0108729 1 
12 3 6 0.000204504 0.004 0.0104258 3 
13 3 6 0.00522495 0.004 0.0130915 12 
14 3 6 0.00060478 0.03 0.0112013 2 
15 3 6 0 0.02 0.0103147 1 
16 3 6 0 0.031 0.010258 1 
17 3 6 0.00405784 0.013 0.0103241 10 
18 3 6 0 0.026 0.0108541 1 
19 3 6 0.00551907 0.02 0.011785 10 
20 3 6 0 0.039 0.0086379 1 
21 3 6 0 0.026 0.0150086 1 
22 3 6 0 0.033 0.0113192 1 
23 3 6 0.000441404 0.013 0.0109094 2 
24 3 6 0 0.011 0.0105696 1 
25 3 6 0.00276737 0.029 0.009915 2 
26 3 6 0 0.01 0.0121509 1 
27 3 6 0 0.037 0.00662149 1 
28 3 6 0 0.029 0.0113436 1 
29 3 6 0 0.046 0.0101489 1 
30 3 6 0.0184823 0.01 0.00981307 24 
31 3 6 0 0.046 0.00855208 1 
32 3 6 0.000668495 0.001 0.0111725 4 
0 3 7 0 0.018 0.00986686 1 
1 3 7 0.00350246 0.008 0.00631005 6 
2 3 7 0 0.002 0.0115569 1 
3 3 7 0.00142263 0.022 0.0116155 3 
4 3 7 0 0.044 0.0101909 1 
5 3 7 0.016083 0.001 0.0102875 18 
6 3 7 0 0.015 0.0113152 1 
7 3 7 0 0.006 0.0100683 1 
8 3 7 0.000221654 0.046 0.0123519 2 
9 3 7 0.0106146 0.001 0.0111893 24 
10 3 7 0 0.007 0.0107237 1 
11 3 7 0.00060462 0.02 0.0108102 4 
12 3 7 3.88386e-05 0.03 0.00873017 2 
13 3 7 0 0.001 0.00945992 1 
14 3 7 0 0.005 0.010204 1 
15 3 7 0 0.003 0.0108795 1 
16 3 7 0 0.037 0.0110654 1 
17 3 7 0 0.004 0.0098774 1 
18 3 7 9.13058e-05 0.014 0.00928588 2 
19 3 7 0.00055208 0.04 0.0145758 2 
20 3 7 0.000659134 0.016 0.0111446 4 
21 3 7 0 0.02 0.0121876 1 
22 3 7 0 0.032 0.0092634 1 
23 3 7 0.000611682 0.013 0.00913615 3 
24 3 7 0 0.016 0.0113574 1 
25 3 7 0 0.042 0.0128904 1 
26 3 7 0.00624129 0.01 0.010851 10 
27 3 7 0 0.047 0.00914737 1 
28 3 7 9.13058e-05 0.02 0.0122351 2 
29 3 7 0 0.002 0.0135893 1 
30 3 7 0.00423774 0.036 0.0114078 11 
31 3 7 0 0.008 0.0128893 1 
32 3 7 0 0.001 0.0125092 1 
0 3 8 0.00470381 0.017 0.00744223 6 
1 3 8 0 0.029 0.0115899 1 
2 3 8 2.21489e-05 0.036 0.0138936 1 
3 3 8 0.0171833 0.011 0.0108774 23 
4 3 8 3.84444e-05 0.024 0.0140233 2 
5 3 8 0 0.041 0.0121176 1 
6 3 8 0 0.013 0.0137612 1 
7 3 8 0 0.03 0.00823199 1 
8 3 8 0 0.005 0.0109426 1 
9 3 8 0 0.03 0.0106599 1 
10 3 8 0 0.012 0.00821389 1 
11 3 8 0.000968795 0.028 0.0115695 3 
12 3 8 0 0.039 0.00820587 1 
13 3 8 0 0.009 0.0100591 1 
14 3 8 0 0.046 0.0108888 1 
15 3 8 0 0.007 0.0124944 1 
16 3 8 0 0.035 0.0122602 1 
17 3 8 0.017344 0.011 0.0102321 20 
18 3 8 0.000104302 0.001 0.0108456 2 
19 3 8 0 0.049 0.0107961 1 
20 3 8 0.00195658 0.025 0.0114123 3 
21 3 8 0 0.006 0.0105872 1 
22 3 8 6.82471e-07 0.003 0.00946372 2 
23 3 8 0.00234243 0.034 0.00799216 2 
24 3 8 0 0.04 0.0120082 1 
25 3 8 0.00784289 0.016 0.00981333 16 
26 3 8 0 0.019 0.0119323 1 
27 3 8 0.00182176 0.027 0.00923802 2 
28 3 8 0.00189218 0.022 0.00773447 2 
29 3 8 0 0.027 0.0117025 1 
30 3 8 0 0.026 0.0103477 1 
31 3 8 0 0.047 0.0102835 1 
32 3 8 0.00786231 0.047 0.00962082 7 
0 3 9 0 0.022 0.0108491 1 
1 3 9 0 0.029 0.00971193 1 
2 3 9 0.000135109 0.037 0.0104742 1 
3 3 9 0.00489991 0.017 0.00830604 6 
4 3 9 0 0.027 0.0112896 1 
5 3 9 0 0.038 0.0102806 1 
6 3 9 0.000216777 0.024 0.00761358 2 
7 3 9 0.00335457 0.003 0.0115606 6 
8 3 9 0 0.011 0.0100503 1 
9 3 9 0.00132579 0.044 0.010066 2 
10 3 9 0.00124173 0.046 0.0110747 3 
11 3 9 0.00147469 0.046 0.00811265 3 
12 3 9 0.00583393 0.005 0.00985931 7 
13 3 9 0.000660306 0.049 0.00782462 2 
14 3 9 0 0.036 0.0116005 1 
15 3 9 0 0.019 0.00861797 1 
16 3 9 0 0.033 0.010383 1 
17 3 9 0 0.013 0.0126723 1 
18 3 9 9.17145e-05 0.019 0.0135793 2 
19 3 9 0.00229799 0.016 0.00988056 5 
20 3 9 0 0.009 0.0100167 1 
21 3 9 0 0.048 0.0127655 1 
22 3 9 0 0.034 0.0109012 1 
23 3 9 0.00856669 0.033 0.0114816 8 
24 3 9 9.17145e-05 0.039 0.0132193 2 
25 3 9 0.0123111 0.008 0.0156087 9 
26 3 9 2.42545e-06 0.002 0.00965302 2 
27 3 9 0 0.011 0.0101874 1 
28 3 9 9.17145e-05 0.034 0.0101445 2 
29 3 9 0 0.026 0.0150147 1 
30 3 9 0 0.02 0.00941213 1 
31 3 9 0 0.025 0.015326 1 
32 3 9 0 0.018 0.00918032 1 
0 3 10 0.000620419 0.021 0.00789342 4 
1 3 10 0.0114201 0.035 0.00724126 14 
2 3 10 0 0.005 0.00921987 1 
3 3 10 0.00183022 0.022 0.010983 5 
4 3 10 0 0.004 0.0147786 1 
5 3 10 0 0.033 0.00915678 1 
6 3 10 0 0.036 0.0150723 1 
7 3 10 0.00106511 0.022 0.00927142 3 
8 3 10 0 0.049 0.0117318 1 
9 3 10 0.00603501 0.015 0.00902527 12 
10 3 10 0.000244896 0.036 0.00881173 2 
11 3 10 0 0.03 0.00992829 1 
12 3 10 0 0.009 0.0105155 1 
13 3 10 0 0.028 0.00869768 1 
14 3 10 0.0177076 0.004 0.0098192 15 
15 3 10 0 0.019 0.0104303 1 
16 3 10 7.74255e-05 0.014 0.0104689 2 
17 3 10 7.74255e-05 0.004 0.0117899 2 
18 3 10 0 0.043 0.0104147 1 
19 3 10 0 0.007 0.0124751 1 
20 3 10 0 0.025 0.00855047 1 
21 3 10 0 0.029 0.012704 1 
22 3 10 0 0.005 0.00978521 1 
23 3 10 0.0470437 0.001 0.0104648 61 
24 3 10 0 0.006 0.0109648 1 
25 3 10 0 0.015 0.010986 1 
26 3 10 0.00730832 0.002 0.0116055 11 
27 3 10 0.00394625 0.003 0.00960598 9 
28 3 10 0 0.011 0.0105406 1 
29 3 10 7.00202e-05 0.043 0.0138292 2 
30 3 10 0.00258838 0.011 0.00739582 4 
31 3 10 6.71773e-05 0.045 0.0113443 1 
32 3 10 0 0.036 0.0111718 1 
0 3 11 0 0.028 0.0133108 1 
1 3 11 0.00602974 0.022 0.00771277 12 
2 3 11 0 0.001 0.0113903 1 
3 3 11 0.00298557 0.018 0.0107096 9 
4 3 11 0 0.045 0.010785 1 
5 3 11 4.52278e-05 0.036 0.0114726 2 
6 3 11 0 0.044 0.0117031 1 
7 3 11 0.000740196 0.018 0.0104057 4 
8 3 11 0 0.004 0.0106347 1 
9 3 11 0 0.041 0.0128775 1 
10 3 11 0 0.046 0.0106559 1 
11 3 11 2.98807e-05 0.03 0.0127731 3 
12 3 11 0 0.045 0.00939137 1 
13 3 11 0.000356961 0.015 0.00946887 2 
14 3 11 0 0.044 0.00973487 1 
15 3 11 0 0.013 0.0116652 1 
16 3 11 0 0.021 0.0095051 1 
17 3 11 0 0.028 0.0104834 1 
18 3 11 0 0.024 0.0125384 1 
19 3 11 0 0.01 0.0114416 1 
20 3 11 0 0.025 0.011381 1 
21 3 11 0.00157465 0.049 0.0114643 3 
22 3 11 0.00290472 0.006 0.00687056 9 
23 3 11 0.000912531 0.024 0.0105416 2 
24 3 11 0 0.009 0.0113489 1 
25 3 11 0.0123303 0.005 0.00999897 22 
26 3 11 0.00125137 0.046 0.00990456 4 
27 3 11 0.047768 0.002 0.0118721 65 
28 3 11 0 0.036 0.0121521 1 
29 3 11 9.72728e-05 0.032 0.0125395 2 
30 3 11 0.000245234 0.014 0.0108618 3 
31 3 11 0 0.001 0.0130133 1 
32 3 11 0.00117505 0.001 0.00974227 4 
0 3 12 0 0.001 0.00765355 1 
1 3 12 1.13679e-06 0.018 0.0111593 2 
2 3 12 2.50187e-05 0.04 0.0105344 3 
3 3 12 0 0.019 0.0112134 1 
4 3 12 0.000640371 0.026 0.0176551 1 
5 3 12 0 0.042 0.0127258 1 
6 3 12 0 0.003 0.0129688 1 
7 3 12 0 0.001 0.0107709 1 
8 3 12 0 0.005 0.00976182 1 
9 3 12 0 0.031 0.0101712 1 
10 3 12 0.000490016 0.005 0.0137087 1 
11 3 12 6.30348e-06 0.049 0.00930775 2 
12 3 12 0.00205061 0.003 0.010465 3 
13 3 12 0.0144313 0.002 0.0129359 16 
14 3 12 0.00103083 0.002 0.0104845 7 
15 3 12 0 0.046 0.0116789 1 
16 3 12 0 0.032 0.0106601 1 
17 3 12 0.055414 0.003 0.0116384 67 
18 3 12 0.0001051 0.018 0.00897651 2 
19 3 12 3.11171e-05 0.002 0.010767 2 
20 3 12 0 0.03 0.00951079 1 
21 3 12 0 0.002 0.0112012 1 
22 3 12 0 0.046 0.0107583 1 
23 3 12 0.00165388 0.015 0.0114757 2 
24 3 12 0 0.049 0.00963988 1 
25 3 12 0.00130002 0.018 0.00998367 2 
26 3 12 0 0.022 0.00952295 1 
27 3 12 0 0.039 0.0112956 1 
28 3 12 0 0.029 0.0106666 1 
29 3 12 2.63971e-05 0.025 0.0132436 3 
30 3 12 0 0.036 0.0102661 1 
31 3 12 4.49088e-05 0.034 0.0133439 1 
32 3 12 0 0.02 0.0105473 1 
0 3 13 0 0.007 0.0144552 1 
1 3 13 0.000431036 0.049 0.0106426 2 
2 3 13 0 0.032 0.0121413 1 
3 3 13 0 0.002 0.0107351 1 
4 3 13 0 0.013 0.0101553 1 
5 3 13 0 0.002 0.0119695 1 
6 3 13 0 0.044 0.0112321 1 
7 3 13 0.00258755 0.048 0.00861076 3 
8 3 13 0 0.028 0.00926457 1 
9 3 13 0 0.004 0.0123689 1 
10 3 13 0.000447548 0.011 0.00846665 3 
11 3 13 9.5133e-05 0.039 0.0111101 2 
12 3 13 0.00120658 0.002 0.00933147 2 
13 3 13 0 0.019 0.0108827 1 
14 3 13 0 0.021 0.0118216 1 
15 3 13 0 0.007 0.0133895 1 
16 3 13 8.97069e-05 0.028 0.0100498 2 
17 3 13 0 0.022 0.0114872 1 
18 3 13 9.24199e-05 0.045 0.0108625 2 
19 3 13 0.000739547 0.025 0.0108885 2 
20 3 13 0.00219091 0.04 0.010428 2 
21 3 13 0 0.016 0.00591718 1 
22 3 13 0.00655461 0.014 0.0115753 9 
23 3 13 0 0.026 0.0107047 1 
24 3 13 0 0.045 0.0106146 1 
25 3 13 0 0.034 0.00978214 1 
26 3 13 0 0.048 0.0118328 1 
27 3 13 0 0.025 0.0125423 1 
28 3 13 0 0.045 0.00971514 1 
29 3 13 2.30928e-05 0.046 0.0115147 3 
30 3 13 0 0.013 0.0120293 1 
31 3 13 0.000159641 0.024 0.00867902 1 
32 3 13 0.00206004 0.047 0.0104034 2 
0 3 14 0 0.021 0.00751231 1 
1 3 14 0 0.004 0.0132572 1 
2 3 14 0 0.024 0.013068 1 
3 3 14 0.00953871 0.009 0.00849892 21 
4 3 14 0.00488158 0.017 0.00959011 3 
5 3 14 0.000269937 0.016 0.0082135 2 
6 3 14 0 0.024 0.0139387 1 
7 3 14 0 0.016 0.0109097 1 
8 3 14 0 0.03 0.012509 1 
9 3 14 0 0.014 0.0113467 1 
10 3 14 0.000219474 0.037 0.0154036 1 
11 3 14 0 0.019 0.011253 1 
12 3 14 0 0.012 0.0106502 1 
13 3 14 0.00169978 0.038 0.0114171 3 
14 3 14 0 0.042 0.00958189 1 
15 3 14 0 0.044 0.0127457 1 
16 3 14 0 0.01 0.01007 1 
17 3 14 0.00463207 0.006 0.00999761 4 
18 3 14 0.00104991 0.038 0.0112391 2 
19 3 14 0 0.013 0.0119935 1 
20 3 14 0.00121443 0.017 0.0116395 3 
21 3 14 0 0.025 0.00702615 1 
22 3 14 0.00352312 0.038 0.00994913 4 
23 3 14 0 0.011 0.00854046 1 
24 3 14 0 0.042 0.0128184 1 
25 3 14 0.0125284 0.006 0.0104681 19 
26 3 14 0.00184166 0.045 0.0111641 3 
27 3 14 0 0.002 0.00900033 1 
28 3 14 0 0.014 0.0113011 1 
29 3 14 3.05337e-05 0.026 0.00932752 3 
30 3 14 0.0475517 0.003 0.00972703 55 
31 3 14 0 0.048 0.00964645 1 
32 3 14 0.0121578 0.008 0.0102737 14 
0 3 15 0.00881653 0.002 0.0134308 21 
1 3 15 0 0.015 0.0112931 1 
2 3 15 0 0.041 0.0135355 1 
3 3 15 0 0.008 0.0100968 1 
4 3 15 0 0.022 0.0121238 1 
5 3 15 0.000580057 0.003 0.00961195 2 
6 3 15 0.000138465 0.005 0.0139169 2 
7 3 15 0 0.029 0.0078129 1 
8 3 15 0 0.019 0.0122507 1 
9 3 15 0.0116457 0.002 0.0101599 9 
10 3 15 0 0.026 0.009142 1 
11 3 15 0 0.019 0.00998215 1 
12 3 15 0.00044798 0.001 0.00857211 2 
13 3 15 0.00056513 0.029 0.0105842 2 
14 3 15 0 0.014 0.00993542 1 
15 3 15 0 0.019 0.0111259 1 
16 3 15 0 0.041 0.0109857 1 
17 3 15 0.000991895 0.009 0.0118945 2 
18 3 15 0.000125757 0.015 0.0124727 2 
19 3 15 0 0.046 0.00815544 1 
20 3 15 0 0.013 0.0108932 1 
21 3 15 0 0.038 0.0154641 1 
22 3 15 0 0.003 0.00801392 1 
23 3 15 0 0.022 0.011704 1 
24 3 15 0 0.041 0.0137988 1 
25 3 15 0 0.004 0.0100143 1 
26 3 15 0 0.001 0.0108183 1 
27 3 15 0.00125177 0.012 0.0111404 2 
28 3 15 0 0.003 0.0121321 1 
29 3 15 0 0.002 0.0104068 1 
30 3 15 0.0011658 0.048 0.00923809 4 
31 3 15 0 0.037 0.0099837 1 
32 3 15 0.00446883 0.038 0.0101288 7 
0 3 16 0.0023918 0.036 0.0126158 3 
1 3 16 0.0176245 0.021 0.0136297 12 
2 3 16 4.728e-05 0.01 0.00945246 3 
3 3 16 0 0.016 0.0109476 1 
4 3 16 0.000309668 0.024 0.0126349 2 
5 3 16 0 0.032 0.0128432 1 
6 3 16 0.000127162 0.015 0.00937652 2 
7 3 16 0.0100248 0.012 0.00857663 18 
8 3 16 0 0.032 0.0114101 1 
9 3 16 0 0.005 0.0104472 1 
10 3 16 0 0.018 0.00900191 1 
11 3 16 0 0.046 0.0133471 1 
12 3 16 0 0.022 0.00898377 1 
13 3 16 0 0.019 0.00914916 1 
14 3 16 0.00604747 0.011 0.0114905 10 
15 3 16 0.000144497 0.008 0.0115512 2 
16 3 16 0 0.008 0.00721691 1 
17 3 16 0.00719198 0.012 0.010075 14 
18 3 16 0 0.004 0.0120187 1 
19 3 16 0 0.047 0.0145608 1 
20 3 16 0.00127055 0.044 0.0100374 2 
21 3 16 0.000211257 0.005 0.0121298 1 
22 3 16 0 0.017 0.0118584 1 
23 3 16 0 0.001 0.0111762 1 
24 3 16 0 0.015 0.00750082 1 
25 3 16 0 0.044 0.0121349 1 
26 3 16 0 0.041 0.0126168 1 
27 3 16 0.0105091 0.006 0.00808049 23 
28 3 16 0 0.013 0.0145265 1 
29 3 16 0.000134096 0.037 0.0100888 2 
30 3 16 0 0.015 0.012902 1 
31 3 16 0 0.019 0.0100562 1 
32 3 16 0.0274539 0.016 0.00952406 21 
0 3 17 0.00747569 0.005 0.0110284 16 
1 3 17 0 0.001 0.0102866 1 
2 3 17 5.27221e-05 0.029 0.012516 3 
3 3 17 0.0060381 0.016 0.00696926 11 
4 3 17 0.000487314 0.044 0.0172709 1 
5 3 17 0.000700129 0.029 0.00711361 1 
6 3 17 0 0.019 0.010671 1 
7 3 17 0 0.007 0.00892449 1 
8 3 17 0 0.019 0.0115361 1 
9 3 17 0.0165847 0.004 0.0101071 41 
10 3 17 0 0.015 0.00969348 1 
11 3 17 0.00146643 0.018 0.0106245 3 
12 3 17 0 0.022 0.0099693 1 
13 3 17 0 0.031 0.00975927 1 
14 3 17 0 0.015 0.0122778 1 
15 3 17 0.000123097 0.02 0.0120737 2 
16 3 17 0 0.044 0.0127482 1 
17 3 17 0.000592762 0.029 0.0106162 2 
18 3 17 0 0.025 0.0141567 1 
19 3 17 0.0232128 0.004 0.00700656 30 
20 3 17 0.00160343 0.016 0.0100158 3 
21 3 17 0.0010249 0.048 0.00781188 3 
22 3 17 0.00143831 0.022 0.00978066 7 
23 3 17 0 0.048 0.00879006 1 
24 3 17 0 0.015 0.0102448 1 
25 3 17 0 0.014 0.00729642 1 
26 3 17 0.00559634 0.002 0.0110663 10 
27 3 17 0.00124975 0.002 0.0111141 2 
28 3 17 0 0.016 0.010678 1 
29 3 17 2.29944e-07 0.017 0.00792316 2 
30 3 17 0 0.029 0.00836779 1 
31 3 17 0.000110014 0.046 0.00776289 2 
32 3 17 0 0.045 0.013022 1 
0 3 18 0 0.01 0.0121876 1 
1 3 18 0.00434628 0.014 0.0108114 4 
2 3 18 0.000490982 0.02 0.0123235 4 
3 3 18 0 0.002 0.0133165 1 
4 3 18 0 0.048 0.0101046 1 
5 3 18 0.000559922 0.045 0.0161719 1 
6 3 18 0 0.007 0.012044 1 
7 3 18 0 0.012 0.00956305 1 
8 3 18 0 0.001 0.0132692 1 
9 3 18 0 0.049 0.00951377 1 
10 3 18 0.00558783 0.028 0.00896721 9 
11 3 18 0 0.003 0.0119143 1 
12 3 18 0.000628214 0.016 0.0105243 2 
13 3 18 0.0107288 0.013 0.0114583 11 
14 3 18 0.00425878 0.035 0.0106271 5 
15 3 18 0.000145242 0.003 0.0108274 2 
16 3 18 0 0.007 0.0121645 1 
17 3 18 0 0.044 0.00900381 1 
18 3 18 0 0.004 0.0139966 1 
19 3 18 0 0.048 0.0109662 1 
20 3 18 0 0.004 0.00930172 1 
21 3 18 0.00200034 0.049 0.00858737 2 
22 3 18 0.00635105 0.03 0.0101652 5 
23 3 18 0.00124397 0.025 0.00788508 3 
24 3 18 0.000141691 0.02 0.0091457 2 
25 3 18 0.000509365 0.001 0.00805126 2 
26 3 18 0 0.047 0.0105753 1 
27 3 18 0.0401865 0.003 0.0092064 46 
28 3 18 0 0.035 0.0108722 1 
29 3 18 7.24249e-06 0.005 0.0111257 2 
30 3 18 0 0.017 0.0104658 1 
31 3 18 0 0.029 0.0111354 1 
32 3 18 0 0.048 0.0104093 1 
0 3 19 0.00015076 0.024 0.0111716 2 
1 3 19 0 0.011 0.0115884 1 
2 3 19 0 0.003 0.0101617 1 
3 3 19 0.00104734 0.01 0.00915436 2 
4 3 19 0 0.032 0.0130336 1 
5 3 19 0 0.028 0.0125325 1 
6 3 19 0 0.01 0.00734778 1 
7 3 19 0 0.042 0.0117784 1 
8 3 19 5.05368e-05 0.044 0.00874173 2 
9 3 19 0 0.018 0.00980419 1 
10 3 19 0.000332824 0.006 0.0141034 1 
11 3 19 0 0.008 0.010801 1 
12 3 19 0.000235064 0.01 0.0102431 2 
13 3 19 0 0.027 0.0109594 1 
14 3 19 0.0023825 0.023 0.010153 5 
15 3 19 0.000123642 0.011 0.0127062 2 
16 3 19 0.000123642 0.006 0.0123776 2 
17 3 19 0 0.047 0.0112421 1 
18 3 19 0 0.001 0.0112924 1 
19 3 19 0 0.023 0.0115601 1 
20 3 19 0 0.016 0.00839852 1 
21 3 19 0.000128535 0.002 0.0135791 2 
22 3 19 0.00260862 0.026 0.0112237 4 
23 3 19 0 0.049 0.00966345 1 
24 3 19 4.29654e-05 0.045 0.0106268 3 
25 3 19 0.00270746 0.043 0.0103504 7 
26 3 19 0 0.012 0.0113454 1 
27 3 19 0.00972732 0.009 0.00917212 12 
28 3 19 0 0.016 0.0113538 1 
29 3 19 0.000133637 0.03 0.0119614 2 
30 3 19 0 0.048 0.0134441 1 
31 3 19 0 0.008 0.00967288 1 
32 3 19 0 0.038 0.0108771 1 
0 3 20 0.00627497 0.013 0.012872 12 
1 3 20 0.00693849 0.038 0.00971333 5 
2 3 20 5.79924e-05 0.012 0.00998618 2 
3 3 20 0.00352343 0.013 0.0127038 6 
4 3 20 0 0.017 0.0105103 1 
5 3 20 0.000250218 0.013 0.0131952 1 
6 3 20 0 0.048 0.0132748 1 
7 3 20 0 0.041 0.00974501 1 
8 3 20 0.00023048 0.047 0.0135819 1 
9 3 20 0.0058463 0.03 0.00881471 7 
10 3 20 0 0.039 0.00905046 1 
11 3 20 0.00194603 0.008 0.0105813 3 
12 3 20 0.0100603 0.01 0.0133058 13 
13 3 20 0 0.044 0.0101276 1 
14 3 20 0.00941471 0.026 0.0104729 12 
15 3 20 0 0.002 0.0103135 1 
16 3 20 0 0.024 0.0119098 1 
17 3 20 0.00113891 0.014 0.01253 2 
18 3 20 0 0.007 0.00627832 1 
19 3 20 0 0.015 0.0106367 1 
20 3 20 0.000249326 0.014 0.0116934 2 
21 3 20 0.000217176 0.041 0.00975521 2 
22 3 20 0.00216707 0.003 0.0120898 2 
23 3 20 0.00316927 0.006 0.0129711 6 
24 3 20 0 0.018 0.0132349 1 
25 3 20 0.000998209 0.037 0.00937238 2 
26 3 20 0.0228134 0.017 0.00853981 20 
27 3 20 0 0.047 0.0101832 1 
28 3 20 0 0.027 0.0115874 1 
29 3 20 0 0.003 0.0144636 1 
30 3 20 0 0.031 0.0105881 1 
31 3 20 0 0.009 0.0133154 1 
32 3 20 0 0.032 0.00970036 1 
0 3 21 1.87078e-05 0.014 0.0133072 2 
1 3 21 0.000660583 0.011 0.0107156 2 
2 3 21 0.000130573 0.031 0.0107768 2 
3 3 21 0.0118479 0.011 0.0110139 25 
4 3 21 0 0.013 0.0082263 1 
5 3 21 0.00187029 0.039 0.010607 2 
6 3 21 0 0.026 0.0129043 1 
7 3 21 0 0.039 0.0105544 1 
8 3 21 0 0.029 0.0115275 1 
9 3 21 0.0174108 0.009 0.00960353 18 
10 3 21 0 0.029 0.0121902 1 
11 3 21 4.97997e-05 0.032 0.0107113 3 
12 3 21 0 0.011 0.00885159 1 
13 3 21 0.00124282 0.019 0.00939558 4 
14 3 21 0 0.026 0.0102971 1 
15 3 21 0 0.009 0.0150223 1 
16 3 21 0 0.041 0.0143189 1 
17 3 21 0 0.043 0.0117554 1 
18 3 21 0 0.008 0.0109389 1 
19 3 21 0.00247564 0.017 0.00790528 5 
20 3 21 0.00735024 0.01 0.00842088 8 
21 3 21 0 0.004 0.00979177 1 
22 3 21 0 0.021 0.0123716 1 
23 3 21 0.000641994 0.019 0.0125219 3 
24 3 21 0 0.019 0.0113394 1 
25 3 21 0.00821925 0.005 0.0130058 7 
26 3 21 0.00580603 0.043 0.0114901 11 
27 3 21 0.00249585 0.002 0.0113241 5 
28 3 21 0.00226465 0.003 0.0117777 2 
29 3 21 0 0.042 0.0104989 1 
30 3 21 0.00253354 0.038 0.0104649 2 
31 3 21 0.000110718 0.027 0.00865706 2 
32 3 21 5.9294e-05 0.001 0.00979529 2 
0 3 22 0 0.023 0.011121 1 
1 3 22 0 0.001 0.0114847 1 
2 3 22 0.000139191 0.043 0.010216 2 
3 3 22 0 0.015 0.0124052 1 
4 3 22 0 0.024 0.0120294 1 
5 3 22 0.00191626 0.006 0.0119496 2 
6 3 22 0 0.039 0.0105735 1 
7 3 22 1.44846e-05 0.007 0.00901461 2 
8 3 22 0.000484184 0.022 0.0116145 1 
9 3 22 0 0.008 0.0112457 1 
10 3 22 0 0.033 0.0138629 1 
11 3 22 0 0.039 0.013276 1 
12 3 22 0 0.014 0.011815 1 
13 3 22 0.00165472 0.003 0.00655837 2 
14 3 22 0 0.029 0.00971785 1 
15 3 22 0 0.008 0.0130807 1 
16 3 22 0 0.03 0.0132687 1 
17 3 22 0 0.029 0.0087665 1 
18 3 22 0.000142769 0.049 0.0105572 2 
19 3 22 0 0.011 0.0099277 1 
20 3 22 1.24182e-06 0.031 0.00884423 2 
21 3 22 0 0.045 0.0146289 1 
22 3 22 0.00664028 0.012 0.00987092 13 
23 3 22 0 0.028 0.0113532 1 
24 3 22 0 0.01 0.00835284 1 
25 3 22 0 0.027 0.0108089 1 
26 3 22 0.0102779 0.008 0.00922562 17 
27 3 22 0.00438657 0.033 0.0113945 4 
28 3 22 0.000142769 0.002 0.00970161 2 
29 3 22 0 0.008 0.011265 1 
30 3 22 0.00666513 0.04 0.00957786 3 
31 3 22 0 0.035 0.0104489 1 
32 3 22 0.00145331 0.018 0.0103181 8 
0 3 23 0 0.004 0.0122077 1 
1 3 23 0.00610772 0.015 0.00805428 10 
2 3 23 5.77702e-05 0.042 0.00930003 3 
3 3 23 0 0.002 0.00823564 1 
4 3 23 0.000154436 0.045 0.018075 1 
5 3 23 0.00187259 0.049 0.011695 2 
6 3 23 0 0.047 0.0101892 1 
7 3 23 0.0111038 0.031 0.0116149 10 
8 3 23 0.000625137 0.04 0.0122828 1 
9 3 23 0.00200056 0.003 0.0130262 2 
10 3 23 0 0.008 0.0117306 1 
11 3 23 0 0.016 0.0119086 1 
12 3 23 0 0.029 0.0106894 1 
13 3 23 0.0148014 0.009 0.012406 17 
14 3 23 0.0211784 0.003 0.0121093 29 
15 3 23 0 0.006 0.0123022 1 
16 3 23 0 0.005 0.0104305 1 
17 3 23 0 0.019 0.0116274 1 
18 3 23 0 0.046 0.00963111 1 
19 3 23 0 0.048 0.0125916 1 
20 3 23 0 0.031 0.0109189 1 
21 3 23 0 0.013 0.00944522 1 
22 3 23 0.000293591 0.025 0.0131741 2 
23 3 23 0 0.001 0.0110382 1 
24 3 23 0 0.047 0.0124276 1 
25 3 23 0 0.012 0.00915247 1 
26 3 23 0 0.031 0.0070075 1 
27 3 23 0 0.009 0.0118149 1 
28 3 23 0 0.027 0.0118502 1 
29 3 23 0 0.007 0.0123256 1 
30 3 23 0.00669641 0.013 0.0110974 9 
31 3 23 0.000110898 0.029 0.011461 2 
32 3 23 0 0.014 0.01165 1 
0 3 24 0.0108715 0.043 0.00882967 11 
1 3 24 0.00181612 0.03 0.0111999 11 
2 3 24 0.000154909 0.021 0.00964937 2 
3 3 24 0.000756802 0.019 0.00680325 5 
4 3 24 0 0.001 0.0114303 1 
5 3 24 0.0011801 0.042 0.0106199 2 
6 3 24 0 0.019 0.00799674 1 
7 3 24 0 0.02 0.00842754 1 
8 3 24 0 0.029 0.012331 1 
9 3 24 0.00349824 0.005 0.0107813 8 
10 3 24 0 0.039 0.0080047 1 
11 3 24 0 0.015 0.0118342 1 
12 3 24 0.000931876 0.027 0.00978744 3 
13 3 24 0 0.002 0.0118558 1 
14 3 24 0.000268435 0.027 0.00985263 2 
15 3 24 0 0.014 0.00880949 1 
16 3 24 0 0.046 0.00848623 1 
17 3 24 0 0.047 0.00983999 1 
18 3 24 0 0.013 0.00850746 1 
19 3 24 0.00126244 0.005 0.0097968 5 
20 3 24 0.000219045 0.039 0.011353 3 
21 3 24 0 0.005 0.0112593 1 
22 3 24 0.00864562 0.007 0.00806047 7 
23 3 24 0.00408514 0.002 0.00791295 2 
24 3 24 0.000143393 0.034 0.00992082 2 
25 3 24 0.00113408 0.049 0.00937343 2 
26 3 24 0.000318255 0.011 0.0115153 2 
27 3 24 0.00565224 0.012 0.00984661 10 
28 3 24 0 0.038 0.0128646 1 
29 3 24 0 0.028 0.00900651 1 
30 3 24 0.00192225 0.015 0.0135951 7 
31 3 24 0 0.038 0.0123057 1 
32 3 24 0.0374734 0.001 0.0104135 48 
0 3 25 0 0.016 0.010783 1 
1 3 25 9.85956e-05 0.018 0.0113454 2 
2 3 25 0.000171037 0.039 0.0101405 2 
3 3 25 0 0.017 0.0097149 1 
4 3 25 0.000414115 0.037 0.0180367 1 
5 3 25 0 0.024 0.01301 1 
6 3 25 0.000182588 0.04 0.0120161 2 
7 3 25 7.14181e-05 0.002 0.00999274 2 
8 3 25 0.000889319 0.031 0.0150223 1 
9 3 25 0 0.026 0.0119787 1 
10 3 25 0 0.02 0.010769 1 
11 3 25 0 0.041 0.0117258 1 
12 3 25 0 0.046 0.0103502 1 
13 3 25 0 0.002 0.0089805 1 
14 3 25 0 0.021 0.0132085 1 
15 3 25 0 0.024 0.00982255 1 
16 3 25 0 0.009 0.0136215 1 
17 3 25 0.00147061 0.031 0.010394 3 
18 3 25 0 0.045 0.00841479 1 
19 3 25 0 0.017 0.0105757 1 
20 3 25 0.00669616 0.011 0.0118804 6 
21 3 25 0.000961312 0.011 0.0099826 2 
22 3 25 0 0.03 0.00892531 1 
23 3 25 0.000317411 0.005 0.0107706 2 
24 3 25 0.000167186 0.02 0.0124716 2 
25 3 25 0 0.007 0.0113396 1 
26 3 25 0 0.035 0.0104682 1 
27 3 25 4.66076e-05 0.004 0.011362 2 
28 3 25 0 0.001 0.0111811 1 
29 3 25 0.000174887 0.017 0.0119394 2 
30 3 25 0 0.014 0.0126153 1 
31 3 25 0 0.019 0.0134071 1 
32 3 25 0 0.025 0.00859908 1 
0 3 26 0 0.011 0.0103877 1 
1 3 26 0.00466177 0.007 0.0104447 10 
2 3 26 0.000140253 0.006 0.0105872 2 
3 3 26 0.0205553 0.018 0.0119379 17 
4 3 26 0 0.001 0.0104079 1 
5 3 26 0.0018789 0.044 0.00983899 4 
6 3 26 0 0.008 0.00995062 1 
7 3 26 0 0.036 0.0103972 1 
8 3 26 0 0.042 0.0126264 1 
9 3 26 0 0.041 0.00925257 1 
10 3 26 0 0.032 0.00962521 1 
11 3 26 0 0.038 0.0122834 1 
12 3 26 0 0.003 0.0146411 1 
13 3 26 0 0.021 0.00964544 1 
14 3 26 0 0.047 0.00815664 1 
15 3 26 0 0.032 0.0140053 1 
16 3 26 0 0.006 0.0127259 1 
17 3 26 0 0.015 0.00694586 1 
18 3 26 0 0.016 0.0124188 1 
19 3 26 0.00163773 0.034 0.0110229 5 
20 3 26 0.00550625 0.009 0.0107612 9 
21 3 26 0 0.045 0.0103157 1 
22 3 26 0.000147462 0.015 0.0127513 2 
23 3 26 0.00123447 0.002 0.00983926 3 
24 3 26 3.13357e-05 0.049 0.0099857 2 
25 3 26 0 0.001 0.00939109 1 
26 3 26 0.00746171 0.027 0.0102985 13 
27 3 26 0 0.002 0.0106063 1 
28 3 26 0 0.025 0.0107115 1 
29 3 26 0 0.019 0.0109874 1 
30 3 26 0.0199032 0.006 0.0124459 28 
31 3 26 0 0.037 0.00995998 1 
32 3 26 0.000232092 0.001 0.0113827 3 
0 3 27 0 0.004 0.0106014 1 
1 3 27 0 0.045 0.011426 1 
2 3 27 0.000171433 0.012 0.0102637 2 
3 3 27 0 0.03 0.0107291 1 
4 3 27 0 0.026 0.0106487 1 
5 3 27 1.39107e-05 0.029 0.0203148 1 
6 3 27 0 0.009 0.00869255 1 
7 3 27 0.0106048 0.016 0.0105255 16 
8 3 27 0 0.027 0.0127785 1 
9 3 27 0 0.004 0.00779568 1 
10 3 27 0 0.011 0.0103015 1 
11 3 27 0.000171433 0.042 0.0140821 2 
12 3 27 0.00058753 0.016 0.0108687 2 
13 3 27 0.000318478 0.026 0.00865899 3 
14 3 27 0 0.001 0.00820811 1 
15 3 27 0 0.048 0.0141795 1 
16 3 27 0 0.038 0.0106009 1 
17 3 27 0.0298125 0.005 0.00878445 53 
18 3 27 0 0.026 0.0117077 1 
19 3 27 0.0218326 0.002 0.0128515 17 
20 3 27 0.00216173 0.023 0.0106407 4 
21 3 27 0 0.044 0.00967277 1 
22 3 27 0 0.036 0.00942019 1 
23 3 27 0.00390345 0.033 0.0113254 11 
24 3 27 0.000167644 0.048 0.0131091 2 
25 3 27 0.00104883 0.002 0.0119799 2 
26 3 27 0.000719957 0.002 0.0103636 4 
27 3 27 0 0.048 0.0124162 1 
28 3 27 0 0.025 0.0118227 1 
29 3 27 0 0.041 0.0156187 1 
30 3 27 0 0.028 0.00962327 1 
31 3 27 0.000474251 0.039 0.00868287 2 
32 3 27 0 0.047 0.0135132 1 
0 3 28 0.0233548 0.01 0.00834171 29 
1 3 28 0 0.036 0.0117976 1 
2 3 28 0.000485827 0.032 0.013101 4 
3 3 28 0.016955 0.008 0.0100285 29 
4 3 28 0 0.011 0.0131634 1 
5 3 28 0 0.037 0.015185 1 
6 3 28 0.000169111 0.024 0.0112135 2 
7 3 28 0 0.019 0.010462 1 
8 3 28 0 0.005 0.00998379 1 
9 3 28 0.000650312 0.047 0.0104374 3 
10 3 28 6.84428e-05 0.002 0.0187568 1 
11 3 28 0.000490729 0.04 0.012676 4 
12 3 28 0.0001896 0.005 0.00909502 2 
13 3 28 0 0.004 0.012076 1 
14 3 28 0 0.013 0.0103316 1 
15 3 28 0 0.023 0.0108557 1 
16 3 28 0 0.044 0.0110301 1 
17 3 28 0 0.028 0.00935932 1 
18 3 28 0 0.015 0.0123257 1 
19 3 28 0.0181971 0.006 0.0111865 20 
20 3 28 0.00197228 0.015 0.00931447 6 
21 3 28 0 0.034 0.00885245 1 
22 3 28 0.000700431 0.019 0.0109278 3 
23 3 28 0.00484546 0.03 0.00938856 4 
24 3 28 0 0.014 0.012606 1 
25 3 28 0.0321283 0.005 0.0116779 44 
26 3 28 0.0120922 0.021 0.0118674 15 
27 3 28 0 0.037 0.0107062 1 
28 3 28 0 0.038 0.0122944 1 
29 3 28 0 0.024 0.0103587 1 
30 3 28 0 0.013 0.0112348 1 
31 3 28 0 0.043 0.0130128 1 
32 3 28 0 0.046 0.00975598 1 
0 3 29 0.0120535 0.013 0.00898946 20 
1 3 29 0 0.045 0.0102029 1 
2 3 29 0 0.03 0.00957315 1 
3 3 29 0.0105773 0.001 0.0119025 16 
4 3 29 0 0.039 0.0106721 1 
5 3 29 0 0.007 0.0106377 1 
6 3 29 0 0.021 0.0093193 1 
7 3 29 0 0.02 0.0109215 1 
8 3 29 2.39251e-05 0.015 0.0125949 3 
9 3 29 0 0.049 0.0107321 1 
10 3 29 0 0.024 0.0112466 1 
11 3 29 0 0.002 0.0120059 1 
12 3 29 0 0.005 0.0110168 1 
13 3 29 0.00490017 0.016 0.0138389 5 
14 3 29 0.000742478 0.001 0.010926 2 
15 3 29 0 0.004 0.00902255 1 
16 3 29 0 0.028 0.00881275 1 
17 3 29 0 0.018 0.0103458 1 
18 3 29 0 0.048 0.012068 1 
19 3 29 0.0105196 0.017 0.0093502 15 
20 3 29 0 0.029 0.011084 1 
21 3 29 0 0.03 0.00888739 1 
22 3 29 0 0.038 0.00956996 1 
23 3 29 0.00390818 0.035 0.0100017 3 
24 3 29 0 0.028 0.0129807 1 
25 3 29 0.00241043 0.005 0.0104598 6 
26 3 29 0 0.045 0.00789639 1 
27 3 29 0 0.003 0.0088216 1 
28 3 29 0 0.003 0.0113945 1 
29 3 29 0 0.044 0.0135893 1 
30 3 29 0.00640073 0.028 0.0111958 8 
31 3 29 0 0.005 0.0113343 1 
32 3 29 0.0154867 0.002 0.012113 29 
0 3 30 0.0267729 0.007 0.0114959 26 
1 3 30 0 0.002 0.0116425 1 
2 3 30 0 0.034 0.00980671 1 
3 3 30 0 0.006 0.0114843 1 
4 3 30 0 0.035 0.0109923 1 
5 3 30 0.000409851 0.009 0.0208312 1 
6 3 30 0 0.027 0.0107489 1 
7 3 30 0 0.014 0.0110085 1 
8 3 30 0 0.031 0.0112335 1 
9 3 30 0 0.001 0.0119885 1 
10 3 30 0.00074471 0.009 0.010464 2 
11 3 30 0 0.008 0.0125417 1 
12 3 30 0 0.034 0.00949704 1 
13 3 30 0 0.045 0.0103605 1 
14 3 30 0 0.021 0.00797205 1 
15 3 30 0.000148614 0.044 0.010146 2 
16 3 30 0 0.005 0.0112385 1 
17 3 30 0 0.049 0.0104017 1 
18 3 30 0 0.042 0.0111388 1 
19 3 30 0.000115608 0.014 0.0102655 2 
20 3 30 0.000565417 0.004 0.0101416 2 
21 3 30 0 0.047 0.011744 1 
22 3 30 0.00490574 0.002 0.00978374 4 
23 3 30 0 0.029 0.00896016 1 
24 3 30 0 0.011 0.0148396 1 
25 3 30 0.000867626 0.018 0.00967475 3 
26 3 30 0 0.006 0.0104051 1 
27 3 30 0 0.02 0.0103855 1 
28 3 30 0.000144982 0.021 0.0125956 2 
29 3 30 0 0.048 0.0102046 1 
30 3 30 0.0306161 0.002 0.0111301 47 
31 3 30 0.00160811 0.048 0.0094987 5 
32 3 30 0 0.043 0.0104443 1 
0 3 31 0 0.036 0.00883357 1 
1 3 31 0 0.034 0.0112582 1 
2 3 31 0 0.01 0.00981166 1 
3 3 31 0.00299564 0.016 0.0109081 5 
4 3 31 0 0.049 0.0290918 1 
5 3 31 0.00158782 0.041 0.0115523 2 
6 3 31 0 0.046 0.0111924 1 
7 3 31 0 0.036 0.0107203 1 
8 3 31 0 0.024 0.0114293 1 
9 3 31 0.000920057 0.046 0.0100815 2 
10 3 31 0 0.039 0.0109197 1 
11 3 31 0 0.029 0.0111964 1 
12 3 31 0 0.024 0.0127558 1 
13 3 31 0.000215627 0.017 0.00757998 2 
14 3 31 0.00062382 0.015 0.0108676 2 
15 3 31 0.000126475 0.03 0.0100168 2 
16 3 31 0 0.015 0.010009 1 
17 3 31 0 0.048 0.00995132 1 
18 3 31 0 0.031 0.0109838 1 
19 3 31 0.0045035 0.001 0.0112029 8 
20 3 31 0.00220602 0.032 0.0127331 3 
21 3 31 0 0.006 0.0133597 1 
22 3 31 1.05017e-06 0.006 0.0100059 2 
23 3 31 0 0.031 0.00727304 1 
24 3 31 0.000129883 0.014 0.00792872 2 
25 3 31 0 0.023 0.00816167 1 
26 3 31 0.00339693 0.004 0.0119741 14 
27 3 31 0 0.014 0.0113133 1 
28 3 31 0.000129883 0.044 0.011257 2 
29 3 31 0 0.036 0.0114486 1 
30 3 31 0 0.008 0.00865485 1 
31 3 31 0.00225822 0.02 0.00706934 7 
32 3 31 0 0.01 0.0117325 1 
0 3 32 0.0140024 0.016 0.0112445 18 
1 3 32 0 0.032 0.0129684 1 
2 3 32 0 0.027 0.0117843 1 
3 3 32 0.00603566 0.008 0.00970836 17 
4 3 32 0 0.013 0.0128908 1 
5 3 32 0 0.017 0.0146456 1 
6 3 32 0 0.012 0.0106097 1 
7 3 32 0.00387269 0.002 0.0106701 3 
8 3 32 0.000476112 0.045 0.0101915 2 
9 3 32 0 0.033 0.0102312 1 
10 3 32 0.00233071 0.02 0.0099296 2 
11 3 32 0 0.015 0.0105667 1 
12 3 32 0.00514762 0.029 0.0089368 3 
13 3 32 0.00290763 0.039 0.0115205 9 
14 3 32 0 0.029 0.00800669 1 
15 3 32 0 0.007 0.0137156 1 
16 3 32 0 0.001 0.00901892 1 
17 3 32 0.0262976 0.006 0.0109798 40 
18 3 32 0 0.033 0.00955294 1 
19 3 32 0.000356751 0.001 0.00878095 2 
20 3 32 0.000823296 0.027 0.0102793 2 
21 3 32 0 0.033 0.0120718 1 
22 3 32 0 0.012 0.012179 1 
23 3 32 0.000885637 0.005 0.010174 2 
24 3 32 0.000109319 0.009 0.011083 2 
25 3 32 0 0.009 0.0134313 1 
26 3 32 1.61169e-05 0.004 0.0097757 2 
27 3 32 0 0.021 0.0104039 1 
28 3 32 0 0.043 0.0122296 1 
29 3 32 0 0.004 0.00845507 1 
30 3 32 0.00420248 0.029 0.0116878 4 
31 3 32 0.00242285 0.046 0.011039 7 
32 3 32 0 0.017 0.0110777 1 
0 3 33 0.0176891 0.01 0.0130195 22 
1 3 33 0.010016 0.011 0.0120267 13 
2 3 33 0 0.032 0.0136949 1 
3 3 33 0 0.023 0.011039 1 
4 3 33 0 0.022 0.0129731 1 
5 3 33 0.00219937 0.022 0.0124282 2 
6 3 33 0 0.011 0.0102739 1 
7 3 33 1.66538e-07 0.014 0.00978283 2 
8 3 33 0.000477122 0.042 0.0137749 1 
9 3 33 0 0.049 0.0113925 1 
10 3 33 0.00169955 0.022 0.0109126 2 
11 3 33 0.000107726 0.03 0.0100338 3 
12 3 33 0.00431809 0.002 0.0115788 8 
13 3 33 0 0.039 0.010385 1 
14 3 33 0.0311941 0.001 0.0106776 50 
15 3 33 0 0.001 0.0115541 1 
16 3 33 0.000126909 0.022 0.0111984 2 
17 3 33 0 0.039 0.0113576 1 
18 3 33 0 0.005 0.0104784 1 
19 3 33 0 0.016 0.0114669 1 
20 3 33 0.00439113 0.002 0.0115732 4 
21 3 33 0 0.018 0.012692 1 
22 3 33 0 0.004 0.00998681 1 
23 3 33 0.00115927 0.003 0.00938519 2 
24 3 33 0.000130263 0.003 0.00939279 2 
25 3 33 0.00275861 0.01 0.00750667 3 
26 3 33 0 0.013 0.0101932 1 
27 3 33 0 0.042 0.0111795 1 
28 3 33 0 0.004 0.012053 1 
29 3 33 0.000107726 0.049 0.00933141 3 
30 3 33 0 0.041 0.0112901 1 
31 3 33 0 0.017 0.00982951 1 
32 3 33 0.004673 0.035 0.0084514 5 
0 3 34 0.00048651 0.012 0.0118187 2 
1 3 34 0.00266516 0.006 0.0104526 3 
2 3 34 0 0.021 0.00788427 1 
3 3 34 0.00426634 0.038 0.00944557 5 
4 3 34 0 0.044 0.0118446 1 
5 3 34 0 0.04 0.0108738 1 
6 3 34 9.72495e-05 0.016 0.00922705 2 
7 3 34 0 0.026 0.0115604 1 
8 3 34 0.000227983 0.027 0.0115578 2 
9 3 34 0 0.045 0.0091898 1 
10 3 34 0 0.012 0.00950824 1 
11 3 34 0 0.017 0.00683107 1 
12 3 34 2.44186e-06 0.039 0.00720404 2 
13 3 34 0.00211961 0.011 0.00923189 2 
14 3 34 0.0037822 0.003 0.00936837 9 
15 3 34 0.000112807 0.049 0.0121658 2 
16 3 34 0.000112807 0.006 0.0123389 2 
17 3 34 7.90379e-05 0.003 0.0109451 2 
18 3 34 0.000109696 0.003 0.010086 2 
19 3 34 0.00697338 0.033 0.0105964 8 
20 3 34 0.000491174 0.014 0.00911763 2 
21 3 34 0 0.006 0.014003 1 
22 3 34 7.6857e-06 0.004 0.00886437 2 
23 3 34 0 0.047 0.00987934 1 
24 3 34 0 0.017 0.0119613 1 
25 3 34 0 0.008 0.0141845 1 
26 3 34 8.28062e-05 0.006 0.0118512 2 
27 3 34 0.0182523 0.01 0.0124406 14 
28 3 34 0 0.043 0.0126139 1 
29 3 34 9.10311e-05 0.008 0.0153544 3 
30 3 34 0 0.017 0.0109192 1 
31 3 34 0 0.047 0.0106758 1 
32 3 34 0.00185642 0.042 0.0105708 2 
0 3 35 0.0160357 0.021 0.0109697 18 
1 3 35 0 0.005 0.00854952 1 
2 3 35 0 0.048 0.0118451 1 
3 3 35 0.0344198 0.005 0.0103212 50 
4 3 35 0 0.024 0.0164142 1 
5 3 35 0 0.015 0.0174757 1 
6 3 35 0 0.005 0.0117604 1 
7 3 35 0 0.031 0.0105451 1 
8 3 35 0 0.002 0.0111553 1 
9 3 35 0 0.006 0.00964155 1 
10 3 35 0 0.02 0.00845751 1 
11 3 35 9.93707e-05 0.024 0.0108835 2 
12 3 35 0 0.041 0.0100481 1 
13 3 35 0.00300457 0.004 0.00912101 5 
14 3 35 0.00208328 0.02 0.0105984 6 
15 3 35 0 0.015 0.0129706 1 
16 3 35 9.36001e-05 0.049 0.0132673 2 
17 3 35 0 0.025 0.0110379 1 
18 3 35 0 0.013 0.010598 1 
19 3 35 0.000436978 0.024 0.0104578 3 
20 3 35 0.00860735 0.001 0.00776815 3 
21 3 35 0 0.021 0.0116684 1 
22 3 35 0 0.004 0.0119415 1 
23 3 35 0 0.032 0.0103881 1 
24 3 35 0 0.031 0.0113563 1 
25 3 35 0.000539429 0.038 0.00621165 2 
26 3 35 0 0.006 0.012822 1 
27 3 35 0 0.01 0.00929775 1 
28 3 35 9.64854e-05 0.028 0.0115775 2 
29 3 35 0 0.044 0.0121029 1 
30 3 35 0.00610844 0.008 0.0107229 16 
31 3 35 0.000851302 0.037 0.0109132 3 
32 3 35 0 0.018 0.0124946 1 
0 3 36 0 0.002 0.00767804 1 
1 3 36 0.00538563 0.014 0.00936356 9 
2 3 36 0 0.041 0.0100434 1 
3 3 36 0 0.021 0.00896403 1 
4 3 36 0 0.012 0.0137297 1 
5 3 36 0.000473097 0.046 0.0106907 2 
6 3 36 0 0.029 0.0111307 1 
7 3 36 8.15247e-05 0.018 0.010327 2 
8 3 36 0.000854547 0.008 0.0129156 1 
9 3 36 0 0.029 0.00955688 1 
10 3 36 0.000210309 0.049 0.00931237 2 
11 3 36 0.00117465 0.043 0.00985851 5 
12 3 36 0.000320004 0.001 0.0087076 2 
13 3 36 0 0.009 0.0104737 1 
14 3 36 0 0.049 0.0116665 1 
15 3 36 0 0.021 0.00960116 1 
16 3 36 8.15247e-05 0.049 0.0103884 2 
17 3 36 0.00214598 0.007 0.0108132 5 
18 3 36 0 0.012 0.00728571 1 
19 3 36 0.00202872 0.008 0.00900223 7 
20 3 36 0.000568874 0.012 0.00936891 2 
21 3 36 0 0.049 0.0124189 1 
22 3 36 0.00100538 0.024 0.0103638 3 
23 3 36 0 0.012 0.0103878 1 
24 3 36 0 0.001 0.0105376 1 
25 3 36 0.00638709 0.01 0.0112142 12 
26 3 36 0 0.017 0.0115421 1 
27 3 36 0 0.009 0.0102971 1 
28 3 36 7.88783e-05 0.025 0.0114594 2 
29 3 36 0 0.028 0.0122325 1 
30 3 36 0 0.044 0.008579 1 
31 3 36 0 0.021 0.0112775 1 
32 3 36 0.00153643 0.03 0.0116798 5 
0 3 37 0 0.037 0.0116656 1 
1 3 37 0 0.012 0.0115492 1 
2 3 37 0 0.026 0.0156212 1 
3 3 37 0.000597878 0.006 0.0117179 2 
4 3 37 0.000143391 0.013 0.0088848 2 
5 3 37 0 0.03 0.0114819 1 
6 3 37 0 0.005 0.0125657 1 
7 3 37 0.000418612 0.035 0.0081086 2 
8 3 37 0.00100019 0.014 0.00913213 1 
9 3 37 0.0169364 0.017 0.00980316 28 
10 3 37 5.06013e-05 0.042 0.00998104 2 
11 3 37 0 0.042 0.00807761 1 
12 3 37 0.000485147 0.005 0.0115601 2 
13 3 37 0 0.005 0.0103685 1 
14 3 37 0 0.004 0.011361 1 
15 3 37 0 0.035 0.0123694 1 
16 3 37 6.52327e-05 0.046 0.00976005 2 
17 3 37 0 0.001 0.0119536 1 
18 3 37 0 0.002 0.0103372 1 
19 3 37 0 0.049 0.00965866 1 
20 3 37 0.000681251 0.021 0.0109843 3 
21 3 37 5.06083e-05 0.007 0.0128688 2 
22 3 37 0 0.033 0.0069433 1 
23 3 37 0.000969967 0.007 0.00894864 2 
24 3 37 0 0.006 0.00912385 1 
25 3 37 0 0.011 0.0101299 1 
26 3 37 0 0.036 0.0112165 1 
27 3 37 0.0252516 0.005 0.0109519 44 
28 3 37 6.76463e-05 0.006 0.0114168 2 
29 3 37 0 0.001 0.0136686 1 
30 3 37 0.00274019 0.01 0.00958847 5 
31 3 37 0 0.039 0.010132 1 
32 3 37 0.00194132 0.026 0.0111554 6 
0 3 38 0.00152845 0.015 0.0121528 2 
1 3 38 0 0.02 0.0137159 1 
2 3 38 0 0.014 0.013039 1 
3 3 38 0.00205334 0.019 0.0107661 4 
4 3 38 0.00401493 0.022 0.0106697 6 
5 3 38 0 0.016 0.00972536 1 
6 3 38 0 0.006 0.0128215 1 
7 3 38 0.00125077 0.023 0.0102648 3 
8 3 38 0 0.048 0.0102397 1 
9 3 38 0 0.016 0.0124506 1 
10 3 38 0 0.003 0.0107017 1 
11 3 38 0 0.026 0.0104868 1 
12 3 38 0.00440801 0.023 0.0117508 8 
13 3 38 0.00224034 0.006 0.00746763 8 
14 3 38 0.0233961 0.01 0.0103476 30 
15 3 38 0 0.002 0.00862053 1 
16 3 38 0 0.039 0.0122951 1 
17 3 38 5.51853e-05 0.023 0.012102 2 
18 3 38 0 0.028 0.00917429 1 
19 3 38 0.0107326 0.04 0.00910537 8 
20 3 38 0.000561839 0.037 0.00969729 4 
21 3 38 0 0.017 0.0107235 1 
22 3 38 0 0.049 0.0107164 1 
23 3 38 0.0193864 0.002 0.0104443 14 
24 3 38 5.30077e-05 0.048 0.012842 2 
25 3 38 0 0.021 0.0112456 1 
26 3 38 0.0373055 0.005 0.0100049 41 
27 3 38 0 0.035 0.0100729 1 
28 3 38 5.30077e-05 0.003 0.0148473 2 
29 3 38 0 0.021 0.00828417 1 
30 3 38 0 0.049 0.0118293 1 
31 3 38 0.00106205 0.008 0.00868529 3 
32 3 38 0.00268945 0.004 0.0134135 2 
0 3 39 0.0209282 0.01 0.010191 26 
1 3 39 0.00200343 0.001 0.0104601 2 
2 3 39 0 0.004 0.0096105 1 
3 3 39 0.000630384 0.027 0.0111752 2 
4 3 39 0.000112921 0.025 0.00960464 2 
5 3 39 6.91327e-05 0.022 0.00888056 2 
6 3 39 0 0.005 0.0122454 1 
7 3 39 0 0.013 0.0118089 1 
8 3 39 0.000947739 0.02 0.011785 1 
9 3 39 0.0362562 0.003 0.0122017 47 
10 3 39 0.000380172 0.026 0.0100963 3 
11 3 39 0 0.005 0.0125778 1 
12 3 39 0 0.011 0.00894101 1 
13 3 39 0 0.039 0.0104069 1 
14 3 39 0.000219829 0.006 0.0127405 2 
15 3 39 0 0.003 0.0133583 1 
16 3 39 0 0.043 0.0125501 1 
17 3 39 0 0.006 0.00868268 1 
18 3 39 0 0.048 0.0100043 1 
19 3 39 0.00824203 0.039 0.0110439 11 
20 3 39 0 0.012 0.00893848 1 
21 3 39 7.97104e-05 0.028 0.0106747 2 
22 3 39 0.0130431 0.004 0.0108438 17 
23 3 39 0.00032553 0.04 0.0101593 2 
24 3 39 6.78386e-05 0.04 0.0110946 2 
25 3 39 0 0.01 0.00874774 1 
26 3 39 0.00534874 0.025 0.0106915 6 
27 3 39 0.0100086 0.016 0.0131491 17 
28 3 39 6.78386e-05 0.025 0.0084341 2 
29 3 39 0 0.033 0.0115593 1 
30 3 39 0 0.036 0.00759565 1 
31 3 39 0 0.038 0.0147403 1 
32 3 39 0.00711761 0.001 0.00960121 7 
0 3 40 0.00611588 0.017 0.00849978 6 
1 3 40 0.00541082 0.044 0.0117497 5 
2 3 40 0 0.018 0.0130563 1 
3 3 40 0 0.028 0.0112931 1 
4 3 40 0 0.007 0.0115809 1 
5 3 40 0 0.008 0.0109418 1 
6 3 40 0 0.012 0.0162459 1 
7 3 40 0.00088711 0.002 0.0101755 2 
8 3 40 0.00586761 0.04 0.0128589 5 
9 3 40 0.000978029 0.018 0.0111101 5 
10 3 40 0 0.025 0.0111756 1 
11 3 40 0 0.026 0.00994483 1 
12 3 40 0.00243362 0.03 0.0103686 4 
13 3 40 0 0.006 0.00999428 1 
14 3 40 0.000819014 0.012 0.00956644 2 
15 3 40 0 0.007 0.0110208 1 
16 3 40 0 0.035 0.0136947 1 
17 3 40 0 0.035 0.010239 1 
18 3 40 7.94982e-05 0.045 0.0110856 2 
19 3 40 0 0.004 0.012487 1 
20 3 40 0 0.048 0.00822638 1 
21 3 40 6.61646e-05 0.039 0.0114664 2 
22 3 40 0 0.014 0.0106191 1 
23 3 40 0 0.044 0.0112178 1 
24 3 40 0 0.044 0.00847873 1 
25 3 40 0 0.02 0.0141164 1 
26 3 40 0.0101106 0.015 0.0109924 16 
27 3 40 0 0.002 0.0110099 1 
28 3 40 0 0.046 0.0125648 1 
29 3 40 0 0.043 0.016162 1 
30 3 40 0.00509584 0.005 0.0122907 18 
31 3 40 0.000136025 0.039 0.00899082 2 
32 3 40 0.0312849 0.003 0.00872013 62 
0 3 41 0 0.031 0.0158985 1 
1 3 41 0.0104602 0.013 0.0104061 12 
2 3 41 0 0.008 0.0109868 1 
3 3 41 0.0129845 0.014 0.0101248 23 
4 3 41 0.000764718 0.019 0.00864161 1 
5 3 41 0 0.037 0.0120953 1 
6 3 41 0 0.013 0.0102481 1 
7 3 41 0.000183331 0.018 0.00972464 2 
8 3 41 0 0.023 0.0118523 1 
9 3 41 0 0.041 0.00924839 1 
10 3 41 0 0.029 0.00828263 1 
11 3 41 0 0.013 0.00898524 1 
12 3 41 0.00861685 0.017 0.0122033 10 
13 3 41 0.0125554 0.01 0.0102292 9 
14 3 41 0.00452435 0.014 0.0110286 5 
15 3 41 0 0.014 0.0104976 1 
16 3 41 0 0.024 0.0143516 1 
17 3 41 0 0.046 0.010265 1 
18 3 41 0 0.023 0.0129902 1 
19 3 41 0 0.04 0.00977321 1 
20 3 41 0.00517216 0.004 0.010332 5 
21 3 41 1.08904e-05 0.023 0.0108682 3 
22 3 41 0.040509 0.001 0.0122939 81 
23 3 41 0.00114794 0.012 0.0118254 2 
24 3 41 0 0.049 0.0111066 1 
25 3 41 0 0.003 0.00643269 1 
26 3 41 0.00200435 0.025 0.0122854 8 
27 3 41 0 0.007 0.0108914 1 
28 3 41 0 0.048 0.00951754 1 
29 3 41 7.30191e-05 0.044 0.0122011 2 
30 3 41 0.00187409 0.001 0.00959722 7 
31 3 41 0 0.037 0.00975046 1 
32 3 41 0 0.048 0.0105531 1 
0 3 42 0 0.005 0.0115672 1 
1 3 42 0.00529081 0.021 0.00974566 3 
2 3 42 0 0.005 0.0118935 1 
3 3 42 0.00190372 0.003 0.0116972 6 
4 3 42 0 0.047 0.0126343 1 
5 3 42 5.27689e-05 0.017 0.0109494 2 
6 3 42 0 0.035 0.0132749 1 
7 3 42 0.00977398 0.006 0.0123356 16 
8 3 42 0 0.022 0.0104653 1 
9 3 42 0 0.034 0.00782811 1 
10 3 42 6.67478e-05 0.02 0.0100762 2 
11 3 42 0 0.014 0.0130405 1 
12 3 42 0 0.014 0.01231 1 
13 3 42 0.00392121 0.001 0.0129827 3 
14 3 42 0 0.038 0.0112776 1 
15 3 42 0 0.026 0.0120336 1 
16 3 42 0 0.048 0.0120772 1 
17 3 42 0 0.009 0.00930432 1 
18 3 42 0 0.013 0.00859676 1 
19 3 42 0 0.039 0.0103876 1 
20 3 42 0.000403701 0.015 0.0106445 2 
21 3 42 9.98183e-08 0.016 0.00940373 2 
22 3 42 0 0.038 0.0123462 1 
23 3 42 0 0.029 0.00890182 1 
24 3 42 0 0.02 0.0107718 1 
25 3 42 0.0006149 0.01 0.0120831 4 
26 3 42 0 0.04 0.0084638 1 
27 3 42 0.0157762 0.009 0.00969031 26 
28 3 42 0 0.043 0.0127814 1 
29 3 42 0 0.026 0.012931 1 
30 3 42 0.00206408 0.02 0.00967555 4 
31 3 42 0.00255762 0.021 0.0115696 7 
32 3 42 0.0187922 0.008 0.0104817 29 
0 3 43 0.0210524 0.008 0.0130763 23 
1 3 43 0 0.04 0.0109591 1 
2 3 43 0 0.045 0.00990464 1 
3 3 43 0.0111112 0.025 0.00893227 10 
4 3 43 0.000765605 0.021 0.0139917 1 
5 3 43 0 0.028 0.00954189 1 
6 3 43 0 0.038 0.0107496 1 
7 3 43 0.00192828 0.014 0.0105194 3 
8 3 43 0.000948524 0.034 0.0123477 1 
9 3 43 0 0.02 0.010452 1 
10 3 43 0 0.04 0.00930888 1 
11 3 43 0 0.043 0.0110677 1 
12 3 43 0.00794077 0.004 0.0138989 9 
13 3 43 0.00766894 0.038 0.0112002 7 
14 3 43 0 0.034 0.0112012 1 
15 3 43 0 0.008 0.0102541 1 
16 3 43 0 0.016 0.0100523 1 
17 3 43 0 0.002 0.00980078 1 
18 3 43 0 0.026 0.0125254 1 
19 3 43 0.0441359 0.004 0.0132517 49 
20 3 43 0 0.015 0.0096495 1 
21 3 43 0 0.033 0.0108791 1 
22 3 43 0 0.037 0.0104777 1 
23 3 43 0 0.03 0.0115732 1 
24 3 43 0 0.012 0.0111413 1 
25 3 43 0.000809206 0.002 0.0129334 3 
26 3 43 0.00158418 0.036 0.00792118 2 
27 3 43 0 0.004 0.0104787 1 
28 3 43 0 0.019 0.0146917 1 
29 3 43 0 0.032 0.00842619 1 
30 3 43 0.000890874 0.026 0.00996837 3 
31 3 43 0.00227285 0.039 0.00908917 7 
32 3 43 7.63214e-05 0.022 0.0113625 2 
0 3 44 0 0.032 0.0110847 1 
1 3 44 0.000885748 0.02 0.0108849 5 
2 3 44 0 0.034 0.0129435 1 
3 3 44 0 0.011 0.0100444 1 
4 3 44 0 0.045 0.010037 1 
5 3 44 0 0.041 0.00939562 1 
6 3 44 0 0.028 0.0131501 1 
7 3 44 0 0.009 0.0106852 1 
8 3 44 0.000775725 0.045 0.0126434 1 
9 3 44 0.00455486 0.028 0.00769525 6 
10 3 44 1.09986e-05 0.045 0.00949059 2 
11 3 44 0 0.035 0.00994207 1 
12 3 44 0 0.008 0.00983203 1 
13 3 44 0 0.027 0.0123178 1 
14 3 44 0 0.033 0.0108417 1 
15 3 44 5.59284e-05 0.032 0.007463 2 
16 3 44 0 0.026 0.0122985 1 
17 3 44 0 0.023 0.00878455 1 
18 3 44 0 0.032 0.0128678 1 
19 3 44 0.000317606 0.026 0.00954834 2 
20 3 44 0 0.034 0.0125208 1 
21 3 44 6.07772e-05 0.002 0.0086998 2 
22 3 44 0 0.025 0.0136473 1 
23 3 44 0.00736747 0.013 0.00944138 4 
24 3 44 0 0.048 0.0132183 1 
25 3 44 0 0.042 0.0126815 1 
26 3 44 0 0.032 0.00765949 1 
27 3 44 0 0.044 0.0117292 1 
28 3 44 0 0.01 0.0124927 1 
29 3 44 1.75523e-05 0.018 0.0074428 3 
30 3 44 0 0.041 0.0125299 1 
31 3 44 0 0.041 0.0124951 1 
32 3 44 0 0.004 0.00804601 1 
0 3 45 0.00666557 0.019 0.0109766 13 
1 3 45 0.00485986 0.007 0.011119 10 
2 3 45 0 0.033 0.0113306 1 
3 3 45 0 0.008 0.0100629 1 
4 3 45 0 0.002 0.00883098 1 
5 3 45 0 0.018 0.0124782 1 
6 3 45 0 0.006 0.0107899 1 
7 3 45 0 0.003 0.0115254 1 
8 3 45 3.21257e-05 0.041 0.0111097 2 
9 3 45 0 0.023 0.010588 1 
10 3 45 0.00237548 0.032 0.0115572 4 
11 3 45 0 0.04 0.0112921 1 
12 3 45 0 0.038 0.00823352 1 
13 3 45 0.000502912 0.044 0.0100132 2 
14 3 45 0 0.002 0.0107324 1 
15 3 45 6.62453e-05 0.015 0.0103887 2 
16 3 45 0 0.048 0.0105014 1 
17 3 45 0.00445979 0.042 0.011384 3 
18 3 45 0 0.018 0.0111258 1 
19 3 45 0.00102517 0.003 0.0116421 4 
20 3 45 0.00916726 0.029 0.0092357 9 
21 3 45 0 0.035 0.010306 1 
22 3 45 0.0031621 0.003 0.00912821 4 
23 3 45 0.00658971 0.004 0.0128773 4 
24 3 45 0 0.02 0.0119665 1 
25 3 45 0 0.021 0.0091882 1 
26 3 45 0.000738304 0.047 0.0108672 9 
27 3 45 0.00100304 0.033 0.0074535 2 
28 3 45 6.86961e-05 0.013 0.00743922 2 
29 3 45 0.000198936 0.048 0.0120938 3 
30 3 45 0 0.026 0.00918114 1 
31 3 45 0.000234355 0.019 0.00996243 2 
32 3 45 0 0.043 0.0123722 1 
0 3 46 0 0.049 0.0106857 1 
1 3 46 0 0.041 0.0121713 1 
2 3 46 0 0.014 0.0111437 1 
3 3 46 0 0.049 0.0120501 1 
4 3 46 0 0.004 0.0116591 1 
5 3 46 0 0.024 0.0104615 1 
6 3 46 0 0.019 0.0117587 1 
7 3 46 0 0.037 0.0113907 1 
8 3 46 0 0.032 0.00847927 1 
9 3 46 0.0172568 0.008 0.0131192 22 
10 3 46 0.000601713 0.023 0.0106031 2 
11 3 46 0 0.04 0.0120044 1 
12 3 46 0.00404375 0.016 0.00833102 6 
13 3 46 0 0.022 0.0105874 1 
14 3 46 0 0.03 0.00887241 1 
15 3 46 0 0.027 0.0122513 1 
16 3 46 0 0.012 0.00969884 1 
17 3 46 0 0.038 0.0105933 1 
18 3 46 0 0.024 0.0147857 1 
19 3 46 0.000288382 0.023 0.0110834 2 
20 3 46 0 0.006 0.0114084 1 
21 3 46 6.67087e-05 0.018 0.0146586 2 
22 3 46 0 0.022 0.00850517 1 
23 3 46 0.000473524 0.01 0.00913148 2 
24 3 46 0 0.036 0.0126418 1 
25 3 46 0.00238269 0.027 0.010321 5 
26 3 46 0.00612833 0.04 0.00884645 5 
27 3 46 0.0331525 0.001 0.00994265 36 
28 3 46 0.00194278 0.015 0.00977979 3 
29 3 46 0.000182621 0.014 0.0101434 2 
30 3 46 0 0.005 0.0118332 1 
31 3 46 0 0.019 0.0112855 1 
32 3 46 0 0.038 0.0109315 1 
0 3 47 0.00219033 0.039 0.011576 5 
1 3 47 0 0.024 0.0106597 1 
2 3 47 0 0.014 0.0116916 1 
3 3 47 0 0.006 0.0103689 1 
4 3 47 0 0.022 0.0114681 1 
5 3 47 0.000911405 0.016 0.0230728 1 
6 3 47 0 0.044 0.00948458 1 
7 3 47 0 0.037 0.0123021 1 
8 3 47 0 0.027 0.0133906 1 
9 3 47 0 0.045 0.0101205 1 
10 3 47 0 0.029 0.0093927 1 
11 3 47 0.00255307 0.022 0.00853034 4 
12 3 47 0 0.049 0.0131264 1 
13 3 47 0.00965646 0.027 0.0108256 13 
14 3 47 0 0.041 0.00969715 1 
15 3 47 0 0.04 0.0110774 1 
16 3 47 0 0.019 0.0124282 1 
17 3 47 0 0.023 0.00848554 1 
18 3 47 0 0.04 0.0107041 1 
19 3 47 0 0.032 0.0102355 1 
20 3 47 0.00043482 0.012 0.00971303 2 
21 3 47 0 0.038 0.00832558 1 
22 3 47 0 0.013 0.00968001 1 
23 3 47 0 0.005 0.0130669 1 
24 3 47 0 0.049 0.0143799 1 
25 3 47 0 0.003 0.00912827 1 
26 3 47 0.00121351 0.001 0.0132354 2 
27 3 47 0.028892 0.007 0.0139633 34 
28 3 47 0.00020126 0.006 0.0102848 3 
29 3 47 0.000104631 0.025 0.0108465 2 
30 3 47 0.00305942 0.035 0.0115186 2 
31 3 47 0 0.019 0.0132216 1 
32 3 47 0 0.026 0.0107424 1 
0 3 48 0.00382494 0.022 0.00992711 6 
1 3 48 0 0.006 0.00913997 1 
2 3 48 0 0.028 0.0113736 1 
3 3 48 0 0.008 0.00940244 1 
4 3 48 0 0.024 0.0100015 1 
5 3 48 0 0.033 0.0100126 1 
6 3 48 6.98584e-05 0.047 0.0124952 2 
7 3 48 0 0.015 0.0106572 1 
8 3 48 0 0.027 0.00837842 1 
9 3 48 0.00451838 0.027 0.0110578 8 
10 3 48 0 0.004 0.0110933 1 
11 3 48 0.000487182 0.004 0.00985875 4 
12 3 48 0.000622508 0.04 0.00929202 2 
13 3 48 0.0155107 0.002 0.0114408 27 
14 3 48 3.72645e-05 0.028 0.0101505 2 
15 3 48 8.33991e-05 0.009 0.0103444 2 
16 3 48 0 0.022 0.0101662 1 
17 3 48 0 0.013 0.0115507 1 
18 3 48 0.000244318 0.045 0.011481 3 
19 3 48 0 0.048 0.0134753 1 
20 3 48 0.00318201 0.003 0.0116793 6 
21 3 48 0 0.006 0.0100327 1 
22 3 48 0 0.042 0.00885909 1 
23 3 48 0 0.042 0.00996412 1 
24 3 48 0 0.041 0.0108705 1 
25 3 48 0.000489026 0.02 0.00899922 2 
26 3 48 0.00189126 0.023 0.00857603 2 
27 3 48 0.00718254 0.03 0.00806921 8 
28 3 48 0.000429532 0.019 0.00904185 2 
29 3 48 0 0.003 0.0132186 1 
30 3 48 0.000685527 0.002 0.0102515 2 
31 3 48 0 0.013 0.00952821 1 
32 3 48 0.0010946 0.003 0.0121306 5 
0 3 49 0 0.012 0.00933552 1 
1 3 49 0 0.049 0.0103308 1 
2 3 49 0 0.019 0.0102252 1 
3 3 49 0 0.022 0.00931366 1 
4 3 49 0 0.037 0.00927854 1 
5 3 49 0.000320058 0.001 0.0110272 2 
6 3 49 7.90951e-05 0.013 0.0128066 2 
7 3 49 0.000698327 0.016 0.00848682 4 
8 3 49 0.000844963 0.001 0.0194095 1 
9 3 49 0.00421279 0.017 0.0113022 7 
10 3 49 0 0.027 0.0105765 1 
11 3 49 0.000617325 0.019 0.0118692 2 
12 3 49 0.000149667 0.014 0.0111465 2 
13 3 49 0 0.044 0.0122855 1 
14 3 49 0 0.037 0.0115447 1 
15 3 49 6.67468e-05 0.017 0.0103098 2 
16 3 49 0 0.024 0.0104275 1 
17 3 49 0.00187494 0.046 0.0108259 2 
18 3 49 0.000515893 0.031 0.0100311 2 
19 3 49 0 0.032 0.010896 1 
20 3 49 0.00299368 0.014 0.0104883 5 
21 3 49 0.00598586 0.012 0.00987524 9 
22 3 49 0.0224065 0.003 0.00873396 40 
23 3 49 0.00157992 0.021 0.0118803 4 
24 3 49 0 0.022 0.0130824 1 
25 3 49 0 0.003 0.0101392 1 
26 3 49 0 0.017 0.00822828 1 
27 3 49 0 0.034 0.00913788 1 
28 3 49 6.92164e-05 0.003 0.0133122 2 
29 3 49 0 0.025 0.0115939 1 
30 3 49 0 0.021 0.00971865 1 
31 3 49 0.00250331 0.04 0.00885472 5 
32 3 49 0 0.034 0.0105054 1 
0 3 50 0 0.001 0.0105657 1 
1 3 50 0 0.042 0.0103045 1 
2 3 50 0 0.005 0.0117161 1 
3 3 50 0 0.034 0.0120135 1 
4 3 50 0.000491444 0.042 0.0226258 1 
5 3 50 0.00071006 0.008 0.0164611 1 
6 3 50 4.53774e-05 0.027 0.0114989 2 
7 3 50 0 0.005 0.0112805 1 
8 3 50 0 0.045 0.0123015 1 
9 3 50 0 0.029 0.0116752 1 
10 3 50 0.000387205 0.039 0.0108336 2 
11 3 50 0 0.021 0.011135 1 
12 3 50 0.00820447 0.041 0.00802712 5 
13 3 50 0.000431042 0.013 0.00844866 5 
14 3 50 0 0.019 0.0119239 1 
15 3 50 0 0.037 0.0115672 1 
16 3 50 0 0.046 0.0108255 1 
17 3 50 0 0.048 0.0114455 1 
18 3 50 5.42916e-05 0.033 0.00920513 2 
19 3 50 0 0.036 0.00927032 1 
20 3 50 0.00386112 0.009 0.00804281 5 
21 3 50 0 0.033 0.0119359 1 
22 3 50 0.00153732 0.014 0.0128906 3 
23 3 50 0 0.009 0.0107066 1 
24 3 50 0 0.018 0.0120422 1 
25 3 50 0.00166387 0.006 0.0118318 5 
26 3 50 0 0.002 0.0115476 1 
27 3 50 0 0.048 0.0129405 1 
28 3 50 5.42916e-05 0.016 0.0133935 2 
29 3 50 4.98345e-05 0.047 0.0124478 2 
30 3 50 0.0124093 0.01 0.0120978 13 
31 3 50 9.02211e-05 0.004 0.00768227 2 
32 3 50 0.0191365 0.002 0.011651 14 
0 3 51 0.000410166 0.004 0.0109304 3 
1 3 51 0.000926283 0.009 0.00908177 2 
2 3 51 6.1728e-05 0.004 0.0097726 2 
3 3 51 0.00109709 0.036 0.0136317 4 
4 3 51 0.000425788 0.016 0.00868159 2 
5 3 51 0 0.008 0.00756033 1 
6 3 51 7.91296e-05 0.017 0.011 2 
7 3 51 0 0.027 0.00892417 1 
8 3 51 3.27219e-07 0.028 0.0104287 2 
9 3 51 0.00139922 0.025 0.00823767 2 
10 3 51 0 0.011 0.0123547 1 
11 3 51 7.18405e-05 0.022 0.0134515 2 
12 3 51 0.0106023 0.016 0.0104361 13 
13 3 51 0 0.025 0.00968316 1 
14 3 51 0.000241645 0.004 0.0100905 2 
15 3 51 0 0.04 0.00998859 1 
16 3 51 0 0.031 0.0120752 1 
17 3 51 0.0111091 0.046 0.0112405 4 
18 3 51 0.000304337 0.015 0.0122052 3 
19 3 51 0.00154063 0.045 0.0105668 2 
20 3 51 0 0.049 0.00931114 1 
21 3 51 8.15593e-05 0.039 0.0131128 2 
22 3 51 0.00155633 0.01 0.011163 8 
23 3 51 0.00039088 0.027 0.0092502 2 
24 3 51 0 0.009 0.0135159 1 
25 3 51 0.00286711 0.014 0.00987357 5 
26 3 51 0.0231522 0.002 0.00945659 57 
27 3 51 0 0.037 0.0104819 1 
28 3 51 0 0.034 0.0134731 1 
29 3 51 0 0.002 0.00987101 1 
30 3 51 0 0.004 0.010963 1 
31 3 51 0 0.034 0.0107511 1 
32 3 51 0.000778914 0.02 0.011027 2 
0 3 52 0.055138 0.001 0.0119526 65 
1 3 52 0.00919377 0.031 0.00994781 3 
2 3 52 5.22705e-05 0.013 0.0118748 2 
3 3 52 0.021064 0.006 0.0123805 28 
4 3 52 0.000732122 0.045 0.0181338 1 
5 3 52 0.0043951 0.043 0.00974909 3 
6 3 52 4.56956e-05 0.017 0.0118074 2 
7 3 52 5.47357e-05 0.049 0.00996299 2 
8 3 52 0 0.019 0.010741 1 
9 3 52 0 0.005 0.0109355 1 
10 3 52 0.000862169 0.028 0.0139254 1 
11 3 52 0 0.023 0.0126861 1 
12 3 52 0.00183328 0.039 0.0118104 2 
13 3 52 0 0.009 0.00955201 1 
14 3 52 0.0131274 0.004 0.0107214 23 
15 3 52 0 0.004 0.0145197 1 
16 3 52 0 0.018 0.011743 1 
17 3 52 0.0129612 0.01 0.0130032 25 
18 3 52 0 0.011 0.0100826 1 
19 3 52 3.34267e-05 0.008 0.0126707 2 
20 3 52 5.66563e-05 0.026 0.00874966 2 
21 3 52 0 0.047 0.0122639 1 
22 3 52 0 0.011 0.0109241 1 
23 3 52 0.00462609 0.046 0.0112512 4 
24 3 52 0 0.022 0.0117476 1 
25 3 52 0.0139568 0.02 0.0100547 12 
26 3 52 0.000498347 0.008 0.00963836 2 
27 3 52 0.00735794 0.003 0.0103456 15 
28 3 52 0 0.015 0.00924813 1 
29 3 52 0 0.032 0.0121313 1 
30 3 52 0.000210577 0.021 0.0116534 2 
31 3 52 0 0.027 0.0112518 1 
32 3 52 0 0.026 0.00979856 1 
0 3 53 0.00950847 0.01 0.0113557 15 
1 3 53 0.000593313 0.021 0.00915926 2 
2 3 53 0 0.047 0.0128794 1 
3 3 53 0.00105376 0.033 0.0107239 2 
4 3 53 0 0.003 0.0110576 1 
5 3 53 0.000514457 0.012 0.0261118 1 
6 3 53 0 0.03 0.0128983 1 
7 3 53 0 0.02 0.0123127 1 
8 3 53 0 0.037 0.00938073 1 
9 3 53 0.000374247 0.029 0.00988061 2 
10 3 53 0 0.049 0.0100248 1 
11 3 53 0 0.016 0.0112953 1 
12 3 53 0.000110205 0.013 0.0100922 2 
13 3 53 0.0100453 0.015 0.0123317 15 
14 3 53 0 0.012 0.0123909 1 
15 3 53 4.3052e-05 0.046 0.00836913 2 
16 3 53 0 0.014 0.012506 1 
17 3 53 0 0.038 0.0120266 1 
18 3 53 0 0.023 0.0145862 1 
19 3 53 0 0.018 0.0103076 1 
20 3 53 2.81248e-05 0.002 0.00801249 2 
21 3 53 0 0.042 0.010643 1 
22 3 53 0.00286333 0.039 0.00947584 3 
23 3 53 0.00503119 0.042 0.0080831 3 
24 3 53 0 0.017 0.0128025 1 
25 3 53 0.00148993 0.031 0.0103781 2 
26 3 53 0.00470974 0.016 0.01235 8 
27 3 53 0.00903824 0.019 0.00861675 14 
28 3 53 0 0.041 0.0121312 1 
29 3 53 0 0.039 0.0142071 1 
30 3 53 0.0141459 0.009 0.00975229 20 
31 3 53 8.43371e-05 0.028 0.0102435 2 
32 3 53 0.0145604 0.008 0.0111216 24 
0 3 54 0.00905184 0.012 0.00844941 15 
1 3 54 0.0139318 0.036 0.0102122 13 
2 3 54 0 0.022 0.00961375 1 
3 3 54 0 0.005 0.00893826 1 
4 3 54 0 0.03 0.00985318 1 
5 3 54 0.000150451 0.006 0.0107107 2 
6 3 54 0 0.041 0.0114299 1 
7 3 54 0.0152634 0.044 0.00908162 10 
8 3 54 0 0.019 0.0118426 1 
9 3 54 0.00549101 0.029 0.0100049 8 
10 3 54 0.00086264 0.024 0.0142275 1 
11 3 54 0 0.027 0.0107458 1 
12 3 54 0 0.034 0.0106822 1 
13 3 54 0.00201407 0.044 0.00916135 2 
14 3 54 0.00269391 0.001 0.0133883 7 
15 3 54 5.69222e-05 0.029 0.0109575 2 
16 3 54 5.69222e-05 0.044 0.0126839 2 
17 3 54 0.00936402 0.036 0.0110917 9 
18 3 54 0 0.049 0.0125797 1 
19 3 54 0 0.02 0.00823292 1 
20 3 54 0.00135207 0.002 0.00962979 6 
21 3 54 0.00020852 0.036 0.011075 2 
22 3 54 0.000971049 0.015 0.0101822 3 
23 3 54 0 0.019 0.00838409 1 
24 3 54 0 0.025 0.0120371 1 
25 3 54 0.0113766 0.015 0.0109053 11 
26 3 54 0.000548816 0.038 0.011202 2 
27 3 54 0 0.014 0.00964928 1 
28 3 54 0 0.021 0.00977471 1 
29 3 54 0 0.015 0.0122896 1 
30 3 54 0 0.021 0.0112059 1 
31 3 54 0 0.008 0.0123354 1 
32 3 54 0 0.014 0.0117961 1 
0 3 55 0.00173548 0.036 0.0101055 2 
1 3 55 0.000503584 0.021 0.0108873 3 
2 3 55 7.23843e-05 0.012 0.0101823 2 
3 3 55 0 0.03 0.00879101 1 
4 3 55 0 0.034 0.00978389 1 
5 3 55 0 0.047 0.0148495 1 
6 3 55 0 0.039 0.0106428 1 
7 3 55 0.00393094 0.017 0.00951058 8 
8 3 55 0.000462504 0.029 0.0132501 1 
9 3 55 0.00945308 0.043 0.0101349 11 
10 3 55 0 0.025 0.0113977 1 
11 3 55 0 0.001 0.0108945 1 
12 3 55 0 0.005 0.00916086 1 
13 3 55 0 0.003 0.00906671 1 
14 3 55 0.0150052 0.008 0.0113778 35 
15 3 55 0 0.046 0.0114756 1 
16 3 55 6.74873e-05 0.032 0.0111131 2 
17 3 55 0 0.038 0.012627 1 
18 3 55 0 0.003 0.0141275 1 
19 3 55 0.000402408 0.013 0.0107462 3 
20 3 55 0.0044975 0.008 0.0101562 5 
21 3 55 8.48149e-05 0.037 0.0103187 2 
22 3 55 0 0.04 0.00940423 1 
23 3 55 0 0.01 0.0117593 1 
24 3 55 0 0.032 0.0143132 1 
25 3 55 0 0.003 0.0117223 1 
26 3 55 0 0.027 0.0122472 1 
27 3 55 0.00832412 0.029 0.0116123 13 
28 3 55 0 0.022 0.00980985 1 
29 3 55 0 0.007 0.0108166 1 
30 3 55 0.0126311 0.006 0.00940427 10 
31 3 55 0 0.003 0.0115079 1 
32 3 55 0 0.015 0.0112616 1 
0 3 56 0 0.04 0.0099239 1 
1 3 56 0.000426094 0.001 0.0109266 2 
2 3 56 0 0.036 0.0126687 1 
3 3 56 0 0.047 0.00746811 1 
4 3 56 0 0.027 0.0116451 1 
5 3 56 0.000631738 0.022 0.0211936 1 
6 3 56 0 0.04 0.0133311 1 
7 3 56 0.00668729 0.018 0.00974526 6 
8 3 56 0.000314562 0.001 0.0069046 1 
9 3 56 0 0.014 0.011405 1 
10 3 56 0.00113533 0.012 0.0142844 1 
11 3 56 0.000221354 0.032 0.013002 3 
12 3 56 0.000215524 0.02 0.00963186 2 
13 3 56 0 0.011 0.0100805 1 
14 3 56 0.0115562 0.022 0.0105547 12 
15 3 56 0 0.036 0.0101029 1 
16 3 56 0 0.015 0.0120901 1 
17 3 56 0 0.017 0.0148881 1 
18 3 56 0 0.004 0.01269 1 
19 3 56 0 0.025 0.0104248 1 
20 3 56 0.000459351 0.017 0.0094172 3 
21 3 56 0 0.018 0.00970209 1 
22 3 56 0.00998879 0.034 0.0104838 10 
23 3 56 8.32156e-05 0.033 0.0106813 2 
24 3 56 0 0.048 0.00920212 1 
25 3 56 0.0011613 0.027 0.0110205 2 
26 3 56 0 0.012 0.00886287 1 
27 3 56 0 0.028 0.0119857 1 
28 3 56 0 0.012 0.01015 1 
29 3 56 0 0.003 0.014096 1 
30 3 56 0 0.006 0.0129086 1 
31 3 56 0 0.016 0.00731926 1 
32 3 56 0.00185357 0.048 0.0109755 2 
0 3 57 0 0.014 0.00871028 1 
1 3 57 0 0.003 0.00869951 1 
2 3 57 0 0.021 0.0116488 1 
3 3 57 0.00400932 0.035 0.0107518 6 
4 3 57 0 0.001 0.00918983 1 
5 3 57 0 0.047 0.0115798 1 
6 3 57 0 0.044 0.00967801 1 
7 3 57 0 0.004 0.0118346 1 
8 3 57 0 0.005 0.0106785 1 
9 3 57 0.00577805 0.022 0.0123596 8 
10 3 57 0.000154142 0.014 0.00920823 2 
11 3 57 0 0.008 0.00989213 1 
12 3 57 0.00510854 0.02 0.00896688 3 
13 3 57 0.00302294 0.024 0.00939178 6 
14 3 57 6.78175e-05 0.013 0.00869463 2 
15 3 57 6.78175e-05 0.047 0.0102552 2 
16 3 57 0 0.017 0.00876054 1 
17 3 57 0.0126111 0.014 0.0125834 17 
18 3 57 0 0.004 0.011287 1 
19 3 57 0 0.011 0.00986143 1 
20 3 57 0.000142792 0.01 0.00996481 3 
21 3 57 0.00057592 0.016 0.00876871 3 
22 3 57 0.00309054 0.016 0.0127127 6 
23 3 57 0 0.002 0.00849363 1 
24 3 57 0 0.017 0.0142075 1 
25 3 57 0.00128877 0.007 0.0121821 2 
26 3 57 0.0198732 0.006 0.0106993 17 
27 3 57 5.34743e-06 0.02 0.0114654 2 
28 3 57 0 0.017 0.0110665 1 
29 3 57 0 0.019 0.0127388 1 
30 3 57 0.0521172 0.002 0.010081 62 
31 3 57 0 0.025 0.010044 1 
32 3 57 0.00603316 0.014 0.0126517 8 
0 3 58 0 0.01 0.00905999 1 
1 3 58 0 0.04 0.0102788 1 
2 3 58 7.95948e-05 0.03 0.0111096 2 
3 3 58 0 0.048 0.00790219 1 
4 3 58 0 0.009 0.0104977 1 
5 3 58 0.000929455 0.028 0.0196535 1 
6 3 58 0 0.018 0.0117414 1 
7 3 58 0 0.011 0.0109751 1 
8 3 58 0.000296932 0.016 0.0128867 1 
9 3 58 0.0269029 0.001 0.0100259 32 
10 3 58 0.000905003 0.036 0.012251 3 
11 3 58 0 0.023 0.009322 1 
12 3 58 0.000168164 0.006 0.0119388 2 
13 3 58 0.00180596 0.008 0.0104457 6 
14 3 58 0.0264518 0.001 0.0124405 45 
15 3 58 8.52299e-05 0.035 0.0116976 2 
16 3 58 0 0.033 0.00995663 1 
17 3 58 0 0.039 0.00837398 1 
18 3 58 0 0.005 0.0112283 1 
19 3 58 0 0.02 0.0113188 1 
20 3 58 1.0222e-07 0.045 0.0110402 2 
21 3 58 6.83245e-05 0.007 0.0123486 2 
22 3 58 0 0.031 0.0120838 1 
23 3 58 0 0.013 0.0110705 1 
24 3 58 0 0.035 0.013383 1 
25 3 58 0.0174545 0.014 0.0089832 14 
26 3 58 0 0.029 0.0123276 1 
27 3 58 0.00103816 0.049 0.0116027 2 
28 3 58 0 0.016 0.0148096 1 
29 3 58 0 0.003 0.0125893 1 
30 3 58 0 0.018 0.0120454 1 
31 3 58 0.00187206 0.034 0.00963905 4 
32 3 58 0.000605377 0.007 0.0105853 2 
0 3 59 0.0016083 0.018 0.00869926 2 
1 3 59 0 0.03 0.00721731 1 
2 3 59 0.000219941 0.035 0.0107572 3 
3 3 59 0 0.012 0.0108075 1 
4 3 59 0 0.009 0.0102211 1 
5 3 59 0.000462391 0.039 0.0127756 2 
6 3 59 0 0.025 0.0109487 1 
7 3 59 0 0.042 0.0132478 1 
8 3 59 0 0.032 0.0105397 1 
9 3 59 0 0.024 0.0125477 1 
10 3 59 0.000360715 0.009 0.00946101 2 
11 3 59 0 0.001 0.0109378 1 
12 3 59 0 0.04 0.00994845 1 
13 3 59 0 0.049 0.012014 1 
14 3 59 0 0.001 0.010114 1 
15 3 59 6.81238e-05 0.025 0.0107725 2 
16 3 59 0 0.009 0.0106295 1 
17 3 59 0 0.039 0.0105261 1 
18 3 59 0.000232774 0.005 0.0138985 3 
19 3 59 0.00360542 0.039 0.00981197 3 
20 3 59 0.00270139 0.012 0.0129481 6 
21 3 59 0.000158781 0.006 0.00919832 2 
22 3 59 0 0.019 0.0107363 1 
23 3 59 0 0.045 0.00924198 1 
24 3 59 0 0.029 0.0121738 1 
25 3 59 0.0185842 0.013 0.00939111 22 
26 3 59 0.00184256 0.034 0.00930386 2 
27 3 59 0 0.042 0.011278 1 
28 3 59 0 0.002 0.0108068 1 
29 3 59 0 0.032 0.00775348 1 
30 3 59 0.00388689 0.019 0.00922945 6 
31 3 59 0 0.001 0.0107218 1 
32 3 59 0.0173551 0.008 0.0105125 14 
0 3 60 2.09427e-05 0.004 0.0117828 2 
1 3 60 0 0.032 0.00945192 1 
2 3 60 0.000205926 0.01 0.00947599 3 
3 3 60 0 0.029 0.0107755 1 
4 3 60 0 0.018 0.0122923 1 
5 3 60 0.000922295 0.037 0.0106094 2 
6 3 60 0 0.018 0.0112975 1 
7 3 60 0.000106694 0.014 0.010889 2 
8 3 60 0.00263661 0.015 0.00914817 6 
9 3 60 0.00182257 0.04 0.0147063 2 
10 3 60 0.0014747 0.041 0.0118768 4 
11 3 60 0 0.043 0.010206 1 
12 3 60 0 0.027 0.0136992 1 
13 3 60 0.000335117 0.013 0.0122959 3 
14 3 60 0.00320953 0.022 0.0115903 4 
15 3 60 8.56713e-05 0.036 0.0142459 2 
16 3 60 8.56713e-05 0.014 0.0103188 2 
17 3 60 0.00277052 0.027 0.0132966 4 
18 3 60 0.000204191 0.009 0.0142438 3 
19 3 60 0 0.017 0.00939741 1 
20 3 60 0.00017128 0.001 0.0116483 2 
21 3 60 0 0.031 0.0122584 1 
22 3 60 0.000124189 0.002 0.0112039 4 
23 3 60 0.00312295 0.026 0.0115437 3 
24 3 60 0 0.043 0.0112014 1 
25 3 60 0.00363507 0.001 0.0101246 6 
26 3 60 0 0.048 0.0117772 1 
27 3 60 0 0.041 0.0127803 1 
28 3 60 0.000590894 0.046 0.0113505 2 
29 3 60 0 0.024 0.0117444 1 
30 3 60 0.00731791 0.013 0.0136171 8 
31 3 60 0 0.03 0.00924148 1 
32 3 60 0 0.022 0.00870233 1 
