0 4 0 0 0.026 0.0269537 1 
1 4 0 0 0.031 0.0204289 1 
2 4 0 0 0.023 0.018141 1 
3 4 0 0.0271984 0.005 0.0237909 25 
4 4 0 1 0.001 0.0593429 2 
5 4 0 0.00773732 0.017 0.134665 1 
6 4 0 0 0.04 0.0268414 1 
7 4 0 0.00229536 0.025 0.0185704 3 
8 4 0 0 0.021 0.0181976 1 
9 4 0 0 0.039 0.0234022 1 
10 4 0 0 0.028 0.0214895 1 
11 4 0 0.00721883 0.026 0.0202971 3 
12 4 0 0 0.042 0.0190669 1 
13 4 0 0.0147528 0.005 0.0236242 10 
14 4 0 0.244527 0.005 0.023657 7 
15 4 0 0 0.024 0.017527 1 
16 4 0 0 0.009 0.0229562 1 
17 4 0 0 0.002 0.0205892 1 
18 4 0 0 0.004 0.0202022 1 
19 4 0 0 0.038 0.0219531 1 
20 4 0 0 0.003 0.0194622 1 
21 4 0 0 0.047 0.0204897 1 
22 4 0 0.00786554 0.002 0.0227149 9 
23 4 0 0.00259831 0.003 0.0162453 5 
24 4 0 0 0.025 0.024081 1 
25 4 0 0 0.005 0.019178 1 
26 4 0 0.000590075 0.024 0.0227631 4 
27 4 0 0.15215 0.016 0.0195832 2 
28 4 0 0 0.013 0.0207882 1 
29 4 0 0 0.028 0.0295553 1 
30 4 0 0 0.044 0.0220127 1 
31 4 0 0 0.047 0.0173934 2 
32 4 0 0 0.046 0.0182802 1 
0 4 1 0 0.047 0.0287413 1 
1 4 1 0 0.049 0.0226453 1 
2 4 1 0 0.018 0.0236339 1 
3 4 1 0.00443336 0.012 0.019138 3 
4 4 1 0 0.04 0.0492371 2 
5 4 1 0.00923135 0.039 0.11405 1 
6 4 1 0 0.011 0.0160948 1 
7 4 1 0 0.029 0.0215987 1 
8 4 1 0 0.044 0.307565 3 
9 4 1 0.00356469 0.006 0.0210155 2 
10 4 1 0 0.048 0.0201203 1 
11 4 1 0 0.02 0.0193833 3 
12 4 1 0 0.043 0.0214526 1 
13 4 1 0.00789651 0.003 0.0158254 9 
14 4 1 0 0.005 0.0240987 1 
15 4 1 0 0.039 0.0184357 1 
16 4 1 0 0.048 0.0186011 1 
17 4 1 0 0.027 0.0288993 1 
18 4 1 0 0.042 0.0209407 1 
19 4 1 0 0.04 0.0196695 1 
20 4 1 0 0.047 0.0196558 1 
21 4 1 0 0.006 0.024167 1 
22 4 1 0 0.033 0.0165194 1 
23 4 1 0.00709983 0.041 0.0208452 3 
24 4 1 0 0.011 0.0142959 1 
25 4 1 0 0.02 0.0220938 1 
26 4 1 0.00366534 0.005 0.0204084 2 
27 4 1 0 0.04 0.0191874 1 
28 4 1 0 0.046 0.0184322 1 
29 4 1 0 0.003 0.0232717 1 
30 4 1 0.000661592 0.01 0.0241961 2 
31 4 1 0 0.041 0.0230877 2 
32 4 1 0.0204887 0.014 0.0244448 12 
0 4 2 0 0.023 0.0230356 1 
1 4 2 0.0430733 0.01 0.0245445 11 
2 4 2 0 0.006 0.023277 1 
3 4 2 0.00861186 0.003 0.0180102 6 
4 4 2 0 0.03 0.0220514 1 
5 4 2 0 0.011 0.0154302 1 
6 4 2 0 0.019 0.0231335 1 
7 4 2 0 0.048 0.0189919 1 
8 4 2 0.00706455 0.015 0.0961337 1 
9 4 2 0 0.049 0.0229555 1 
10 4 2 0 0.019 0.0143571 1 
11 4 2 0 0.028 0.0255648 1 
12 4 2 0.000317604 0.02 0.0221355 2 
13 4 2 0 0.017 0.0256991 1 
14 4 2 0.0125282 0.001 0.0186173 13 
15 4 2 0 0.032 0.0206184 1 
16 4 2 0 0.041 0.019964 1 
17 4 2 0 0.042 0.0229691 1 
18 4 2 0 0.002 0.0255337 1 
19 4 2 0.021893 0.038 0.0229799 7 
20 4 2 0.00619109 0.037 0.014419 4 
21 4 2 0 0.032 0.0227907 1 
22 4 2 0.0068068 0.013 0.0190416 2 
23 4 2 0.00410457 0.033 0.0237531 2 
24 4 2 0 0.008 0.0197415 1 
25 4 2 0 0.034 0.0178397 1 
26 4 2 0.00335197 0.039 0.0203778 2 
27 4 2 0 0.016 0.0236693 1 
28 4 2 0 0.017 0.0258972 1 
29 4 2 0 0.002 0.0227642 1 
30 4 2 0 0.046 0.0206197 1 
31 4 2 0.00386897 0.006 0.0216196 2 
32 4 2 0.00426633 0.003 0.0259128 8 
0 4 3 0 0.023 0.0210081 1 
1 4 3 0.0117959 0.022 0.0202658 3 
2 4 3 0 0.041 0.0213282 1 
3 4 3 0 0.027 0.021626 1 
4 4 3 0.0139875 0.014 0.0205038 2 
5 4 3 0 0.002 0.0221677 1 
6 4 3 0 0.031 0.0213991 1 
7 4 3 0 0.046 0.0214739 1 
8 4 3 0 0.031 0.0970356 1 
9 4 3 0 0.046 0.0209108 1 
10 4 3 0.0109304 0.019 0.0418131 3 
11 4 3 0 0.022 0.0288873 1 
12 4 3 0.00240042 0.006 0.0220924 3 
13 4 3 0.00747207 0.011 0.0175242 3 
14 4 3 0.0168895 0.007 0.0228657 7 
15 4 3 0 0.009 0.0202152 1 
16 4 3 0.000533968 0.03 0.0230459 2 
17 4 3 0 0.039 0.0159015 1 
18 4 3 0 0.004 0.0225694 1 
19 4 3 0 0.019 0.0222894 1 
20 4 3 0 0.003 0.0196149 1 
21 4 3 0 0.037 0.0270104 1 
22 4 3 0.00993191 0.032 0.0222718 4 
23 4 3 0 0.045 0.0244217 1 
24 4 3 0 0.033 0.0215882 1 
25 4 3 0 0.034 0.0199777 1 
26 4 3 0.00174759 0.004 0.0200847 2 
27 4 3 0.00811669 0.034 0.0222141 2 
28 4 3 0 0.015 0.0189796 1 
29 4 3 0 0.039 0.0249028 1 
30 4 3 0 0.04 0.0229284 1 
31 4 3 0 0.035 0.0262452 3 
32 4 3 0.00678434 0.008 0.0219599 6 
0 4 4 0.00314858 0.009 0.0213325 2 
1 4 4 0.00230003 0.026 0.0209321 2 
2 4 4 0 0.022 0.0266134 2 
3 4 4 0 0.021 0.0278956 1 
4 4 4 0.014594 0.007 0.128243 1 
5 4 4 0 0.008 0.0214132 1 
6 4 4 0 0.041 0.0247516 1 
7 4 4 0 0.021 0.023071 1 
8 4 4 0 0.044 0.0894681 1 
9 4 4 0.0275865 0.002 0.023605 16 
10 4 4 0.00627925 0.015 0.110151 1 
11 4 4 0 0.035 0.0196233 1 
12 4 4 0 0.005 0.0175862 1 
13 4 4 0 0.015 0.0232118 1 
14 4 4 0 0.028 0.015615 1 
15 4 4 0 0.008 0.0206681 1 
16 4 4 0.000512337 0.015 0.0288268 2 
17 4 4 0 0.027 0.0231668 1 
18 4 4 0 0.001 0.0261575 1 
19 4 4 0 0.008 0.0174044 2 
20 4 4 0 0.035 0.0173957 1 
21 4 4 0.0126615 0.006 0.0218251 2 
22 4 4 0 0.023 0.0226223 1 
23 4 4 0 0.036 0.016029 1 
24 4 4 0 0.014 0.0184478 1 
25 4 4 0 0.006 0.0229454 1 
26 4 4 0 0.037 0.0151673 1 
27 4 4 0 0.009 0.0223174 1 
28 4 4 0 0.01 0.0153652 1 
29 4 4 0 0.032 0.0186486 1 
30 4 4 0 0.034 0.0252961 1 
31 4 4 0 0.01 0.0164267 1 
32 4 4 0 0.025 0.0290378 1 
0 4 5 0 0.036 0.021166 1 
1 4 5 0 0.036 0.0204187 1 
2 4 5 0.000637548 0.043 0.0238505 3 
3 4 5 0 0.031 0.0218608 1 
4 4 5 0 0.029 0.0193152 1 
5 4 5 0.0117778 0.045 0.136985 1 
6 4 5 0 0.022 0.0232638 2 
7 4 5 0 0.046 0.0130476 1 
8 4 5 0 0.038 0.0289273 1 
9 4 5 0 0.007 0.0217942 1 
10 4 5 0.00336964 0.008 0.0238661 3 
11 4 5 0 0.015 0.0218999 1 
12 4 5 0.0128143 0.048 0.0171003 3 
13 4 5 0.00293801 0.014 0.0185665 2 
14 4 5 0 0.002 0.0257043 1 
15 4 5 0 0.011 0.0258917 1 
16 4 5 0.000534319 0.045 0.0204865 2 
17 4 5 0 0.012 0.0220541 1 
18 4 5 0.000458769 0.015 0.0191331 2 
19 4 5 0 0.049 0.0214552 1 
20 4 5 0 0.006 0.0195841 1 
21 4 5 0 0.007 0.0226119 2 
22 4 5 0 0.004 0.0245036 1 
23 4 5 0.000153246 0.009 0.0210756 2 
24 4 5 0 0.029 0.0184258 1 
25 4 5 0 0.012 0.0201514 1 
26 4 5 0.0110355 0.018 0.0246293 6 
27 4 5 0.00241006 0.02 0.0176852 3 
28 4 5 0 0.005 0.0274538 1 
29 4 5 0 0.04 0.0218602 1 
30 4 5 0.00610062 0.018 0.0212499 4 
31 4 5 0 0.026 0.021984 1 
32 4 5 0 0.026 0.0171044 1 
0 4 6 0 0.047 0.0209257 1 
1 4 6 0 0.003 0.0173376 1 
2 4 6 0 0.045 0.0181199 1 
3 4 6 0 0.037 0.0228371 1 
4 4 6 0 0.022 0.0227292 1 
5 4 6 0.0103538 0.044 0.0236931 3 
6 4 6 0 0.011 0.0207014 1 
7 4 6 0 0.043 0.016617 1 
8 4 6 0 0.007 0.0228367 1 
9 4 6 0.00223426 0.026 0.0264821 2 
10 4 6 0 0.037 0.0281336 2 
11 4 6 0 0.041 0.0300468 1 
12 4 6 0 0.036 0.0196642 1 
13 4 6 0 0.02 0.0188759 1 
14 4 6 0 0.022 0.0235737 1 
15 4 6 0 0.02 0.0255125 1 
16 4 6 0 0.007 0.0174129 1 
17 4 6 0 0.049 0.0197999 2 
18 4 6 0 0.016 0.0259385 1 
19 4 6 0 0.045 0.0224371 1 
20 4 6 0 0.007 0.0218658 1 
21 4 6 0 0.017 0.0211461 1 
22 4 6 0 0.008 0.0214013 1 
23 4 6 0.0110727 0.017 0.0213997 9 
24 4 6 0 0.038 0.0167165 1 
25 4 6 0 0.003 0.0188519 1 
26 4 6 0.00153326 0.013 0.0214745 2 
27 4 6 0 0.044 0.020186 1 
28 4 6 0 0.046 0.0165161 1 
29 4 6 0 0.021 0.0285234 2 
30 4 6 0 0.039 0.0186652 1 
31 4 6 0.000650065 0.018 0.0201529 2 
32 4 6 0.0120438 0.005 0.0250566 10 
0 4 7 0.00853108 0.019 0.0162222 4 
1 4 7 0 0.032 0.0232924 1 
2 4 7 0 0.02 0.0217264 1 
3 4 7 0 0.001 0.0203153 1 
4 4 7 0 0.012 0.0247173 1 
5 4 7 0.0130515 0.04 0.12706 1 
6 4 7 0 0.048 0.023549 1 
7 4 7 0 0.023 0.0221406 1 
8 4 7 0.0014498 0.007 0.0661074 1 
9 4 7 0 0.002 0.0191889 1 
10 4 7 0 0.041 0.0177312 1 
11 4 7 0 0.003 0.0190053 2 
12 4 7 0 0.03 0.0232469 1 
13 4 7 0 0.023 0.0220346 1 
14 4 7 0 0.022 0.0229548 1 
15 4 7 0 0.046 0.0178475 1 
16 4 7 0 0.024 0.0219003 1 
17 4 7 0 0.005 0.0202512 1 
18 4 7 0 0.019 0.0230867 1 
19 4 7 0.025329 0.007 0.024927 7 
20 4 7 0.0134287 0.041 0.0204192 4 
21 4 7 0 0.043 0.0339146 2 
22 4 7 0.0220676 0.007 0.025225 8 
23 4 7 0.00708929 0.023 0.0260475 3 
24 4 7 0 0.015 0.0203837 1 
25 4 7 0 0.039 0.0213474 1 
26 4 7 0 0.001 0.018854 1 
27 4 7 0.0518358 0.003 0.024552 29 
28 4 7 0 0.023 0.0214452 1 
29 4 7 0 0.034 0.0215994 1 
30 4 7 0.00102294 0.011 0.0193231 5 
31 4 7 0 0.024 0.0223355 1 
32 4 7 0 0.043 0.0190514 1 
0 4 8 0 0.041 0.0181876 1 
1 4 8 0.00150897 0.001 0.0193823 3 
2 4 8 0 0.04 0.0219558 1 
3 4 8 0.000635862 0.003 0.0218331 2 
4 4 8 0.0132342 0.046 0.022743 2 
5 4 8 0 0.041 0.0211473 1 
6 4 8 0 0.041 0.0197428 1 
7 4 8 0.000860459 0.002 0.0168908 2 
8 4 8 0.00209442 0.019 0.100798 1 
9 4 8 0.000451614 0.001 0.0225081 2 
10 4 8 0 0.015 0.0267012 2 
11 4 8 0 0.016 0.0233133 1 
12 4 8 0 0.041 0.0199166 1 
13 4 8 0.0133732 0.006 0.0243662 6 
14 4 8 0.0078786 0.012 0.0249542 4 
15 4 8 0 0.001 0.0222859 1 
16 4 8 0 0.041 0.0198335 1 
17 4 8 0.0633735 0.002 0.0259555 38 
18 4 8 0.00058998 0.044 0.0271313 2 
19 4 8 0.00133214 0.024 0.0202175 2 
20 4 8 0 0.005 0.0224889 1 
21 4 8 0 0.028 0.0180967 1 
22 4 8 0.030533 0.003 0.0183869 19 
23 4 8 0 0.039 0.0180874 1 
24 4 8 0 0.018 0.02233 1 
25 4 8 0 0.001 0.0271584 1 
26 4 8 0 0.001 0.0248837 1 
27 4 8 0 0.029 0.0208471 1 
28 4 8 0 0.026 0.0230117 1 
29 4 8 0 0.036 0.0249854 1 
30 4 8 0 0.02 0.0216803 1 
31 4 8 0 0.046 0.0179702 1 
32 4 8 0.0268165 0.006 0.020438 23 
0 4 9 0 0.025 0.0220823 1 
1 4 9 0 0.046 0.0240391 1 
2 4 9 0 0.044 0.0198213 1 
3 4 9 0.00738336 0.002 0.0194361 7 
4 4 9 0 0.007 0.0419645 2 
5 4 9 0.0143256 0.046 0.119152 1 
6 4 9 0 0.031 0.0231805 1 
7 4 9 0 0.005 0.0179415 1 
8 4 9 0.00273891 0.038 0.10555 1 
9 4 9 0.000152432 0.008 0.0224855 3 
10 4 9 0 0.01 0.0140676 1 
11 4 9 0 0.046 0.0202117 1 
12 4 9 0 0.021 0.0226366 1 
13 4 9 0.0012688 0.005 0.0173124 2 
14 4 9 0 0.025 0.0267926 1 
15 4 9 0 0.044 0.0214412 1 
16 4 9 0 0.021 0.0213781 1 
17 4 9 0.0202742 0.022 0.0200117 4 
18 4 9 0.000459555 0.017 0.0165981 2 
19 4 9 0 0.047 0.0199507 1 
20 4 9 0 0.025 0.0194896 1 
21 4 9 0.0165945 0.016 0.0121933 3 
22 4 9 0 0.042 0.023391 1 
23 4 9 0.0143312 0.028 0.0248197 4 
24 4 9 0 0.013 0.0172905 1 
25 4 9 0 0.021 0.0223125 1 
26 4 9 0.00556677 0.02 0.0233084 4 
27 4 9 0.0210246 0.002 0.0268884 10 
28 4 9 0.000459555 0.028 0.0158473 2 
29 4 9 0.00440274 0.032 0.0238485 3 
30 4 9 0.063645 0.004 0.0183662 31 
31 4 9 0 0.029 0.0181557 1 
32 4 9 0.00864724 0.024 0.0205157 3 
0 4 10 0 0.027 0.0211586 1 
1 4 10 0 0.039 0.0164825 1 
2 4 10 0.000666815 0.024 0.0251771 2 
3 4 10 0.00428013 0.002 0.0233194 5 
4 4 10 0 0.015 0.0232701 1 
5 4 10 0 0.021 0.0211811 1 
6 4 10 0 0.041 0.023658 1 
7 4 10 0 0.026 0.0218471 1 
8 4 10 0.00338361 0.035 0.0961309 1 
9 4 10 0 0.048 0.0214736 1 
10 4 10 0.0101199 0.027 0.110765 1 
11 4 10 0 0.027 0.0195257 1 
12 4 10 0 0.008 0.0241738 1 
13 4 10 0 0.037 0.0185107 1 
14 4 10 0 0.015 0.0269405 1 
15 4 10 0.000513454 0.037 0.0201272 2 
16 4 10 0 0.021 0.0204269 1 
17 4 10 0 0.007 0.0238684 1 
18 4 10 0.000590135 0.018 0.0220875 2 
19 4 10 0.00137533 0.022 0.0205148 2 
20 4 10 0 0.012 0.0222656 1 
21 4 10 0 0.026 0.0265394 2 
22 4 10 0.00117806 0.001 0.0212672 2 
23 4 10 0 0.01 0.0217244 1 
24 4 10 0 0.039 0.0169251 1 
25 4 10 0 0.008 0.0176363 1 
26 4 10 0 0.04 0.0189567 1 
27 4 10 0 0.005 0.0201629 1 
28 4 10 0 0.038 0.0170471 1 
29 4 10 0.00358253 0.013 0.0216579 3 
30 4 10 0 0.002 0.0242442 1 
31 4 10 0 0.008 0.0278249 1 
32 4 10 0.0193132 0.003 0.0235973 19 
0 4 11 0 0.016 0.0221914 1 
1 4 11 0 0.036 0.0207628 1 
2 4 11 0.000384559 0.011 0.0226532 2 
3 4 11 0 0.017 0.0197812 1 
4 4 11 0.0100709 0.003 0.136194 1 
5 4 11 0 0.016 0.0190884 1 
6 4 11 0 0.022 0.0231285 1 
7 4 11 0 0.034 0.0224461 1 
8 4 11 0 0.032 0.0372985 2 
9 4 11 0 0.002 0.0213282 1 
10 4 11 0.0107604 0.029 0.135758 1 
11 4 11 0 0.015 0.0241793 1 
12 4 11 0.00842464 0.003 0.0232495 2 
13 4 11 0 0.044 0.0205681 1 
14 4 11 0 0.025 0.0255439 1 
15 4 11 0.000535542 0.03 0.0190419 2 
16 4 11 0 0.009 0.0230914 1 
17 4 11 0.0158263 0.019 0.0201667 5 
18 4 11 0 0.01 0.0178781 1 
19 4 11 0.00159653 0.002 0.0211132 4 
20 4 11 0.0119087 0.025 0.0208705 3 
21 4 11 1.03661e-05 0.018 0.015246 2 
22 4 11 0 0.009 0.0231827 1 
23 4 11 0.0122379 0.01 0.0214389 4 
24 4 11 0 0.016 0.0178153 1 
25 4 11 0 0.012 0.0172679 1 
26 4 11 0.00522953 0.005 0.0188213 3 
27 4 11 0 0.048 0.019428 1 
28 4 11 0 0.03 0.0240362 1 
29 4 11 0 0.002 0.0185038 1 
30 4 11 0 0.004 0.0164563 1 
31 4 11 0 0.021 0.0210926 1 
32 4 11 0 0.024 0.0205145 1 
0 4 12 0 0.009 0.025593 1 
1 4 12 0 0.03 0.0218965 1 
2 4 12 0 0.036 0.0238967 1 
3 4 12 0.0596946 0.002 0.0142114 37 
4 4 12 0 0.045 0.0234418 1 
5 4 12 0 0.017 0.0489444 2 
6 4 12 0 0.012 0.0262715 1 
7 4 12 0.00121285 0.042 0.0205707 3 
8 4 12 0 0.046 0.0181445 1 
9 4 12 0.000586903 0.003 0.0250008 3 
10 4 12 0 0.017 0.0377599 2 
11 4 12 0.000667218 0.043 0.0226248 2 
12 4 12 0 0.002 0.017552 1 
13 4 12 0.00780128 0.029 0.0252329 2 
14 4 12 0 0.021 0.020137 1 
15 4 12 0.000513892 0.002 0.0236769 2 
16 4 12 0 0.024 0.0271665 1 
17 4 12 0 0.045 0.0163548 1 
18 4 12 0 0.037 0.0289131 1 
19 4 12 0 0.01 0.023192 1 
20 4 12 0.00389285 0.048 0.0289605 2 
21 4 12 0 0.048 0.0383379 2 
22 4 12 0 0.01 0.0220352 1 
23 4 12 0 0.027 0.0227053 1 
24 4 12 0 0.011 0.0163059 1 
25 4 12 0 0.03 0.0231233 1 
26 4 12 0.00701074 0.041 0.0198207 2 
27 4 12 0 0.035 0.0209882 1 
28 4 12 0 0.006 0.0223493 1 
29 4 12 0.00074388 0.029 0.0178572 2 
30 4 12 0 0.049 0.0174059 1 
31 4 12 0.00662578 0.013 0.0284288 3 
32 4 12 0.00240881 0.033 0.0193045 2 
0 4 13 0 0.036 0.0203943 1 
1 4 13 0 0.017 0.0171986 1 
2 4 13 0 0.038 0.0230794 1 
3 4 13 0.00546265 0.001 0.0228193 6 
4 4 13 0 0.03 0.0365682 2 
5 4 13 0 0.005 0.0190718 1 
6 4 13 0 0.044 0.0269722 1 
7 4 13 0 0.022 0.0195315 1 
8 4 13 0.00584875 0.021 0.105976 1 
9 4 13 0 0.011 0.0232504 1 
10 4 13 0 0.04 0.0167202 1 
11 4 13 0.00060311 0.045 0.0255197 2 
12 4 13 0 0.043 0.0197778 1 
13 4 13 0 0.029 0.0228821 1 
14 4 13 0 0.044 0.0202132 1 
15 4 13 0 0.037 0.0243841 1 
16 4 13 0 0.035 0.0225222 1 
17 4 13 0 0.001 0.019654 1 
18 4 13 0.000694919 0.004 0.0208357 2 
19 4 13 3.06432e-05 0.004 0.0234527 2 
20 4 13 0 0.028 0.0161246 1 
21 4 13 0 0.036 0.0225026 2 
22 4 13 0 0.042 0.0233801 1 
23 4 13 0 0.028 0.0184087 1 
24 4 13 0 0.004 0.019529 1 
25 4 13 0.00207624 0.007 0.02252 2 
26 4 13 0 0.044 0.0254437 1 
27 4 13 0 0.012 0.0174842 1 
28 4 13 0 0.047 0.0213676 1 
29 4 13 0 0.038 0.0210202 1 
30 4 13 0 0.031 0.0232894 1 
31 4 13 0 0.002 0.0223296 1 
32 4 13 0 0.016 0.0203958 1 
0 4 14 0.00956424 0.01 0.0237894 2 
1 4 14 0 0.046 0.0219477 1 
2 4 14 0.000946445 0.03 0.0214899 2 
3 4 14 0 0.039 0.0231062 1 
4 4 14 0.00205761 0.015 0.017803 2 
5 4 14 0.00929947 0.023 0.128295 1 
6 4 14 0.00122539 0.049 0.029127 2 
7 4 14 0 0.048 0.0188481 1 
8 4 14 0.000305114 0.004 0.0496736 3 
9 4 14 0 0.044 0.0208986 1 
10 4 14 0 0.049 0.0582277 2 
11 4 14 0.000946445 0.033 0.0245232 2 
12 4 14 0 0.048 0.0172605 1 
13 4 14 0.0201445 0.013 0.0258623 9 
14 4 14 0 0.02 0.0202273 1 
15 4 14 0 0.002 0.0212716 1 
16 4 14 0 0.036 0.0192247 1 
17 4 14 0.000876635 0.015 0.0225129 2 
18 4 14 0 0.035 0.0192648 1 
19 4 14 0 0.017 0.0226385 1 
20 4 14 0.00129179 0.001 0.0162321 4 
21 4 14 0 0.041 0.0370316 2 
22 4 14 0 0.032 0.025516 1 
23 4 14 0 0.033 0.016549 1 
24 4 14 0 0.005 0.0280864 1 
25 4 14 0.00588183 0.015 0.0231602 6 
26 4 14 0 0.044 0.0255827 1 
27 4 14 0 0.005 0.0231724 1 
28 4 14 0 0.014 0.0233283 1 
29 4 14 0 0.034 0.0255937 1 
30 4 14 0.000226862 0.001 0.0224707 2 
31 4 14 0 0.009 0.0227033 1 
32 4 14 0 0.034 0.0192319 1 
0 4 15 0 0.034 0.0183162 1 
1 4 15 0 0.015 0.0181908 1 
2 4 15 0.000299048 0.043 0.0152334 2 
3 4 15 0.0737447 0.003 0.024157 27 
4 4 15 0 0.019 0.0475881 2 
5 4 15 0.00994344 0.043 0.13433 1 
6 4 15 0 0.009 0.0220296 1 
7 4 15 0 0.005 0.0215059 1 
8 4 15 0 0.019 0.0853785 1 
9 4 15 0 0.042 0.0207474 1 
10 4 15 0 0.026 0.0143585 1 
11 4 15 0 0.009 0.0226436 1 
12 4 15 0 0.013 0.0196615 1 
13 4 15 0.0148265 0.026 0.0217717 5 
14 4 15 0 0.014 0.0180809 1 
15 4 15 0 0.025 0.0223151 1 
16 4 15 0 0.007 0.022502 1 
17 4 15 0.0431407 0.004 0.0233796 22 
18 4 15 0 0.025 0.0242655 1 
19 4 15 1.79763e-05 0.006 0.0188582 2 
20 4 15 0.00114836 0.019 0.0122998 2 
21 4 15 0 0.035 0.0218162 1 
22 4 15 0 0.003 0.0187727 1 
23 4 15 0 0.042 0.0225558 1 
24 4 15 0 0.045 0.0173217 1 
25 4 15 0 0.014 0.0181131 1 
26 4 15 0 0.001 0.0229406 1 
27 4 15 0 0.044 0.0234607 1 
28 4 15 0 0.021 0.0215229 1 
29 4 15 0 0.007 0.0200076 1 
30 4 15 0.000551378 0.003 0.0203678 4 
31 4 15 0 0.015 0.0206385 1 
32 4 15 0 0.007 0.0181341 1 
0 4 16 0 0.015 0.0207194 1 
1 4 16 0 0.025 0.0190831 1 
2 4 16 0.000946719 0.027 0.0245616 2 
3 4 16 0 0.006 0.0224078 1 
4 4 16 0 0.029 0.0203844 1 
5 4 16 0 0.042 0.0751439 3 
6 4 16 0 0.011 0.0172411 1 
7 4 16 0.00293289 0.011 0.0130201 3 
8 4 16 0 0.048 0.0188507 1 
9 4 16 0 0.018 0.0219014 1 
10 4 16 0.00572317 0.02 0.1141 1 
11 4 16 0 0.011 0.0278143 1 
12 4 16 0.00765763 0.017 0.0191912 3 
13 4 16 0 0.038 0.017376 1 
14 4 16 0 0.025 0.024224 1 
15 4 16 0 0.001 0.0241705 1 
16 4 16 0 0.046 0.0174974 1 
17 4 16 0 0.037 0.0259996 1 
18 4 16 0 0.006 0.0271563 1 
19 4 16 0 0.044 0.0208403 1 
20 4 16 0 0.043 0.0240179 1 
21 4 16 0 0.041 0.0275251 1 
22 4 16 0 0.021 0.0273159 1 
23 4 16 0 0.036 0.0210539 1 
24 4 16 0 0.02 0.0183311 1 
25 4 16 0.000553131 0.024 0.0210062 4 
26 4 16 0 0.041 0.018348 1 
27 4 16 0.000387838 0.001 0.0277389 2 
28 4 16 0 0.029 0.0248743 1 
29 4 16 0.00439602 0.04 0.0257023 4 
30 4 16 0 0.043 0.022871 1 
31 4 16 0 0.045 0.0156875 1 
32 4 16 0.0202577 0.001 0.0215118 6 
0 4 17 0.0087485 0.038 0.020067 3 
1 4 17 0 0.001 0.0247949 1 
2 4 17 0 0.024 0.0189046 1 
3 4 17 0.0449242 0.008 0.0233031 13 
4 4 17 0.0056782 0.022 0.125255 1 
5 4 17 0.011232 0.032 0.129146 1 
6 4 17 0 0.027 0.0249504 1 
7 4 17 0 0.038 0.0170967 1 
8 4 17 0 0.029 0.117429 1 
9 4 17 0 0.004 0.0277089 1 
10 4 17 0.00637073 0.004 0.106732 1 
11 4 17 0 0.001 0.0231766 1 
12 4 17 0 0.043 0.0197792 1 
13 4 17 0.00569035 0.016 0.0242051 5 
14 4 17 0 0.037 0.0193282 1 
15 4 17 0 0.033 0.0203437 1 
16 4 17 0 0.007 0.0215137 1 
17 4 17 0 0.002 0.0264773 1 
18 4 17 0 0.024 0.0203071 1 
19 4 17 0.000694582 0.019 0.0214657 2 
20 4 17 0.00850938 0.015 0.021532 5 
21 4 17 0.000959534 0.019 0.0237699 3 
22 4 17 0.00140129 0.003 0.0219706 2 
23 4 17 0 0.003 0.0218509 2 
24 4 17 0 0.008 0.026547 1 
25 4 17 0 0.034 0.0209251 1 
26 4 17 7.10333e-05 0.005 0.0175097 2 
27 4 17 0 0.034 0.0210587 1 
28 4 17 0.000696052 0.043 0.02108 2 
29 4 17 0 0.006 0.0241303 1 
30 4 17 0 0.03 0.0232802 1 
31 4 17 0.00420468 0.028 0.0198697 2 
32 4 17 0 0.02 0.0231036 1 
0 4 18 0 0.032 0.0164963 1 
1 4 18 0 0.049 0.0169539 1 
2 4 18 0 0.029 0.0205154 1 
3 4 18 0 0.007 0.0172472 1 
4 4 18 0.00632613 0.003 0.124986 1 
5 4 18 0.000743473 0.028 0.0212578 3 
6 4 18 0.00122619 0.036 0.0218385 2 
7 4 18 0 0.049 0.0127219 1 
8 4 18 0.000260814 0.029 0.0825116 1 
9 4 18 0 0.041 0.0209719 1 
10 4 18 0 0.027 0.0430087 2 
11 4 18 0.000947377 0.019 0.0183272 2 
12 4 18 0 0.039 0.0159386 1 
13 4 18 0.000937009 0.013 0.0227984 2 
14 4 18 0.0684824 0.003 0.0272871 35 
15 4 18 0 0.04 0.0191361 1 
16 4 18 0 0.028 0.0247768 1 
17 4 18 0.00222041 0.002 0.0252023 3 
18 4 18 0 0.012 0.0175041 1 
19 4 18 0 0.038 0.0166378 1 
20 4 18 0 0.039 0.0131706 1 
21 4 18 0.00517909 0.047 0.0217898 3 
22 4 18 0.00569654 0.004 0.0225979 10 
23 4 18 0 0.009 0.0250087 1 
24 4 18 0.00085444 0.023 0.0257357 2 
25 4 18 0.00067219 0.013 0.0192744 2 
26 4 18 0 0.022 0.0178406 1 
27 4 18 0 0.049 0.0218883 1 
28 4 18 0.00085444 0.014 0.0211921 2 
29 4 18 0 0.039 0.0193138 1 
30 4 18 0 0.002 0.0201058 1 
31 4 18 0 0.006 0.0258182 1 
32 4 18 0.0221441 0.022 0.0209521 5 
0 4 19 0 0.042 0.0258525 1 
1 4 19 0.0129959 0.009 0.0256459 9 
2 4 19 0 0.037 0.0221928 1 
3 4 19 0 0.01 0.024328 1 
4 4 19 0.00697404 0.03 0.125366 1 
5 4 19 0.00337967 0.044 0.0947379 5 
6 4 19 0.000329567 0.027 0.0209799 2 
7 4 19 0 0.031 0.0229112 1 
8 4 19 0.00091267 0.033 0.104369 1 
9 4 19 0.00151433 0.003 0.0144793 2 
10 4 19 0.00380013 0.027 0.0194186 4 
11 4 19 0 0.026 0.0215149 1 
12 4 19 0.0128642 0.022 0.0245989 5 
13 4 19 0 0.046 0.0163206 1 
14 4 19 0 0.039 0.0214768 1 
15 4 19 0 0.001 0.0106451 1 
16 4 19 0 0.047 0.0171091 1 
17 4 19 0 0.023 0.0220018 1 
18 4 19 0 0.005 0.0259934 1 
19 4 19 0 0.049 0.02327 1 
20 4 19 0.00353 0.024 0.0111345 4 
21 4 19 0 0.047 0.0271787 1 
22 4 19 0 0.038 0.0235042 1 
23 4 19 0 0.042 0.019444 1 
24 4 19 0 0.027 0.0285542 1 
25 4 19 0 0.017 0.022347 1 
26 4 19 0.00130336 0.018 0.0221193 3 
27 4 19 0.00256275 0.014 0.0136263 2 
28 4 19 0.000696511 0.016 0.0259123 2 
29 4 19 0 0.041 0.0181158 1 
30 4 19 0.00345941 0.005 0.0223727 6 
31 4 19 0 0.034 0.0206087 1 
32 4 19 0 0.029 0.0185032 1 
0 4 20 0 0.009 0.014753 1 
1 4 20 0 0.005 0.0184439 1 
2 4 20 0 0.036 0.0250318 1 
3 4 20 0 0.009 0.0180998 1 
4 4 20 0 0.018 0.0396855 2 
5 4 20 0 0.028 0.0219648 1 
6 4 20 0.00122664 0.045 0.0242337 2 
7 4 20 0.0121284 0.044 0.0237786 3 
8 4 20 0.00156501 0.023 0.0869705 1 
9 4 20 0 0.004 0.0201963 1 
10 4 20 0 0.022 0.0388236 3 
11 4 20 0.000947894 0.004 0.0216699 2 
12 4 20 8.51472e-05 0.029 0.0223391 3 
13 4 20 3.31949e-05 0.014 0.0236747 2 
14 4 20 0.0226794 0.004 0.0231327 11 
15 4 20 0 0.028 0.019916 1 
16 4 20 0 0.01 0.0233404 1 
17 4 20 0 0.019 0.0227466 1 
18 4 20 0 0.021 0.0169149 1 
19 4 20 0.00519852 0.042 0.0173962 3 
20 4 20 0 0.034 0.024431 1 
21 4 20 0 0.034 0.0253545 1 
22 4 20 0 0.032 0.0231199 1 
23 4 20 0 0.039 0.0188794 1 
24 4 20 0 0.031 0.0242801 1 
25 4 20 0 0.033 0.017557 1 
26 4 20 0 0.022 0.0170307 1 
27 4 20 0 0.009 0.0214175 1 
28 4 20 0.000854979 0.001 0.0179325 2 
29 4 20 0 0.041 0.0169756 1 
30 4 20 0 0.03 0.0223759 1 
31 4 20 0.00835396 0.041 0.0207591 3 
32 4 20 0.0219437 0.012 0.02282 9 
0 4 21 0 0.036 0.0197572 1 
1 4 21 0.00273073 0.012 0.0230752 2 
2 4 21 0 0.027 0.0215803 1 
3 4 21 0 0.023 0.0218613 1 
4 4 21 0 0.009 0.0203231 1 
5 4 21 0.00480147 0.017 0.121955 1 
6 4 21 0 0.018 0.0191797 1 
7 4 21 0.00398745 0.007 0.0231164 5 
8 4 21 0.00682674 0.047 0.0549531 3 
9 4 21 0 0.001 0.0160176 1 
10 4 21 0.000773156 0.038 0.0134319 2 
11 4 21 0 0.024 0.0192498 1 
12 4 21 0 0.012 0.0168209 1 
13 4 21 0 0.045 0.0218738 1 
14 4 21 0 0.034 0.0196618 1 
15 4 21 0 0.035 0.0179993 1 
16 4 21 0 0.042 0.0202727 1 
17 4 21 0 0.044 0.0196496 1 
18 4 21 0 0.009 0.0213384 1 
19 4 21 0.00588628 0.038 0.0175569 2 
20 4 21 0 0.015 0.0248066 1 
21 4 21 0 0.01 0.0219034 2 
22 4 21 0.00860508 0.035 0.0205645 2 
23 4 21 0 0.025 0.0228544 1 
24 4 21 0 0.014 0.0233669 1 
25 4 21 0 0.01 0.0214166 1 
26 4 21 0.00226026 0.009 0.0185831 2 
27 4 21 0 0.048 0.0257358 1 
28 4 21 0.000697315 0.02 0.0182102 2 
29 4 21 0 0.021 0.0180175 1 
30 4 21 0.0638183 0.005 0.0191542 26 
31 4 21 0 0.038 0.0190473 1 
32 4 21 0 0.005 0.0185497 1 
0 4 22 0 0.036 0.0166399 1 
1 4 22 0.00887675 0.031 0.0170044 6 
2 4 22 0 0.029 0.0172313 1 
3 4 22 0 0.033 0.0178619 1 
4 4 22 0 0.036 0.0491841 2 
5 4 22 0 0.005 0.0227428 1 
6 4 22 0 0.033 0.020845 1 
7 4 22 0.00400983 0.023 0.0246773 2 
8 4 22 0.00286941 0.04 0.07786 1 
9 4 22 0.0103496 0.046 0.0179923 2 
10 4 22 0 0.007 0.0208411 1 
11 4 22 0 0.01 0.0278113 1 
12 4 22 0 0.035 0.0239469 1 
13 4 22 0.00981869 0.023 0.0187482 2 
14 4 22 0 0.001 0.0180902 1 
15 4 22 0 0.043 0.024915 1 
16 4 22 0 0.014 0.0238225 1 
17 4 22 0.00976397 0.02 0.0196362 4 
18 4 22 0 0.021 0.0209162 1 
19 4 22 0 0.028 0.0237718 1 
20 4 22 0.00321818 0.015 0.0203068 3 
21 4 22 0.000685832 0.043 0.0154477 2 
22 4 22 0.000104439 0.024 0.0205121 2 
23 4 22 0 0.004 0.0226545 1 
24 4 22 0 0.046 0.0293477 1 
25 4 22 0.00950962 0.046 0.0205338 2 
26 4 22 0.003783 0.011 0.0232757 2 
27 4 22 0 0.039 0.0209934 1 
28 4 22 0.000855465 0.008 0.0197345 2 
29 4 22 0.000939407 0.035 0.0211977 2 
30 4 22 0 0.003 0.0236793 1 
31 4 22 0 0.004 0.0203316 1 
32 4 22 0 0.035 0.0237547 1 
0 4 23 0 0.013 0.0172755 1 
1 4 23 0 0.012 0.0215813 1 
2 4 23 0.000606012 0.001 0.0164905 2 
3 4 23 0.00413841 0.004 0.0207092 3 
4 4 23 0 0.006 0.0226346 1 
5 4 23 0.00636532 0.007 0.0187789 4 
6 4 23 0.00142596 0.006 0.0228837 3 
7 4 23 0 0.031 0.021457 1 
8 4 23 0 0.042 0.0265055 1 
9 4 23 0 0.016 0.0202077 1 
10 4 23 0 0.012 0.0583209 4 
11 4 23 0 0.005 0.0260833 1 
12 4 23 0 0.034 0.026127 1 
13 4 23 0 0.013 0.0224765 1 
14 4 23 0 0.007 0.020639 1 
15 4 23 0 0.026 0.0206941 1 
16 4 23 0 0.031 0.0223857 1 
17 4 23 0.00751878 0.045 0.024475 2 
18 4 23 0 0.028 0.0258815 1 
19 4 23 0 0.016 0.0170758 1 
20 4 23 0 0.041 0.0219248 1 
21 4 23 0 0.002 0.0210854 1 
22 4 23 0 0.032 0.0224847 1 
23 4 23 0.00104941 0.025 0.0199425 2 
24 4 23 0 0.049 0.0241719 1 
25 4 23 0 0.027 0.0229583 1 
26 4 23 0 0.029 0.0190813 1 
27 4 23 0.0722791 0.001 0.0210599 49 
28 4 23 0.0006977 0.01 0.0256688 2 
29 4 23 0.000675996 0.005 0.0254376 2 
30 4 23 0 0.032 0.0233428 1 
31 4 23 0 0.036 0.0225308 1 
32 4 23 0 0.009 0.0234016 1 
0 4 24 0 0.031 0.016348 1 
1 4 24 0.0173187 0.02 0.0177261 6 
2 4 24 0 0.008 0.0175828 1 
3 4 24 0.00272069 0.026 0.0281498 2 
4 4 24 0.00130013 0.001 0.135428 1 
5 4 24 0.00248548 0.032 0.0514525 3 
6 4 24 0 0.014 0.0221369 1 
7 4 24 0.0145741 0.004 0.0249167 4 
8 4 24 0.00417414 0.011 0.099546 1 
9 4 24 0.0124062 0.015 0.0209977 7 
10 4 24 0 0.038 0.0233576 1 
11 4 24 0.000948722 0.028 0.0250118 2 
12 4 24 0 0.039 0.0233557 1 
13 4 24 0.0208228 0.011 0.022194 10 
14 4 24 0.0137565 0.008 0.0245959 8 
15 4 24 0 0.016 0.0244101 1 
16 4 24 0 0.01 0.0253782 1 
17 4 24 0 0.029 0.0200473 1 
18 4 24 0 0.004 0.0241597 1 
19 4 24 0.0169351 0.047 0.0215042 5 
20 4 24 0 0.002 0.0156907 1 
21 4 24 0 0.034 0.0305189 1 
22 4 24 0 0.001 0.0191207 1 
23 4 24 0 0.013 0.0187581 1 
24 4 24 0 0.011 0.0238087 1 
25 4 24 0 0.004 0.0224892 1 
26 4 24 0 0.043 0.0200348 1 
27 4 24 0 0.048 0.025748 1 
28 4 24 0 0.018 0.0216426 1 
29 4 24 0.00104159 0.044 0.0250086 2 
30 4 24 0.00170467 0.001 0.018734 3 
31 4 24 0 0.003 0.0193131 1 
32 4 24 0.072077 0.003 0.0155103 16 
0 4 25 0 0.045 0.0225176 1 
1 4 25 0 0.045 0.0203709 1 
2 4 25 0 0.046 0.0174194 1 
3 4 25 0.00982488 0.005 0.0214802 5 
4 4 25 0.00195476 0.049 0.120028 1 
5 4 25 0 0.028 0.0222464 1 
6 4 25 0 0.012 0.0232778 1 
7 4 25 0 0.049 0.0176178 1 
8 4 25 0 0.007 0.104616 1 
9 4 25 0 0.028 0.0231236 1 
10 4 25 0.00264878 0.033 0.120941 1 
11 4 25 0.00301301 0.043 0.0185654 2 
12 4 25 0.0048834 0.013 0.0164328 4 
13 4 25 0 0.039 0.0177488 1 
14 4 25 0.00572253 0.034 0.0213042 4 
15 4 25 0 0.007 0.0263091 1 
16 4 25 0 0.033 0.0182292 1 
17 4 25 0 0.032 0.0193381 1 
18 4 25 0 0.014 0.0292485 1 
19 4 25 0.00273228 0.044 0.0215239 2 
20 4 25 0.00843816 0.021 0.0215043 5 
21 4 25 0.000240091 0.034 0.0214578 2 
22 4 25 0.00236805 0.014 0.0185825 2 
23 4 25 0.00723817 0.004 0.0289091 5 
24 4 25 0 0.041 0.0243583 1 
25 4 25 0 0.036 0.0228803 1 
26 4 25 0 0.044 0.0165299 1 
27 4 25 0 0.035 0.0209209 1 
28 4 25 0 0.024 0.0183613 1 
29 4 25 0.0012531 0.002 0.0208042 2 
30 4 25 0 0.009 0.0249692 1 
31 4 25 5.33599e-05 0.034 0.0183195 2 
32 4 25 0 0.014 0.0268379 1 
0 4 26 0.0241712 0.029 0.0207416 10 
1 4 26 0.013175 0.031 0.0201593 4 
2 4 26 0 0.014 0.0300288 1 
3 4 26 0 0.011 0.0200705 1 
4 4 26 0.00314963 0.007 0.104784 1 
5 4 26 0 0.003 0.016545 1 
6 4 26 0.000821123 0.024 0.022894 3 
7 4 26 0 0.018 0.0186612 1 
8 4 26 0 0.044 0.104354 1 
9 4 26 0.0252665 0.012 0.0253006 10 
10 4 26 0 0.045 0.0201196 1 
11 4 26 0.000693895 0.027 0.0244331 2 
12 4 26 0.00669892 0.013 0.022459 5 
13 4 26 0.0182659 0.01 0.0248611 5 
14 4 26 0.0171742 0.008 0.0261073 12 
15 4 26 0 0.047 0.0263431 1 
16 4 26 0 0.026 0.0206783 1 
17 4 26 0 0.048 0.01681 1 
18 4 26 0 0.014 0.0221182 1 
19 4 26 0 0.02 0.0197947 1 
20 4 26 0 0.02 0.0238699 1 
21 4 26 0.00100837 0.023 0.0255297 2 
22 4 26 0.0120134 0.048 0.016026 2 
23 4 26 0 0.048 0.0283453 1 
24 4 26 0 0.03 0.0258227 1 
25 4 26 0 0.044 0.0177009 1 
26 4 26 0 0.007 0.0233138 1 
27 4 26 0 0.001 0.0184199 1 
28 4 26 0 0.047 0.0227248 1 
29 4 26 0.000772514 0.002 0.0248201 2 
30 4 26 0 0.017 0.0191688 1 
31 4 26 0 0.047 0.0284397 1 
32 4 26 0.00631477 0.02 0.019233 3 
0 4 27 0.00953461 0.009 0.0215198 7 
1 4 27 0.00215047 0.013 0.0244223 4 
2 4 27 0 0.047 0.0254449 1 
3 4 27 0 0.042 0.0219717 1 
4 4 27 0 0.023 0.0358585 2 
5 4 27 0.000320207 0.048 0.142618 1 
6 4 27 0 0.009 0.0241182 1 
7 4 27 0 0.027 0.0213105 1 
8 4 27 0 0.023 0.110097 1 
9 4 27 0.0549052 0.004 0.0209233 17 
10 4 27 0.00449884 0.033 0.128183 1 
11 4 27 0 0.007 0.0183687 1 
12 4 27 0 0.042 0.0233966 1 
13 4 27 0 0.014 0.0209056 1 
14 4 27 0.0089438 0.014 0.0179128 3 
15 4 27 0 0.016 0.0242153 1 
16 4 27 0 0.046 0.0213661 1 
17 4 27 0.00464458 0.003 0.0270859 4 
18 4 27 0 0.011 0.0186393 1 
19 4 27 0.00436495 0.012 0.0168684 4 
20 4 27 0.00243057 0.008 0.0167838 2 
21 4 27 0 0.032 0.0195377 1 
22 4 27 0.0334434 0.006 0.0267449 12 
23 4 27 0.0027801 0.017 0.0196907 2 
24 4 27 0.000482248 0.036 0.0198194 2 
25 4 27 0.00656372 0.017 0.0157286 3 
26 4 27 0.000214638 0.014 0.0223234 2 
27 4 27 0 0.009 0.0256772 1 
28 4 27 0 0.039 0.0202898 1 
29 4 27 0.000327428 0.006 0.0245062 2 
30 4 27 0.0260169 0.002 0.0154125 17 
31 4 27 0 0.045 0.0167436 1 
32 4 27 0 0.023 0.016229 1 
0 4 28 0 0.003 0.0213038 1 
1 4 28 0 0.024 0.0213669 1 
2 4 28 0 0.044 0.0206435 1 
3 4 28 0 0.03 0.0158294 1 
4 4 28 0 0.02 0.023413 1 
5 4 28 0 0.024 0.0521301 3 
6 4 28 0 0.002 0.0253496 1 
7 4 28 0.00343828 0.012 0.0237375 2 
8 4 28 0 0.026 0.085835 1 
9 4 28 0 0.014 0.019533 1 
10 4 28 0 0.012 0.0178758 2 
11 4 28 0 0.049 0.022781 1 
12 4 28 0 0.031 0.0182898 1 
13 4 28 0 0.001 0.021778 1 
14 4 28 0.0238448 0.025 0.0189409 9 
15 4 28 0 0.013 0.0188972 1 
16 4 28 0 0.043 0.0218619 1 
17 4 28 0.0614516 0.008 0.024739 16 
18 4 28 0 0.036 0.0194453 1 
19 4 28 0.0110376 0.019 0.0281842 7 
20 4 28 0.00386221 0.007 0.0217406 5 
21 4 28 0 0.041 0.018969 1 
22 4 28 0.00903525 0.021 0.0208918 3 
23 4 28 0 0.005 0.0212324 1 
24 4 28 0 0.024 0.0234858 1 
25 4 28 0 0.032 0.0251098 1 
26 4 28 0.0226213 0.021 0.0230196 5 
27 4 28 0 0.047 0.0202627 1 
28 4 28 0 0.026 0.0229774 1 
29 4 28 0 0.002 0.0197959 1 
30 4 28 0.000123845 0.012 0.0182692 2 
31 4 28 0 0.032 0.0252095 1 
32 4 28 0 0.03 0.0231106 1 
0 4 29 0.000290757 0.004 0.0264194 2 
1 4 29 0 0.001 0.0205299 1 
2 4 29 0 0.008 0.0232654 1 
3 4 29 0 0.032 0.0255272 1 
4 4 29 0 0.011 0.0426953 2 
5 4 29 0 0.032 0.0253266 1 
6 4 29 0.00082253 0.037 0.0258299 3 
7 4 29 0 0.012 0.0215925 1 
8 4 29 0 0.032 0.0236093 1 
9 4 29 0.0239407 0.03 0.0158127 2 
10 4 29 0 0.004 0.0225139 1 
11 4 29 0 0.03 0.0265664 1 
12 4 29 0 0.009 0.0180563 1 
13 4 29 0.0121373 0.007 0.0205144 4 
14 4 29 0 0.03 0.0213697 1 
15 4 29 0 0.017 0.0181942 1 
16 4 29 0 0.032 0.0202114 1 
17 4 29 0 0.034 0.0231785 1 
18 4 29 0 0.03 0.017834 1 
19 4 29 0 0.046 0.0214669 1 
20 4 29 0 0.021 0.021312 1 
21 4 29 0 0.03 0.0239817 1 
22 4 29 0 0.045 0.0216966 1 
23 4 29 0.00929695 0.017 0.0192815 5 
24 4 29 0 0.044 0.0210383 1 
25 4 29 0 0.049 0.0165955 1 
26 4 29 0 0.005 0.0205399 1 
27 4 29 0 0.007 0.022834 2 
28 4 29 0.000482688 0.016 0.0176013 2 
29 4 29 0 0.043 0.0233628 1 
30 4 29 0 0.023 0.0215123 1 
31 4 29 0 0.031 0.0176874 1 
32 4 29 0 0.009 0.0218567 1 
0 4 30 0.0771288 0.001 0.024061 62 
1 4 30 0 0.01 0.0158336 1 
2 4 30 0 0.019 0.0191862 1 
3 4 30 0.0140738 0.017 0.0227252 8 
4 4 30 0 0.031 0.0235483 1 
5 4 30 0.0082579 0.006 0.0217892 2 
6 4 30 0 0.039 0.0227618 1 
7 4 30 0 0.003 0.0225124 1 
8 4 30 2.4948e-05 0.041 0.107576 1 
9 4 30 0 0.014 0.0290722 1 
10 4 30 0.00702345 0.04 0.120313 1 
11 4 30 0 0.025 0.0252895 1 
12 4 30 0 0.006 0.0231865 1 
13 4 30 0 0.035 0.0219167 1 
14 4 30 0 0.014 0.0243766 1 
15 4 30 0.000346875 0.008 0.0170929 2 
16 4 30 0 0.005 0.0200806 1 
17 4 30 0 0.047 0.0228833 1 
18 4 30 0 0.016 0.0235506 1 
19 4 30 0 0.019 0.0185652 1 
20 4 30 0.00927471 0.005 0.0237036 3 
21 4 30 0 0.006 0.0240064 1 
22 4 30 0 0.018 0.0220788 1 
23 4 30 0 0.046 0.0206697 1 
24 4 30 0 0.034 0.0270858 1 
25 4 30 0.00489577 0.02 0.0227965 3 
26 4 30 0.00450508 0.026 0.0221994 2 
27 4 30 0.0316715 0.003 0.0192355 17 
28 4 30 0.00041084 0.031 0.0232925 2 
29 4 30 0 0.034 0.0234369 1 
30 4 30 0 0.036 0.0257306 1 
31 4 30 0 0.01 0.024799 1 
32 4 30 0 0.021 0.0212192 1 
0 4 31 0 0.029 0.0197531 1 
1 4 31 0.019176 0.009 0.0215998 8 
2 4 31 0 0.035 0.0205503 1 
3 4 31 0 0.012 0.0201873 1 
4 4 31 0.00756165 0.047 0.131041 1 
5 4 31 0 0.028 0.0560724 2 
6 4 31 0 0.021 0.0271341 1 
7 4 31 0.00142983 0.022 0.0258438 2 
8 4 31 0 0.043 0.0825577 1 
9 4 31 0 0.047 0.0250816 1 
10 4 31 0.00640266 0.004 0.0171488 3 
11 4 31 0 0.012 0.0302577 1 
12 4 31 0.0142831 0.01 0.0202279 3 
13 4 31 0.0282559 0.001 0.0203157 24 
14 4 31 0.0270398 0.025 0.0191853 5 
15 4 31 0 0.011 0.0223133 1 
16 4 31 0 0.039 0.0172668 1 
17 4 31 0.0103411 0.003 0.0266529 5 
18 4 31 0.000503633 0.012 0.021769 2 
19 4 31 0 0.046 0.0242144 1 
20 4 31 0 0.039 0.0284837 1 
21 4 31 0.0192174 0.046 0.0197945 4 
22 4 31 0.00822704 0.003 0.0162813 3 
23 4 31 0 0.02 0.0221844 1 
24 4 31 0 0.038 0.0221651 1 
25 4 31 0 0.035 0.0192663 1 
26 4 31 0.00995193 0.005 0.025291 8 
27 4 31 0 0.033 0.0244182 1 
28 4 31 0.000503633 0.007 0.0247963 2 
29 4 31 0 0.002 0.016591 1 
30 4 31 0.0242754 0.009 0.0199022 7 
31 4 31 0 0.018 0.0254471 1 
32 4 31 0 0.038 0.0231254 1 
0 4 32 0 0.045 0.0237026 1 
1 4 32 0.0133837 0.042 0.020878 3 
2 4 32 0 0.018 0.0266366 1 
3 4 32 0.0112984 0.007 0.0217396 6 
4 4 32 0 0.007 0.126194 1 
5 4 32 0 0.023 0.0262306 1 
6 4 32 0 0.048 0.0216526 1 
7 4 32 0 0.023 0.0196467 1 
8 4 32 0 0.043 0.0944695 1 
9 4 32 0.00347961 0.024 0.021672 2 
10 4 32 0 0.045 0.023345 1 
11 4 32 0 0.009 0.0216918 1 
12 4 32 0 0.018 0.0158796 1 
13 4 32 0 0.035 0.0182414 1 
14 4 32 0.0781965 0.002 0.0206627 43 
15 4 32 0 0.007 0.0185102 1 
16 4 32 0 0.019 0.0193942 1 
17 4 32 0 0.004 0.0158538 1 
18 4 32 0 0.016 0.0211521 1 
19 4 32 0 0.047 0.0251854 1 
20 4 32 0 0.015 0.0208711 1 
21 4 32 0.00737533 0.02 0.0218754 3 
22 4 32 0 0.034 0.0263941 1 
23 4 32 0 0.008 0.0203459 1 
24 4 32 0 0.016 0.0243499 1 
25 4 32 0 0.024 0.0236376 1 
26 4 32 0 0.016 0.0225877 1 
27 4 32 0 0.028 0.0205643 1 
28 4 32 0 0.047 0.0189899 1 
29 4 32 0 0.017 0.0216 1 
30 4 32 0.0216107 0.029 0.0180818 4 
31 4 32 0 0.009 0.0175118 1 
32 4 32 0.0124009 0.012 0.0205881 7 
0 4 33 0.0220659 0.001 0.0221149 11 
1 4 33 0.00262017 0.03 0.0219147 2 
2 4 33 0 0.011 0.0223664 1 
3 4 33 0 0.022 0.0270012 1 
4 4 33 0 0.003 0.106283 1 
5 4 33 0 0.035 0.0613742 2 
6 4 33 0 0.027 0.0224267 1 
7 4 33 0 0.015 0.0215811 1 
8 4 33 0 0.03 0.0441234 2 
9 4 33 0.0177329 0.007 0.0242825 7 
10 4 33 0 0.046 0.0207495 1 
11 4 33 0.000424308 0.02 0.0193108 2 
12 4 33 0 0.04 0.0234974 1 
13 4 33 0.0040894 0.044 0.0241197 2 
14 4 33 0 0.003 0.0234168 1 
15 4 33 0 0.022 0.0232274 1 
16 4 33 0 0.046 0.0210763 1 
17 4 33 0.0277874 0.011 0.0183814 9 
18 4 33 0 0.011 0.0279993 1 
19 4 33 0.000983817 0.002 0.0206544 3 
20 4 33 0.000487812 0.008 0.0198841 2 
21 4 33 0 0.022 0.0196112 1 
22 4 33 0 0.039 0.022492 1 
23 4 33 0 0.044 0.0200639 1 
24 4 33 0 0.006 0.022325 1 
25 4 33 0.0039958 0.003 0.0263837 2 
26 4 33 0.00331582 0.014 0.0201179 3 
27 4 33 0 0.017 0.0208655 1 
28 4 33 0 0.03 0.0200834 1 
29 4 33 0 0.021 0.0221622 1 
30 4 33 0.00661018 0.002 0.0231967 3 
31 4 33 0 0.044 0.0262313 1 
32 4 33 0.00473103 0.027 0.0226043 3 
0 4 34 0.00592813 0.026 0.0243923 2 
1 4 34 0.000631006 0.011 0.0205302 2 
2 4 34 0 0.039 0.0220892 1 
3 4 34 0 0.023 0.0175222 1 
4 4 34 0.000344705 0.039 0.120143 1 
5 4 34 0 0.014 0.0220545 1 
6 4 34 0 0.002 0.0182441 1 
7 4 34 0 0.045 0.0242715 1 
8 4 34 0 0.045 0.0243159 1 
9 4 34 0 0.047 0.0233418 1 
10 4 34 0 0.042 0.0180582 1 
11 4 34 0 0.039 0.0176294 1 
12 4 34 0.00111071 0.009 0.0251536 2 
13 4 34 0 0.007 0.0200915 1 
14 4 34 0 0.049 0.0233511 1 
15 4 34 0 0.019 0.0228428 1 
16 4 34 0 0.019 0.0212028 1 
17 4 34 0.0176611 0.003 0.02271 6 
18 4 34 0 0.02 0.0176095 1 
19 4 34 0 0.048 0.02015 1 
20 4 34 4.02218e-05 0.025 0.0216417 2 
21 4 34 0 0.022 0.0181697 1 
22 4 34 0 0.036 0.0318084 1 
23 4 34 0.00608135 0.036 0.0237985 3 
24 4 34 0 0.004 0.0223712 1 
25 4 34 0.00379136 0.036 0.0209677 4 
26 4 34 0 0.042 0.0277898 1 
27 4 34 0.0111785 0.011 0.0167803 3 
28 4 34 0 0.031 0.0210896 1 
29 4 34 0 0.039 0.0240887 1 
30 4 34 0 0.009 0.0251451 1 
31 4 34 0 0.029 0.0234337 1 
32 4 34 0 0.042 0.0205219 1 
0 4 35 0 0.036 0.0242727 1 
1 4 35 0 0.039 0.0268885 1 
2 4 35 0 0.031 0.0188529 1 
3 4 35 0 0.028 0.0216302 1 
4 4 35 0.00100831 0.042 0.138737 1 
5 4 35 0 0.043 0.0458671 2 
6 4 35 0 0.042 0.024717 1 
7 4 35 0 0.025 0.0196322 1 
8 4 35 0 0.018 0.0211878 1 
9 4 35 0 0.014 0.0220132 1 
10 4 35 0 0.014 0.0269899 1 
11 4 35 0 0.007 0.0212883 1 
12 4 35 0 0.024 0.0192052 1 
13 4 35 0 0.048 0.0247556 1 
14 4 35 0.00638014 0.014 0.01754 4 
15 4 35 0 0.049 0.0212148 1 
16 4 35 0 0.049 0.0188546 1 
17 4 35 0 0.048 0.0253599 1 
18 4 35 0 0.028 0.0216724 1 
19 4 35 0 0.039 0.0276791 1 
20 4 35 0 0.041 0.0164875 1 
21 4 35 0 0.014 0.0248885 1 
22 4 35 0 0.002 0.0218734 1 
23 4 35 0.0107375 0.014 0.0258697 5 
24 4 35 0 0.007 0.0272174 1 
25 4 35 0.0276657 0.004 0.0250943 22 
26 4 35 0 0.018 0.0180715 1 
27 4 35 0 0.032 0.0207977 1 
28 4 35 0 0.025 0.0192164 1 
29 4 35 0 0.003 0.0197306 1 
30 4 35 0 0.002 0.0219598 1 
31 4 35 0 0.048 0.0175822 1 
32 4 35 0 0.006 0.0203856 1 
0 4 36 0.00260274 0.012 0.0235155 3 
1 4 36 8.11954e-05 0.014 0.0218847 2 
2 4 36 0 0.012 0.0233489 1 
3 4 36 0 0.011 0.0253352 1 
4 4 36 0.00185174 0.018 0.0461547 2 
5 4 36 0.00114379 0.044 0.0184517 2 
6 4 36 0 0.017 0.0197788 1 
7 4 36 0 0.022 0.0242181 1 
8 4 36 0 0.049 0.0206651 1 
9 4 36 0 0.03 0.0197375 1 
10 4 36 0.0083482 0.033 0.0199176 2 
11 4 36 0 0.017 0.0207879 1 
12 4 36 0 0.041 0.0241503 1 
13 4 36 0 0.026 0.0287057 1 
14 4 36 0.0304699 0.006 0.0188935 15 
15 4 36 0 0.024 0.0203234 1 
16 4 36 0 0.036 0.0191424 1 
17 4 36 0 0.046 0.025214 1 
18 4 36 0 0.013 0.0241525 1 
19 4 36 0.0130104 0.016 0.0243608 6 
20 4 36 0.0196345 0.01 0.0181499 4 
21 4 36 0 0.004 0.0235475 1 
22 4 36 0.0089712 0.007 0.0162033 8 
23 4 36 0 0.026 0.0229397 1 
24 4 36 0 0.01 0.0209872 1 
25 4 36 0.0193902 0.012 0.0206139 8 
26 4 36 0 0.049 0.0184567 1 
27 4 36 0 0.025 0.0238373 1 
28 4 36 0.000641045 0.018 0.0241825 2 
29 4 36 0 0.02 0.023671 1 
30 4 36 0.0335812 0.003 0.022805 26 
31 4 36 0 0.015 0.0264351 1 
32 4 36 0 0.01 0.0209342 1 
0 4 37 0 0.023 0.0241691 1 
1 4 37 0 0.029 0.0260958 1 
2 4 37 0.000425323 0.024 0.023597 2 
3 4 37 0.0114776 0.027 0.0234216 5 
4 4 37 0 0.045 0.0224031 1 
5 4 37 0 0.048 0.0532967 3 
6 4 37 0 0.02 0.0228729 1 
7 4 37 0.00260058 0.032 0.0121441 2 
8 4 37 0 0.028 0.0232508 1 
9 4 37 0.000201218 0.013 0.0226972 2 
10 4 37 0.0221295 0.039 0.0371364 6 
11 4 37 0.000425323 0.047 0.0260838 2 
12 4 37 0 0.039 0.0214041 1 
13 4 37 0.000116133 0.005 0.0281745 3 
14 4 37 0.0524728 0.002 0.0167954 20 
15 4 37 0 0.027 0.0155035 1 
16 4 37 0 0.044 0.0196217 1 
17 4 37 0 0.029 0.0188648 1 
18 4 37 0 0.019 0.0200672 1 
19 4 37 0.00219918 0.006 0.0245162 5 
20 4 37 0 0.015 0.0209123 1 
21 4 37 0 0.016 0.02298 1 
22 4 37 0 0.031 0.0223776 1 
23 4 37 0 0.044 0.0173291 1 
24 4 37 0 0.002 0.0229937 1 
25 4 37 0 0.006 0.0205941 1 
26 4 37 0 0.018 0.0230583 1 
27 4 37 0.00831628 0.014 0.0227725 5 
28 4 37 0.000504813 0.03 0.0201196 2 
29 4 37 0 0.026 0.0185806 1 
30 4 37 0 0.028 0.0232495 1 
31 4 37 0 0.023 0.0264302 1 
32 4 37 0 0.023 0.0171824 1 
0 4 38 0 0.033 0.0223903 1 
1 4 38 0 0.036 0.0149962 1 
2 4 38 0.000722245 0.045 0.0264139 2 
3 4 38 0.000560857 0.01 0.0182611 2 
4 4 38 0.00300021 0.004 0.125591 1 
5 4 38 0 0.046 0.022256 1 
6 4 38 0 0.005 0.0216003 1 
7 4 38 0.00180583 0.013 0.0213941 3 
8 4 38 0 0.025 0.0225307 1 
9 4 38 0 0.021 0.0177879 1 
10 4 38 0 0.02 0.0225883 1 
11 4 38 0 0.027 0.0240976 1 
12 4 38 0 0.007 0.022531 1 
13 4 38 0 0.021 0.021883 1 
14 4 38 0.0342557 0.002 0.0241836 47 
15 4 38 0 0.021 0.0196676 1 
16 4 38 0 0.047 0.0157009 1 
17 4 38 0.0957374 0.001 0.0239654 62 
18 4 38 0 0.032 0.0194325 1 
19 4 38 0.00916119 0.035 0.02504 4 
20 4 38 0 0.019 0.0250007 1 
21 4 38 0.00969433 0.005 0.020826 2 
22 4 38 0 0.011 0.0157667 1 
23 4 38 0 0.046 0.0200072 1 
24 4 38 0 0.017 0.0210265 1 
25 4 38 0.0012286 0.005 0.0216121 2 
26 4 38 0 0.027 0.0193637 1 
27 4 38 0 0.038 0.0276672 1 
28 4 38 0.000641551 0.028 0.0215004 2 
29 4 38 0 0.016 0.0207445 1 
30 4 38 0.0334893 0.012 0.019355 15 
31 4 38 0.00425118 0.046 0.0171616 2 
32 4 38 0.000560857 0.027 0.0159932 2 
0 4 39 0 0.018 0.0183743 1 
1 4 39 0.00230314 0.01 0.021844 3 
2 4 39 0.00142441 0.017 0.0217431 2 
3 4 39 0 0.036 0.0234295 1 
4 4 39 0 0.032 0.0425849 2 
5 4 39 0 0.031 0.0200956 1 
6 4 39 0.000260479 0.038 0.0175445 2 
7 4 39 0 0.011 0.0181732 1 
8 4 39 0 0.014 0.0830055 1 
9 4 39 0 0.045 0.0263623 1 
10 4 39 0 0.035 0.0284681 1 
11 4 39 0 0.002 0.0235499 1 
12 4 39 0.000821281 0.003 0.0140098 2 
13 4 39 0.00207666 0.018 0.0209941 3 
14 4 39 0.0030561 0.038 0.0213159 2 
15 4 39 0.000859424 0.009 0.0250681 2 
16 4 39 0 0.015 0.0164351 1 
17 4 39 0.011141 0.013 0.0208514 5 
18 4 39 0 0.013 0.0225097 1 
19 4 39 0 0.001 0.024931 1 
20 4 39 0 0.014 0.0208773 1 
21 4 39 0 0.034 0.0180576 1 
22 4 39 0 0.011 0.0275428 1 
23 4 39 0 0.047 0.0199557 1 
24 4 39 0 0.012 0.021747 1 
25 4 39 0 0.029 0.0207785 1 
26 4 39 0 0.039 0.0237582 1 
27 4 39 0.00276021 0.027 0.0212377 2 
28 4 39 0 0.008 0.0215133 1 
29 4 39 0 0.048 0.0189002 1 
30 4 39 0.0215603 0.027 0.0171927 5 
31 4 39 0.00572708 0.018 0.0201738 2 
32 4 39 0.00723755 0.007 0.0190628 3 
0 4 40 0 0.011 0.0192072 1 
1 4 40 0.00948179 0.032 0.0195157 2 
2 4 40 0.00102676 0.013 0.0256161 2 
3 4 40 0 0.009 0.0194907 1 
4 4 40 0 0.02 0.0242937 1 
5 4 40 0.00129962 0.045 0.134864 1 
6 4 40 0 0.024 0.0227099 1 
7 4 40 0 0.017 0.0199305 1 
8 4 40 0 0.02 0.0783664 1 
9 4 40 0.0128203 0.043 0.0199898 2 
10 4 40 0 0.001 0.0274561 1 
11 4 40 0 0.003 0.0266907 1 
12 4 40 0 0.022 0.0229981 1 
13 4 40 0 0.015 0.0203945 1 
14 4 40 0.0438972 0.007 0.0176631 16 
15 4 40 0 0.032 0.0215702 1 
16 4 40 0 0.038 0.019952 1 
17 4 40 0.0133207 0.009 0.0194767 5 
18 4 40 0 0.041 0.0254865 1 
19 4 40 0.000742987 0.024 0.02028 2 
20 4 40 0.000753525 0.002 0.016896 2 
21 4 40 0 0.012 0.0343195 1 
22 4 40 0.0198783 0.002 0.0195452 17 
23 4 40 0.0102056 0.043 0.0212615 3 
24 4 40 0 0.047 0.0207265 1 
25 4 40 0.00251214 0.02 0.0154783 2 
26 4 40 0.0113316 0.006 0.0221727 9 
27 4 40 0 0.013 0.017177 3 
28 4 40 0 0.006 0.0194977 1 
29 4 40 0 0.001 0.015495 1 
30 4 40 0 0.013 0.023659 1 
31 4 40 0 0.012 0.0233071 1 
32 4 40 0 0.004 0.019353 1 
0 4 41 0 0.024 0.0220296 1 
1 4 41 0 0.002 0.0213772 1 
2 4 41 0.00281168 0.019 0.0181969 2 
3 4 41 0 0.022 0.0198185 1 
4 4 41 0 0.033 0.0229838 1 
5 4 41 0.0073876 0.01 0.0333108 3 
6 4 41 0 0.045 0.0215003 1 
7 4 41 0 0.012 0.0208399 1 
8 4 41 0 0.023 0.0266472 1 
9 4 41 0.053797 0.005 0.0231858 16 
10 4 41 0 0.001 0.12203 1 
11 4 41 0.000966155 0.047 0.0207772 2 
12 4 41 0.0115734 0.014 0.0179292 4 
13 4 41 0.00205475 0.012 0.0252188 3 
14 4 41 0.0310179 0.014 0.0209442 15 
15 4 41 0 0.013 0.0214991 1 
16 4 41 0 0.028 0.0195281 1 
17 4 41 0 0.035 0.018586 1 
18 4 41 0.00108062 0.025 0.0150765 2 
19 4 41 0 0.024 0.0175559 1 
20 4 41 0.00174446 0.018 0.025692 3 
21 4 41 0.000508276 0.033 0.0316863 2 
22 4 41 0 0.048 0.0244038 1 
23 4 41 0 0.042 0.0129477 1 
24 4 41 0 0.045 0.025995 1 
25 4 41 0 0.002 0.0243266 1 
26 4 41 0 0.047 0.018255 1 
27 4 41 0 0.007 0.0201088 1 
28 4 41 0 0.015 0.0204575 1 
29 4 41 0 0.008 0.0177619 1 
30 4 41 0 0.038 0.0242912 1 
31 4 41 0 0.044 0.0153744 1 
32 4 41 0 0.044 0.0275494 1 
0 4 42 0.00084698 0.013 0.0175055 2 
1 4 42 0 0.043 0.0192282 1 
2 4 42 0.00125496 0.003 0.020539 2 
3 4 42 0.0115592 0.045 0.0163546 2 
4 4 42 0 0.011 0.133188 1 
5 4 42 0 0.039 0.0208324 1 
6 4 42 0 0.009 0.0258982 1 
7 4 42 0 0.001 0.0171571 1 
8 4 42 0 0.044 0.0936134 1 
9 4 42 0 0.031 0.0209713 1 
10 4 42 0 0.04 0.0168891 1 
11 4 42 0.00139269 0.003 0.0228824 2 
12 4 42 0 0.014 0.0225462 1 
13 4 42 0 0.001 0.0202006 1 
14 4 42 0 0.046 0.0187697 1 
15 4 42 0 0.021 0.0267224 1 
16 4 42 0 0.004 0.0216057 1 
17 4 42 0 0.049 0.0164104 1 
18 4 42 0 0.012 0.020748 1 
19 4 42 0.0152538 0.001 0.0220527 4 
20 4 42 0 0.04 0.0252152 1 
21 4 42 0.0018554 0.038 0.0219192 2 
22 4 42 0.00012571 0.008 0.0179623 2 
23 4 42 0 0.009 0.0212418 1 
24 4 42 0 0.001 0.0197568 1 
25 4 42 0 0.037 0.0207644 1 
26 4 42 0 0.003 0.0238886 1 
27 4 42 0 0.043 0.0244119 1 
28 4 42 0 0.002 0.0251993 1 
29 4 42 0.00150837 0.023 0.0256716 2 
30 4 42 0 0.002 0.0248953 1 
31 4 42 0 0.038 0.0285338 1 
32 4 42 0.0115936 0.021 0.0266354 6 
0 4 43 0 0.013 0.0214495 1 
1 4 43 0.0187114 0.004 0.0206283 12 
2 4 43 0.000967039 0.04 0.0202766 2 
3 4 43 0 0.031 0.0161946 1 
4 4 43 0 0.005 0.112386 1 
5 4 43 0 0.028 0.0256716 1 
6 4 43 0.000623719 0.013 0.0235219 2 
7 4 43 0 0.013 0.0217651 1 
8 4 43 0 0.046 0.0551695 3 
9 4 43 0 0.004 0.0223054 1 
10 4 43 0 0.01 0.038985 3 
11 4 43 0 0.01 0.0231835 1 
12 4 43 0.00819608 0.008 0.0175298 3 
13 4 43 0.00290981 0.009 0.0159646 5 
14 4 43 0.00303745 0.022 0.0142664 2 
15 4 43 0 0.036 0.0148815 1 
16 4 43 0 0.042 0.0280925 1 
17 4 43 0 0.041 0.0192805 1 
18 4 43 0 0.027 0.0188802 1 
19 4 43 0 0.03 0.0210272 1 
20 4 43 0 0.037 0.0217899 1 
21 4 43 0 0.001 0.0233006 1 
22 4 43 0.0497804 0.002 0.0263011 24 
23 4 43 0.00456483 0.027 0.029598 3 
24 4 43 0 0.002 0.0276779 1 
25 4 43 0.0162741 0.013 0.0251698 8 
26 4 43 0 0.032 0.0258397 1 
27 4 43 0 0.039 0.0181284 1 
28 4 43 0 0.025 0.0230767 1 
29 4 43 0.000852599 0.002 0.0199331 2 
30 4 43 0 0.02 0.0190185 1 
31 4 43 0 0.047 0.0215773 1 
32 4 43 0 0.023 0.0226587 1 
0 4 44 0.0190028 0.005 0.0225092 16 
1 4 44 0 0.019 0.0257259 1 
2 4 44 0 0.008 0.0164694 1 
3 4 44 0 0.003 0.0205296 1 
4 4 44 0 0.001 0.0945977 4 
5 4 44 0.00444704 0.037 0.129283 1 
6 4 44 0 0.008 0.0277254 1 
7 4 44 0.00116637 0.025 0.0265907 2 
8 4 44 0 0.004 0.0218911 1 
9 4 44 0 0.025 0.0186997 1 
10 4 44 0 0.035 0.0161383 1 
11 4 44 0 0.042 0.0218213 1 
12 4 44 0.00399048 0.041 0.0233393 4 
13 4 44 0 0.024 0.0242318 1 
14 4 44 0 0.042 0.0174169 1 
15 4 44 0 0.016 0.019539 1 
16 4 44 0 0.013 0.0219374 1 
17 4 44 0.00694447 0.01 0.0254707 8 
18 4 44 0.00127769 0.011 0.0218465 2 
19 4 44 0.00171559 0.03 0.023715 3 
20 4 44 0 0.024 0.0275558 1 
21 4 44 0 0.039 0.0296783 1 
22 4 44 0 0.041 0.0166608 1 
23 4 44 0 0.015 0.0200887 1 
24 4 44 0 0.022 0.028457 1 
25 4 44 0.00391508 0.009 0.0195891 4 
26 4 44 0.0104975 0.042 0.0211849 2 
27 4 44 0 0.037 0.0228141 1 
28 4 44 0.00127769 0.025 0.0172765 2 
29 4 44 0 0.016 0.0235866 1 
30 4 44 0 0.028 0.018989 1 
31 4 44 0.0121632 0.023 0.0227742 3 
32 4 44 0.00455857 0.002 0.0215642 2 
0 4 45 0.00102639 0.005 0.0217152 4 
1 4 45 0 0.014 0.0225305 1 
2 4 45 0 0.002 0.0167101 1 
3 4 45 0 0.041 0.0183047 1 
4 4 45 0 0.003 0.0265114 1 
5 4 45 0.00983862 0.018 0.022099 3 
6 4 45 0 0.047 0.0288872 1 
7 4 45 0 0.021 0.0221572 1 
8 4 45 0.00934288 0.02 0.0228941 2 
9 4 45 0 0.016 0.0201664 1 
10 4 45 0 0.012 0.0221575 1 
11 4 45 0.00096797 0.016 0.0201725 2 
12 4 45 0.0137676 0.038 0.0224186 5 
13 4 45 0.00788885 0.01 0.0224213 4 
14 4 45 0.0148849 0.018 0.0221259 6 
15 4 45 0 0.03 0.0211103 1 
16 4 45 0 0.042 0.0207032 1 
17 4 45 0 0.036 0.0189735 1 
18 4 45 0 0.017 0.0221919 1 
19 4 45 0.0110168 0.004 0.0257106 4 
20 4 45 0 0.043 0.0210567 1 
21 4 45 0 0.023 0.0196028 1 
22 4 45 0 0.014 0.0197787 1 
23 4 45 0.000231209 0.003 0.0227964 3 
24 4 45 0 0.041 0.0235151 1 
25 4 45 0 0.011 0.0168216 1 
26 4 45 0.0142592 0.033 0.0228601 5 
27 4 45 0.0118577 0.008 0.0221137 4 
28 4 45 0 0.001 0.023129 1 
29 4 45 0 0.033 0.0277299 1 
30 4 45 0 0.04 0.0163961 1 
31 4 45 0.0124767 0.016 0.0235983 2 
32 4 45 0.0440531 0.009 0.0193185 15 
0 4 46 0 0.046 0.0216995 1 
1 4 46 0.00428172 0.039 0.0171101 3 
2 4 46 0.000652433 0.005 0.0218333 2 
3 4 46 0.00434336 0.014 0.018993 5 
4 4 46 0 0.001 0.019563 1 
5 4 46 0 0.015 0.0199913 1 
6 4 46 0 0.036 0.0211033 1 
7 4 46 0 0.028 0.0223263 1 
8 4 46 0.00445155 0.006 0.311633 3 
9 4 46 0 0.006 0.0241971 1 
10 4 46 0 0.001 0.0231018 1 
11 4 46 0 0.01 0.0206163 1 
12 4 46 0 0.042 0.0186774 1 
13 4 46 0 0.023 0.0208535 1 
14 4 46 0.0717739 0.001 0.0216526 27 
15 4 46 0 0.023 0.0243125 1 
16 4 46 0 0.042 0.0177282 1 
17 4 46 0 0.02 0.0172978 1 
18 4 46 0 0.027 0.0190983 1 
19 4 46 0.00094156 0.004 0.0227478 3 
20 4 46 0 0.029 0.0257221 1 
21 4 46 0 0.007 0.0198129 1 
22 4 46 0 0.008 0.0220249 1 
23 4 46 0 0.046 0.0193068 1 
24 4 46 0 0.044 0.0178726 1 
25 4 46 0.0020488 0.009 0.0165218 3 
26 4 46 0 0.022 0.0253196 1 
27 4 46 0.00320053 0.026 0.0203311 2 
28 4 46 0 0.006 0.0200035 1 
29 4 46 0 0.022 0.0239749 1 
30 4 46 0 0.016 0.0267162 1 
31 4 46 0 0.028 0.0206895 1 
32 4 46 0 0.048 0.0233077 1 
0 4 47 0 0.023 0.0189335 1 
1 4 47 0.00780664 0.028 0.0193219 4 
2 4 47 0.000968985 0.012 0.0260959 2 
3 4 47 0 0.01 0.0243165 1 
4 4 47 0 0.032 0.0268862 1 
5 4 47 0 0.026 0.0224957 1 
6 4 47 0 0.003 0.0234387 1 
7 4 47 0.0316828 0.02 0.0182367 12 
8 4 47 0 0.021 0.0220555 1 
9 4 47 0 0.038 0.0253248 1 
10 4 47 0 0.026 0.0234665 1 
11 4 47 0 0.02 0.0240266 1 
12 4 47 0 0.031 0.0234557 1 
13 4 47 0.0123089 0.002 0.0208503 4 
14 4 47 0.0230455 0.011 0.0178976 9 
15 4 47 0 0.026 0.0238623 1 
16 4 47 0 0.016 0.0232323 1 
17 4 47 0 0.029 0.0262995 1 
18 4 47 0 0.007 0.0219584 1 
19 4 47 0 0.008 0.0233208 1 
20 4 47 0 0.033 0.0201737 1 
21 4 47 0.000511465 0.031 0.0256813 2 
22 4 47 0.0530605 0.001 0.0225373 53 
23 4 47 0 0.026 0.0252527 1 
24 4 47 0 0.036 0.0290863 1 
25 4 47 0.0114731 0.003 0.0240943 6 
26 4 47 0 0.042 0.0247135 1 
27 4 47 0.0013668 0.003 0.0193564 2 
28 4 47 0.00108337 0.049 0.0257763 2 
29 4 47 0 0.034 0.0250292 1 
30 4 47 0 0.014 0.0221851 1 
31 4 47 0 0.035 0.0176452 1 
32 4 47 0.0012466 0.02 0.0240319 2 
0 4 48 0 0.007 0.0210735 1 
1 4 48 0 0.044 0.0196083 1 
2 4 48 0 0.034 0.019014 1 
3 4 48 0 0.031 0.016963 1 
4 4 48 0 0.014 0.111277 1 
5 4 48 0 0.031 0.144215 1 
6 4 48 0 0.041 0.0220904 1 
7 4 48 0.0142197 0.003 0.0205695 2 
8 4 48 0.0105339 0.004 0.0152722 2 
9 4 48 0 0.044 0.021447 1 
10 4 48 0 0.03 0.0184329 1 
11 4 48 0 0.048 0.0249217 1 
12 4 48 0 0.011 0.025525 1 
13 4 48 0 0.046 0.0224608 1 
14 4 48 0 0.039 0.0257203 1 
15 4 48 0 0.013 0.0242013 1 
16 4 48 0 0.032 0.0235375 1 
17 4 48 0 0.041 0.0287955 1 
18 4 48 0.00127926 0.023 0.0198305 2 
19 4 48 0 0.009 0.0226976 1 
20 4 48 0 0.04 0.0231847 1 
21 4 48 0.00824583 0.045 0.021611 2 
22 4 48 0 0.019 0.0246668 1 
23 4 48 0 0.004 0.0199795 1 
24 4 48 0 0.025 0.0242737 1 
25 4 48 0 0.022 0.0153098 1 
26 4 48 0 0.049 0.0249535 1 
27 4 48 0 0.046 0.0283831 1 
28 4 48 0 0.049 0.0222134 1 
29 4 48 0 0.021 0.0217146 1 
30 4 48 0.00824372 0.009 0.020087 9 
31 4 48 0.0163047 0.04 0.0191738 2 
32 4 48 0 0.001 0.0192733 1 
0 4 49 0 0.02 0.0206586 1 
1 4 49 0 0.03 0.0213329 1 
2 4 49 0 0.044 0.024153 1 
3 4 49 0 0.031 0.0262702 1 
4 4 49 0 0.048 0.0360742 2 
5 4 49 0 0.016 0.132384 1 
6 4 49 0 0.008 0.016143 1 
7 4 49 0.00577926 0.046 0.0193391 4 
8 4 49 0 0.031 0.0338007 2 
9 4 49 0.0162033 0.007 0.021535 6 
10 4 49 0 0.001 0.0178437 1 
11 4 49 0 0.047 0.020993 1 
12 4 49 0 0.026 0.022843 1 
13 4 49 0 0.045 0.0237475 1 
14 4 49 0 0.038 0.0160995 1 
15 4 49 0 0.027 0.0209255 1 
16 4 49 0 0.026 0.0237534 1 
17 4 49 0.0055706 0.003 0.0270892 10 
18 4 49 0 0.031 0.0249677 1 
19 4 49 0 0.049 0.0196342 1 
20 4 49 0.00434189 0.045 0.0219226 2 
21 4 49 0 0.022 0.0239462 1 
22 4 49 0.0322246 0.005 0.0265209 22 
23 4 49 0 0.017 0.0259507 1 
24 4 49 0 0.042 0.0236557 1 
25 4 49 0 0.036 0.0273126 1 
26 4 49 0 0.048 0.0172744 1 
27 4 49 0.0203342 0.013 0.0206025 9 
28 4 49 0 0.018 0.0294478 1 
29 4 49 0 0.016 0.0228648 1 
30 4 49 0 0.006 0.0210681 1 
31 4 49 0.0208661 0.035 0.0167332 3 
32 4 49 0 0.045 0.0150635 1 
0 4 50 0 0.045 0.0221124 1 
1 4 50 0.00275336 0.001 0.0208741 3 
2 4 50 0 0.049 0.017077 1 
3 4 50 0.0287912 0.003 0.0259058 19 
4 4 50 0 0.024 0.0260536 1 
5 4 50 0.00359143 0.04 0.0494884 2 
6 4 50 0 0.023 0.0230556 1 
7 4 50 0.000174874 0.016 0.020482 3 
8 4 50 0 0.041 0.0261515 1 
9 4 50 0 0.041 0.0204801 1 
10 4 50 0 0.018 0.0187782 1 
11 4 50 0 0.002 0.0256886 1 
12 4 50 0.00306996 0.005 0.0302349 3 
13 4 50 0.0168811 0.007 0.0181962 6 
14 4 50 0.0116874 0.009 0.0204178 6 
15 4 50 0 0.017 0.0211383 1 
16 4 50 0 0.024 0.0240484 1 
17 4 50 0 0.002 0.0206817 1 
18 4 50 0 0.023 0.0206203 1 
19 4 50 0.0128023 0.015 0.0206237 9 
20 4 50 0 0.032 0.0203622 1 
21 4 50 0 0.039 0.0220352 1 
22 4 50 0.00938352 0.025 0.0202402 5 
23 4 50 0.0027577 0.042 0.0214888 2 
24 4 50 0 0.04 0.0169658 1 
25 4 50 0 0.011 0.0237605 1 
26 4 50 0 0.033 0.0192968 1 
27 4 50 0 0.042 0.0202796 1 
28 4 50 0 0.032 0.0156253 1 
29 4 50 0.00475393 0.04 0.0222883 3 
30 4 50 0.00708064 0.031 0.0186139 2 
31 4 50 0.0190103 0.023 0.0190489 2 
32 4 50 0 0.021 0.0223869 1 
0 4 51 0 0.017 0.0237497 1 
1 4 51 0.00846503 0.045 0.0213783 5 
2 4 51 0 0.037 0.021205 1 
3 4 51 0 0.039 0.0150285 1 
4 4 51 0.00405983 0.009 0.0249621 2 
5 4 51 0 0.028 0.0213879 1 
6 4 51 0 0.002 0.0188233 1 
7 4 51 0 0.049 0.0187416 1 
8 4 51 0 0.035 0.097576 1 
9 4 51 0 0.031 0.0226473 1 
10 4 51 0 0.024 0.0182931 1 
11 4 51 0 0.016 0.0230878 1 
12 4 51 0 0.027 0.0170085 1 
13 4 51 0.0238904 0.01 0.0211833 9 
14 4 51 0 0.038 0.0218656 1 
15 4 51 0 0.016 0.0213228 1 
16 4 51 0 0.037 0.0186128 1 
17 4 51 0 0.017 0.0181852 1 
18 4 51 0 0.022 0.0236237 1 
19 4 51 0 0.012 0.0207245 1 
20 4 51 0 0.008 0.025162 1 
21 4 51 0 0.047 0.0188149 1 
22 4 51 0.0165319 0.013 0.0184748 11 
23 4 51 0.0235977 0.014 0.0215846 9 
24 4 51 0 0.043 0.0202807 1 
25 4 51 0 0.014 0.0238986 1 
26 4 51 0.00199141 0.007 0.0199064 3 
27 4 51 0 0.042 0.0201494 1 
28 4 51 0 0.015 0.0249073 1 
29 4 51 0 0.038 0.0225513 1 
30 4 51 0.000381257 0.01 0.0200355 2 
31 4 51 0.0174546 0.023 0.0235765 2 
32 4 51 0.000559675 0.005 0.0258697 2 
0 4 52 0 0.025 0.0204016 3 
1 4 52 0 0.025 0.0235937 1 
2 4 52 0 0.047 0.0272089 1 
3 4 52 0.0047248 0.016 0.0244855 5 
4 4 52 0 0.022 0.134696 1 
5 4 52 0.000480185 0.021 0.0982279 1 
6 4 52 0 0.017 0.0229029 1 
7 4 52 0 0.025 0.0143594 1 
8 4 52 0 0.026 0.024524 1 
9 4 52 0 0.028 0.0185053 1 
10 4 52 0 0.043 0.0249003 1 
11 4 52 0 0.028 0.0210259 1 
12 4 52 0 0.002 0.0219081 1 
13 4 52 0 0.034 0.0216692 1 
14 4 52 0 0.009 0.0183012 1 
15 4 52 0 0.024 0.0246226 1 
16 4 52 0 0.037 0.0194187 1 
17 4 52 0 0.009 0.0243347 1 
18 4 52 0 0.029 0.0190134 1 
19 4 52 0 0.034 0.0222896 1 
20 4 52 0 0.04 0.0236838 1 
21 4 52 0.00502418 0.013 0.0226506 2 
22 4 52 0 0.005 0.0200724 1 
23 4 52 0.00531993 0.048 0.0185125 2 
24 4 52 0 0.002 0.0253553 1 
25 4 52 0.0513297 0.015 0.0184149 7 
26 4 52 0 0.04 0.0255791 1 
27 4 52 0 0.025 0.0208791 1 
28 4 52 0 0.014 0.0215958 1 
29 4 52 0.00151199 0.03 0.0199201 2 
30 4 52 0 0.022 0.0225358 1 
31 4 52 0.00117491 0.015 0.0169124 2 
32 4 52 0.00240064 0.005 0.0242922 2 
0 4 53 0.0820639 0.001 0.0259767 58 
1 4 53 0.00626872 0.02 0.0234097 3 
2 4 53 0 0.011 0.0209458 1 
3 4 53 0 0.015 0.0189763 1 
4 4 53 0 0.027 0.0322624 1 
5 4 53 0 0.003 0.140701 1 
6 4 53 0 0.003 0.0221026 1 
7 4 53 0.0217762 0.001 0.0276537 11 
8 4 53 0 0.006 0.103481 1 
9 4 53 0 0.046 0.0182129 1 
10 4 53 0 0.002 0.124381 1 
11 4 53 0 0.006 0.0189329 1 
12 4 53 0.00254796 0.027 0.0215048 4 
13 4 53 0 0.019 0.0162538 1 
14 4 53 0.0430643 0.006 0.0240444 15 
15 4 53 0 0.016 0.0309871 1 
16 4 53 0 0.04 0.0196251 1 
17 4 53 0.0130404 0.028 0.0153449 2 
18 4 53 0 0.045 0.0235911 1 
19 4 53 0.00105522 0.002 0.0237539 2 
20 4 53 0 0.005 0.0242432 1 
21 4 53 0.000514582 0.012 0.0278582 2 
22 4 53 0 0.019 0.0196876 1 
23 4 53 0 0.039 0.0215341 1 
24 4 53 0 0.04 0.0224787 1 
25 4 53 0.0175467 0.017 0.0205183 6 
26 4 53 0 0.03 0.0221544 1 
27 4 53 0.00021912 0.003 0.0226688 2 
28 4 53 0.00108603 0.015 0.0250018 2 
29 4 53 0.000857451 0.038 0.0249175 2 
30 4 53 0 0.013 0.0233086 1 
31 4 53 0.000743161 0.012 0.013712 2 
32 4 53 0 0.001 0.0203713 1 
0 4 54 0.0186274 0.002 0.0202409 13 
1 4 54 0.000237898 0.013 0.0183066 2 
2 4 54 0 0.032 0.0198704 1 
3 4 54 0.0129788 0.01 0.0225918 4 
4 4 54 0 0.025 0.027202 1 
5 4 54 0.00539455 0.021 0.0187407 3 
6 4 54 0 0.029 0.0254369 1 
7 4 54 0 0.001 0.0187348 1 
8 4 54 0 0.016 0.0163191 1 
9 4 54 0 0.006 0.0265813 3 
10 4 54 0 0.032 0.125753 1 
11 4 54 0 0.026 0.0173624 1 
12 4 54 0 0.008 0.0205202 1 
13 4 54 0 0.04 0.0272253 1 
14 4 54 0.0202066 0.007 0.0213245 11 
15 4 54 0 0.017 0.0256215 1 
16 4 54 0 0.014 0.0162535 1 
17 4 54 0 0.016 0.0150712 1 
18 4 54 0 0.024 0.0167504 1 
19 4 54 0 0.036 0.0234392 1 
20 4 54 0.0371593 0.018 0.0184147 6 
21 4 54 0.00185903 0.031 0.022654 2 
22 4 54 0 0.03 0.0220498 1 
23 4 54 0.0047157 0.013 0.0245141 3 
24 4 54 0 0.032 0.0234849 1 
25 4 54 0.0748565 0.002 0.0204063 30 
26 4 54 0 0.013 0.0225206 1 
27 4 54 0.0167582 0.013 0.0199332 7 
28 4 54 0.00128149 0.048 0.0251151 2 
29 4 54 0 0.013 0.0207423 1 
30 4 54 0.000113065 0.007 0.0166203 2 
31 4 54 0 0.019 0.0267936 1 
32 4 54 0.00345523 0.001 0.0236336 2 
0 4 55 0 0.005 0.0208744 1 
1 4 55 0.00504638 0.001 0.0204043 5 
2 4 55 0 0.012 0.019993 1 
3 4 55 0.0170921 0.027 0.0171587 5 
4 4 55 0 0.01 0.115705 1 
5 4 55 0 0.013 0.0969057 1 
6 4 55 0 0.046 0.0281219 1 
7 4 55 0 0.007 0.0220268 1 
8 4 55 0 0.015 0.102206 1 
9 4 55 0.00656021 0.006 0.0223557 4 
10 4 55 0 0.016 0.0202809 1 
11 4 55 0 0.028 0.0233039 1 
12 4 55 0.000957107 0.008 0.0173238 2 
13 4 55 0.00701308 0.045 0.0201742 3 
14 4 55 0 0.036 0.0185283 1 
15 4 55 0 0.029 0.020975 1 
16 4 55 0 0.029 0.0212147 1 
17 4 55 0 0.032 0.0258175 1 
18 4 55 0.00108682 0.026 0.0153633 2 
19 4 55 0 0.036 0.0189596 1 
20 4 55 0.00153789 0.016 0.01821 5 
21 4 55 0 0.016 0.0214841 1 
22 4 55 0 0.001 0.0207321 1 
23 4 55 0 0.042 0.0149911 1 
24 4 55 0 0.037 0.0266074 1 
25 4 55 0.00827651 0.006 0.0202935 6 
26 4 55 0.0101868 0.001 0.0169654 3 
27 4 55 0.000636594 0.009 0.0232118 4 
28 4 55 0 0.032 0.0244461 1 
29 4 55 0 0.038 0.0202737 1 
30 4 55 0 0.033 0.0211795 1 
31 4 55 0 0.013 0.0243437 1 
32 4 55 0 0.001 0.0177205 1 
0 4 56 0.0290556 0.002 0.0192195 18 
1 4 56 0 0.02 0.0223366 1 
2 4 56 0 0.019 0.0210859 1 
3 4 56 0 0.043 0.0191305 1 
4 4 56 0.00301457 0.011 0.021441 2 
5 4 56 0 0.049 0.0224679 1 
6 4 56 0 0.009 0.0191539 1 
7 4 56 0 0.049 0.0183413 1 
8 4 56 0 0.035 0.0959619 1 
9 4 56 0 0.042 0.0212106 1 
10 4 56 0.000503266 0.028 0.027906 2 
11 4 56 0 0.034 0.0257419 1 
12 4 56 0.000637253 0.009 0.0185846 2 
13 4 56 0 0.002 0.0204236 1 
14 4 56 0 0.041 0.0208257 1 
15 4 56 0 0.025 0.0258532 1 
16 4 56 0 0.012 0.0230694 1 
17 4 56 0 0.001 0.0200101 1 
18 4 56 0 0.004 0.0220423 1 
19 4 56 0 0.019 0.0203762 1 
20 4 56 0 0.024 0.0281448 1 
21 4 56 0.000244843 0.027 0.0146192 2 
22 4 56 0 0.04 0.0244421 1 
23 4 56 0.000468987 0.026 0.0193402 2 
24 4 56 0 0.003 0.0289049 1 
25 4 56 0.0412858 0.003 0.0261498 28 
26 4 56 0.0126462 0.005 0.0195823 8 
27 4 56 0 0.024 0.0181732 1 
28 4 56 0 0.007 0.0188683 1 
29 4 56 0 0.025 0.0206238 1 
30 4 56 0.00680571 0.031 0.023305 2 
31 4 56 0.00162881 0.037 0.0208192 2 
32 4 56 0.0140785 0.006 0.0142478 12 
0 4 57 0 0.023 0.027392 1 
1 4 57 0 0.036 0.021622 1 
2 4 57 0.000973471 0.038 0.0260422 2 
3 4 57 0.0615752 0.003 0.0281097 27 
4 4 57 0 0.012 0.0235791 1 
5 4 57 0 0.04 0.131444 1 
6 4 57 0 0.009 0.0245218 1 
7 4 57 0 0.011 0.0239302 1 
8 4 57 0 0.031 0.0955561 1 
9 4 57 0.00287454 0.006 0.0224142 2 
10 4 57 0 0.038 0.0216216 1 
11 4 57 0 0.038 0.0218101 1 
12 4 57 0 0.036 0.026754 1 
13 4 57 0 0.034 0.0219947 1 
14 4 57 0 0.023 0.0229196 1 
15 4 57 0 0.014 0.0172881 1 
16 4 57 0 0.002 0.0254036 1 
17 4 57 0 0.045 0.0252776 1 
18 4 57 0 0.018 0.0267759 1 
19 4 57 0 0.025 0.0169634 1 
20 4 57 0.0255439 0.027 0.0201796 5 
21 4 57 0.000516556 0.006 0.0310781 2 
22 4 57 0.00668656 0.027 0.0176741 2 
23 4 57 0 0.046 0.0196282 1 
24 4 57 0 0.011 0.0223875 1 
25 4 57 0.0098338 0.024 0.0241138 3 
26 4 57 0 0.029 0.0189671 1 
27 4 57 0 0.042 0.0227167 1 
28 4 57 0 0.048 0.0222379 1 
29 4 57 0.000859242 0.014 0.0189438 2 
30 4 57 0 0.016 0.0175171 1 
31 4 57 0 0.019 0.0288425 1 
32 4 57 0 0.018 0.0222942 1 
0 4 58 0 0.047 0.0224486 1 
1 4 58 0 0.027 0.0227613 1 
2 4 58 0.00139872 0.025 0.0251761 2 
3 4 58 0.00881864 0.004 0.0271431 9 
4 4 58 0 0.03 0.141625 1 
5 4 58 0 0.019 0.108436 1 
6 4 58 0 0.025 0.0251548 1 
7 4 58 0 0.008 0.0217318 1 
8 4 58 0.00313048 0.011 0.0369765 2 
9 4 58 0 0.043 0.0252498 1 
10 4 58 0 0.028 0.0203023 1 
11 4 58 0 0.009 0.0306785 1 
12 4 58 0 0.022 0.0167135 1 
13 4 58 0.0171508 0.007 0.0160628 15 
14 4 58 0 0.034 0.0165563 1 
15 4 58 0 0.021 0.0201494 1 
16 4 58 0 0.019 0.0241884 1 
17 4 58 0 0.042 0.0196825 1 
18 4 58 0 0.025 0.0246739 1 
19 4 58 0 0.025 0.0168463 1 
20 4 58 0 0.015 0.0245039 1 
21 4 58 0 0.039 0.0250887 1 
22 4 58 0 0.004 0.0265392 1 
23 4 58 0 0.033 0.0220042 1 
24 4 58 0 0.034 0.0265903 1 
25 4 58 0 0.009 0.021222 1 
26 4 58 0.000433771 0.004 0.0191575 2 
27 4 58 0 0.005 0.0246703 1 
28 4 58 0 0.028 0.0192573 1 
29 4 58 0 0.014 0.0131793 1 
30 4 58 0 0.038 0.0242808 1 
31 4 58 0.00342654 0.006 0.0180469 5 
32 4 58 0 0.043 0.0257055 1 
0 4 59 0 0.037 0.0229121 1 
1 4 59 0.0017776 0.022 0.0218326 2 
2 4 59 0.000974448 0.035 0.0152434 2 
3 4 59 0.00420418 0.028 0.0187389 6 
4 4 59 0 0.025 0.110106 1 
5 4 59 0 0.038 0.0703195 4 
6 4 59 0 0.023 0.0334502 1 
7 4 59 0 0.017 0.0211527 1 
8 4 59 0 0.01 0.0215633 1 
9 4 59 0 0.024 0.0218317 1 
10 4 59 0 0.022 0.0188326 1 
11 4 59 0 0.043 0.0250284 1 
12 4 59 0 0.024 0.0219983 1 
13 4 59 0.00396343 0.048 0.0247061 2 
14 4 59 0.00695375 0.005 0.0250008 3 
15 4 59 0 0.037 0.0236419 1 
16 4 59 0 0.04 0.0290672 1 
17 4 59 0.000878806 0.002 0.019485 2 
18 4 59 0 0.049 0.023743 1 
19 4 59 0 0.006 0.0243315 1 
20 4 59 0 0.025 0.0172612 1 
21 4 59 0 0.012 0.0212148 1 
22 4 59 0 0.037 0.0165729 1 
23 4 59 0 0.045 0.0246337 1 
24 4 59 0 0.039 0.0248284 1 
25 4 59 0 0.042 0.023056 1 
26 4 59 0 0.027 0.0174666 1 
27 4 59 0 0.041 0.0221095 1 
28 4 59 0.00108865 0.026 0.0247416 2 
29 4 59 0 0.02 0.0220787 1 
30 4 59 0 0.044 0.0230672 1 
31 4 59 0 0.007 0.0305961 1 
32 4 59 0 0.032 0.0228908 1 
0 4 60 0 0.003 0.0161294 1 
1 4 60 0 0.042 0.0255387 1 
2 4 60 0 0.001 0.0246649 1 
3 4 60 0 0.04 0.0160841 1 
4 4 60 0 0.025 0.138862 1 
5 4 60 0 0.005 0.0262538 1 
6 4 60 0.00174577 0.027 0.0232655 2 
7 4 60 0 0.046 0.0189289 1 
8 4 60 0 0.03 0.01544 1 
9 4 60 0 0.029 0.0189065 1 
10 4 60 0 0.011 0.0190444 1 
11 4 60 0 0.046 0.0219368 1 
12 4 60 0 0.033 0.0203335 1 
13 4 60 0 0.019 0.0194937 1 
14 4 60 0 0.049 0.0222893 1 
15 4 60 0 0.028 0.0203924 1 
16 4 60 0 0.015 0.0219899 1 
17 4 60 0.0583257 0.004 0.0192017 26 
18 4 60 0 0.028 0.0240616 1 
19 4 60 0 0.038 0.022163 1 
20 4 60 0 0.035 0.0242967 1 
21 4 60 0.00829313 0.038 0.0222575 2 
22 4 60 0 0.028 0.0213961 1 
23 4 60 0 0.022 0.024369 1 
24 4 60 0 0.027 0.023253 1 
25 4 60 0 0.039 0.0288448 1 
26 4 60 0 0.032 0.0244972 1 
27 4 60 0 0.027 0.0200115 1 
28 4 60 0.00128408 0.014 0.018619 2 
29 4 60 0.00151493 0.047 0.0235148 2 
30 4 60 0.01082 0.001 0.0243281 2 
31 4 60 0 0.014 0.0172885 1 
32 4 60 0 0.018 0.0216909 1 
