0 5 0 0 0.014 0.0150996 1 
1 5 0 0 0.002 0.0195414 2 
2 5 0 0 0.021 0.0205558 1 
3 5 0 0 0.023 0.0201092 1 
4 5 0 0 0.025 0.0179488 2 
5 5 0 1 0.001 0.0506954 2 
6 5 0 0 0.01 0.0190177 1 
7 5 0 0.0476089 0.03 0.021359 7 
8 5 0 0 0.034 0.0805821 1 
9 5 0 0 0.015 0.0225758 1 
10 5 0 0.00228987 0.042 0.0278459 2 
11 5 0 0.00365433 0.01 0.0235263 3 
12 5 0 0 0.049 0.018882 1 
13 5 0 0.000969372 0.017 0.021733 2 
14 5 0 0 0.019 0.0185742 1 
15 5 0 0 0.003 0.0153374 1 
16 5 0 0 0.001 0.0169216 1 
17 5 0 0.228413 0.009 0.0231458 4 
18 5 0 0 0.003 0.0186108 1 
19 5 0 0 0.044 0.0200106 1 
20 5 0 0.00934021 0.022 0.0143528 5 
21 5 0 0 0.003 0.0218346 1 
22 5 0 0.0131286 0.009 0.0225377 6 
23 5 0 0 0.026 0.0222552 1 
24 5 0 0 0.01 0.0183006 1 
25 5 0 0 0.036 0.0226993 1 
26 5 0 0 0.001 0.0205176 2 
27 5 0 0 0.047 0.0203798 1 
28 5 0 0 0.048 0.0217996 1 
29 5 0 0 0.049 0.0167877 1 
30 5 0 0.123752 0.011 0.0219478 2 
31 5 0 0 0.006 0.0219624 1 
32 5 0 0.0101405 0.026 0.0150895 4 
0 5 1 0 0.037 0.0242406 1 
1 5 1 0 0.047 0.0215734 1 
2 5 1 0.00204237 0.007 0.0235871 1 
3 5 1 0 0.038 0.0179732 1 
4 5 1 0 0.019 0.0169755 1 
5 5 1 0 0.035 0.0324368 3 
6 5 1 0.000758181 0.036 0.0236337 1 
7 5 1 0.00323408 0.026 0.0187053 3 
8 5 1 0 0.033 0.0984971 1 
9 5 1 0 0.039 0.0179565 1 
10 5 1 0 0.038 0.125088 1 
11 5 1 0 0.003 0.0139219 1 
12 5 1 0 0.004 0.020016 1 
13 5 1 0 0.019 0.0230907 1 
14 5 1 0 0.022 0.0188058 1 
15 5 1 0 0.014 0.0195421 1 
16 5 1 0 0.033 0.022555 1 
17 5 1 0.02736 0.013 0.0217524 9 
18 5 1 0 0.024 0.0214015 1 
19 5 1 0 0.007 0.012932 1 
20 5 1 0 0.028 0.0253763 1 
21 5 1 0 0.006 0.0209592 1 
22 5 1 0.00560284 0.013 0.026494 4 
23 5 1 0 0.026 0.020295 1 
24 5 1 0 0.012 0.016762 1 
25 5 1 0.00606137 0.001 0.0192159 4 
26 5 1 0.00862007 0.029 0.0230797 4 
27 5 1 0 0.046 0.0225167 1 
28 5 1 0.00148553 0.048 0.0165648 2 
29 5 1 0 0.007 0.0192637 1 
30 5 1 0.0270963 0.001 0.0205121 19 
31 5 1 0 0.001 0.0222802 1 
32 5 1 0.00352547 0.024 0.0188374 2 
0 5 2 0 0.004 0.0202832 1 
1 5 2 0.000326075 0.005 0.0148647 3 
2 5 2 0.00559583 0.03 0.0204686 3 
3 5 2 0 0.019 0.0238163 1 
4 5 2 0.00189518 0.037 0.0192928 3 
5 5 2 0 0.018 0.104208 1 
6 5 2 0.00139493 0.048 0.0223586 1 
7 5 2 0.00486487 0.013 0.0202179 3 
8 5 2 0 0.025 0.0822475 1 
9 5 2 0.00863509 0.008 0.0167654 3 
10 5 2 0 0.041 0.0247844 1 
11 5 2 0.00678849 0.017 0.0193429 2 
12 5 2 0 0.015 0.0211151 1 
13 5 2 0 0.012 0.0198229 1 
14 5 2 0 0.04 0.0195074 1 
15 5 2 0 0.042 0.0172994 1 
16 5 2 0 0.036 0.0185622 1 
17 5 2 0 0.015 0.0185279 1 
18 5 2 0.00241567 0.028 0.0208459 2 
19 5 2 0.0149655 0.004 0.0187875 16 
20 5 2 0 0.011 0.0187954 1 
21 5 2 0 0.029 0.0164554 1 
22 5 2 0 0.03 0.0249983 1 
23 5 2 0 0.033 0.0200517 1 
24 5 2 0 0.037 0.0197176 1 
25 5 2 0.00122517 0.003 0.0162327 2 
26 5 2 0 0.033 0.0231653 1 
27 5 2 0 0.012 0.0245051 1 
28 5 2 0.00172423 0.014 0.0209017 2 
29 5 2 0 0.033 0.0177458 1 
30 5 2 0 0.024 0.0206692 1 
31 5 2 0 0.043 0.0286924 1 
32 5 2 0 0.026 0.0168245 1 
0 5 3 0 0.033 0.0172061 1 
1 5 3 0 0.049 0.0200827 1 
2 5 3 0 0.027 0.0242707 1 
3 5 3 0.0184666 0.014 0.023431 4 
4 5 3 0 0.036 0.0441553 3 
5 5 3 0.00797244 0.001 0.0185611 8 
6 5 3 0 0.023 0.0182086 1 
7 5 3 0 0.008 0.0196919 1 
8 5 3 0 0.038 0.0652712 1 
9 5 3 0.000562838 0.018 0.024381 2 
10 5 3 0.00106951 0.035 0.0205969 2 
11 5 3 0 0.034 0.0203402 3 
12 5 3 0 0.013 0.0183034 1 
13 5 3 0 0.016 0.0184385 1 
14 5 3 0 0.046 0.0202882 1 
15 5 3 0 0.027 0.0148415 1 
16 5 3 0 0.039 0.0209403 1 
17 5 3 0 0.043 0.018438 1 
18 5 3 0.00333935 0.028 0.0181071 2 
19 5 3 0.00251658 0.001 0.019969 2 
20 5 3 0.000201354 0.019 0.0187819 2 
21 5 3 0 0.001 0.0308583 1 
22 5 3 0 0.004 0.0207598 1 
23 5 3 0 0.043 0.0155694 1 
24 5 3 0.00402784 0.045 0.0185664 2 
25 5 3 0 0.027 0.0201965 1 
26 5 3 0 0.027 0.0128107 1 
27 5 3 0 0.036 0.0212579 1 
28 5 3 0.00275778 0.046 0.0188423 2 
29 5 3 0 0.048 0.0239974 1 
30 5 3 0.00731497 0.004 0.0228869 5 
31 5 3 0.00442376 0.041 0.0238657 2 
32 5 3 0.00488784 0.002 0.0172957 3 
0 5 4 0.0371173 0.003 0.0222855 23 
1 5 4 0 0.037 0.0202559 1 
2 5 4 0 0.027 0.0233127 1 
3 5 4 0.00474079 0.02 0.0161163 3 
4 5 4 0 0.02 0.0227301 1 
5 5 4 0 0.049 0.121785 1 
6 5 4 0.00266835 0.044 0.0243388 1 
7 5 4 0.0111054 0.038 0.012982 4 
8 5 4 0 0.002 0.0768903 1 
9 5 4 0 0.026 0.0201505 1 
10 5 4 0 0.019 0.117065 1 
11 5 4 0 0.003 0.0166287 3 
12 5 4 0 0.014 0.0196011 1 
13 5 4 0.00810208 0.004 0.0207426 5 
14 5 4 0 0.009 0.0202048 1 
15 5 4 0 0.026 0.0232046 1 
16 5 4 0 0.012 0.0222746 1 
17 5 4 0 0.033 0.0183998 1 
18 5 4 0.0036878 0.028 0.0201146 2 
19 5 4 0 0.037 0.0189021 1 
20 5 4 0 0.025 0.0181144 1 
21 5 4 0 0.007 0.0169124 1 
22 5 4 0 0.036 0.0187515 1 
23 5 4 0 0.026 0.0206648 1 
24 5 4 0 0.031 0.0194553 1 
25 5 4 0 0.021 0.0177189 1 
26 5 4 0 0.016 0.015142 1 
27 5 4 0.0352937 0.003 0.0241001 13 
28 5 4 0.00299724 0.012 0.0158335 2 
29 5 4 0.000746229 0.01 0.0219895 2 
30 5 4 0.0160658 0.004 0.0195258 10 
31 5 4 9.33457e-05 0.022 0.0158057 1 
32 5 4 0 0.017 0.0245454 1 
0 5 5 0.0210536 0.011 0.0238767 15 
1 5 5 0 0.005 0.0165118 1 
2 5 5 0 0.004 0.0182205 1 
3 5 5 0 0.007 0.0195269 1 
4 5 5 0 0.014 0.0198685 1 
5 5 5 0 0.006 0.0547552 2 
6 5 5 0 0.013 0.0230662 1 
7 5 5 0 0.001 0.0214821 1 
8 5 5 0 0.002 0.0207465 1 
9 5 5 0 0.006 0.0247746 1 
10 5 5 0 0.039 0.023604 1 
11 5 5 0 0.024 0.0255375 1 
12 5 5 3.80895e-06 0.019 0.0219692 2 
13 5 5 0 0.036 0.017704 1 
14 5 5 0 0.006 0.0223856 1 
15 5 5 0 0.025 0.0201 1 
16 5 5 0 0.006 0.0241407 1 
17 5 5 0.0141153 0.002 0.0232218 7 
18 5 5 0.00403072 0.024 0.0202277 2 
19 5 5 0.000596329 0.001 0.0163856 2 
20 5 5 7.57587e-05 0.017 0.0167509 2 
21 5 5 1.87656e-05 0.02 0.0164462 2 
22 5 5 0 0.031 0.022581 1 
23 5 5 5.55919e-06 0.025 0.021097 2 
24 5 5 0 0.028 0.0204557 1 
25 5 5 0 0.02 0.0171276 1 
26 5 5 0 0.013 0.0221035 1 
27 5 5 0.0418347 0.009 0.023276 17 
28 5 5 0 0.038 0.0245747 1 
29 5 5 0 0.047 0.0219336 1 
30 5 5 0.00981238 0.009 0.0190135 8 
31 5 5 0.00863247 0.007 0.0195437 5 
32 5 5 0 0.017 0.0173 1 
0 5 6 0 0.034 0.0203242 1 
1 5 6 3.7384e-07 0.02 0.0191466 2 
2 5 6 0 0.003 0.0219677 1 
3 5 6 0 0.022 0.0177621 1 
4 5 6 0 0.035 0.0163355 1 
5 5 6 0 0.041 0.0218496 1 
6 5 6 0 0.031 0.0154147 1 
7 5 6 0.00272212 0.009 0.0204595 3 
8 5 6 0 0.033 0.0197471 1 
9 5 6 0 0.037 0.0218008 1 
10 5 6 0 0.011 0.0188207 1 
11 5 6 0 0.029 0.0201362 1 
12 5 6 0 0.003 0.0203114 1 
13 5 6 0 0.045 0.0212507 1 
14 5 6 0 0.016 0.0195844 1 
15 5 6 0 0.046 0.0171377 1 
16 5 6 0 0.034 0.0214795 1 
17 5 6 0.0453545 0.005 0.0207902 20 
18 5 6 0.00369061 0.04 0.0203085 2 
19 5 6 0 0.014 0.0170177 1 
20 5 6 0.00761364 0.018 0.0181348 7 
21 5 6 0 0.034 0.0189982 1 
22 5 6 0 0.047 0.0216422 1 
23 5 6 0.00354033 0.004 0.0230013 2 
24 5 6 0 0.025 0.0239803 1 
25 5 6 0 0.043 0.0185055 1 
26 5 6 0 0.003 0.0237341 1 
27 5 6 0.0692223 0.002 0.0272097 42 
28 5 6 0 0.013 0.0177787 1 
29 5 6 0 0.028 0.0205785 1 
30 5 6 0 0.042 0.0155259 1 
31 5 6 0 0.021 0.0143733 1 
32 5 6 0 0.041 0.0196045 1 
0 5 7 0 0.031 0.0194571 1 
1 5 7 0.0133617 0.031 0.0190143 4 
2 5 7 0 0.01 0.0199923 1 
3 5 7 0 0.007 0.0230593 1 
4 5 7 0 0.029 0.0224467 1 
5 5 7 0.0228009 0.049 0.03945 2 
6 5 7 0 0.023 0.021392 1 
7 5 7 0.00177502 0.038 0.0185341 3 
8 5 7 0 0.018 0.0941368 1 
9 5 7 0 0.043 0.0221207 1 
10 5 7 0.000183322 0.03 0.0234375 2 
11 5 7 0 0.029 0.0184684 1 
12 5 7 0 0.047 0.0192437 1 
13 5 7 0.00471316 0.015 0.0181032 4 
14 5 7 0.00270065 0.001 0.0203825 3 
15 5 7 0 0.038 0.0225459 1 
16 5 7 0 0.041 0.017878 1 
17 5 7 0.00273551 0.001 0.0167513 5 
18 5 7 0 0.003 0.0190125 1 
19 5 7 0 0.017 0.0214396 1 
20 5 7 0 0.016 0.0199436 1 
21 5 7 0 0.036 0.0239757 1 
22 5 7 0 0.035 0.0197705 1 
23 5 7 0 0.004 0.0225664 1 
24 5 7 0 0.005 0.0208878 1 
25 5 7 0 0.008 0.0216029 1 
26 5 7 0 0.049 0.0193791 1 
27 5 7 0 0.046 0.0236266 1 
28 5 7 0 0.009 0.0201382 1 
29 5 7 0 0.035 0.0225232 1 
30 5 7 0.0247221 0.01 0.0213537 8 
31 5 7 0 0.03 0.0274506 1 
32 5 7 0 0.035 0.0195361 1 
0 5 8 0 0.038 0.0228734 1 
1 5 8 0.0243678 0.002 0.0206745 19 
2 5 8 0 0.01 0.0217111 1 
3 5 8 0.000238931 0.009 0.0190523 2 
4 5 8 0 0.044 0.128983 1 
5 5 8 0 0.03 0.130878 1 
6 5 8 0.000349076 0.028 0.0176128 2 
7 5 8 0.000188275 0.01 0.0194679 3 
8 5 8 0 0.037 0.0218499 1 
9 5 8 0.00803549 0.006 0.0232533 4 
10 5 8 0 0.042 0.0264057 1 
11 5 8 0.00222087 0.007 0.0183973 2 
12 5 8 0.00890902 0.005 0.0213497 8 
13 5 8 0 0.02 0.0217429 1 
14 5 8 0 0.016 0.0180823 1 
15 5 8 0 0.045 0.0182028 1 
16 5 8 0 0.007 0.0223803 1 
17 5 8 0.00117334 0.023 0.0226487 3 
18 5 8 0 0.027 0.0298467 1 
19 5 8 0.000343181 0.018 0.0205689 2 
20 5 8 0 0.048 0.01809 1 
21 5 8 0 0.03 0.0324811 1 
22 5 8 0 0.019 0.0236937 1 
23 5 8 0 0.041 0.0178412 1 
24 5 8 0 0.02 0.0174825 1 
25 5 8 0 0.015 0.0210032 1 
26 5 8 0 0.02 0.0176578 1 
27 5 8 0.0494573 0.001 0.0140625 27 
28 5 8 0 0.036 0.0271908 1 
29 5 8 0 0.024 0.013497 1 
30 5 8 0 0.021 0.0203307 1 
31 5 8 0 0.005 0.0246583 1 
32 5 8 0 0.033 0.0179678 1 
0 5 9 0 0.025 0.0215399 1 
1 5 9 0 0.028 0.022452 1 
2 5 9 0 0.024 0.0224032 1 
3 5 9 0 0.028 0.0237059 1 
4 5 9 0 0.005 0.0287872 1 
5 5 9 0 0.012 0.124804 1 
6 5 9 0 0.042 0.0214253 1 
7 5 9 0 0.012 0.0243301 1 
8 5 9 0 0.021 0.0574188 1 
9 5 9 0 0.035 0.0209165 1 
10 5 9 0 0.04 0.0200164 1 
11 5 9 0 0.019 0.0242027 1 
12 5 9 0 0.044 0.0213227 1 
13 5 9 0.00778662 0.017 0.0218908 2 
14 5 9 0 0.006 0.021281 1 
15 5 9 0 0.037 0.0191912 1 
16 5 9 0 0.049 0.0261802 1 
17 5 9 0.0231067 0.018 0.0169809 11 
18 5 9 0 0.011 0.0186128 1 
19 5 9 0.0295855 0.02 0.0221913 7 
20 5 9 0 0.024 0.018844 1 
21 5 9 0 0.017 0.0164639 1 
22 5 9 0 0.015 0.0160605 1 
23 5 9 0.0101768 0.048 0.0183033 2 
24 5 9 0.00403601 0.017 0.0227405 2 
25 5 9 0.0227205 0.015 0.0254881 6 
26 5 9 0 0.048 0.0155547 1 
27 5 9 0.00449835 0.025 0.020688 2 
28 5 9 0 0.028 0.0278789 1 
29 5 9 0 0.034 0.0208787 1 
30 5 9 0 0.029 0.0237449 1 
31 5 9 0 0.002 0.0120667 1 
32 5 9 0 0.037 0.0237726 1 
0 5 10 0 0.037 0.0159819 1 
1 5 10 0 0.046 0.0200389 1 
2 5 10 0 0.024 0.0179441 1 
3 5 10 0.000230941 0.02 0.0192164 2 
4 5 10 0 0.029 0.0255038 1 
5 5 10 0 0.028 0.0153394 1 
6 5 10 0 0.035 0.0232415 1 
7 5 10 0.00731169 0.013 0.0199236 3 
8 5 10 0 0.045 0.0399309 3 
9 5 10 0 0.012 0.0143728 1 
10 5 10 0 0.037 0.0154143 3 
11 5 10 0 0.016 0.0229276 1 
12 5 10 0.00256014 0.006 0.0153476 4 
13 5 10 0.0106301 0.046 0.0160832 4 
14 5 10 0.000981442 0.037 0.0206736 2 
15 5 10 0.00389343 0.043 0.0183773 2 
16 5 10 0 0.029 0.0198248 1 
17 5 10 0.0134844 0.018 0.0228629 8 
18 5 10 0 0.033 0.0212709 1 
19 5 10 0 0.018 0.0231037 1 
20 5 10 0 0.024 0.0185908 1 
21 5 10 0 0.043 0.0237673 3 
22 5 10 0 0.043 0.0217156 1 
23 5 10 0 0.049 0.0193745 1 
24 5 10 0 0.009 0.0192652 1 
25 5 10 0 0.023 0.0215754 1 
26 5 10 0 0.018 0.0217511 1 
27 5 10 0.000442627 0.002 0.0221258 2 
28 5 10 0 0.018 0.0191909 1 
29 5 10 0.0033021 0.026 0.0258791 2 
30 5 10 0 0.021 0.0208866 1 
31 5 10 0 0.046 0.017628 1 
32 5 10 0 0.036 0.0178163 1 
0 5 11 0.00644271 0.006 0.0137257 4 
1 5 11 0.00510965 0.036 0.021575 2 
2 5 11 0 0.045 0.024844 1 
3 5 11 0.0440498 0.002 0.0199724 28 
4 5 11 0 0.033 0.0232835 1 
5 5 11 0.000873899 0.049 0.0324653 2 
6 5 11 0 0.019 0.0212816 1 
7 5 11 0.00347322 0.007 0.021404 2 
8 5 11 0 0.045 0.0911545 1 
9 5 11 0.00197738 0.011 0.019735 3 
10 5 11 0.00050432 0.049 0.0227503 2 
11 5 11 0 0.031 0.0240482 1 
12 5 11 0.00256137 0.004 0.0141233 2 
13 5 11 0.00149307 0.032 0.0241132 4 
14 5 11 0 0.024 0.0256774 1 
15 5 11 0 0.025 0.0166219 1 
16 5 11 0 0.019 0.0141745 1 
17 5 11 0 0.029 0.0185717 1 
18 5 11 0.00403875 0.014 0.0190966 2 
19 5 11 0.00426256 0.01 0.0192204 5 
20 5 11 0.00940079 0.032 0.0208602 4 
21 5 11 0 0.002 0.0230716 1 
22 5 11 0.0375518 0.003 0.0253026 15 
23 5 11 0.00372892 0.013 0.0195742 6 
24 5 11 0 0.042 0.0235572 1 
25 5 11 0 0.04 0.0185762 1 
26 5 11 0.00838596 0.009 0.0203265 4 
27 5 11 0.00281186 0.01 0.0191391 6 
28 5 11 0.00236524 0.045 0.027757 3 
29 5 11 0.00443525 0.041 0.016677 2 
30 5 11 0 0.027 0.0204076 1 
31 5 11 0 0.022 0.0206994 1 
32 5 11 0 0.028 0.0230389 1 
0 5 12 0 0.005 0.0207072 1 
1 5 12 0 0.005 0.0265192 1 
2 5 12 0 0.031 0.0182458 1 
3 5 12 0.0145704 0.007 0.0215326 6 
4 5 12 0 0.008 0.0178092 1 
5 5 12 0 0.02 0.113565 1 
6 5 12 0 0.044 0.019553 1 
7 5 12 0 0.023 0.0233934 1 
8 5 12 0 0.021 0.0242283 1 
9 5 12 0 0.027 0.022183 1 
10 5 12 0 0.036 0.0221811 1 
11 5 12 0 0.018 0.0134535 1 
12 5 12 0.101473 0.003 0.019719 34 
13 5 12 0 0.005 0.0211786 1 
14 5 12 0 0.034 0.0242368 1 
15 5 12 0 0.042 0.0200207 1 
16 5 12 0 0.025 0.022071 1 
17 5 12 0.0308538 0.006 0.0182837 21 
18 5 12 0 0.01 0.0206642 1 
19 5 12 0 0.003 0.0230372 1 
20 5 12 0 0.034 0.0213603 1 
21 5 12 0 0.014 0.024719 1 
22 5 12 0.000394388 0.005 0.0169352 3 
23 5 12 0.000722157 0.029 0.0185035 3 
24 5 12 0.00369908 0.006 0.0264406 2 
25 5 12 0 0.028 0.020856 1 
26 5 12 0 0.01 0.0170732 1 
27 5 12 0 0.019 0.0196043 1 
28 5 12 0.00228798 0.028 0.0219572 3 
29 5 12 0 0.025 0.0229408 1 
30 5 12 0 0.027 0.021188 1 
31 5 12 0.00142792 0.035 0.0147999 2 
32 5 12 0 0.023 0.0166542 1 
0 5 13 0 0.031 0.0214198 1 
1 5 13 0.0225017 0.001 0.0191782 12 
2 5 13 0 0.037 0.021511 1 
3 5 13 0 0.004 0.0195362 1 
4 5 13 0 0.031 0.101758 1 
5 5 13 0 0.006 0.022912 1 
6 5 13 0.00489828 0.019 0.0252167 3 
7 5 13 0 0.024 0.0230843 1 
8 5 13 0 0.014 0.0937537 1 
9 5 13 0 0.04 0.0199917 1 
10 5 13 0 0.009 0.0225537 1 
11 5 13 0.00423965 0.024 0.018869 2 
12 5 13 0.049486 0.009 0.0169949 18 
13 5 13 0.00483076 0.008 0.0204666 3 
14 5 13 4.53579e-05 0.002 0.0186449 2 
15 5 13 0 0.008 0.0263801 1 
16 5 13 0 0.039 0.0221479 1 
17 5 13 0 0.028 0.0226479 1 
18 5 13 0 0.04 0.0225257 1 
19 5 13 0.016216 0.031 0.0223503 4 
20 5 13 0 0.008 0.016137 1 
21 5 13 0.00132731 0.03 0.0238729 1 
22 5 13 0 0.032 0.0174094 1 
23 5 13 0.00221232 0.028 0.024989 2 
24 5 13 0 0.02 0.0204271 1 
25 5 13 0.0606574 0.001 0.0166025 27 
26 5 13 0.00055211 0.013 0.0230457 2 
27 5 13 0 0.042 0.0146393 1 
28 5 13 0 0.003 0.0204004 1 
29 5 13 0 0.011 0.0225274 1 
30 5 13 0 0.007 0.0209828 1 
31 5 13 0.000758266 0.045 0.0161807 2 
32 5 13 0 0.043 0.0226304 1 
0 5 14 0 0.03 0.0202554 1 
1 5 14 0 0.003 0.0219459 1 
2 5 14 0 0.038 0.0237614 1 
3 5 14 0.0833461 0.002 0.02544 42 
4 5 14 0 0.023 0.0174556 1 
5 5 14 0 0.025 0.11724 1 
6 5 14 0.00291401 0.01 0.0221314 2 
7 5 14 0 0.041 0.0222533 1 
8 5 14 0 0.045 0.0482845 3 
9 5 14 0 0.011 0.0199696 1 
10 5 14 0 0.037 0.111488 1 
11 5 14 0.00350501 0.017 0.0252383 2 
12 5 14 0 0.006 0.0199677 1 
13 5 14 0.0779264 0.001 0.0209182 44 
14 5 14 0.0119331 0.007 0.0223314 7 
15 5 14 0 0.032 0.0226691 1 
16 5 14 0 0.017 0.0149315 1 
17 5 14 0.00981104 0.011 0.0219529 9 
18 5 14 0 0.04 0.0213062 1 
19 5 14 0 0.012 0.021565 1 
20 5 14 0 0.02 0.0194409 1 
21 5 14 0 0.031 0.0210652 1 
22 5 14 0 0.04 0.02473 1 
23 5 14 0 0.014 0.0234654 1 
24 5 14 0 0.046 0.0192059 1 
25 5 14 0 0.02 0.01537 1 
26 5 14 0 0.005 0.0170919 1 
27 5 14 0.00556055 0.016 0.0169033 2 
28 5 14 0 0.019 0.0230231 1 
29 5 14 0 0.013 0.0174186 1 
30 5 14 0.019157 0.011 0.0205055 6 
31 5 14 0.000432043 0.018 0.0231874 3 
32 5 14 0.00467567 0.003 0.0147142 3 
0 5 15 0 0.023 0.0215502 1 
1 5 15 0.0320742 0.009 0.0216987 8 
2 5 15 0 0.024 0.0183746 1 
3 5 15 0 0.004 0.0233409 1 
4 5 15 0 0.03 0.022811 1 
5 5 15 0 0.012 0.127203 1 
6 5 15 0 0.048 0.0184359 1 
7 5 15 0.00198811 0.005 0.0223605 2 
8 5 15 0 0.009 0.0684754 1 
9 5 15 0 0.004 0.0201143 1 
10 5 15 0 0.002 0.104846 1 
11 5 15 0.00424243 0.009 0.0201678 2 
12 5 15 0.00147368 0.039 0.01924 2 
13 5 15 0 0.015 0.0204903 1 
14 5 15 0.0412785 0.002 0.0187792 34 
15 5 15 0 0.048 0.0197546 1 
16 5 15 0 0.019 0.0166235 1 
17 5 15 0 0.006 0.0148661 1 
18 5 15 0 0.045 0.01887 1 
19 5 15 0.00356362 0.006 0.0210442 3 
20 5 15 0.00555945 0.038 0.0153455 2 
21 5 15 0 0.026 0.0242772 1 
22 5 15 0.0298566 0.016 0.0226807 9 
23 5 15 0 0.046 0.0192098 1 
24 5 15 0 0.005 0.0239451 1 
25 5 15 0 0.001 0.0171103 1 
26 5 15 0 0.043 0.0221318 1 
27 5 15 0 0.029 0.022649 1 
28 5 15 0 0.022 0.0244417 1 
29 5 15 0 0.038 0.0246933 1 
30 5 15 0 0.008 0.0168303 1 
31 5 15 0 0.032 0.018973 1 
32 5 15 0 0.034 0.0251973 1 
0 5 16 0.00538287 0.004 0.0229627 6 
1 5 16 0 0.023 0.0192314 1 
2 5 16 0 0.017 0.0242621 1 
3 5 16 0 0.005 0.0221128 1 
4 5 16 0 0.009 0.0168569 1 
5 5 16 0 0.043 0.0597641 3 
6 5 16 0 0.015 0.0218613 1 
7 5 16 0 0.033 0.0222305 1 
8 5 16 0 0.007 0.0201277 1 
9 5 16 0 0.034 0.0198348 1 
10 5 16 0 0.044 0.0210538 1 
11 5 16 0.00350801 0.041 0.0269459 2 
12 5 16 0.00642119 0.017 0.0201925 6 
13 5 16 0 0.037 0.0149084 1 
14 5 16 0 0.034 0.0221649 1 
15 5 16 0 0.013 0.0224884 1 
16 5 16 0 0.022 0.0224557 1 
17 5 16 0.0148038 0.011 0.0218417 8 
18 5 16 0 0.03 0.0218738 1 
19 5 16 0.0090827 0.003 0.0210176 2 
20 5 16 0 0.008 0.0206725 1 
21 5 16 0 0.016 0.0306153 1 
22 5 16 0 0.043 0.0157233 1 
23 5 16 0 0.022 0.0185253 1 
24 5 16 0 0.011 0.0210135 1 
25 5 16 0.00256739 0.017 0.0232468 2 
26 5 16 0 0.001 0.0179991 1 
27 5 16 0.0251343 0.005 0.0232995 22 
28 5 16 0 0.012 0.0222746 1 
29 5 16 0 0.007 0.0202047 1 
30 5 16 0 0.025 0.022406 1 
31 5 16 0 0.007 0.023809 1 
32 5 16 0.00875618 0.003 0.0180833 3 
0 5 17 0 0.011 0.0223557 1 
1 5 17 0.00162354 0.017 0.0186427 4 
2 5 17 0 0.032 0.0170695 1 
3 5 17 0 0.002 0.0204437 1 
4 5 17 0 0.031 0.11609 1 
5 5 17 0 0.032 0.117483 1 
6 5 17 0 0.005 0.0122213 1 
7 5 17 0.00519081 0.021 0.0152318 7 
8 5 17 0.00682354 0.002 0.0486714 4 
9 5 17 0.012639 0.005 0.0209916 14 
10 5 17 0.00162621 0.034 0.0225751 2 
11 5 17 0 0.03 0.0207447 1 
12 5 17 0 0.024 0.0218844 1 
13 5 17 0 0.023 0.0198194 1 
14 5 17 0.0723945 0.001 0.0165757 49 
15 5 17 0 0.029 0.0242834 1 
16 5 17 0 0.037 0.0186212 1 
17 5 17 0.00340044 0.007 0.0214014 5 
18 5 17 0 0.02 0.0195228 1 
19 5 17 0.00248619 0.022 0.0149 3 
20 5 17 0.00755704 0.031 0.0238905 6 
21 5 17 0 0.009 0.0167119 1 
22 5 17 0 0.037 0.0250642 1 
23 5 17 0.00225338 0.016 0.0232018 2 
24 5 17 0 0.04 0.0234882 1 
25 5 17 0 0.002 0.0134447 1 
26 5 17 0.00749114 0.005 0.0161579 9 
27 5 17 0 0.044 0.0193422 1 
28 5 17 0 0.004 0.020864 1 
29 5 17 0 0.029 0.0186939 1 
30 5 17 0 0.032 0.024978 1 
31 5 17 0 0.034 0.0259375 1 
32 5 17 0 0.018 0.017604 1 
0 5 18 0.00596582 0.002 0.0192676 4 
1 5 18 0 0.044 0.0208947 1 
2 5 18 0 0.019 0.0166471 1 
3 5 18 0 0.032 0.0231362 1 
4 5 18 0 0.02 0.0241321 1 
5 5 18 0 0.03 0.018727 1 
6 5 18 0 0.022 0.0251253 1 
7 5 18 0 0.006 0.0199631 1 
8 5 18 0 0.042 0.0523985 1 
9 5 18 0 0.027 0.0188158 1 
10 5 18 0 0.01 0.0134271 1 
11 5 18 0 0.022 0.0247664 1 
12 5 18 0.00274465 0.013 0.0183547 2 
13 5 18 0.00470876 0.023 0.0173609 2 
14 5 18 0.060431 0.006 0.0201094 24 
15 5 18 0 0.024 0.0161837 1 
16 5 18 0.00390472 0.038 0.0201562 2 
17 5 18 0.00790535 0.005 0.0257495 8 
18 5 18 0 0.027 0.0211377 1 
19 5 18 0 0.013 0.0189037 1 
20 5 18 0.000780156 0.019 0.0194546 2 
21 5 18 0 0.009 0.0174246 1 
22 5 18 0.00169697 0.005 0.0174802 2 
23 5 18 0.00413947 0.014 0.0187542 4 
24 5 18 0 0.037 0.0177515 1 
25 5 18 0 0.049 0.0188004 1 
26 5 18 0 0.007 0.0193593 1 
27 5 18 0 0.01 0.0181121 1 
28 5 18 0 0.024 0.0266405 1 
29 5 18 0 0.001 0.021002 1 
30 5 18 0.00488859 0.009 0.0171479 6 
31 5 18 0 0.021 0.0271976 1 
32 5 18 0 0.049 0.024299 1 
0 5 19 0.0569167 0.006 0.0218033 18 
1 5 19 0.00302616 0.033 0.021502 2 
2 5 19 0 0.023 0.0186544 1 
3 5 19 0.000624573 0.015 0.0183929 2 
4 5 19 0 0.029 0.113239 1 
5 5 19 0 0.031 0.13164 1 
6 5 19 0 0.045 0.021472 1 
7 5 19 0 0.013 0.0212231 1 
8 5 19 0.00121837 0.025 0.0186213 2 
9 5 19 0 0.021 0.0161208 1 
10 5 19 0 0.004 0.114801 1 
11 5 19 0 0.005 0.0202367 1 
12 5 19 0 0.016 0.022217 1 
13 5 19 0 0.018 0.0165067 1 
14 5 19 1.92007e-05 0.043 0.0175719 2 
15 5 19 0 0.002 0.0273925 1 
16 5 19 0 0.006 0.0242163 1 
17 5 19 0.016466 0.004 0.0196945 10 
18 5 19 0 0.037 0.0207603 1 
19 5 19 0.000993676 0.005 0.0168861 2 
20 5 19 0 0.013 0.0213709 1 
21 5 19 0.00107496 0.026 0.0245739 2 
22 5 19 0.0277233 0.013 0.0218078 8 
23 5 19 0 0.047 0.0180237 1 
24 5 19 0 0.032 0.0216819 1 
25 5 19 0 0.007 0.0226063 1 
26 5 19 0 0.003 0.0203135 1 
27 5 19 0 0.027 0.0235358 1 
28 5 19 0 0.01 0.021245 1 
29 5 19 0 0.009 0.0251746 1 
30 5 19 0 0.029 0.0216557 1 
31 5 19 0.00464138 0.006 0.0178678 2 
32 5 19 0.00582701 0.023 0.0283521 3 
0 5 20 0 0.038 0.0176248 1 
1 5 20 0 0.04 0.0206861 1 
2 5 20 0 0.03 0.0229546 1 
3 5 20 0 0.049 0.0208549 1 
4 5 20 0 0.002 0.122531 1 
5 5 20 0 0.047 0.0208514 1 
6 5 20 0 0.011 0.018999 1 
7 5 20 0 0.035 0.0197906 1 
8 5 20 0 0.007 0.02186 1 
9 5 20 0.0104437 0.005 0.0185973 12 
10 5 20 0 0.015 0.0265815 1 
11 5 20 0 0.034 0.0200407 1 
12 5 20 0 0.021 0.0214905 1 
13 5 20 0 0.028 0.0206191 1 
14 5 20 0 0.049 0.0171673 1 
15 5 20 0 0.029 0.0213747 1 
16 5 20 0 0.045 0.0151232 1 
17 5 20 0.0110776 0.008 0.0162267 9 
18 5 20 0.00371078 0.021 0.0206897 2 
19 5 20 0 0.022 0.0201834 1 
20 5 20 0.00603224 0.025 0.0219498 3 
21 5 20 0 0.04 0.0247732 1 
22 5 20 0 0.026 0.0184849 1 
23 5 20 0 0.011 0.0180519 1 
24 5 20 0 0.023 0.0199955 1 
25 5 20 0 0.016 0.0208445 1 
26 5 20 0 0.012 0.0245201 1 
27 5 20 0.00731754 0.023 0.0208285 2 
28 5 20 0 0.021 0.0188074 1 
29 5 20 0 0.02 0.0169701 1 
30 5 20 0 0.019 0.0219722 1 
31 5 20 0.0129135 0.029 0.0206092 3 
32 5 20 0 0.02 0.0156968 1 
0 5 21 0.00416327 0.005 0.0177312 2 
1 5 21 0.00286136 0.008 0.0204138 7 
2 5 21 0 0.021 0.0213131 1 
3 5 21 0.00386679 0.006 0.0212912 2 
4 5 21 0 0.008 0.111865 1 
5 5 21 0 0.029 0.122958 1 
6 5 21 0 0.015 0.021771 1 
7 5 21 0 0.004 0.023098 1 
8 5 21 0.00745764 0.048 0.0378872 2 
9 5 21 0.0167095 0.006 0.0173376 12 
10 5 21 0 0.015 0.0219247 1 
11 5 21 0 0.002 0.023176 1 
12 5 21 0.000197947 0.002 0.0205029 2 
13 5 21 0 0.04 0.0174838 1 
14 5 21 0.000942131 0.007 0.0169416 3 
15 5 21 0 0.019 0.019159 1 
16 5 21 0 0.044 0.0219557 1 
17 5 21 0 0.018 0.0212699 1 
18 5 21 0.00405251 0.028 0.0187942 2 
19 5 21 0 0.019 0.0233127 1 
20 5 21 0.0250777 0.005 0.0208402 9 
21 5 21 0 0.016 0.0197815 1 
22 5 21 0.0492848 0.002 0.0289147 36 
23 5 21 0 0.005 0.0175561 1 
24 5 21 0 0.035 0.0177623 1 
25 5 21 0 0.02 0.0210207 1 
26 5 21 0 0.042 0.0194309 1 
27 5 21 0 0.022 0.020108 1 
28 5 21 0 0.015 0.0240463 1 
29 5 21 0 0.013 0.021071 1 
30 5 21 0 0.025 0.0163513 1 
31 5 21 0 0.012 0.0197946 1 
32 5 21 1.46048e-05 0.013 0.0181792 2 
0 5 22 0 0.032 0.0148907 1 
1 5 22 0 0.028 0.0239195 1 
2 5 22 0 0.047 0.0213142 1 
3 5 22 0 0.006 0.0199952 1 
4 5 22 0 0.046 0.0208548 1 
5 5 22 0.00318472 0.048 0.0410601 2 
6 5 22 0 0.032 0.0139563 1 
7 5 22 0 0.02 0.0183632 1 
8 5 22 0 0.025 0.0199715 1 
9 5 22 0.0302014 0.004 0.0227292 19 
10 5 22 0 0.042 0.0451302 2 
11 5 22 0 0.011 0.0237835 1 
12 5 22 0 0.049 0.0214499 1 
13 5 22 0.00897605 0.023 0.0189066 6 
14 5 22 0.0113057 0.008 0.0202336 10 
15 5 22 0.00391043 0.037 0.0218187 2 
16 5 22 0.00391043 0.018 0.0127181 2 
17 5 22 0 0.029 0.0218481 1 
18 5 22 0.00371366 0.029 0.0244117 2 
19 5 22 0 0.036 0.0194968 1 
20 5 22 0.0409267 0.003 0.0173388 14 
21 5 22 0.00202358 0.032 0.0215396 2 
22 5 22 0.0137367 0.032 0.0214468 4 
23 5 22 0.00727469 0.008 0.0236131 4 
24 5 22 0 0.022 0.0219783 1 
25 5 22 0 0.036 0.0241178 1 
26 5 22 0.0798566 0.001 0.0256205 40 
27 5 22 0.0399405 0.006 0.0159888 23 
28 5 22 0 0.023 0.0216 1 
29 5 22 0.00332012 0.046 0.0224555 2 
30 5 22 0 0.002 0.0167879 1 
31 5 22 0 0.001 0.0210414 1 
32 5 22 0 0.01 0.0188385 1 
0 5 23 0 0.015 0.0206805 1 
1 5 23 0 0.015 0.0193833 1 
2 5 23 0 0.045 0.0188683 1 
3 5 23 0.0201661 0.009 0.0215486 10 
4 5 23 0 0.044 0.0209423 1 
5 5 23 0 0.044 0.137704 1 
6 5 23 0 0.041 0.0259884 1 
7 5 23 0 0.006 0.0222927 1 
8 5 23 0.0087423 0.046 0.0358512 2 
9 5 23 0.00610133 0.005 0.0220707 4 
10 5 23 0 0.039 0.0280438 1 
11 5 23 0.0042533 0.005 0.0244809 2 
12 5 23 0 0.018 0.0218231 1 
13 5 23 0.030512 0.014 0.0189106 10 
14 5 23 0 0.003 0.021335 1 
15 5 23 0.00385746 0.021 0.0217995 2 
16 5 23 0 0.026 0.0228901 1 
17 5 23 0 0.028 0.022327 1 
18 5 23 0.00405538 0.001 0.0200535 2 
19 5 23 0 0.003 0.0252986 1 
20 5 23 0 0.045 0.0187984 1 
21 5 23 0.000482762 0.017 0.0186072 2 
22 5 23 0 0.033 0.0250374 1 
23 5 23 0 0.008 0.0209724 1 
24 5 23 0 0.033 0.0189086 1 
25 5 23 0 0.009 0.0195367 1 
26 5 23 0 0.049 0.0209449 1 
27 5 23 0 0.036 0.017759 1 
28 5 23 0.00405538 0.028 0.0185472 2 
29 5 23 0 0.01 0.0201003 1 
30 5 23 0 0.033 0.0203478 1 
31 5 23 0 0.007 0.0212264 1 
32 5 23 0 0.048 0.0245728 1 
0 5 24 0 0.006 0.0203103 1 
1 5 24 0 0.03 0.0239731 1 
2 5 24 0.00351983 0.032 0.0188631 2 
3 5 24 0 0.019 0.0206753 1 
4 5 24 0 0.017 0.0232032 1 
5 5 24 0 0.028 0.122687 1 
6 5 24 0 0.034 0.0247479 1 
7 5 24 0 0.039 0.0186552 1 
8 5 24 0 0.005 0.0211326 1 
9 5 24 0 0.007 0.0233702 1 
10 5 24 0 0.008 0.108633 1 
11 5 24 0 0.027 0.0166333 1 
12 5 24 0 0.002 0.0172478 1 
13 5 24 0.00402673 0.018 0.0216185 2 
14 5 24 0 0.047 0.0207633 1 
15 5 24 0.00391325 0.023 0.0168071 2 
16 5 24 0 0.006 0.0226269 1 
17 5 24 0 0.01 0.0237015 1 
18 5 24 0 0.038 0.0217373 1 
19 5 24 0 0.041 0.0188448 1 
20 5 24 0 0.02 0.0244271 1 
21 5 24 0 0.016 0.0185487 1 
22 5 24 0 0.006 0.0181821 1 
23 5 24 0 0.026 0.0196653 1 
24 5 24 0 0.002 0.0254922 1 
25 5 24 0 0.002 0.0179119 1 
26 5 24 0.0044655 0.033 0.0180823 4 
27 5 24 0 0.02 0.0187537 1 
28 5 24 0 0.039 0.0258298 1 
29 5 24 0.00332312 0.032 0.0231171 2 
30 5 24 0.0116202 0.002 0.016456 6 
31 5 24 0 0.037 0.0245562 1 
32 5 24 0 0.005 0.0218033 1 
0 5 25 0.00687672 0.007 0.0213079 4 
1 5 25 0.0129784 0.01 0.0240904 16 
2 5 25 0 0.043 0.0228904 1 
3 5 25 0 0.02 0.0206169 1 
4 5 25 0.00084381 0.012 0.0194254 2 
5 5 25 0 0.035 0.023375 1 
6 5 25 0 0.033 0.015476 1 
7 5 25 0.00978864 0.018 0.0247203 6 
8 5 25 0 0.035 0.081369 1 
9 5 25 0.000360076 0.005 0.0202439 2 
10 5 25 0.00833669 0.037 0.0366825 2 
11 5 25 0 0.029 0.0216787 1 
12 5 25 0 0.006 0.015559 1 
13 5 25 0 0.045 0.0187532 1 
14 5 25 0 0.031 0.0253981 1 
15 5 25 0 0.019 0.0199484 1 
16 5 25 0 0.009 0.0228806 1 
17 5 25 0 0.004 0.0207847 1 
18 5 25 0 0.011 0.0198689 1 
19 5 25 0.0040139 0.006 0.017069 3 
20 5 25 0.00949442 0.044 0.019035 4 
21 5 25 1.80925e-05 0.026 0.0211799 2 
22 5 25 0.00165322 0.018 0.0215665 2 
23 5 25 0 0.025 0.0166184 1 
24 5 25 0 0.043 0.0174957 1 
25 5 25 0 0.026 0.0230244 1 
26 5 25 0 0.036 0.0186722 1 
27 5 25 0 0.027 0.0170779 1 
28 5 25 0 0.031 0.0172433 1 
29 5 25 0.00445366 0.014 0.0169539 2 
30 5 25 0 0.028 0.0169148 1 
31 5 25 0.00172302 0.047 0.0185011 2 
32 5 25 0 0.026 0.0209278 1 
0 5 26 0 0.017 0.020482 1 
1 5 26 0.0029284 0.002 0.0235149 2 
2 5 26 0 0.029 0.020465 1 
3 5 26 0 0.027 0.0219838 1 
4 5 26 0.00606942 0.036 0.0656495 3 
5 5 26 0 0.01 0.123937 1 
6 5 26 0.00293291 0.021 0.0216361 2 
7 5 26 0.0014979 0.015 0.0209694 3 
8 5 26 0.000155491 0.022 0.0195235 2 
9 5 26 0.000895722 0.002 0.0210172 2 
10 5 26 0.000194634 0.02 0.0159022 2 
11 5 26 0 0.006 0.020482 1 
12 5 26 0.0156483 0.01 0.0205172 5 
13 5 26 0 0.01 0.0177734 1 
14 5 26 0 0.032 0.0221702 1 
15 5 26 0 0.041 0.024 1 
16 5 26 0 0.038 0.0122634 1 
17 5 26 0.0197924 0.015 0.0182404 8 
18 5 26 0 0.017 0.0211384 1 
19 5 26 0.00671512 0.046 0.0267934 3 
20 5 26 0.00716054 0.021 0.02036 2 
21 5 26 0.00273626 0.037 0.0242628 2 
22 5 26 0 0.016 0.0176151 1 
23 5 26 0 0.037 0.0212045 1 
24 5 26 0 0.015 0.0169665 1 
25 5 26 0 0.044 0.017455 1 
26 5 26 0 0.029 0.0234357 1 
27 5 26 0.000985659 0.025 0.0238029 2 
28 5 26 0 0.029 0.0208523 1 
29 5 26 0 0.014 0.0293431 1 
30 5 26 0 0.012 0.0133804 1 
31 5 26 9.19837e-05 0.029 0.020515 3 
32 5 26 0.00435818 0.002 0.023187 2 
0 5 27 0 0.036 0.0195997 1 
1 5 27 0.0390672 0.007 0.0158736 15 
2 5 27 0 0.013 0.0197487 1 
3 5 27 0.0252261 0.01 0.0202893 10 
4 5 27 0 0.013 0.103551 1 
5 5 27 0.00697547 0.019 0.0395769 2 
6 5 27 0 0.034 0.0223335 1 
7 5 27 0.00276518 0.034 0.0189319 2 
8 5 27 0 0.014 0.0955448 1 
9 5 27 0 0.04 0.0156486 1 
10 5 27 0.00962419 0.045 0.0380565 2 
11 5 27 0 0.01 0.0232924 1 
12 5 27 0 0.027 0.0223488 1 
13 5 27 0 0.016 0.0239191 1 
14 5 27 0.0185485 0.003 0.0191765 8 
15 5 27 0 0.041 0.0209974 1 
16 5 27 0 0.018 0.020627 1 
17 5 27 0.00671031 0.005 0.0238969 3 
18 5 27 0.00406085 0.002 0.0232775 2 
19 5 27 0 0.007 0.0210345 1 
20 5 27 0.00164623 0.038 0.0200821 2 
21 5 27 0 0.012 0.0234001 1 
22 5 27 0 0.02 0.0183761 1 
23 5 27 0 0.036 0.0247261 1 
24 5 27 0.00406085 0.007 0.023885 2 
25 5 27 0 0.038 0.0176675 1 
26 5 27 0 0.03 0.0156813 1 
27 5 27 0 0.042 0.0193754 1 
28 5 27 0 0.012 0.0245197 1 
29 5 27 0 0.036 0.0213986 1 
30 5 27 0.00369365 0.017 0.0236239 3 
31 5 27 0 0.039 0.021956 1 
32 5 27 0 0.019 0.0246665 1 
0 5 28 0.0181543 0.008 0.0164244 9 
1 5 28 0.00495011 0.031 0.0215187 2 
2 5 28 0 0.006 0.0263187 1 
3 5 28 0 0.02 0.0224994 1 
4 5 28 0 0.038 0.0189582 1 
5 5 28 0.000378913 0.006 0.0151815 2 
6 5 28 0.00293622 0.041 0.0254074 2 
7 5 28 0 0.027 0.0186363 1 
8 5 28 0 0.021 0.0733587 1 
9 5 28 0 0.042 0.0237651 1 
10 5 28 0 0.01 0.0222186 1 
11 5 28 0 0.006 0.0225354 1 
12 5 28 0 0.005 0.0220402 1 
13 5 28 0 0.001 0.0248438 1 
14 5 28 0 0.027 0.0257818 1 
15 5 28 0 0.034 0.02391 1 
16 5 28 0 0.047 0.0200923 1 
17 5 28 0 0.043 0.016625 1 
18 5 28 0 0.014 0.0181635 1 
19 5 28 0 0.025 0.0162225 1 
20 5 28 0.00331819 0.021 0.0226256 2 
21 5 28 0 0.043 0.0236387 1 
22 5 28 0.00591516 0.006 0.0157484 5 
23 5 28 0 0.037 0.0151544 1 
24 5 28 0 0.013 0.020483 1 
25 5 28 0 0.043 0.0192862 1 
26 5 28 0.00679003 0.001 0.0233096 11 
27 5 28 0.0048006 0.007 0.0229014 9 
28 5 28 0 0.027 0.01797 1 
29 5 28 0 0.041 0.0210663 1 
30 5 28 0 0.001 0.0230104 1 
31 5 28 0 0.016 0.026676 1 
32 5 28 0 0.024 0.0234438 1 
0 5 29 0 0.031 0.0236928 1 
1 5 29 0 0.043 0.0174117 1 
2 5 29 0.00376411 0.02 0.023344 2 
3 5 29 0 0.042 0.0215071 1 
4 5 29 0 0.021 0.0223106 1 
5 5 29 0 0.028 0.023015 1 
6 5 29 0 0.009 0.0198185 1 
7 5 29 0 0.023 0.0233417 1 
8 5 29 0 0.002 0.0248876 1 
9 5 29 0 0.025 0.0210018 1 
10 5 29 0 0.02 0.104586 1 
11 5 29 0 0.035 0.0266967 1 
12 5 29 0 0.019 0.0200801 1 
13 5 29 0 0.015 0.0191006 1 
14 5 29 0 0.04 0.0197098 1 
15 5 29 0.00339218 0.026 0.0256672 2 
16 5 29 0 0.034 0.0210924 1 
17 5 29 0 0.042 0.0249462 1 
18 5 29 0 0.032 0.0233319 1 
19 5 29 0 0.017 0.0197555 3 
20 5 29 0 0.029 0.0190122 1 
21 5 29 0 0.01 0.0263107 1 
22 5 29 0 0.007 0.0213452 1 
23 5 29 0 0.044 0.0223708 1 
24 5 29 0 0.018 0.0194278 1 
25 5 29 0 0.007 0.0208612 1 
26 5 29 0 0.023 0.0227203 1 
27 5 29 0.0068412 0.014 0.0270302 3 
28 5 29 0 0.013 0.0238357 1 
29 5 29 0 0.015 0.0176128 1 
30 5 29 0 0.006 0.0198661 1 
31 5 29 0 0.043 0.0304528 1 
32 5 29 0.000118476 0.003 0.0171859 2 
0 5 30 0 0.02 0.0179495 1 
1 5 30 0.00227802 0.038 0.0238018 2 
2 5 30 0 0.003 0.0197505 1 
3 5 30 0.00302392 0.013 0.0235619 10 
4 5 30 0.0032537 0.028 0.0611166 3 
5 5 30 0.000152537 0.028 0.0183728 2 
6 5 30 0 0.011 0.0228223 1 
7 5 30 0.00847522 0.009 0.0185041 5 
8 5 30 0 0.015 0.0748293 1 
9 5 30 0 0.042 0.0143401 1 
10 5 30 0 0.003 0.029103 2 
11 5 30 0 0.009 0.0258646 1 
12 5 30 0 0.016 0.018164 1 
13 5 30 0 0.048 0.0209284 1 
14 5 30 0 0.034 0.014822 1 
15 5 30 0 0.019 0.0189842 1 
16 5 30 0 0.014 0.0230923 1 
17 5 30 0.0214284 0.007 0.0239496 15 
18 5 30 0 0.035 0.0180235 1 
19 5 30 0.00143684 0.02 0.0193075 2 
20 5 30 0 0.033 0.0170687 1 
21 5 30 0.0029997 0.007 0.0193258 3 
22 5 30 0 0.008 0.0170468 1 
23 5 30 0 0.046 0.0173757 1 
24 5 30 0 0.035 0.024495 1 
25 5 30 0 0.018 0.0193595 1 
26 5 30 0 0.042 0.0182747 1 
27 5 30 0.00332089 0.011 0.0235696 2 
28 5 30 0 0.021 0.0203003 1 
29 5 30 0 0.01 0.0248068 1 
30 5 30 0 0.028 0.0195428 1 
31 5 30 0 0.016 0.0237869 1 
32 5 30 0 0.033 0.0173745 1 
0 5 31 0 0.01 0.0236431 1 
1 5 31 0 0.033 0.0166816 1 
2 5 31 0 0.004 0.0186408 1 
3 5 31 0 0.047 0.0213358 1 
4 5 31 0 0.01 0.117955 1 
5 5 31 0.000793778 0.048 0.0290136 2 
6 5 31 0 0.019 0.0172417 1 
7 5 31 0 0.036 0.0220756 1 
8 5 31 0 0.018 0.0787171 1 
9 5 31 0 0.002 0.0224329 1 
10 5 31 0 0.011 0.0207914 1 
11 5 31 0 0.006 0.0155874 1 
12 5 31 0.00897274 0.037 0.0173642 2 
13 5 31 0.00106444 0.005 0.0126894 2 
14 5 31 0 0.009 0.0233329 1 
15 5 31 0 0.021 0.0193246 1 
16 5 31 0 0.047 0.027141 1 
17 5 31 0 0.046 0.0142847 1 
18 5 31 0 0.031 0.0205789 1 
19 5 31 0.00286194 0.007 0.0185679 4 
20 5 31 0 0.024 0.0240953 1 
21 5 31 0.00510819 0.022 0.0267439 3 
22 5 31 0 0.049 0.0266392 1 
23 5 31 0.00830862 0.007 0.0214023 3 
24 5 31 0 0.012 0.0247098 1 
25 5 31 0 0.013 0.020792 1 
26 5 31 0.0477928 0.022 0.0139202 8 
27 5 31 0.000587843 0.012 0.0234665 3 
28 5 31 0 0.023 0.0252312 1 
29 5 31 0 0.002 0.022576 1 
30 5 31 0 0.038 0.0187561 1 
31 5 31 0 0.049 0.0160783 1 
32 5 31 0 0.033 0.0146003 1 
0 5 32 0.0308405 0.005 0.0234102 18 
1 5 32 0 0.016 0.0175572 1 
2 5 32 0 0.048 0.0241074 1 
3 5 32 0 0.044 0.0209433 1 
4 5 32 0.000870271 0.014 0.0197867 2 
5 5 32 0 0.028 0.139692 1 
6 5 32 0.00553339 0.002 0.0231998 3 
7 5 32 0.0289609 0.002 0.0219803 16 
8 5 32 0 0.024 0.0298665 2 
9 5 32 0.00463755 0.008 0.015622 3 
10 5 32 0 0.006 0.11352 1 
11 5 32 0 0.004 0.0190964 1 
12 5 32 0.000307383 0.006 0.0187575 3 
13 5 32 0 0.029 0.0187265 1 
14 5 32 0 0.032 0.0204779 1 
15 5 32 0 0.014 0.0192539 1 
16 5 32 0 0.023 0.0185897 1 
17 5 32 0 0.038 0.018152 1 
18 5 32 0.00326277 0.014 0.0233051 2 
19 5 32 0 0.008 0.0190591 1 
20 5 32 0 0.026 0.0189668 1 
21 5 32 0 0.003 0.0208826 1 
22 5 32 0 0.035 0.0226157 1 
23 5 32 0.00634527 0.003 0.0221191 2 
24 5 32 0 0.005 0.0189209 1 
25 5 32 0.0214957 0.003 0.0256785 14 
26 5 32 0 0.024 0.0245488 1 
27 5 32 0 0.016 0.0172867 1 
28 5 32 0 0.025 0.020982 1 
29 5 32 0 0.017 0.0157523 1 
30 5 32 0 0.018 0.0187839 1 
31 5 32 0 0.024 0.0255441 1 
32 5 32 0 0.021 0.0143616 1 
0 5 33 0 0.041 0.0259618 1 
1 5 33 1.97095e-05 0.017 0.0191197 2 
2 5 33 0.00376891 0.035 0.0229 2 
3 5 33 0.0503266 0.002 0.0286309 25 
4 5 33 0.00637094 0.013 0.0232304 2 
5 5 33 0 0.022 0.137927 1 
6 5 33 0.00432648 0.03 0.0241949 2 
7 5 33 0 0.039 0.0179424 1 
8 5 33 0 0.041 0.0229844 1 
9 5 33 0 0.045 0.0176903 1 
10 5 33 0.00413843 0.012 0.0320164 2 
11 5 33 0 0.016 0.0220498 1 
12 5 33 0.000727724 0.002 0.0228536 2 
13 5 33 0 0.036 0.0236714 1 
14 5 33 0.0067484 0.009 0.0220433 4 
15 5 33 0 0.042 0.0259213 1 
16 5 33 0 0.036 0.0198241 1 
17 5 33 0.000272512 0.019 0.0232521 2 
18 5 33 0.00358305 0.045 0.0219077 2 
19 5 33 0.00150596 0.034 0.0217787 2 
20 5 33 0.00934956 0.011 0.0179678 5 
21 5 33 0 0.043 0.0120386 1 
22 5 33 0 0.038 0.0221261 1 
23 5 33 0 0.04 0.0136732 1 
24 5 33 0 0.045 0.0208625 1 
25 5 33 0 0.013 0.0203517 1 
26 5 33 0 0.046 0.0135118 1 
27 5 33 0.0548549 0.002 0.0248824 21 
28 5 33 0 0.029 0.0261917 1 
29 5 33 0.00264144 0.015 0.0172062 2 
30 5 33 0 0.033 0.0206336 1 
31 5 33 0 0.015 0.0226539 1 
32 5 33 0.00282483 0.021 0.0223803 3 
0 5 34 0.00582869 0.048 0.0281271 3 
1 5 34 0 0.031 0.0186339 1 
2 5 34 0 0.01 0.0215078 1 
3 5 34 0 0.024 0.0225216 1 
4 5 34 0 0.038 0.0149803 1 
5 5 34 0 0.009 0.0219523 1 
6 5 34 0 0.048 0.0186152 1 
7 5 34 0.00474234 0.02 0.0185208 4 
8 5 34 0 0.03 0.0829544 1 
9 5 34 0 0.024 0.018614 1 
10 5 34 0 0.019 0.0200169 1 
11 5 34 0 0.023 0.0203503 1 
12 5 34 0 0.022 0.0169481 1 
13 5 34 0.00142183 0.009 0.0224251 3 
14 5 34 0 0.047 0.0208963 1 
15 5 34 0 0.003 0.0219324 1 
16 5 34 0 0.021 0.0167242 1 
17 5 34 0 0.047 0.0242023 1 
18 5 34 0.00326553 0.035 0.018088 2 
19 5 34 0 0.044 0.0229486 1 
20 5 34 0.0019273 0.044 0.0198175 2 
21 5 34 0.0035084 0.01 0.021831 4 
22 5 34 0 0.029 0.0181619 1 
23 5 34 0 0.019 0.0171774 1 
24 5 34 0 0.006 0.018481 1 
25 5 34 0.00550573 0.008 0.020221 2 
26 5 34 0 0.001 0.0237061 1 
27 5 34 0 0.02 0.0181381 1 
28 5 34 0 0.021 0.0195406 1 
29 5 34 0.00289625 0.025 0.021008 2 
30 5 34 0 0.007 0.0213092 1 
31 5 34 0 0.039 0.0179663 1 
32 5 34 0 0.029 0.0192701 1 
0 5 35 0 0.009 0.0228447 1 
1 5 35 0 0.012 0.0207193 1 
2 5 35 0 0.022 0.0243264 1 
3 5 35 0 0.02 0.0193173 1 
4 5 35 0 0.017 0.113153 1 
5 5 35 0 0.022 0.127649 1 
6 5 35 0 0.013 0.0218361 1 
7 5 35 0 0.013 0.0205961 1 
8 5 35 0 0.009 0.0869576 1 
9 5 35 0 0.028 0.0179286 1 
10 5 35 0.00477011 0.045 0.0329133 2 
11 5 35 5.85023e-05 0.024 0.0235613 2 
12 5 35 0 0.046 0.0227115 1 
13 5 35 0 0.022 0.0150706 1 
14 5 35 0 0.003 0.0231542 1 
15 5 35 0 0.005 0.0212506 1 
16 5 35 0 0.014 0.0184003 1 
17 5 35 0 0.033 0.0161298 1 
18 5 35 0.0031223 0.041 0.0185662 2 
19 5 35 0 0.029 0.0197258 1 
20 5 35 0 0.049 0.0269789 1 
21 5 35 0 0.013 0.02051 1 
22 5 35 0 0.037 0.0189748 1 
23 5 35 0 0.038 0.0254051 1 
24 5 35 0 0.027 0.0227136 1 
25 5 35 0 0.006 0.0180182 1 
26 5 35 0.00388445 0.014 0.0193443 2 
27 5 35 0 0.007 0.0221497 4 
28 5 35 0 0.016 0.0251509 1 
29 5 35 0.00346975 0.019 0.0176067 2 
30 5 35 0 0.031 0.0220992 1 
31 5 35 0.00362531 0.02 0.0222968 3 
32 5 35 0.00570895 0.003 0.018743 3 
0 5 36 0 0.045 0.0181073 1 
1 5 36 0.00669036 0.035 0.0140764 3 
2 5 36 0 0.02 0.0217634 1 
3 5 36 0 0.001 0.0207402 1 
4 5 36 0.00400802 0.034 0.0216817 2 
5 5 36 0 0.047 0.0465644 2 
6 5 36 0.000579347 0.021 0.0167493 2 
7 5 36 0 0.023 0.0196287 1 
8 5 36 0 0.031 0.0714478 1 
9 5 36 0.00170563 0.002 0.0208252 2 
10 5 36 0 0.008 0.0236781 1 
11 5 36 0.00265333 0.024 0.0268846 2 
12 5 36 0 0.042 0.0202705 1 
13 5 36 0.000450192 0.016 0.0202787 2 
14 5 36 0 0.009 0.0218452 1 
15 5 36 0 0.005 0.0242498 1 
16 5 36 0 0.04 0.0187494 1 
17 5 36 0 0.029 0.024522 1 
18 5 36 0.00282584 0.042 0.0300763 2 
19 5 36 0 0.012 0.0212898 1 
20 5 36 0 0.034 0.0152988 1 
21 5 36 0.00549022 0.02 0.0230427 3 
22 5 36 0 0.023 0.0171029 1 
23 5 36 0.000105395 0.02 0.0222493 2 
24 5 36 0 0.014 0.0245465 1 
25 5 36 0 0.025 0.0147312 1 
26 5 36 0 0.034 0.0189951 1 
27 5 36 0.0461549 0.003 0.0220409 33 
28 5 36 0 0.011 0.0245753 1 
29 5 36 0.0018228 0.043 0.0198708 2 
30 5 36 0.00988706 0.01 0.0216534 7 
31 5 36 0 0.03 0.0185565 1 
32 5 36 0 0.021 0.0207269 1 
0 5 37 0 0.044 0.0156148 1 
1 5 37 0 0.007 0.0175493 1 
2 5 37 0 0.021 0.0257878 1 
3 5 37 0 0.038 0.022159 1 
4 5 37 0 0.007 0.105464 1 
5 5 37 0 0.035 0.0240843 1 
6 5 37 0.00381916 0.034 0.0267476 2 
7 5 37 0 0.004 0.0211638 1 
8 5 37 0.0124181 0.019 0.0284456 3 
9 5 37 0 0.017 0.0182598 1 
10 5 37 0.00607695 0.013 0.0231225 2 
11 5 37 0.00090643 0.001 0.0223187 3 
12 5 37 0 0.024 0.0212753 1 
13 5 37 0 0.046 0.0190993 1 
14 5 37 0.0121533 0.002 0.023867 7 
15 5 37 0 0.047 0.0181821 1 
16 5 37 0 0.028 0.0199039 1 
17 5 37 0 0.043 0.0188161 1 
18 5 37 0 0.013 0.0184211 1 
19 5 37 0 0.014 0.0256632 1 
20 5 37 0.0119944 0.025 0.022019 4 
21 5 37 0 0.02 0.0157148 1 
22 5 37 0 0.042 0.019779 1 
23 5 37 0.000450722 0.023 0.0256308 2 
24 5 37 0 0.019 0.0230768 1 
25 5 37 0 0.008 0.0252365 1 
26 5 37 0.038822 0.001 0.0190999 16 
27 5 37 0 0.024 0.0176306 1 
28 5 37 0 0.039 0.0243441 1 
29 5 37 0.00347181 0.005 0.0207952 2 
30 5 37 0 0.048 0.0185074 1 
31 5 37 0 0.011 0.0185007 1 
32 5 37 0.00103531 0.039 0.0238388 2 
0 5 38 0 0.004 0.0174657 1 
1 5 38 0 0.001 0.0191338 1 
2 5 38 0 0.03 0.0205237 1 
3 5 38 0.0211448 0.001 0.0169254 11 
4 5 38 0 0.017 0.0214323 1 
5 5 38 0 0.017 0.14357 1 
6 5 38 0 0.047 0.0259379 1 
7 5 38 0 0.046 0.0235454 1 
8 5 38 0 0.039 0.0159474 1 
9 5 38 0.0131701 0.022 0.02305 6 
10 5 38 0.000496316 0.045 0.0165657 2 
11 5 38 0 0.002 0.0233525 1 
12 5 38 0.00234746 0.028 0.021345 2 
13 5 38 0 0.041 0.0207891 1 
14 5 38 0 0.009 0.0190458 1 
15 5 38 0 0.042 0.0159073 1 
16 5 38 0 0.012 0.0120736 1 
17 5 38 0.00729869 0.005 0.0168265 6 
18 5 38 0 0.028 0.0234133 1 
19 5 38 0 0.018 0.0185527 1 
20 5 38 0.012009 0.037 0.0193165 4 
21 5 38 0 0.03 0.0236897 1 
22 5 38 0 0.037 0.0150169 1 
23 5 38 0 0.045 0.0180778 1 
24 5 38 0 0.036 0.0225842 1 
25 5 38 0 0.033 0.0169907 1 
26 5 38 0.0278685 0.014 0.0191605 11 
27 5 38 0.00201815 0.001 0.0218447 3 
28 5 38 0 0.004 0.0224652 1 
29 5 38 0 0.044 0.0247423 1 
30 5 38 0.00265364 0.009 0.0228491 2 
31 5 38 0 0.045 0.0177646 1 
32 5 38 0.000395307 0.003 0.0235119 2 
0 5 39 0 0.036 0.020023 1 
1 5 39 0.0027423 0.02 0.0159194 2 
2 5 39 0 0.012 0.0217899 1 
3 5 39 0 0.027 0.0173423 1 
4 5 39 0.00573102 0.024 0.0228357 2 
5 5 39 0 0.037 0.132623 1 
6 5 39 0 0.04 0.0205174 1 
7 5 39 0 0.032 0.02144 1 
8 5 39 0 0.021 0.0239614 1 
9 5 39 0.0169542 0.007 0.0239719 17 
10 5 39 0.00607828 0.023 0.0289438 2 
11 5 39 0 0.049 0.0222974 1 
12 5 39 0 0.005 0.0195905 1 
13 5 39 0.0022709 0.024 0.017 2 
14 5 39 0.0100379 0.009 0.0220945 4 
15 5 39 0.00295299 0.034 0.0222127 2 
16 5 39 0 0.043 0.0168608 1 
17 5 39 0 0.029 0.0196192 1 
18 5 39 0.00123304 0.012 0.022272 3 
19 5 39 0 0.005 0.0209713 1 
20 5 39 0.00739423 0.046 0.0156419 2 
21 5 39 0 0.006 0.0161932 1 
22 5 39 0.0177041 0.014 0.0186527 8 
23 5 39 0 0.047 0.0182399 1 
24 5 39 0 0.043 0.0236333 1 
25 5 39 0.0023898 0.009 0.0267239 4 
26 5 39 0 0.023 0.0230825 1 
27 5 39 0 0.019 0.0184336 1 
28 5 39 0 0.011 0.0206541 1 
29 5 39 0 0.011 0.0245461 1 
30 5 39 0 0.008 0.0210277 1 
31 5 39 0 0.01 0.0264064 1 
32 5 39 0.0112777 0.013 0.0178518 5 
0 5 40 0.0106015 0.001 0.0242227 4 
1 5 40 0 0.039 0.0233834 1 
2 5 40 0 0.035 0.0205068 1 
3 5 40 0 0.027 0.0210604 1 
4 5 40 5.23518e-05 0.042 0.0209035 2 
5 5 40 0 0.028 0.102102 1 
6 5 40 0 0.018 0.0257392 1 
7 5 40 0 0.038 0.0159345 1 
8 5 40 0.00161158 0.001 0.0183448 4 
9 5 40 0 0.026 0.0192215 1 
10 5 40 0 0.005 0.0242667 1 
11 5 40 0 0.034 0.0206401 1 
12 5 40 0.00733768 0.009 0.022294 8 
13 5 40 0.00120898 0.005 0.0222088 2 
14 5 40 0 0.006 0.0244101 1 
15 5 40 0 0.021 0.0169172 1 
16 5 40 0 0.049 0.0176901 1 
17 5 40 0 0.026 0.0181736 1 
18 5 40 6.19486e-05 0.005 0.0205653 2 
19 5 40 3.56258e-07 0.032 0.0193829 2 
20 5 40 0 0.016 0.0212983 1 
21 5 40 0 0.007 0.0186693 1 
22 5 40 0 0.009 0.0196855 1 
23 5 40 0 0.001 0.0250473 1 
24 5 40 0 0.011 0.0142496 1 
25 5 40 0.00111586 0.005 0.0204759 2 
26 5 40 0 0.048 0.0193445 1 
27 5 40 0 0.04 0.0194024 1 
28 5 40 0 0.028 0.0254241 1 
29 5 40 0 0.006 0.0235712 1 
30 5 40 0 0.043 0.0244387 1 
31 5 40 0 0.047 0.0137046 1 
32 5 40 0 0.017 0.0214124 1 
0 5 41 0.0424446 0.003 0.0233702 41 
1 5 41 0 0.047 0.0238358 1 
2 5 41 0.00330233 0.021 0.0216429 2 
3 5 41 0.00874137 0.014 0.0228793 2 
4 5 41 0.00573241 0.019 0.0278889 2 
5 5 41 0 0.047 0.0189561 1 
6 5 41 0 0.02 0.0211923 1 
7 5 41 0.00525805 0.017 0.022197 3 
8 5 41 0 0.011 0.0242095 1 
9 5 41 0 0.035 0.018128 1 
10 5 41 0 0.015 0.0983961 1 
11 5 41 0 0.038 0.0232166 1 
12 5 41 0 0.024 0.0261829 1 
13 5 41 0.00195505 0.037 0.022229 2 
14 5 41 0 0.005 0.018564 1 
15 5 41 0 0.024 0.0247655 1 
16 5 41 0.00295517 0.043 0.0223796 2 
17 5 41 0.00674094 0.003 0.0256206 5 
18 5 41 0.00312875 0.033 0.0247311 2 
19 5 41 0 0.027 0.0204731 1 
20 5 41 0 0.025 0.0224069 1 
21 5 41 0.00267898 0.023 0.0164923 3 
22 5 41 0 0.024 0.0230352 1 
23 5 41 0 0.029 0.0222738 2 
24 5 41 0 0.029 0.0219799 1 
25 5 41 0 0.008 0.0197592 1 
26 5 41 0.0031145 0.004 0.0240428 5 
27 5 41 0 0.032 0.0119587 1 
28 5 41 0 0.024 0.0196008 1 
29 5 41 0 0.024 0.0233633 1 
30 5 41 0.00499229 0.012 0.023231 4 
31 5 41 0 0.019 0.01957 1 
32 5 41 0.000345554 0.048 0.0163843 3 
0 5 42 0 0.005 0.0201264 1 
1 5 42 0 0.043 0.0230155 1 
2 5 42 0.0026604 0.024 0.0163439 2 
3 5 42 0 0.029 0.0208179 1 
4 5 42 0 0.049 0.0214712 1 
5 5 42 0 0.025 0.0494567 2 
6 5 42 0.00214334 0.034 0.0210114 2 
7 5 42 0.00735473 0.021 0.0261749 2 
8 5 42 0 0.044 0.0209812 1 
9 5 42 0 0.024 0.0183176 1 
10 5 42 0 0.004 0.0940766 1 
11 5 42 0.0026604 0.013 0.0147684 2 
12 5 42 0 0.013 0.0200849 1 
13 5 42 0 0.001 0.0197378 1 
14 5 42 0 0.015 0.027732 1 
15 5 42 0 0.023 0.0193941 1 
16 5 42 0 0.03 0.0224938 1 
17 5 42 0 0.039 0.0223439 1 
18 5 42 0.00283275 0.037 0.0234386 2 
19 5 42 0 0.018 0.0219546 1 
20 5 42 0 0.04 0.0215067 1 
21 5 42 0.00197099 0.023 0.0242382 2 
22 5 42 0 0.009 0.0203439 1 
23 5 42 0 0.01 0.0153563 1 
24 5 42 0 0.037 0.0236749 1 
25 5 42 0.000602622 0.003 0.015103 3 
26 5 42 0 0.024 0.0167653 1 
27 5 42 0 0.038 0.0189584 1 
28 5 42 0.00283275 0.006 0.0182498 2 
29 5 42 0.00248805 0.012 0.022546 2 
30 5 42 0 0.034 0.0258006 1 
31 5 42 0 0.025 0.0254636 1 
32 5 42 0 0.01 0.0252406 1 
0 5 43 0 0.037 0.0187756 1 
1 5 43 0 0.031 0.0209574 1 
2 5 43 0.00330442 0.047 0.0197536 2 
3 5 43 0 0.036 0.0224163 1 
4 5 43 0 0.021 0.0256769 1 
5 5 43 0.00366506 0.036 0.0191275 3 
6 5 43 0 0.017 0.0220042 1 
7 5 43 0 0.017 0.0146061 1 
8 5 43 0.00477906 0.028 0.0221073 3 
9 5 43 0.00377285 0.007 0.023985 5 
10 5 43 2.23643e-05 0.024 0.0225246 2 
11 5 43 0.000909764 0.036 0.0189644 3 
12 5 43 0.0189047 0.02 0.0193421 5 
13 5 43 0 0.016 0.0209138 1 
14 5 43 0.00484217 0.015 0.0251111 3 
15 5 43 0 0.047 0.0230431 1 
16 5 43 0 0.022 0.0249373 1 
17 5 43 0 0.046 0.0228712 1 
18 5 43 0 0.038 0.0245778 1 
19 5 43 0.000245986 0.015 0.0204803 2 
20 5 43 0 0.001 0.0179641 1 
21 5 43 0 0.043 0.020223 1 
22 5 43 0 0.046 0.0237472 1 
23 5 43 0.00193004 0.032 0.0215142 2 
24 5 43 0 0.024 0.0209526 1 
25 5 43 0.00269242 0.003 0.0187124 2 
26 5 43 0.00143617 0.041 0.0197447 2 
27 5 43 0 0.017 0.0281587 1 
28 5 43 0 0.011 0.024321 1 
29 5 43 0 0.039 0.0219499 1 
30 5 43 0 0.047 0.0185143 1 
31 5 43 0 0.002 0.016168 1 
32 5 43 0 0.001 0.0266068 1 
0 5 44 0 0.047 0.0229332 1 
1 5 44 0.000656092 0.003 0.0203851 2 
2 5 44 0.00375786 0.023 0.0161183 4 
3 5 44 0 0.002 0.0192306 1 
4 5 44 0 0.007 0.110238 1 
5 5 44 0.00134075 0.039 0.0370195 3 
6 5 44 0 0.006 0.0183294 1 
7 5 44 0 0.042 0.0207804 1 
8 5 44 0 0.004 0.0223516 1 
9 5 44 0 0.001 0.0210116 1 
10 5 44 0 0.028 0.0197239 1 
11 5 44 0 0.004 0.0221354 1 
12 5 44 0.0198294 0.012 0.0172167 5 
13 5 44 0.000569329 0.01 0.0195696 2 
14 5 44 0 0.032 0.0167173 1 
15 5 44 0 0.018 0.0201311 1 
16 5 44 0 0.023 0.0210971 1 
17 5 44 0.0013148 0.011 0.0214663 2 
18 5 44 0 0.004 0.0166706 1 
19 5 44 0 0.036 0.0224735 1 
20 5 44 0.0271938 0.006 0.0247542 17 
21 5 44 0 0.015 0.017214 1 
22 5 44 0.028725 0.01 0.0205655 6 
23 5 44 0.00379126 0.027 0.0161883 2 
24 5 44 0 0.048 0.0217793 1 
25 5 44 0 0.006 0.0179274 1 
26 5 44 0.00754994 0.012 0.0202105 4 
27 5 44 0 0.019 0.0178268 1 
28 5 44 0 0.025 0.0188715 1 
29 5 44 0 0.044 0.0285502 1 
30 5 44 0.00997526 0.012 0.0193752 4 
31 5 44 0 0.02 0.0238887 1 
32 5 44 0.00438741 0.017 0.0201889 3 
0 5 45 0.000476969 0.009 0.0272616 2 
1 5 45 0 0.002 0.025379 1 
2 5 45 0.00389799 0.005 0.0272815 4 
3 5 45 0 0.04 0.0195673 1 
4 5 45 0.00573513 0.03 0.0286687 2 
5 5 45 0 0.047 0.133455 1 
6 5 45 0.00287335 0.012 0.0165 3 
7 5 45 0 0.016 0.0176959 1 
8 5 45 0 0.007 0.0221576 1 
9 5 45 0 0.008 0.0205499 1 
10 5 45 0.000961907 0.038 0.0175551 2 
11 5 45 0 0.019 0.0201573 1 
12 5 45 0.010645 0.015 0.0212595 2 
13 5 45 0 0.001 0.021653 1 
14 5 45 0 0.04 0.0164698 1 
15 5 45 0 0.048 0.0245764 1 
16 5 45 0.00295949 0.01 0.0205315 2 
17 5 45 0 0.04 0.0204653 1 
18 5 45 0.00313296 0.047 0.0160415 2 
19 5 45 0 0.047 0.0228742 1 
20 5 45 0 0.006 0.020663 1 
21 5 45 0.00400035 0.001 0.0173996 2 
22 5 45 0 0.006 0.024238 1 
23 5 45 0 0.032 0.02606 1 
24 5 45 0 0.044 0.0187877 1 
25 5 45 0 0.018 0.0243412 1 
26 5 45 0 0.039 0.0213231 1 
27 5 45 0.012529 0.004 0.0208856 4 
28 5 45 0 0.016 0.0161032 1 
29 5 45 0 0.042 0.0210147 1 
30 5 45 0 0.024 0.0197727 1 
31 5 45 0 0.005 0.0206059 1 
32 5 45 0 0.019 0.0297236 1 
0 5 46 0 0.014 0.0211091 1 
1 5 46 0 0.014 0.0232034 1 
2 5 46 0 0.044 0.015766 1 
3 5 46 0.00831284 0.021 0.0165409 6 
4 5 46 0 0.045 0.0156182 1 
5 5 46 0 0.015 0.135574 1 
6 5 46 0 0.047 0.0259509 1 
7 5 46 0 0.03 0.0168146 1 
8 5 46 0.00230398 0.013 0.0386912 3 
9 5 46 0 0.007 0.0251065 1 
10 5 46 0 0.04 0.029097 1 
11 5 46 0 0.001 0.0246077 1 
12 5 46 0.0157926 0.003 0.0221678 10 
13 5 46 0 0.016 0.0180905 1 
14 5 46 0 0.002 0.0202578 1 
15 5 46 0 0.006 0.0148382 1 
16 5 46 0 0.034 0.0129767 1 
17 5 46 0 0.037 0.0202537 1 
18 5 46 0 0.01 0.0207862 1 
19 5 46 0 0.02 0.018402 1 
20 5 46 0 0.042 0.0231752 1 
21 5 46 0 0.001 0.0198497 1 
22 5 46 0.0028388 0.028 0.0191018 4 
23 5 46 0 0.039 0.0136566 1 
24 5 46 0 0.019 0.016568 1 
25 5 46 0 0.021 0.0179778 1 
26 5 46 0 0.01 0.0211447 1 
27 5 46 0.00300947 0.022 0.0175987 2 
28 5 46 0.00283722 0.026 0.0204454 2 
29 5 46 0.00106827 0.004 0.0247678 3 
30 5 46 0.000190025 0.003 0.0157283 2 
31 5 46 0.00232047 0.006 0.0251221 2 
32 5 46 0 0.028 0.0224699 1 
0 5 47 0 0.012 0.0251575 1 
1 5 47 0 0.002 0.0261604 1 
2 5 47 5.89962e-05 0.043 0.0194334 2 
3 5 47 0 0.031 0.0212287 1 
4 5 47 0 0.021 0.0204503 1 
5 5 47 0 0.007 0.102978 1 
6 5 47 0 0.019 0.0166625 1 
7 5 47 0 0.044 0.0209851 1 
8 5 47 0 0.044 0.0879015 1 
9 5 47 0 0.002 0.0200664 1 
10 5 47 0 0.027 0.131684 1 
11 5 47 0 0.033 0.0220714 1 
12 5 47 0.00471018 0.001 0.0184566 2 
13 5 47 0 0.041 0.0206024 1 
14 5 47 0.00056976 0.004 0.0218311 2 
15 5 47 0 0.031 0.0304814 1 
16 5 47 0 0.002 0.0183015 1 
17 5 47 0 0.034 0.017247 1 
18 5 47 0 0.038 0.0188598 1 
19 5 47 0 0.005 0.0228855 1 
20 5 47 0 0.012 0.0233415 1 
21 5 47 0.000495083 0.03 0.0176038 2 
22 5 47 0 0.023 0.0215973 1 
23 5 47 0 0.048 0.0258133 1 
24 5 47 0 0.042 0.0233938 1 
25 5 47 0.00296192 0.001 0.0208551 2 
26 5 47 0 0.041 0.0180974 1 
27 5 47 0.0263899 0.01 0.0211822 11 
28 5 47 0 0.007 0.0232282 1 
29 5 47 0 0.04 0.0210102 1 
30 5 47 3.38118e-05 0.002 0.025669 2 
31 5 47 0 0.006 0.0188898 1 
32 5 47 0 0.047 0.0304344 1 
0 5 48 0.0029542 0.026 0.0286034 3 
1 5 48 0 0.022 0.0222016 1 
2 5 48 0.00266738 0.008 0.0253957 2 
3 5 48 0.00757725 0.019 0.0166209 5 
4 5 48 0 0.046 0.131052 1 
5 5 48 0 0.041 0.0186078 1 
6 5 48 0.00215079 0.014 0.0165335 2 
7 5 48 0.00360705 0.016 0.0196144 5 
8 5 48 0.000916964 0.018 0.0241039 2 
9 5 48 0 0.034 0.0179825 1 
10 5 48 0 0.013 0.0153417 1 
11 5 48 0.000118088 0.025 0.0185249 2 
12 5 48 0 0.028 0.0229368 1 
13 5 48 0 0.043 0.0211481 1 
14 5 48 0 0.01 0.0254719 1 
15 5 48 0 0.043 0.0199995 1 
16 5 48 0 0.013 0.0234496 1 
17 5 48 0 0.036 0.0220259 1 
18 5 48 0 0.001 0.0214881 1 
19 5 48 0.0076581 0.008 0.0203292 5 
20 5 48 0 0.034 0.0180462 1 
21 5 48 0 0.02 0.0170825 1 
22 5 48 0.0122857 0.008 0.021359 11 
23 5 48 0.00698766 0.001 0.0237392 10 
24 5 48 0 0.025 0.0210125 1 
25 5 48 0 0.01 0.0241639 1 
26 5 48 0 0.003 0.0200483 1 
27 5 48 0 0.036 0.0219511 1 
28 5 48 0 0.027 0.022984 1 
29 5 48 0.00249518 0.02 0.0147203 2 
30 5 48 0 0.028 0.0185355 1 
31 5 48 0.00232299 0.011 0.0231533 2 
32 5 48 0.0031742 0.014 0.0225462 4 
0 5 49 0.00886226 0.003 0.0172823 12 
1 5 49 0 0.031 0.0158045 1 
2 5 49 0.00331091 0.04 0.0171333 2 
3 5 49 0 0.018 0.0157833 1 
4 5 49 0 0.023 0.120078 1 
5 5 49 0 0.001 0.126374 1 
6 5 49 0 0.002 0.0220632 1 
7 5 49 0 0.028 0.0172705 1 
8 5 49 0.00591157 0.01 0.044839 2 
9 5 49 0 0.019 0.0148568 1 
10 5 49 0 0.021 0.022202 1 
11 5 49 0.00331091 0.009 0.0249166 2 
12 5 49 0 0.027 0.0223127 1 
13 5 49 0 0.005 0.0226917 1 
14 5 49 0 0.047 0.0189121 1 
15 5 49 0 0.034 0.0242839 1 
16 5 49 0 0.002 0.018095 1 
17 5 49 0.0295798 0.001 0.0236723 16 
18 5 49 0 0.018 0.0217189 1 
19 5 49 0.00817445 0.006 0.0177001 5 
20 5 49 0.00193406 0.007 0.0175164 3 
21 5 49 0.00400442 0.03 0.0188013 2 
22 5 49 0 0.042 0.0221542 1 
23 5 49 0.00450227 0.025 0.0165258 4 
24 5 49 0.00313753 0.018 0.0257303 2 
25 5 49 0 0.033 0.0234847 1 
26 5 49 0 0.035 0.0226102 1 
27 5 49 0 0.036 0.015689 1 
28 5 49 0 0.019 0.0218845 1 
29 5 49 0 0.027 0.0220633 1 
30 5 49 0.0240908 0.001 0.0244899 23 
31 5 49 0.00589919 0.028 0.0232601 3 
32 5 49 0.00464094 0.014 0.0207561 5 
0 5 50 0 0.049 0.0164961 1 
1 5 50 8.82004e-05 0.004 0.0187669 2 
2 5 50 0 0.047 0.0184377 1 
3 5 50 0.00926196 0.023 0.0178475 3 
4 5 50 0 0.049 0.127229 1 
5 5 50 0 0.019 0.119655 1 
6 5 50 0.00241932 0.017 0.027061 4 
7 5 50 0.00344933 0.014 0.0234641 2 
8 5 50 0 0.042 0.0220657 1 
9 5 50 0 0.026 0.0170346 1 
10 5 50 0 0.044 0.0958114 1 
11 5 50 0 0.032 0.0197367 1 
12 5 50 0 0.016 0.0184447 1 
13 5 50 0 0.026 0.0217565 1 
14 5 50 0 0.002 0.0219338 1 
15 5 50 0 0.023 0.019789 1 
16 5 50 0 0.018 0.0206109 1 
17 5 50 0 0.024 0.0152536 1 
18 5 50 0 0.009 0.0225892 1 
19 5 50 0 0.015 0.0196502 1 
20 5 50 1.8906e-05 0.014 0.0217098 2 
21 5 50 0.00198107 0.049 0.0273185 2 
22 5 50 0.000824586 0.002 0.02209 3 
23 5 50 0 0.044 0.0196132 1 
24 5 50 0.00284179 0.006 0.0206844 2 
25 5 50 0 0.03 0.0235131 1 
26 5 50 0 0.013 0.0191874 1 
27 5 50 0 0.013 0.0208693 1 
28 5 50 0 0.004 0.0157026 1 
29 5 50 0 0.029 0.0192168 1 
30 5 50 0 0.016 0.0259317 1 
31 5 50 0.0049211 0.02 0.0219905 3 
32 5 50 0 0.011 0.0167341 1 
0 5 51 0.0162421 0.019 0.0188353 10 
1 5 51 0.00962651 0.006 0.0213639 6 
2 5 51 0 0.002 0.0193618 1 
3 5 51 0 0.041 0.0188971 1 
4 5 51 0 0.03 0.123378 1 
5 5 51 0 0.018 0.0983974 1 
6 5 51 0 0.007 0.0248996 1 
7 5 51 0.0061618 0.035 0.0209537 3 
8 5 51 0 0.029 0.0915654 1 
9 5 51 0.0166479 0.009 0.0146601 12 
10 5 51 0 0.019 0.0263517 1 
11 5 51 0.00331305 0.027 0.0215079 2 
12 5 51 0.0735751 0.003 0.0208933 30 
13 5 51 0.0011462 0.002 0.0158502 3 
14 5 51 0 0.03 0.0233287 1 
15 5 51 0 0.004 0.0232295 1 
16 5 51 0 0.027 0.0230567 1 
17 5 51 0.030884 0.007 0.0244252 13 
18 5 51 0 0.008 0.0206482 1 
19 5 51 0 0.047 0.0220701 1 
20 5 51 0.00466633 0.005 0.019032 6 
21 5 51 0.00103453 0.017 0.0215051 2 
22 5 51 0.0310946 0.004 0.0212454 15 
23 5 51 0 0.027 0.0248328 1 
24 5 51 0.00313972 0.004 0.0198714 2 
25 5 51 0 0.008 0.0169138 1 
26 5 51 0.0139858 0.012 0.0184282 7 
27 5 51 0 0.045 0.0215362 1 
28 5 51 0 0.033 0.0199477 1 
29 5 51 0.00348638 0.013 0.0220513 2 
30 5 51 0 0.019 0.021525 1 
31 5 51 0 0.048 0.016106 1 
32 5 51 0.00650863 0.013 0.0186349 8 
0 5 52 0 0.019 0.024442 1 
1 5 52 0 0.024 0.0218039 1 
2 5 52 0.000914681 0.023 0.0195123 3 
3 5 52 0 0.043 0.0247763 1 
4 5 52 0 0.044 0.0214274 1 
5 5 52 0 0.011 0.121344 1 
6 5 52 0 0.047 0.0198467 1 
7 5 52 0.00696991 0.001 0.0167533 2 
8 5 52 9.0677e-05 0.041 0.0253418 2 
9 5 52 0.0180541 0.004 0.0217608 27 
10 5 52 0 0.029 0.0209043 1 
11 5 52 0.00267207 0.015 0.017553 2 
12 5 52 0 0.042 0.0193869 1 
13 5 52 0 0.024 0.0204062 1 
14 5 52 0.0134978 0.021 0.025049 6 
15 5 52 0 0.04 0.0246086 1 
16 5 52 0 0.023 0.0162124 1 
17 5 52 0 0.032 0.0233245 1 
18 5 52 0 0.024 0.0191139 1 
19 5 52 0.00504019 0.041 0.0169198 4 
20 5 52 0 0.042 0.0221027 1 
21 5 52 0.0019837 0.018 0.0212552 2 
22 5 52 0 0.049 0.0222208 1 
23 5 52 0 0.048 0.020015 1 
24 5 52 0 0.026 0.0212016 1 
25 5 52 0 0.005 0.0203912 1 
26 5 52 0 0.001 0.0238577 1 
27 5 52 0.0299405 0.006 0.013865 15 
28 5 52 0 0.041 0.0241617 1 
29 5 52 0 0.02 0.0181203 1 
30 5 52 0 0.024 0.017733 1 
31 5 52 0 0.039 0.0234897 1 
32 5 52 0.00102395 0.023 0.0222561 2 
0 5 53 0 0.001 0.0195341 1 
1 5 53 0 0.023 0.0173725 1 
2 5 53 0 0.031 0.0207573 1 
3 5 53 0.00805877 0.012 0.0209437 9 
4 5 53 0 0.048 0.0902101 1 
5 5 53 0.00484723 0.029 0.0426518 3 
6 5 53 0 0.029 0.0170069 1 
7 5 53 0.00029682 0.001 0.0254504 3 
8 5 53 0 0.021 0.0219832 1 
9 5 53 0 0.013 0.0171409 1 
10 5 53 0 0.031 0.106381 1 
11 5 53 0.00331518 0.005 0.0169474 2 
12 5 53 0.00197982 0.008 0.014741 2 
13 5 53 0 0.031 0.0231469 1 
14 5 53 0 0.012 0.0231238 1 
15 5 53 0 0.028 0.0161654 1 
16 5 53 0.00296863 0.01 0.0243031 2 
17 5 53 0.000822641 0.003 0.012395 3 
18 5 53 0.0031419 0.017 0.0232963 2 
19 5 53 0 0.032 0.0187319 1 
20 5 53 0 0.011 0.0179928 1 
21 5 53 0.00274464 0.02 0.0240439 3 
22 5 53 0 0.043 0.0141427 1 
23 5 53 0 0.013 0.0239167 1 
24 5 53 0 0.029 0.0197148 1 
25 5 53 0 0.027 0.0211298 1 
26 5 53 0 0.012 0.02076 1 
27 5 53 0.0118953 0.024 0.0170294 3 
28 5 53 0 0.019 0.0281545 1 
29 5 53 0 0.011 0.0276152 1 
30 5 53 0 0.02 0.021476 1 
31 5 53 0 0.031 0.0307471 1 
32 5 53 0.000910557 0.024 0.0192313 2 
0 5 54 0 0.038 0.0205383 1 
1 5 54 0.01119 0.019 0.018642 3 
2 5 54 0.0032278 0.021 0.0171561 2 
3 5 54 0.0814566 0.001 0.0175384 57 
4 5 54 0.000581615 0.042 0.0329814 2 
5 5 54 0 0.017 0.0211254 1 
6 5 54 0 0.016 0.0207595 1 
7 5 54 0 0.033 0.0206793 1 
8 5 54 0.00222707 0.001 0.050999 3 
9 5 54 0.00913043 0.022 0.0173882 4 
10 5 54 0 0.015 0.105765 1 
11 5 54 0 0.032 0.0229544 1 
12 5 54 0 0.035 0.0252596 1 
13 5 54 0 0.038 0.0162877 1 
14 5 54 0.00523754 0.012 0.0183939 2 
15 5 54 0 0.028 0.0242582 1 
16 5 54 0 0.042 0.0200929 1 
17 5 54 0 0.035 0.0198415 1 
18 5 54 0 0.022 0.0204533 1 
19 5 54 0 0.041 0.0193182 1 
20 5 54 0 0.044 0.0232602 1 
21 5 54 0 0.028 0.0176056 1 
22 5 54 0 0.048 0.0181162 1 
23 5 54 0 0.031 0.0192629 1 
24 5 54 0 0.019 0.0226959 1 
25 5 54 0.00873591 0.003 0.0231396 9 
26 5 54 0 0.006 0.0219278 1 
27 5 54 0 0.032 0.0182409 1 
28 5 54 0 0.006 0.0259812 1 
29 5 54 0.00303879 0.016 0.0215714 2 
30 5 54 0.00500638 0.011 0.0220626 3 
31 5 54 0.000110982 0.001 0.019171 2 
32 5 54 0 0.048 0.0217523 1 
0 5 55 0.00138475 0.01 0.0208095 4 
1 5 55 0.00391135 0.005 0.0214056 3 
2 5 55 0.00112363 0.007 0.0240722 3 
3 5 55 0.00701818 0.005 0.0200951 5 
4 5 55 0 0.039 0.0161899 1 
5 5 55 0 0.002 0.0206377 1 
6 5 55 0 0.019 0.0255653 1 
7 5 55 0.00736006 0.026 0.0205659 5 
8 5 55 0 0.007 0.0256354 1 
9 5 55 0 0.014 0.0185487 1 
10 5 55 0.00274175 0.048 0.0224232 4 
11 5 55 0 0.037 0.0177594 1 
12 5 55 0 0.029 0.0145391 1 
13 5 55 0.026727 0.006 0.0167327 9 
14 5 55 0 0.049 0.0233496 1 
15 5 55 0.00355304 0.007 0.0190672 2 
16 5 55 0 0.021 0.0216019 1 
17 5 55 0 0.04 0.0217166 1 
18 5 55 0 0.012 0.0208243 1 
19 5 55 0.000106709 0.011 0.0186576 2 
20 5 55 0 0.029 0.0249944 1 
21 5 55 0 0.033 0.0205611 1 
22 5 55 0 0.031 0.0181005 1 
23 5 55 0 0.017 0.0206513 1 
24 5 55 0 0.003 0.0251936 1 
25 5 55 0.0393532 0.006 0.0234118 14 
26 5 55 0 0.042 0.0241684 1 
27 5 55 0.0182665 0.015 0.0247186 5 
28 5 55 0.00374323 0.031 0.0231289 2 
29 5 55 0 0.008 0.0170294 1 
30 5 55 0 0.013 0.0232588 1 
31 5 55 0 0.025 0.019384 1 
32 5 55 0 0.026 0.0209046 1 
0 5 56 0 0.011 0.0199521 1 
1 5 56 0.000963177 0.006 0.0182172 3 
2 5 56 0.00178294 0.009 0.0245334 3 
3 5 56 0 0.002 0.0177182 1 
4 5 56 0.000686402 0.002 0.0663419 4 
5 5 56 0 0.019 0.119232 1 
6 5 56 0.00266385 0.034 0.0232358 2 
7 5 56 0 0.028 0.0229634 1 
8 5 56 0 0.018 0.0187209 2 
9 5 56 0 0.031 0.0254318 1 
10 5 56 0 0.012 0.0175421 1 
11 5 56 0 0.026 0.022309 1 
12 5 56 0 0.02 0.0167102 1 
13 5 56 0.00415859 0.013 0.0149757 6 
14 5 56 0.00228928 0.004 0.0204477 2 
15 5 56 0 0.047 0.0167439 1 
16 5 56 0 0.019 0.0222513 1 
17 5 56 0 0.035 0.0186961 1 
18 5 56 0 0.044 0.0195114 1 
19 5 56 0.0053387 0.032 0.021617 2 
20 5 56 0.00649317 0.023 0.0172465 3 
21 5 56 0 0.008 0.0225779 1 
22 5 56 0 0.011 0.0180787 1 
23 5 56 0 0.039 0.0189536 1 
24 5 56 0 0.01 0.0205409 1 
25 5 56 0 0.016 0.0186662 1 
26 5 56 0.00056407 0.008 0.0182448 2 
27 5 56 0 0.041 0.0197153 1 
28 5 56 0.00341968 0.016 0.0169424 2 
29 5 56 0 0.024 0.0213712 1 
30 5 56 0.00969613 0.026 0.019503 3 
31 5 56 0 0.01 0.0232754 1 
32 5 56 0.00644151 0.028 0.021894 3 
0 5 57 0 0.021 0.0169219 1 
1 5 57 0 0.047 0.0204339 1 
2 5 57 0 0.021 0.0214116 1 
3 5 57 0 0.035 0.0175406 1 
4 5 57 0.00175308 0.049 0.0230513 3 
5 5 57 0 0.013 0.113438 1 
6 5 57 0 0.034 0.0151399 1 
7 5 57 0.00012614 0.014 0.0232419 2 
8 5 57 0.00678834 0.039 0.0433108 2 
9 5 57 0.00665103 0.013 0.022734 3 
10 5 57 0 0.005 0.0205279 1 
11 5 57 0 0.028 0.0269332 1 
12 5 57 0.0397473 0.001 0.0200757 11 
13 5 57 0 0.024 0.0236799 1 
14 5 57 0 0.021 0.0189799 1 
15 5 57 0 0.008 0.0183013 1 
16 5 57 0 0.009 0.0271308 1 
17 5 57 0.00889262 0.009 0.019201 8 
18 5 57 0 0.006 0.0220116 1 
19 5 57 0 0.046 0.0224878 1 
20 5 57 0 0.04 0.0231624 1 
21 5 57 0.00469678 0.043 0.0211396 2 
22 5 57 0 0.047 0.0213686 1 
23 5 57 0.000276865 0.016 0.0128227 2 
24 5 57 0 0.044 0.0203344 1 
25 5 57 0 0.048 0.0209537 1 
26 5 57 0 0.04 0.0193835 1 
27 5 57 0.0376309 0.003 0.0196401 31 
28 5 57 0 0.017 0.0211266 1 
29 5 57 0 0.03 0.0243713 1 
30 5 57 0 0.002 0.019698 1 
31 5 57 0 0.007 0.0185352 1 
32 5 57 0 0.014 0.0211559 1 
0 5 58 0.00665457 0.011 0.018797 5 
1 5 58 0 0.037 0.0237334 1 
2 5 58 0.00385239 0.041 0.0169275 2 
3 5 58 0 0.023 0.0235688 1 
4 5 58 0 0.029 0.0165422 1 
5 5 58 0 0.041 0.113626 1 
6 5 58 0 0.021 0.0162681 1 
7 5 58 0 0.04 0.018908 1 
8 5 58 0 0.007 0.016409 1 
9 5 58 0 0.04 0.0182506 1 
10 5 58 0 0.037 0.102608 1 
11 5 58 0 0.008 0.0172164 1 
12 5 58 0.00117674 0.04 0.0190443 2 
13 5 58 0 0.011 0.0202338 1 
14 5 58 0 0.027 0.0230498 1 
15 5 58 0 0.015 0.0210387 1 
16 5 58 0.00426504 0.03 0.020345 2 
17 5 58 0 0.029 0.0208654 1 
18 5 58 0.00405872 0.029 0.0222966 2 
19 5 58 0 0.036 0.0231261 1 
20 5 58 0.00740568 0.023 0.023199 4 
21 5 58 0.00431842 0.006 0.0287537 4 
22 5 58 0 0.006 0.0203459 1 
23 5 58 0 0.048 0.0186764 1 
24 5 58 0 0.002 0.0211776 1 
25 5 58 0 0.027 0.0195275 1 
26 5 58 0 0.04 0.0177407 1 
27 5 58 0 0.009 0.0198579 1 
28 5 58 0 0.034 0.0272142 1 
29 5 58 0 0.032 0.02549 1 
30 5 58 0 0.045 0.0189726 1 
31 5 58 0 0.021 0.0196337 1 
32 5 58 0 0.012 0.0188034 1 
0 5 59 0.00234137 0.019 0.0217267 3 
1 5 59 0 0.035 0.0234148 1 
2 5 59 0 0.036 0.0239405 1 
3 5 59 0 0.016 0.0220145 1 
4 5 59 0.000979797 0.039 0.0481529 3 
5 5 59 0 0.011 0.119854 1 
6 5 59 0 0.033 0.0238204 1 
7 5 59 0.00101204 0.027 0.0137177 4 
8 5 59 0.0014046 0.013 0.0747797 1 
9 5 59 0.00147759 0.037 0.0224809 2 
10 5 59 0 0.021 0.0156907 1 
11 5 59 0 0.031 0.0208997 1 
12 5 59 0 0.021 0.0221544 1 
13 5 59 0.00507326 0.024 0.0208909 3 
14 5 59 0 0.039 0.0185866 1 
15 5 59 0 0.019 0.0224528 1 
16 5 59 0 0.013 0.019635 1 
17 5 59 0.00783898 0.005 0.0205837 8 
18 5 59 0 0.034 0.0200155 1 
19 5 59 0 0.005 0.0199326 1 
20 5 59 0.00511705 0.044 0.0199477 2 
21 5 59 0 0.023 0.0240547 1 
22 5 59 0 0.014 0.0207727 1 
23 5 59 0.00918724 0.01 0.0204873 7 
24 5 59 0 0.038 0.0219226 1 
25 5 59 0.0010333 0.038 0.0166514 2 
26 5 59 0.000421768 0.022 0.0209356 3 
27 5 59 0.0234467 0.018 0.021099 5 
28 5 59 0 0.025 0.0194544 1 
29 5 59 0 0.031 0.0251697 1 
30 5 59 0 0.006 0.0170482 1 
31 5 59 0 0.042 0.0186997 1 
32 5 59 0.0175279 0.001 0.0188108 7 
0 5 60 0 0.003 0.0211736 1 
1 5 60 0.0141519 0.018 0.0172274 4 
2 5 60 0 0.014 0.0197817 1 
3 5 60 0 0.042 0.0194559 1 
4 5 60 0 0.016 0.126623 1 
5 5 60 0 0.034 0.0552072 2 
6 5 60 0.00323689 0.044 0.0226373 2 
7 5 60 0 0.042 0.0251539 1 
8 5 60 0.000761732 0.013 0.0452381 2 
9 5 60 0 0.039 0.0257973 1 
10 5 60 0.00125366 0.023 0.0179578 2 
11 5 60 0 0.037 0.0212785 1 
12 5 60 0.00655801 0.018 0.0249637 2 
13 5 60 7.69297e-05 0.003 0.0219295 3 
14 5 60 0.0109954 0.005 0.0193657 16 
15 5 60 0 0.023 0.0182981 1 
16 5 60 0 0.045 0.0211838 1 
17 5 60 0 0.028 0.0186024 1 
18 5 60 0 0.042 0.017431 1 
19 5 60 0 0.031 0.0150651 1 
20 5 60 0.00337081 0.046 0.0225192 2 
21 5 60 0 0.016 0.0193964 1 
22 5 60 0 0.028 0.0217706 1 
23 5 60 0.0240855 0.003 0.0224525 15 
24 5 60 0 0.033 0.0249215 1 
25 5 60 0.0011056 0.014 0.0213019 2 
26 5 60 0 0.001 0.0225083 1 
27 5 60 0.00342872 0.025 0.0206657 3 
28 5 60 0 0.001 0.0239353 1 
29 5 60 0 0.036 0.0188858 1 
30 5 60 0.0047136 0.02 0.0192954 2 
31 5 60 0 0.049 0.0235684 1 
32 5 60 0.0310889 0.004 0.0171152 17 
