0 6 0 0 0.04 0.065737 1 
1 6 0 0 0.024 0.0686154 1 
2 6 0 0 0.039 0.10148 2 
3 6 0 0 0.029 0.0647224 1 
4 6 0 0 0.035 0.0659439 1 
5 6 0 0 0.036 0.0606857 1 
6 6 0 0 0.04 0.0705719 1 
7 6 0 0.00365069 0.024 0.0664054 2 
8 6 0 0 0.025 0.0827535 1 
9 6 0 0.0591847 0.003 0.0727422 6 
10 6 0 0.0197862 0.004 0.0608516 3 
11 6 0 0 0.031 0.0765166 2 
12 6 0 0 0.039 0.055859 1 
13 6 0 0 0.009 0.0670185 1 
14 6 0 0 0.017 0.0634649 1 
15 6 0 0 0.021 0.0624094 1 
16 6 0 0 0.006 0.070876 1 
17 6 0 0 0.028 0.0658186 1 
18 6 0 0 0.021 0.0845538 1 
19 6 0 0.233256 0.025 0.0760736 4 
20 6 0 0 0.014 0.0606332 1 
21 6 0 0 0.038 0.0533994 1 
22 6 0 0.0085517 0.001 0.0836023 2 
23 6 0 0.00574022 0.021 0.0713025 2 
24 6 0 0 0.003 0.0795479 1 
25 6 0 0 0.008 0.0679327 1 
26 6 0 0.018254 0.01 0.0728366 2 
27 6 0 0 0.013 0.0766774 1 
28 6 0 0 0.033 0.0661361 1 
29 6 0 0 0.04 0.0798021 1 
30 6 0 0.00601838 0.014 0.05518 2 
31 6 0 0 0.005 0.13757 1 
32 6 0 0.15395 0.017 0.0658583 3 
0 6 1 0 0.018 0.060769 1 
1 6 1 0 0.022 0.0842745 1 
2 6 1 0 0.001 0.0729909 1 
3 6 1 0 0.034 0.0541231 1 
4 6 1 0.014679 0.024 0.0590785 2 
5 6 1 0 0.042 0.0610223 1 
6 6 1 0 0.016 0.0661845 1 
7 6 1 0 0.018 0.0593606 1 
8 6 1 0 0.018 0.0682018 1 
9 6 1 0 0.037 0.0706848 1 
10 6 1 0.0126991 0.006 0.341572 1 
11 6 1 0 0.038 0.0589889 1 
12 6 1 0.0224241 0.01 0.0809051 2 
13 6 1 0 0.021 0.0612662 1 
14 6 1 0 0.036 0.0904188 1 
15 6 1 0 0.003 0.0835516 1 
16 6 1 0 0.042 0.0644351 1 
17 6 1 0.00521425 0.002 0.0885281 3 
18 6 1 0 0.044 0.0558678 1 
19 6 1 0 0.043 0.0610089 1 
20 6 1 0 0.04 0.0604451 1 
21 6 1 0 0.017 0.165978 1 
22 6 1 0.0532991 0.001 0.0733235 3 
23 6 1 0 0.043 0.0715608 1 
24 6 1 0 0.02 0.084177 1 
25 6 1 0 0.049 0.0618452 1 
26 6 1 0 0.009 0.0631646 1 
27 6 1 0 0.011 0.0563229 1 
28 6 1 0 0.023 0.0696742 1 
29 6 1 0 0.028 0.0784303 1 
30 6 1 0 0.049 0.0627024 1 
31 6 1 0.00264175 0.01 0.0638125 2 
32 6 1 0 0.034 0.0618886 1 
0 6 2 0 0.033 0.0758571 1 
1 6 2 0.0164388 0.016 0.0824442 2 
2 6 2 0 0.047 0.0772096 1 
3 6 2 0 0.045 0.0743486 1 
4 6 2 0.0126365 0.031 0.35507 1 
5 6 2 0 0.026 0.0706964 1 
6 6 2 0 0.021 0.0807457 1 
7 6 2 0 0.045 0.0732108 1 
8 6 2 0.0166417 0.046 0.0836329 2 
9 6 2 0.0494559 0.004 0.0711916 5 
10 6 2 0.0134384 0.034 0.331376 1 
11 6 2 0 0.026 0.0849377 1 
12 6 2 0 0.017 0.0659687 1 
13 6 2 0 0.039 0.0816001 1 
14 6 2 0 0.032 0.0703397 1 
15 6 2 0 0.029 0.0708407 1 
16 6 2 0 0.022 0.082752 1 
17 6 2 0 0.016 0.0654564 1 
18 6 2 0 0.042 0.0692168 1 
19 6 2 2.30734e-05 0.009 0.0705007 2 
20 6 2 0 0.003 0.0760828 1 
21 6 2 0 0.002 0.158346 1 
22 6 2 0 0.01 0.0781683 1 
23 6 2 0 0.001 0.0799518 1 
24 6 2 0 0.045 0.0840941 1 
25 6 2 0 0.024 0.0856679 1 
26 6 2 0 0.008 0.0843798 1 
27 6 2 0 0.016 0.0721356 1 
28 6 2 0 0.037 0.0778607 1 
29 6 2 0 0.026 0.067252 1 
30 6 2 0.243673 0.001 0.0641565 16 
31 6 2 0 0.017 0.140005 1 
32 6 2 0 0.026 0.0620784 1 
0 6 3 0 0.033 0.0708256 1 
1 6 3 0 0.028 0.0654937 1 
2 6 3 0 0.041 0.094801 1 
3 6 3 0.0703839 0.005 0.0772063 3 
4 6 3 0 0.002 0.0852317 1 
5 6 3 0 0.046 0.0804048 1 
6 6 3 0 0.009 0.0704935 1 
7 6 3 0 0.015 0.0806772 1 
8 6 3 0.026794 0.021 0.341642 1 
9 6 3 0 0.012 0.0890315 1 
10 6 3 0.0143815 0.008 0.0597245 2 
11 6 3 0 0.047 0.0791856 1 
12 6 3 0 0.044 0.066898 1 
13 6 3 0 0.032 0.0631518 1 
14 6 3 0 0.039 0.0710323 1 
15 6 3 0 0.025 0.059125 1 
16 6 3 0 0.011 0.0729841 1 
17 6 3 0.0333347 0.029 0.0640373 2 
18 6 3 0 0.029 0.062328 1 
19 6 3 0 0.014 0.0672844 1 
20 6 3 0.0264857 0.009 0.0635305 2 
21 6 3 0 0.03 0.16345 1 
22 6 3 0 0.024 0.068941 1 
23 6 3 0 0.039 0.0782978 1 
24 6 3 0 0.036 0.0638523 1 
25 6 3 0 0.024 0.073283 1 
26 6 3 0.0393078 0.008 0.0607422 2 
27 6 3 0 0.015 0.079599 1 
28 6 3 0 0.01 0.0769175 1 
29 6 3 0 0.022 0.0857798 1 
30 6 3 0 0.03 0.0749936 1 
31 6 3 0.00644715 0.007 0.0742006 2 
32 6 3 0 0.04 0.065264 1 
0 6 4 0 0.043 0.0705358 1 
1 6 4 0.0196764 0.009 0.0712647 3 
2 6 4 0 0.037 0.0930945 1 
3 6 4 0 0.019 0.0776348 1 
4 6 4 0 0.036 0.0861847 1 
5 6 4 0 0.045 0.0641456 1 
6 6 4 0 0.048 0.0927699 1 
7 6 4 0.00176255 0.008 0.072995 2 
8 6 4 0 0.035 0.0791632 1 
9 6 4 0 0.009 0.0632641 1 
10 6 4 0 0.036 0.0676998 1 
11 6 4 0 0.034 0.088439 1 
12 6 4 0 0.047 0.0691059 1 
13 6 4 0 0.042 0.0664251 1 
14 6 4 0 0.049 0.069043 1 
15 6 4 0 0.023 0.0703235 1 
16 6 4 0 0.045 0.0624361 1 
17 6 4 0 0.04 0.0971169 1 
18 6 4 0 0.025 0.0712765 1 
19 6 4 0 0.005 0.056714 1 
20 6 4 0 0.033 0.0631495 1 
21 6 4 0 0.022 0.156308 1 
22 6 4 0 0.026 0.0578856 1 
23 6 4 0.0981737 0.001 0.0813266 4 
24 6 4 0 0.043 0.0658567 1 
25 6 4 0 0.048 0.0661979 1 
26 6 4 0 0.001 0.0657745 1 
27 6 4 0 0.002 0.0741135 1 
28 6 4 0 0.032 0.0658773 1 
29 6 4 0 0.036 0.0956109 1 
30 6 4 0.0450075 0.001 0.0816104 7 
31 6 4 0 0.032 0.0627652 2 
32 6 4 0 0.029 0.0787021 1 
0 6 5 0 0.021 0.0842097 1 
1 6 5 0 0.026 0.0666758 1 
2 6 5 0 0.012 0.0634454 1 
3 6 5 0 0.029 0.0775064 1 
4 6 5 0.0144364 0.048 0.07095 2 
5 6 5 0.00879546 0.024 0.0846076 2 
6 6 5 0 0.005 0.0713286 1 
7 6 5 0 0.011 0.0846137 1 
8 6 5 0.0282537 0.027 0.312649 1 
9 6 5 0 0.027 0.0725499 1 
10 6 5 0 0.023 0.231831 2 
11 6 5 0 0.035 0.0856081 1 
12 6 5 0 0.018 0.0725314 1 
13 6 5 0 0.036 0.0740324 1 
14 6 5 0 0.039 0.0692689 1 
15 6 5 0 0.001 0.0862961 1 
16 6 5 0 0.041 0.0604073 1 
17 6 5 0 0.03 0.0688332 1 
18 6 5 0 0.016 0.087245 1 
19 6 5 0 0.028 0.0790238 1 
20 6 5 0 0.035 0.0657556 1 
21 6 5 0 0.019 0.177654 1 
22 6 5 0 0.022 0.0684698 1 
23 6 5 0 0.008 0.0726147 1 
24 6 5 0 0.021 0.0724556 1 
25 6 5 0 0.046 0.0740946 1 
26 6 5 0 0.016 0.0698773 1 
27 6 5 0 0.027 0.0838779 1 
28 6 5 0 0.013 0.0620735 1 
29 6 5 0 0.018 0.066411 1 
30 6 5 0 0.019 0.084919 1 
31 6 5 0.018052 0.027 0.0601979 2 
32 6 5 0 0.049 0.0845189 1 
0 6 6 0 0.017 0.0724542 1 
1 6 6 0.0389563 0.025 0.06271 2 
2 6 6 0 0.046 0.0997064 1 
3 6 6 0 0.049 0.0735013 1 
4 6 6 0.0155952 0.041 0.355605 1 
5 6 6 0 0.036 0.0582345 1 
6 6 6 0 0.021 0.0883933 1 
7 6 6 0 0.033 0.0689874 1 
8 6 6 0.01144 0.041 0.0557984 2 
9 6 6 0 0.004 0.0676158 1 
10 6 6 0 0.036 0.0636605 1 
11 6 6 0 0.007 0.0639138 1 
12 6 6 0 0.043 0.067387 1 
13 6 6 0.114559 0.002 0.0744376 8 
14 6 6 0 0.025 0.0779077 1 
15 6 6 0 0.049 0.0856002 1 
16 6 6 0 0.034 0.0571698 1 
17 6 6 0.00122613 0.003 0.0849351 2 
18 6 6 0 0.038 0.0794304 1 
19 6 6 0.000798163 0.03 0.0781167 3 
20 6 6 0 0.027 0.0693465 1 
21 6 6 0 0.014 0.184596 1 
22 6 6 0 0.032 0.0664099 1 
23 6 6 0 0.038 0.0800701 1 
24 6 6 0 0.038 0.0556078 1 
25 6 6 0 0.022 0.0729319 1 
26 6 6 0.041908 0.013 0.0683292 3 
27 6 6 0 0.046 0.0839836 1 
28 6 6 0 0.014 0.066954 1 
29 6 6 0 0.039 0.0655543 1 
30 6 6 0 0.04 0.0855615 1 
31 6 6 0 0.012 0.0883866 2 
32 6 6 0.0477753 0.005 0.0809162 2 
0 6 7 0 0.004 0.0867141 1 
1 6 7 0 0.015 0.0828814 1 
2 6 7 0 0.026 0.0895743 2 
3 6 7 0 0.017 0.0768502 1 
4 6 7 0.0163352 0.033 0.366038 1 
5 6 7 0.00149295 0.016 0.0907294 2 
6 6 7 0 0.003 0.0777106 1 
7 6 7 0 0.047 0.0741259 1 
8 6 7 0 0.044 0.0666003 1 
9 6 7 0 0.046 0.0641277 1 
10 6 7 0.0171342 0.034 0.351633 1 
11 6 7 0 0.013 0.0633446 1 
12 6 7 0 0.035 0.0661972 1 
13 6 7 0.0417296 0.027 0.0635247 2 
14 6 7 0 0.023 0.0769578 1 
15 6 7 0 0.033 0.0666161 1 
16 6 7 0.000747676 0.039 0.0757503 2 
17 6 7 0.097948 0.005 0.0845648 5 
18 6 7 0 0.035 0.0776742 1 
19 6 7 0 0.041 0.0851398 1 
20 6 7 0 0.021 0.0883735 1 
21 6 7 0 0.011 0.136302 1 
22 6 7 0 0.048 0.0624598 1 
23 6 7 0 0.047 0.0648589 1 
24 6 7 0 0.029 0.0762079 1 
25 6 7 0 0.041 0.0607364 1 
26 6 7 0 0.031 0.0552063 1 
27 6 7 0.028487 0.023 0.0645766 2 
28 6 7 0 0.022 0.0787826 1 
29 6 7 0 0.046 0.0848569 1 
30 6 7 0 0.047 0.0632755 1 
31 6 7 0 0.002 0.0596217 1 
32 6 7 0 0.028 0.0646897 1 
0 6 8 0 0.01 0.0755249 1 
1 6 8 0.0498817 0.016 0.0715638 2 
2 6 8 0 0.049 0.0624794 1 
3 6 8 0 0.025 0.0682676 1 
4 6 8 0.017076 0.017 0.36162 1 
5 6 8 0.0130676 0.013 0.358285 1 
6 6 8 0 0.009 0.0742786 1 
7 6 8 0 0.047 0.06806 1 
8 6 8 0.0304444 0.045 0.312032 1 
9 6 8 0 0.007 0.0764833 1 
10 6 8 0.0156846 0.023 0.059891 2 
11 6 8 0 0.045 0.100742 2 
12 6 8 0 0.024 0.0708845 1 
13 6 8 0 0.036 0.0619662 1 
14 6 8 0 0.008 0.070905 1 
15 6 8 0 0.025 0.0691993 1 
16 6 8 0 0.026 0.067327 1 
17 6 8 0 0.042 0.0679541 1 
18 6 8 0 0.011 0.0938405 1 
19 6 8 0.0564044 0.018 0.0666497 2 
20 6 8 0 0.035 0.0720346 1 
21 6 8 0 0.022 0.17201 1 
22 6 8 0 0.025 0.0662237 1 
23 6 8 0.00787084 0.004 0.091717 3 
24 6 8 0 0.022 0.0659105 1 
25 6 8 0.000809163 0.04 0.0837617 2 
26 6 8 0.0140012 0.035 0.0880577 2 
27 6 8 0 0.029 0.0773525 1 
28 6 8 0 0.033 0.0712883 1 
29 6 8 0 0.031 0.0780869 1 
30 6 8 0 0.014 0.0644791 1 
31 6 8 0 0.009 0.151062 1 
32 6 8 0 0.002 0.0657818 1 
0 6 9 0 0.047 0.0497626 1 
1 6 9 0 0.043 0.0733368 1 
2 6 9 0 0.045 0.063667 1 
3 6 9 0.137564 0.008 0.0772282 5 
4 6 9 0 0.019 0.0770448 1 
5 6 9 0 0.004 0.0762225 1 
6 6 9 0 0.029 0.0876159 1 
7 6 9 0 0.023 0.0658311 1 
8 6 9 0 0.038 0.0653056 1 
9 6 9 0 0.043 0.0577628 1 
10 6 9 0.0186144 0.042 0.365128 1 
11 6 9 0 0.032 0.0734802 1 
12 6 9 0 0.007 0.0676462 1 
13 6 9 0 0.041 0.0610392 1 
14 6 9 0 0.011 0.0634662 1 
15 6 9 0 0.005 0.0800111 1 
16 6 9 0 0.047 0.0654804 1 
17 6 9 0 0.046 0.0767753 1 
18 6 9 0 0.034 0.0572693 1 
19 6 9 0 0.035 0.0717593 1 
20 6 9 0 0.004 0.0598998 1 
21 6 9 0 0.047 0.135856 2 
22 6 9 0 0.037 0.0807941 1 
23 6 9 0 0.045 0.0651636 1 
24 6 9 0 0.008 0.0706598 1 
25 6 9 0 0.001 0.0607062 1 
26 6 9 0 0.006 0.0711296 1 
27 6 9 0 0.042 0.0613904 1 
28 6 9 0 0.036 0.0664869 1 
29 6 9 0 0.033 0.0774956 1 
30 6 9 0 0.005 0.0790512 1 
31 6 9 0 0.045 0.115908 1 
32 6 9 0 0.023 0.0826352 1 
0 6 10 0 0.048 0.0605308 1 
1 6 10 0.0161161 0.017 0.0910055 2 
2 6 10 0 0.009 0.0838056 1 
3 6 10 0 0.002 0.0759083 1 
4 6 10 0 0.038 0.0699214 1 
5 6 10 0 0.047 0.0907866 1 
6 6 10 0 0.022 0.0883945 1 
7 6 10 0 0.025 0.076635 1 
8 6 10 0.0319053 0.028 0.335302 1 
9 6 10 0.0136315 0.007 0.0715571 2 
10 6 10 0.0193542 0.019 0.355542 1 
11 6 10 0 0.008 0.0721125 1 
12 6 10 0 0.032 0.0828169 1 
13 6 10 0 0.004 0.0773803 1 
14 6 10 0 0.023 0.0761868 1 
15 6 10 0 0.046 0.0686293 1 
16 6 10 0 0.039 0.0669466 1 
17 6 10 0 0.045 0.0759603 1 
18 6 10 0 0.024 0.0711458 1 
19 6 10 0 0.043 0.0694208 1 
20 6 10 0 0.01 0.077699 1 
21 6 10 0 0.048 0.0710009 1 
22 6 10 0.00075792 0.002 0.0783644 3 
23 6 10 0 0.002 0.0823023 1 
24 6 10 0 0.031 0.0726714 1 
25 6 10 0 0.036 0.079845 1 
26 6 10 0 0.048 0.080164 1 
27 6 10 0 0.006 0.0761026 1 
28 6 10 0 0.024 0.0711434 1 
29 6 10 0 0.025 0.057758 1 
30 6 10 0 0.028 0.0885642 1 
31 6 10 0 0.01 0.123341 1 
32 6 10 0 0.009 0.059796 1 
0 6 11 0 0.021 0.0761947 1 
1 6 11 0 0.015 0.0740215 1 
2 6 11 0 0.012 0.0630849 1 
3 6 11 0 0.004 0.0802551 1 
4 6 11 0 0.001 0.071624 1 
5 6 11 0 0.01 0.069704 1 
6 6 11 0 0.026 0.0557469 1 
7 6 11 0 0.034 0.0752643 1 
8 6 11 0.00132332 0.044 0.0750711 2 
9 6 11 0 0.028 0.0686122 1 
10 6 11 0.0200938 0.044 0.351806 1 
11 6 11 0 0.009 0.0575459 1 
12 6 11 0 0.01 0.07042 1 
13 6 11 0 0.022 0.0735839 1 
14 6 11 0 0.01 0.0868092 1 
15 6 11 0 0.031 0.0621217 1 
16 6 11 0 0.02 0.0568192 1 
17 6 11 0 0.043 0.0635095 1 
18 6 11 0 0.012 0.0696959 1 
19 6 11 0 0.04 0.0717132 1 
20 6 11 0.026319 0.02 0.0686564 2 
21 6 11 0 0.014 0.154699 1 
22 6 11 0 0.02 0.0655327 1 
23 6 11 0 0.047 0.069084 1 
24 6 11 0 0.029 0.0670148 1 
25 6 11 0 0.006 0.0785031 1 
26 6 11 0 0.033 0.0774158 1 
27 6 11 0 0.009 0.0701912 1 
28 6 11 0 0.046 0.0618954 1 
29 6 11 0 0.049 0.0880044 1 
30 6 11 0 0.046 0.0747282 1 
31 6 11 0 0.015 0.149807 1 
32 6 11 0 0.002 0.0731964 1 
0 6 12 0 0.038 0.0872189 1 
1 6 12 0 0.039 0.0771517 1 
2 6 12 0.000531713 0.002 0.111616 2 
3 6 12 0 0.002 0.0731041 1 
4 6 12 0 0.018 0.0606004 1 
5 6 12 0 0.012 0.0800633 1 
6 6 12 0.00012759 0.044 0.0924279 2 
7 6 12 0 0.005 0.0621974 1 
8 6 12 0.0333654 0.001 0.290212 1 
9 6 12 0 0.031 0.0654308 1 
10 6 12 0.0208332 0.04 0.359754 1 
11 6 12 0 0.013 0.0755389 1 
12 6 12 0 0.047 0.0654949 1 
13 6 12 0 0.005 0.077104 1 
14 6 12 0 0.009 0.0675797 1 
15 6 12 0 0.033 0.0635696 1 
16 6 12 0 0.049 0.0667162 1 
17 6 12 0.002286 0.011 0.0649615 2 
18 6 12 0 0.004 0.0739637 1 
19 6 12 0.000270472 0.012 0.0660472 2 
20 6 12 0 0.034 0.0734817 1 
21 6 12 0 0.023 0.178544 1 
22 6 12 0 0.008 0.0873527 1 
23 6 12 0.0294176 0.035 0.0620637 2 
24 6 12 0 0.033 0.0711869 1 
25 6 12 0 0.036 0.0800549 1 
26 6 12 0 0.015 0.0729032 1 
27 6 12 0 0.03 0.0703451 1 
28 6 12 0 0.011 0.0802177 1 
29 6 12 0 0.029 0.0654036 1 
30 6 12 0 0.048 0.0642946 1 
31 6 12 0 0.032 0.140362 1 
32 6 12 0.0285421 0.027 0.0664569 3 
0 6 13 0 0.042 0.0732302 1 
1 6 13 0 0.01 0.065408 1 
2 6 13 0 0.026 0.0671031 1 
3 6 13 0 0.016 0.0691959 1 
4 6 13 0 0.044 0.0702996 1 
5 6 13 0.0156036 0.003 0.0774591 2 
6 6 13 0 0.02 0.102915 1 
7 6 13 0 0.043 0.0645695 1 
8 6 13 0.0340961 0.016 0.324493 1 
9 6 13 0 0.027 0.0664257 1 
10 6 13 0 0.049 0.0750063 1 
11 6 13 0 0.048 0.0846952 1 
12 6 13 0.000121218 0.001 0.0760274 2 
13 6 13 0 0.013 0.0761173 1 
14 6 13 0 0.021 0.0633408 1 
15 6 13 0 0.03 0.0715825 1 
16 6 13 0 0.048 0.0828753 1 
17 6 13 0 0.036 0.0737299 1 
18 6 13 0 0.048 0.0632462 1 
19 6 13 0 0.006 0.0701813 1 
20 6 13 0 0.022 0.0674673 1 
21 6 13 0 0.042 0.19421 2 
22 6 13 0 0.014 0.0741952 1 
23 6 13 0 0.028 0.0737665 1 
24 6 13 0 0.029 0.0644699 1 
25 6 13 0 0.019 0.0551455 1 
26 6 13 0 0.039 0.0606994 1 
27 6 13 0 0.029 0.0819845 1 
28 6 13 0 0.035 0.0836644 1 
29 6 13 0 0.012 0.0771545 1 
30 6 13 0 0.004 0.0669317 1 
31 6 13 0 0.025 0.148271 1 
32 6 13 0 0.019 0.0764333 1 
0 6 14 0 0.018 0.0859425 1 
1 6 14 0 0.029 0.0704694 1 
2 6 14 0 0.006 0.083398 1 
3 6 14 0 0.025 0.0706484 1 
4 6 14 0.00808272 0.005 0.0852873 2 
5 6 14 0 0.01 0.0821744 1 
6 6 14 0 0.047 0.0917367 1 
7 6 14 0 0.014 0.0789272 1 
8 6 14 0.0348267 0.045 0.32029 1 
9 6 14 0 0.034 0.0723511 1 
10 6 14 0.0223135 0.035 0.354833 1 
11 6 14 0 0.01 0.076451 1 
12 6 14 0 0.039 0.0786413 1 
13 6 14 0 0.015 0.0794946 1 
14 6 14 0 0.013 0.0618993 1 
15 6 14 0 0.004 0.0700326 1 
16 6 14 0 0.027 0.0832021 1 
17 6 14 0 0.035 0.0869039 1 
18 6 14 0 0.029 0.0730292 1 
19 6 14 0.00731635 0.007 0.0587777 2 
20 6 14 0 0.047 0.0743839 1 
21 6 14 0 0.044 0.0828764 1 
22 6 14 0 0.008 0.0669597 1 
23 6 14 0 0.046 0.0623181 1 
24 6 14 0 0.046 0.0706371 1 
25 6 14 0 0.025 0.0765505 1 
26 6 14 0 0.046 0.0639787 1 
27 6 14 0.0976801 0.014 0.0818098 5 
28 6 14 0 0.011 0.0777824 1 
29 6 14 0 0.02 0.067105 1 
30 6 14 0 0.045 0.0557705 1 
31 6 14 0 0.028 0.164242 1 
32 6 14 0 0.042 0.0810678 1 
0 6 15 0 0.027 0.078755 1 
1 6 15 0 0.032 0.0719558 1 
2 6 15 0 0.002 0.104558 1 
3 6 15 0 0.025 0.0696422 1 
4 6 15 0.0222602 0.037 0.361022 1 
5 6 15 0 0.022 0.069374 1 
6 6 15 0 0.032 0.073785 1 
7 6 15 0 0.008 0.0727675 1 
8 6 15 0.0355581 0.005 0.34553 1 
9 6 15 0 0.003 0.0713964 1 
10 6 15 0.0230543 0.034 0.356503 1 
11 6 15 0.00102087 0.032 0.0909473 2 
12 6 15 0 0.046 0.0635283 1 
13 6 15 0 0.035 0.0672826 1 
14 6 15 0 0.047 0.0849239 1 
15 6 15 0 0.013 0.076 1 
16 6 15 0 0.003 0.0594066 1 
17 6 15 0 0.012 0.0623495 1 
18 6 15 0 0.033 0.0849201 1 
19 6 15 0 0.01 0.0864547 1 
20 6 15 0 0.007 0.0723076 1 
21 6 15 0 0.016 0.162468 1 
22 6 15 0.0211103 0.001 0.0620542 3 
23 6 15 0.0787939 0.002 0.0826723 5 
24 6 15 0 0.018 0.0826274 1 
25 6 15 0 0.027 0.0631592 1 
26 6 15 0 0.008 0.0720073 1 
27 6 15 0 0.019 0.0705035 1 
28 6 15 0 0.031 0.0913043 1 
29 6 15 0 0.009 0.0620041 1 
30 6 15 0 0.012 0.0725125 1 
31 6 15 0 0.027 0.104987 1 
32 6 15 0 0.038 0.0662871 1 
0 6 16 0 0.021 0.0641838 1 
1 6 16 0.00851505 0.002 0.0822881 2 
2 6 16 0 0.028 0.0788089 1 
3 6 16 0 0.046 0.071997 1 
4 6 16 0.0137634 0.037 0.0655295 2 
5 6 16 0 0.042 0.0796704 1 
6 6 16 0 0.004 0.0651933 1 
7 6 16 0 0.012 0.0755137 1 
8 6 16 0 0.025 0.241029 2 
9 6 16 0.0176144 0.004 0.0836611 4 
10 6 16 0 0.007 0.0873394 1 
11 6 16 0 0.028 0.0822724 1 
12 6 16 0 0.017 0.0666201 1 
13 6 16 6.39919e-05 0.004 0.0629695 2 
14 6 16 0 0.035 0.0667163 1 
15 6 16 0 0.027 0.0827542 1 
16 6 16 0 0.02 0.0779786 1 
17 6 16 0 0.011 0.0791711 1 
18 6 16 0 0.039 0.0673274 1 
19 6 16 0 0.049 0.0759572 1 
20 6 16 0 0.025 0.0712256 1 
21 6 16 0 0.025 0.160431 1 
22 6 16 0 0.047 0.0717829 1 
23 6 16 0 0.007 0.0784598 1 
24 6 16 0 0.027 0.059702 1 
25 6 16 0 0.039 0.0656961 1 
26 6 16 0 0.024 0.06834 1 
27 6 16 0 0.002 0.0659947 1 
28 6 16 0 0.033 0.0748728 1 
29 6 16 0 0.025 0.0736548 1 
30 6 16 0 0.03 0.0643918 1 
31 6 16 0 0.031 0.143392 1 
32 6 16 0.0685719 0.045 0.0757118 2 
0 6 17 0 0.029 0.0675424 1 
1 6 17 0 0.008 0.0783363 1 
2 6 17 0.00102056 0.037 0.101558 2 
3 6 17 0.0303187 0.003 0.0717331 2 
4 6 17 0.0237424 0.021 0.365959 1 
5 6 17 0.0197612 0.048 0.36122 1 
6 6 17 0 0.043 0.0762351 1 
7 6 17 0 0.005 0.0655471 1 
8 6 17 0 0.004 0.0749177 1 
9 6 17 0 0.03 0.0645048 1 
10 6 17 0.0151528 0.014 0.0757987 2 
11 6 17 0 0.035 0.0822285 1 
12 6 17 0 0.049 0.0647788 1 
13 6 17 0 0.045 0.0614812 1 
14 6 17 0.116645 0.005 0.083708 5 
15 6 17 0 0.003 0.0832302 1 
16 6 17 0 0.009 0.0867918 1 
17 6 17 0 0.028 0.0815799 1 
18 6 17 0 0.015 0.0641343 1 
19 6 17 0 0.019 0.070159 1 
20 6 17 0 0.04 0.0791075 1 
21 6 17 0 0.044 0.15216 1 
22 6 17 0 0.021 0.0743066 1 
23 6 17 0 0.03 0.0714229 1 
24 6 17 0 0.029 0.0694963 1 
25 6 17 0 0.001 0.0578091 1 
26 6 17 0 0.021 0.0775961 1 
27 6 17 0 0.008 0.0722911 1 
28 6 17 0 0.008 0.0649919 1 
29 6 17 0 0.036 0.0635167 1 
30 6 17 0 0.023 0.077665 1 
31 6 17 0 0.027 0.0782498 1 
32 6 17 0 0.014 0.0837321 1 
0 6 18 0 0.047 0.07235 1 
1 6 18 0 0.044 0.0823205 1 
2 6 18 0 0.021 0.0846088 1 
3 6 18 0 0.033 0.0618551 1 
4 6 18 0.0244833 0.022 0.352039 1 
5 6 18 0.0627875 0.02 0.0831621 3 
6 6 18 0 0.033 0.0686721 1 
7 6 18 0 0.033 0.0601225 1 
8 6 18 0.0377509 0.014 0.332173 1 
9 6 18 0 0.002 0.0641621 1 
10 6 18 0 0.002 0.245375 2 
11 6 18 0 0.013 0.113653 1 
12 6 18 0 0.006 0.0745398 1 
13 6 18 0 0.036 0.0769791 1 
14 6 18 0.0716216 0.003 0.055501 5 
15 6 18 0 0.02 0.0642872 1 
16 6 18 0 0.028 0.0660863 1 
17 6 18 0 0.036 0.0938284 1 
18 6 18 0 0.046 0.0652161 1 
19 6 18 0.00744508 0.015 0.0778331 2 
20 6 18 0 0.048 0.0723632 1 
21 6 18 0 0.02 0.205054 1 
22 6 18 0 0.013 0.0658079 1 
23 6 18 0 0.027 0.0814395 1 
24 6 18 0 0.025 0.0762923 1 
25 6 18 0 0.02 0.0873019 1 
26 6 18 0 0.036 0.0868517 1 
27 6 18 0 0.035 0.0681119 1 
28 6 18 0 0.025 0.0823854 1 
29 6 18 0 0.028 0.0870786 1 
30 6 18 0 0.028 0.0810845 1 
31 6 18 0 0.002 0.106735 1 
32 6 18 0.00622169 0.026 0.0861717 3 
0 6 19 0 0.03 0.0783577 1 
1 6 19 0 0.042 0.0764006 1 
2 6 19 0 0.021 0.0675567 1 
3 6 19 0 0.042 0.0714192 1 
4 6 19 0 0.038 0.0587275 1 
5 6 19 0.0294006 0.038 0.374149 1 
6 6 19 0 0.024 0.0752139 1 
7 6 19 0 0.007 0.0802592 1 
8 6 19 0 0.032 0.250009 2 
9 6 19 0.00144383 0.002 0.0657045 2 
10 6 19 0 0.042 0.0711294 1 
11 6 19 0 0.036 0.081705 1 
12 6 19 0 0.009 0.0687454 1 
13 6 19 0 0.005 0.07152 1 
14 6 19 0 0.007 0.0928799 1 
15 6 19 0 0.008 0.0937106 1 
16 6 19 0 0.031 0.0791368 1 
17 6 19 0 0.037 0.0858638 1 
18 6 19 0 0.023 0.0738478 1 
19 6 19 0 0.006 0.0754762 1 
20 6 19 0.00711139 0.025 0.0853066 2 
21 6 19 0 0.047 0.196725 1 
22 6 19 0 0.031 0.078507 1 
23 6 19 0 0.002 0.0717414 1 
24 6 19 0 0.023 0.0651714 1 
25 6 19 0.00389158 0.002 0.0775109 2 
26 6 19 0 0.006 0.0804716 1 
27 6 19 0 0.002 0.0714936 1 
28 6 19 0 0.045 0.0868209 1 
29 6 19 0 0.027 0.0658305 1 
30 6 19 0 0.038 0.0639137 1 
31 6 19 0 0.042 0.122485 1 
32 6 19 0.0526523 0.008 0.0785675 3 
0 6 20 0 0.039 0.0659102 1 
1 6 20 0 0.033 0.0853469 1 
2 6 20 0.00081352 0.011 0.0974148 2 
3 6 20 0 0.002 0.0746009 1 
4 6 20 0 0.017 0.0719857 1 
5 6 20 0 0.025 0.0846211 1 
6 6 20 0 0.035 0.0619167 1 
7 6 20 0 0.011 0.0769586 1 
8 6 20 0 0.019 0.0696478 1 
9 6 20 0 0.048 0.0753609 1 
10 6 20 0.0448942 0.016 0.359475 1 
11 6 20 0.00081352 0.002 0.110625 2 
12 6 20 0.0483727 0.014 0.0797005 4 
13 6 20 0 0.026 0.0759398 1 
14 6 20 0.0458441 0.001 0.0593557 3 
15 6 20 0 0.004 0.0741515 1 
16 6 20 0.00114594 0.035 0.0773719 2 
17 6 20 0 0.018 0.0777287 1 
18 6 20 0 0.016 0.0659113 1 
19 6 20 0 0.023 0.0867111 1 
20 6 20 0 0.032 0.0846762 1 
21 6 20 0 0.038 0.169316 1 
22 6 20 0.00101143 0.001 0.0841903 2 
23 6 20 0 0.038 0.0604506 1 
24 6 20 0 0.003 0.0744185 1 
25 6 20 0 0.047 0.0872919 1 
26 6 20 0 0.033 0.083422 1 
27 6 20 0 0.045 0.0811982 1 
28 6 20 0 0.038 0.0980569 1 
29 6 20 0 0.017 0.075578 1 
30 6 20 0 0.02 0.0780192 1 
31 6 20 0 0.042 0.126838 1 
32 6 20 0.0500735 0.029 0.0828296 2 
0 6 21 0 0.025 0.0809747 1 
1 6 21 0 0.04 0.0874283 1 
2 6 21 0 0.034 0.0900606 1 
3 6 21 0.166872 0.002 0.0611189 4 
4 6 21 0 0.019 0.0920138 1 
5 6 21 0.0409155 0.045 0.377321 1 
6 6 21 0 0.031 0.0791361 1 
7 6 21 0.059053 0.002 0.0848953 3 
8 6 21 0.0579453 0.011 0.338541 1 
9 6 21 0 0.021 0.0792465 1 
10 6 21 0.0456267 0.018 0.348998 1 
11 6 21 0 0.009 0.0756751 1 
12 6 21 0.0444554 0.001 0.0906879 2 
13 6 21 0.0395159 0.026 0.0874023 2 
14 6 21 0 0.039 0.0613947 1 
15 6 21 0 0.032 0.0692437 1 
16 6 21 0 0.011 0.0734766 1 
17 6 21 0 0.002 0.0893066 1 
18 6 21 0 0.022 0.0929316 1 
19 6 21 0.00430233 0.025 0.0757647 2 
20 6 21 0 0.009 0.0740202 1 
21 6 21 0 0.01 0.194784 1 
22 6 21 0 0.016 0.0625007 1 
23 6 21 0 0.031 0.0825614 1 
24 6 21 0 0.039 0.0636545 1 
25 6 21 0 0.042 0.0743746 1 
26 6 21 0.0184965 0.019 0.0908474 2 
27 6 21 0.00195768 0.006 0.0748675 2 
28 6 21 0 0.026 0.0598524 1 
29 6 21 0 0.04 0.0698281 1 
30 6 21 0.0296131 0.012 0.075455 3 
31 6 21 0 0.009 0.169949 1 
32 6 21 0 0.034 0.0873505 1 
0 6 22 0 0.038 0.07921 1 
1 6 22 0 0.02 0.0816786 1 
2 6 22 0 0.01 0.0978927 1 
3 6 22 0 0.037 0.07953 1 
4 6 22 0 0.022 0.0804981 1 
5 6 22 0.0144536 0.009 0.0719994 2 
6 6 22 0.000314791 0.009 0.109076 2 
7 6 22 0 0.028 0.0781158 1 
8 6 22 0 0.01 0.0588772 1 
9 6 22 0 0.021 0.0767419 1 
10 6 22 0 0.01 0.0666751 1 
11 6 22 0 0.048 0.113362 1 
12 6 22 0 0.039 0.0749374 1 
13 6 22 0.161152 0.005 0.0758458 7 
14 6 22 0 0.018 0.0720027 1 
15 6 22 0 0.034 0.0679278 1 
16 6 22 0 0.003 0.0821164 1 
17 6 22 0 0.004 0.0557649 1 
18 6 22 0 0.024 0.0874062 1 
19 6 22 0 0.049 0.0791196 1 
20 6 22 0.0234751 0.006 0.0740137 2 
21 6 22 0 0.046 0.18688 2 
22 6 22 0 0.043 0.0938876 1 
23 6 22 0 0.025 0.0850632 1 
24 6 22 0 0.044 0.085367 1 
25 6 22 0.0085745 0.034 0.0734889 2 
26 6 22 0 0.009 0.0792668 1 
27 6 22 0 0.013 0.0771816 1 
28 6 22 0 0.025 0.0745921 1 
29 6 22 0 0.035 0.0717827 1 
30 6 22 0 0.017 0.0857162 1 
31 6 22 0 0.049 0.151707 1 
32 6 22 0 0.008 0.0584131 1 
0 6 23 0 0.029 0.0862921 1 
1 6 23 0.00932833 0.015 0.072845 2 
2 6 23 0 0.026 0.0827989 1 
3 6 23 0 0.039 0.0774288 1 
4 6 23 0 0.043 0.0893744 1 
5 6 23 0.0423883 0.019 0.368329 1 
6 6 23 0 0.009 0.0901123 1 
7 6 23 0 0.006 0.0687015 1 
8 6 23 0 0.014 0.0660407 1 
9 6 23 0 0.048 0.0738994 1 
10 6 23 0 0.035 0.070694 1 
11 6 23 0 0.049 0.10249 1 
12 6 23 0 0.04 0.0690329 1 
13 6 23 0 0.039 0.0677302 1 
14 6 23 0 0.044 0.0933451 1 
15 6 23 0 0.001 0.0723226 1 
16 6 23 0 0.046 0.0638995 1 
17 6 23 0 0.009 0.0785271 1 
18 6 23 0 0.022 0.0817933 1 
19 6 23 0 0.035 0.0605949 1 
20 6 23 0 0.022 0.0729704 1 
21 6 23 0 0.026 0.0934543 1 
22 6 23 0.0199378 0.001 0.0745733 3 
23 6 23 0.0343125 0.002 0.0880642 5 
24 6 23 0 0.04 0.0820549 1 
25 6 23 0 0.009 0.0871803 1 
26 6 23 0 0.045 0.0958139 1 
27 6 23 0 0.028 0.0599327 1 
28 6 23 0 0.047 0.0723076 1 
29 6 23 0 0.042 0.0896675 1 
30 6 23 0 0.009 0.0712289 1 
31 6 23 0 0.029 0.0831027 1 
32 6 23 0 0.039 0.0759568 1 
0 6 24 0 0.039 0.0691055 1 
1 6 24 0 0.029 0.0887393 1 
2 6 24 0 0.019 0.0834622 1 
3 6 24 0 0.021 0.07064 1 
4 6 24 0.0187799 0.001 0.0973361 3 
5 6 24 0.0431249 0.038 0.37627 1 
6 6 24 0 0.018 0.0875767 1 
7 6 24 0 0.036 0.0974814 1 
8 6 24 0 0.001 0.080032 1 
9 6 24 0.111734 0.002 0.104611 10 
10 6 24 0 0.032 0.0732743 1 
11 6 24 0 0.005 0.088694 1 
12 6 24 0.0318604 0.011 0.0807824 2 
13 6 24 0 0.04 0.0801329 1 
14 6 24 0 0.006 0.0705096 1 
15 6 24 0 0.044 0.0695325 1 
16 6 24 0 0.042 0.0883228 1 
17 6 24 0 0.039 0.070173 1 
18 6 24 0 0.024 0.073369 1 
19 6 24 0 0.043 0.0836802 1 
20 6 24 0 0.014 0.0857477 1 
21 6 24 0 0.035 0.196737 1 
22 6 24 0 0.027 0.0909806 1 
23 6 24 0 0.003 0.0898232 1 
24 6 24 0 0.009 0.100595 1 
25 6 24 0.0289989 0.007 0.0812124 3 
26 6 24 0 0.002 0.0838958 1 
27 6 24 0 0.029 0.0775848 1 
28 6 24 0 0.012 0.0742507 1 
29 6 24 0 0.046 0.0678806 1 
30 6 24 0 0.046 0.0679063 1 
31 6 24 0 0.005 0.13935 1 
32 6 24 0 0.025 0.0835372 1 
0 6 25 0 0.043 0.0977022 1 
1 6 25 0 0.024 0.0796631 1 
2 6 25 0 0.043 0.0958224 1 
3 6 25 0 0.045 0.0773154 1 
4 6 25 0 0.001 0.0721917 1 
5 6 25 0 0.032 0.0968707 1 
6 6 25 0 0.024 0.0658748 1 
7 6 25 0.0244423 0.004 0.0765846 4 
8 6 25 0 0.02 0.0691055 1 
9 6 25 0.0189094 0.002 0.0793731 5 
10 6 25 0.0485592 0.034 0.357193 1 
11 6 25 0 0.049 0.0950552 1 
12 6 25 0 0.049 0.0832012 1 
13 6 25 0.0367635 0.013 0.0802479 2 
14 6 25 0 0.027 0.0841885 1 
15 6 25 0 0.008 0.092311 1 
16 6 25 0 0.007 0.0760747 1 
17 6 25 0 0.01 0.082593 1 
18 6 25 0 0.007 0.0559273 1 
19 6 25 0.0402661 0.031 0.0933332 2 
20 6 25 0.0238606 0.006 0.0916467 2 
21 6 25 0 0.035 0.171919 1 
22 6 25 0 0.023 0.0802153 1 
23 6 25 1.7788e-05 0.042 0.0833152 2 
24 6 25 0 0.046 0.0817936 1 
25 6 25 0.0515929 0.005 0.0771797 2 
26 6 25 0 0.035 0.0795612 1 
27 6 25 0 0.037 0.0865296 1 
28 6 25 0 0.031 0.0804339 1 
29 6 25 0 0.038 0.0897672 1 
30 6 25 0 0.019 0.0795505 1 
31 6 25 0 0.009 0.192279 1 
32 6 25 0 0.031 0.0760972 1 
0 6 26 0 0.031 0.0657033 1 
1 6 26 0 0.046 0.072215 1 
2 6 26 0 0.041 0.0847869 1 
3 6 26 0 0.037 0.0861205 1 
4 6 26 0.0485125 0.038 0.381311 1 
5 6 26 0.0122588 0.047 0.0803845 2 
6 6 26 0.000316358 0.041 0.0876679 2 
7 6 26 0.0236371 0.019 0.0747674 3 
8 6 26 0 0.033 0.0708958 1 
9 6 26 0 0.043 0.0860505 1 
10 6 26 0.049292 0.002 0.376467 1 
11 6 26 0 0.049 0.0752979 1 
12 6 26 0.0413384 0.003 0.0773429 3 
13 6 26 0 0.038 0.0709874 1 
14 6 26 0 0.017 0.0927603 1 
15 6 26 0 0.017 0.0834849 1 
16 6 26 0 0.031 0.0605229 1 
17 6 26 0 0.006 0.0695186 1 
18 6 26 0 0.028 0.0680067 1 
19 6 26 0 0.024 0.0760599 1 
20 6 26 0.000273753 0.001 0.0942028 2 
21 6 26 0 0.026 0.19165 1 
22 6 26 0 0.039 0.0898082 1 
23 6 26 0 0.002 0.0847318 1 
24 6 26 0 0.03 0.0915617 1 
25 6 26 0 0.002 0.0728343 1 
26 6 26 0 0.002 0.0769979 1 
27 6 26 0 0.038 0.0740576 1 
28 6 26 0 0.028 0.0731043 1 
29 6 26 0 0.01 0.0855508 1 
30 6 26 0 0.04 0.0743188 1 
31 6 26 0 0.025 0.148135 1 
32 6 26 0 0.028 0.0797087 1 
0 6 27 0 0.035 0.0727243 1 
1 6 27 0 0.035 0.0721391 1 
2 6 27 0 0.02 0.107219 1 
3 6 27 0 0.03 0.0843285 1 
4 6 27 0.0492456 0.018 0.375648 1 
5 6 27 0.045335 0.039 0.393 1 
6 6 27 0 0.023 0.101681 1 
7 6 27 0 0.029 0.0932926 1 
8 6 27 0 0.009 0.0819406 1 
9 6 27 0.105639 0.002 0.0810845 10 
10 6 27 0.00191067 0.028 0.0929617 2 
11 6 27 0 0.017 0.0975413 1 
12 6 27 0.000669614 0.015 0.0833942 2 
13 6 27 0 0.049 0.0884118 1 
14 6 27 0 0.017 0.0727324 1 
15 6 27 0 0.004 0.091161 1 
16 6 27 0 0.03 0.0858321 1 
17 6 27 0 0.005 0.0739878 1 
18 6 27 0 0.026 0.0786557 1 
19 6 27 0.0695629 0.03 0.0655876 3 
20 6 27 0 0.037 0.0884416 1 
21 6 27 0 0.002 0.1874 1 
22 6 27 0 0.006 0.0735588 1 
23 6 27 0 0.03 0.0752461 1 
24 6 27 0 0.034 0.0656639 1 
25 6 27 0 0.047 0.0678238 1 
26 6 27 0 0.035 0.0784213 1 
27 6 27 0 0.037 0.0709644 1 
28 6 27 0 0.016 0.0794279 1 
29 6 27 0 0.044 0.102102 1 
30 6 27 0 0.013 0.0703923 1 
31 6 27 0 0.033 0.167361 1 
32 6 27 0 0.028 0.0857964 1 
0 6 28 0.0179421 0.012 0.0787636 2 
1 6 28 0 0.033 0.0758094 1 
2 6 28 0 0.006 0.065854 1 
3 6 28 0.0250654 0.003 0.082281 2 
4 6 28 0 0.018 0.0828235 1 
5 6 28 0.0148806 0.023 0.0754102 2 
6 6 28 0 0.018 0.0918861 1 
7 6 28 0 0.03 0.0710115 1 
8 6 28 0 0.024 0.092789 1 
9 6 28 0 0.033 0.0768665 1 
10 6 28 0.050759 0.003 0.369538 1 
11 6 28 0 0.031 0.0755803 1 
12 6 28 0.0191336 0.018 0.0754922 2 
13 6 28 0.0396503 0.002 0.0817069 2 
14 6 28 0 0.035 0.0663827 1 
15 6 28 0 0.02 0.0766838 1 
16 6 28 0 0.031 0.0734326 1 
17 6 28 0.016447 0.033 0.0734232 2 
18 6 28 0 0.04 0.0861344 1 
19 6 28 0 0.005 0.0811625 1 
20 6 28 0 0.046 0.0607611 1 
21 6 28 0 0.045 0.17511 1 
22 6 28 0 0.031 0.0874296 1 
23 6 28 0.00338968 0.013 0.0889206 2 
24 6 28 0 0.003 0.0792314 1 
25 6 28 0 0.036 0.0721517 1 
26 6 28 0 0.04 0.0895593 1 
27 6 28 0 0.037 0.0777965 1 
28 6 28 0 0.03 0.0737371 1 
29 6 28 0 0.047 0.0735237 1 
30 6 28 0 0.039 0.0710808 1 
31 6 28 0.000483556 0.006 0.0666258 2 
32 6 28 0 0.034 0.079112 1 
0 6 29 0 0.04 0.0788971 1 
1 6 29 0 0.038 0.0696274 1 
2 6 29 0 0.044 0.0977178 1 
3 6 29 0 0.029 0.0894139 1 
4 6 29 0.031157 0.029 0.0813508 2 
5 6 29 0 0.008 0.0804583 1 
6 6 29 0 0.012 0.0712155 1 
7 6 29 0 0.041 0.0919577 1 
8 6 29 0.0123202 0.002 0.0781739 2 
9 6 29 0.0272896 0.01 0.0785458 2 
10 6 29 0.000485092 0.012 0.0702291 2 
11 6 29 0 0.017 0.0785427 1 
12 6 29 0 0.043 0.0773833 1 
13 6 29 0 0.043 0.0675043 1 
14 6 29 0.0125775 0.033 0.0641703 2 
15 6 29 0 0.022 0.0746274 1 
16 6 29 0 0.034 0.0755391 1 
17 6 29 0 0.018 0.0816631 1 
18 6 29 0 0.011 0.0644915 1 
19 6 29 0 0.043 0.0661255 1 
20 6 29 0 0.042 0.0793798 1 
21 6 29 0 0.012 0.18976 1 
22 6 29 0 0.005 0.0762687 1 
23 6 29 0 0.04 0.0751965 1 
24 6 29 0 0.015 0.0673861 1 
25 6 29 0.00168279 0.003 0.0791744 2 
26 6 29 0.039919 0.023 0.0691891 2 
27 6 29 0 0.035 0.0672019 1 
28 6 29 0 0.009 0.0849359 1 
29 6 29 0 0.038 0.0975805 1 
30 6 29 0 0.014 0.0786803 1 
31 6 29 0 0.002 0.0924099 1 
32 6 29 0 0.012 0.0840506 1 
0 6 30 0 0.027 0.0943204 1 
1 6 30 0 0.035 0.0859677 1 
2 6 30 0 0.005 0.125054 1 
3 6 30 0.0931849 0.01 0.090161 3 
4 6 30 0.0514483 0.034 0.376614 1 
5 6 30 0.0475467 0.028 0.390958 1 
6 6 30 0 0.03 0.0774433 1 
7 6 30 0 0.018 0.055563 1 
8 6 30 0.0644588 0.037 0.331872 1 
9 6 30 0 0.025 0.0816293 1 
10 6 30 0.0522253 0.022 0.376792 1 
11 6 30 0 0.007 0.0587154 1 
12 6 30 0 0.048 0.0690387 1 
13 6 30 0 0.025 0.0647568 1 
14 6 30 0 0.036 0.077516 1 
15 6 30 0 0.016 0.0835312 1 
16 6 30 0 0.025 0.0796371 1 
17 6 30 0 0.036 0.0826592 1 
18 6 30 0 0.024 0.0886132 1 
19 6 30 0.0056666 0.044 0.0773834 2 
20 6 30 0 0.016 0.0712503 1 
21 6 30 0 0.003 0.192271 1 
22 6 30 0 0.026 0.0678106 1 
23 6 30 0.0341052 0.012 0.0903835 2 
24 6 30 0 0.007 0.0791626 1 
25 6 30 0 0.043 0.0722811 1 
26 6 30 0 0.028 0.0650589 1 
27 6 30 0 0.029 0.0820467 1 
28 6 30 0 0.041 0.0682282 1 
29 6 30 0 0.031 0.0650374 1 
30 6 30 0 0.018 0.0841583 1 
31 6 30 0 0.007 0.112936 1 
32 6 30 0 0.031 0.0778728 1 
0 6 31 0 0.025 0.0816357 1 
1 6 31 0 0.034 0.0661605 1 
2 6 31 0 0.007 0.126009 1 
3 6 31 0 0.041 0.0807768 1 
4 6 31 0 0.03 0.068258 1 
5 6 31 0.0482844 0.024 0.384038 1 
6 6 31 0 0.005 0.0768436 1 
7 6 31 0 0.006 0.0637249 1 
8 6 31 0.0651833 0.017 0.352087 1 
9 6 31 0 0.04 0.0797367 1 
10 6 31 0 0.029 0.0863037 1 
11 6 31 0 0.044 0.0737524 1 
12 6 31 0.00467393 0.003 0.0730858 2 
13 6 31 0 0.037 0.0539568 1 
14 6 31 0 0.038 0.057531 1 
15 6 31 0 0.033 0.0810564 1 
16 6 31 0 0.046 0.0832666 1 
17 6 31 0 0.012 0.0852952 1 
18 6 31 0 0.004 0.0840001 1 
19 6 31 0 0.021 0.0914927 1 
20 6 31 0 0.043 0.0918969 1 
21 6 31 0 0.022 0.205492 1 
22 6 31 0 0.016 0.0688016 1 
23 6 31 0 0.012 0.0737371 1 
24 6 31 0 0.009 0.0950967 1 
25 6 31 0 0.035 0.0775367 1 
26 6 31 0.01401 0.02 0.0700366 2 
27 6 31 0.0331653 0.002 0.078578 4 
28 6 31 0 0.038 0.0844519 1 
29 6 31 0 0.038 0.0892646 1 
30 6 31 0 0.045 0.0727528 1 
31 6 31 0 0.042 0.146315 1 
32 6 31 0.0235926 0.016 0.0833675 2 
0 6 32 0 0.02 0.0852225 1 
1 6 32 0.0153384 0.002 0.0749325 2 
2 6 32 0 0.019 0.110523 1 
3 6 32 0 0.033 0.0877504 1 
4 6 32 0 0.039 0.0867079 1 
5 6 32 0.0490219 0.004 0.374523 1 
6 6 32 0 0.043 0.0561994 1 
7 6 32 0 0.02 0.0938201 1 
8 6 32 0.0659078 0.034 0.324668 1 
9 6 32 0 0.042 0.077921 1 
10 6 32 0.0536932 0.017 0.348318 1 
11 6 32 0 0.036 0.0822248 1 
12 6 32 0.0190856 0.017 0.0569105 2 
13 6 32 0 0.049 0.0751139 1 
14 6 32 0 0.029 0.0696285 1 
15 6 32 0 0.013 0.0662089 1 
16 6 32 0 0.014 0.0979513 1 
17 6 32 0 0.006 0.0841567 1 
18 6 32 0 0.037 0.0777025 1 
19 6 32 0 0.042 0.0653023 1 
20 6 32 0 0.012 0.0812065 1 
21 6 32 0 0.001 0.182995 1 
22 6 32 0 0.027 0.0846576 1 
23 6 32 0 0.004 0.0648767 1 
24 6 32 0 0.018 0.088893 1 
25 6 32 0 0.044 0.0941666 1 
26 6 32 0.0425077 0.004 0.0852961 5 
27 6 32 0 0.027 0.0855226 1 
28 6 32 0 0.012 0.055585 1 
29 6 32 0 0.022 0.0824977 1 
30 6 32 0 0.022 0.0650747 1 
31 6 32 0 0.032 0.151702 1 
32 6 32 0 0.001 0.0728956 1 
0 6 33 0 0.009 0.0778928 1 
1 6 33 0 0.041 0.0914725 1 
2 6 33 0 0.005 0.0826193 1 
3 6 33 0 0.005 0.0762437 1 
4 6 33 0.0114675 0.02 0.0765607 2 
5 6 33 0.0497592 0.014 0.383759 1 
6 6 33 0 0.024 0.0703038 1 
7 6 33 0.077529 0.023 0.0832551 4 
8 6 33 0.000511901 0.009 0.0919091 2 
9 6 33 0 0.039 0.0721647 1 
10 6 33 0 0.002 0.0886578 1 
11 6 33 0 0.009 0.112458 1 
12 6 33 0 0.005 0.0751803 1 
13 6 33 0 0.043 0.0599033 1 
14 6 33 0 0.027 0.101438 1 
15 6 33 0 0.039 0.0901931 1 
16 6 33 0 0.023 0.0674424 1 
17 6 33 0 0.023 0.0817991 1 
18 6 33 0 0.045 0.0753425 1 
19 6 33 0.00758277 0.02 0.0693919 2 
20 6 33 0 0.034 0.0799904 1 
21 6 33 0 0.007 0.160932 1 
22 6 33 0 0.035 0.0539377 1 
23 6 33 0 0.002 0.0847509 1 
24 6 33 0 0.028 0.0947568 1 
25 6 33 0 0.015 0.0785907 1 
26 6 33 0 0.009 0.0731833 1 
27 6 33 0 0.034 0.0951928 1 
28 6 33 0 0.034 0.067678 1 
29 6 33 0 0.049 0.0986803 1 
30 6 33 0 0.003 0.0768185 1 
31 6 33 0 0.037 0.152596 1 
32 6 33 0.00754094 0.025 0.0704276 2 
0 6 34 0 0.035 0.0855726 1 
1 6 34 0 0.027 0.0782041 1 
2 6 34 0 0.007 0.083988 1 
3 6 34 0 0.027 0.0846557 1 
4 6 34 0.0543868 0.011 0.375917 1 
5 6 34 0 0.026 0.0846812 1 
6 6 34 0 0.031 0.0735166 1 
7 6 34 0.00164395 0.005 0.071676 2 
8 6 34 0 0.014 0.336702 1 
9 6 34 0 0.043 0.0806199 1 
10 6 34 0.012341 0.013 0.0670306 2 
11 6 34 0 0.048 0.129584 1 
12 6 34 0 0.023 0.0794316 1 
13 6 34 0 0.026 0.0561989 1 
14 6 34 0.0365697 0.02 0.0963603 3 
15 6 34 0 0.01 0.0847905 1 
16 6 34 0 0.026 0.0821659 1 
17 6 34 0 0.045 0.0705063 1 
18 6 34 0 0.038 0.0634155 1 
19 6 34 0 0.046 0.0843111 1 
20 6 34 0 0.017 0.076597 1 
21 6 34 0 0.047 0.064166 1 
22 6 34 0.00995421 0.001 0.0697465 2 
23 6 34 0 0.017 0.0798235 1 
24 6 34 0 0.033 0.070664 1 
25 6 34 0 0.036 0.0900242 1 
26 6 34 0 0.012 0.0821514 1 
27 6 34 0 0.038 0.078201 1 
28 6 34 0 0.042 0.0878898 1 
29 6 34 0 0.019 0.0966955 1 
30 6 34 0 0.024 0.0864861 1 
31 6 34 0 0.018 0.137526 1 
32 6 34 0.0212858 0.007 0.0698088 2 
0 6 35 0.00320102 0.002 0.081584 2 
1 6 35 0 0.008 0.081178 1 
2 6 35 0 0.018 0.0928985 1 
3 6 35 0 0.001 0.0867872 1 
4 6 35 0.00163869 0.01 0.0828253 2 
5 6 35 0.0855672 0.002 0.0833232 3 
6 6 35 0.00191945 0.044 0.130412 2 
7 6 35 0 0.01 0.0697791 1 
8 6 35 0 0.048 0.0675426 1 
9 6 35 0 0.048 0.0825866 1 
10 6 35 0.0558958 0.021 0.367844 1 
11 6 35 0 0.006 0.0954732 1 
12 6 35 0 0.048 0.0716941 1 
13 6 35 0.0310912 0.009 0.0707571 3 
14 6 35 0 0.026 0.0743711 1 
15 6 35 0 0.003 0.0691179 1 
16 6 35 0 0.01 0.0734073 1 
17 6 35 0 0.03 0.0863319 1 
18 6 35 0.00124938 0.04 0.0665129 2 
19 6 35 0 0.038 0.0816862 1 
20 6 35 0 0.03 0.0857538 1 
21 6 35 0 0.049 0.215598 1 
22 6 35 0 0.018 0.0579452 1 
23 6 35 0 0.032 0.0592366 1 
24 6 35 0 0.04 0.0773899 1 
25 6 35 0 0.048 0.0792669 1 
26 6 35 0 0.026 0.0845959 1 
27 6 35 0 0.005 0.0740842 1 
28 6 35 0.00124938 0.021 0.0654321 2 
29 6 35 0 0.007 0.0703555 1 
30 6 35 0 0.002 0.0635793 1 
31 6 35 0 0.006 0.165026 1 
32 6 35 0 0.045 0.0865835 1 
0 6 36 0 0.012 0.0849523 1 
1 6 36 0 0.043 0.0771178 1 
2 6 36 0 0.038 0.108798 1 
3 6 36 3.69996e-05 0.001 0.0841873 2 
4 6 36 0.0558566 0.026 0.375298 1 
5 6 36 0.0519732 0.042 0.381576 1 
6 6 36 0 0.001 0.089276 1 
7 6 36 0 0.013 0.0727323 1 
8 6 36 0 0.006 0.353454 1 
9 6 36 0.01014 0.01 0.0756646 2 
10 6 36 0.0159552 0.021 0.0951859 2 
11 6 36 0 0.044 0.0906171 1 
12 6 36 0.0992644 0.014 0.0859377 3 
13 6 36 0 0.02 0.0724559 1 
14 6 36 0 0.049 0.075971 1 
15 6 36 0 0.032 0.0712442 1 
16 6 36 0 0.032 0.0944831 1 
17 6 36 0 0.012 0.0979767 1 
18 6 36 0 0.01 0.0868243 1 
19 6 36 0.00457442 0.002 0.068641 2 
20 6 36 0 0.042 0.0646589 1 
21 6 36 0 0.035 0.190951 1 
22 6 36 0 0.019 0.0987391 1 
23 6 36 0.0388591 0.004 0.0773276 2 
24 6 36 0 0.023 0.0912989 1 
25 6 36 0 0.026 0.079553 1 
26 6 36 0 0.012 0.0589187 1 
27 6 36 0 0.01 0.0700888 1 
28 6 36 0 0.02 0.0739866 1 
29 6 36 0 0.021 0.0677804 1 
30 6 36 0.0308597 0.001 0.0742815 4 
31 6 36 0 0.044 0.158976 1 
32 6 36 0 0.014 0.0802649 1 
0 6 37 0.0448809 0.012 0.0680044 2 
1 6 37 0 0.017 0.0716244 1 
2 6 37 0 0.015 0.110042 1 
3 6 37 0 0.007 0.0706128 1 
4 6 37 0 0.028 0.0833842 1 
5 6 37 0.0527109 0.037 0.380431 1 
6 6 37 0 0.014 0.108914 1 
7 6 37 0 0.047 0.0791027 1 
8 6 37 0 0.045 0.339597 1 
9 6 37 0 0.003 0.0868804 1 
10 6 37 0.0573641 0.009 0.382905 1 
11 6 37 0 0.004 0.0995145 1 
12 6 37 0 0.039 0.0779361 1 
13 6 37 0 0.011 0.0820792 1 
14 6 37 0 0.029 0.0655665 1 
15 6 37 0 0.003 0.0910678 1 
16 6 37 0 0.012 0.0668928 1 
17 6 37 0.0974543 0.009 0.0623199 4 
18 6 37 0 0.022 0.0842967 1 
19 6 37 0 0.019 0.0741375 2 
20 6 37 0 0.033 0.0837192 1 
21 6 37 0 0.033 0.0759479 1 
22 6 37 0 0.011 0.0819671 1 
23 6 37 0 0.033 0.075479 1 
24 6 37 0 0.04 0.0814192 1 
25 6 37 0 0.041 0.0719892 1 
26 6 37 0.0331066 0.006 0.0763854 3 
27 6 37 0 0.011 0.057351 1 
28 6 37 0 0.046 0.0965557 1 
29 6 37 0 0.003 0.097328 1 
30 6 37 0 0.038 0.0947217 1 
31 6 37 0 0.049 0.149725 1 
32 6 37 0 0.012 0.0571894 1 
0 6 38 0 0.012 0.0710049 1 
1 6 38 0 0.004 0.0747884 1 
2 6 38 0 0.006 0.0948351 1 
3 6 38 0 0.001 0.0826969 1 
4 6 38 0.0573267 0.011 0.365412 1 
5 6 38 0.000485026 0.019 0.075377 2 
6 6 38 0.000321009 0.009 0.0908327 2 
7 6 38 0 0.023 0.0949984 1 
8 6 38 0 0.009 0.356229 1 
9 6 38 0 0.024 0.08924 1 
10 6 38 0.058099 0.028 0.358391 1 
11 6 38 0 0.029 0.0819073 1 
12 6 38 0 0.045 0.063928 1 
13 6 38 0 0.009 0.0687795 1 
14 6 38 0 0.028 0.0680692 1 
15 6 38 0 0.045 0.0781048 1 
16 6 38 0 0.024 0.0749786 1 
17 6 38 0 0.041 0.0687645 1 
18 6 38 0 0.032 0.0673823 1 
19 6 38 0 0.044 0.0745966 1 
20 6 38 0 0.031 0.08327 1 
21 6 38 0 0.049 0.210631 1 
22 6 38 0 0.006 0.0690502 1 
23 6 38 0 0.037 0.0691221 1 
24 6 38 0 0.041 0.0947024 1 
25 6 38 0 0.029 0.0740032 1 
26 6 38 0 0.043 0.072611 1 
27 6 38 0 0.003 0.0947692 1 
28 6 38 0 0.025 0.0731994 1 
29 6 38 0 0.027 0.0732269 1 
30 6 38 0 0.03 0.0840303 1 
31 6 38 0.00048709 0.034 0.076259 2 
32 6 38 0.0788532 0.032 0.0946452 2 
0 6 39 0 0.042 0.0729273 1 
1 6 39 0.0578965 0.008 0.0765505 2 
2 6 39 0 0.022 0.0851394 1 
3 6 39 0 0.042 0.0691751 1 
4 6 39 0.0142579 0.021 0.0801293 2 
5 6 39 0.0541867 0.049 0.384435 1 
6 6 39 0 0.039 0.11093 1 
7 6 39 0 0.003 0.0812088 1 
8 6 39 0 0.03 0.0823298 1 
9 6 39 0.0109355 0.002 0.0874066 2 
10 6 39 0.0588327 0.027 0.369422 1 
11 6 39 0.00141818 0.019 0.0887668 2 
12 6 39 0 0.009 0.0686281 1 
13 6 39 0 0.021 0.0731994 1 
14 6 39 0 0.035 0.0857073 1 
15 6 39 0 0.039 0.0672616 1 
16 6 39 0 0.034 0.0831131 1 
17 6 39 0 0.014 0.0788534 1 
18 6 39 0 0.048 0.0769878 1 
19 6 39 0 0.002 0.0669032 1 
20 6 39 0 0.017 0.0796272 1 
21 6 39 0 0.037 0.18975 1 
22 6 39 0 0.044 0.0782303 1 
23 6 39 0.162322 0.003 0.0826119 7 
24 6 39 0 0.034 0.0916851 1 
25 6 39 0 0.027 0.0778496 1 
26 6 39 0 0.011 0.0899246 1 
27 6 39 0 0.039 0.0632898 1 
28 6 39 0 0.018 0.0710685 1 
29 6 39 0 0.04 0.0827418 1 
30 6 39 0 0.006 0.0690179 1 
31 6 39 0 0.006 0.0731398 1 
32 6 39 0 0.046 0.0859195 1 
0 6 40 0 0.045 0.0789016 1 
1 6 40 0 0.045 0.0812774 1 
2 6 40 0 0.048 0.102132 1 
3 6 40 0 0.033 0.0704095 1 
4 6 40 0 0.003 0.233856 2 
5 6 40 0 0.002 0.0816665 1 
6 6 40 0 0.032 0.077603 1 
7 6 40 0 0.028 0.0820073 1 
8 6 40 0.0117592 0.025 0.0824376 2 
9 6 40 0 0.042 0.0876137 1 
10 6 40 0 0.021 0.229633 2 
11 6 40 0 0.037 0.081987 1 
12 6 40 1.99839e-05 0.03 0.0665303 2 
13 6 40 0 0.034 0.0757927 1 
14 6 40 0 0.026 0.0708041 1 
15 6 40 0 0.033 0.0860775 1 
16 6 40 0 0.044 0.0895392 1 
17 6 40 0 0.021 0.0876379 1 
18 6 40 0 0.008 0.0816594 1 
19 6 40 0 0.018 0.0820538 1 
20 6 40 0.0151391 0.024 0.0849112 2 
21 6 40 0.000154267 0.008 0.225224 2 
22 6 40 0 0.013 0.0894228 1 
23 6 40 0 0.031 0.0850311 1 
24 6 40 0 0.007 0.0622308 1 
25 6 40 0 0.041 0.0847017 1 
26 6 40 0 0.041 0.0788479 1 
27 6 40 0 0.02 0.0576813 1 
28 6 40 0 0.013 0.079646 1 
29 6 40 0 0.017 0.0710461 1 
30 6 40 0 0.036 0.0639734 1 
31 6 40 0 0.032 0.130179 1 
32 6 40 0 0.027 0.0766655 1 
0 6 41 0 0.007 0.0761908 1 
1 6 41 0.0218607 0.038 0.0784835 2 
2 6 41 0 0.021 0.0740668 1 
3 6 41 0 0.033 0.0700366 1 
4 6 41 0 0.006 0.0707039 1 
5 6 41 0.0123867 0.017 0.0780014 2 
6 6 41 0 0.007 0.0956044 1 
7 6 41 0 0.043 0.0812769 1 
8 6 41 0 0.007 0.340664 1 
9 6 41 0 0.01 0.0650663 1 
10 6 41 0 0.031 0.0824889 1 
11 6 41 0 0.008 0.0799489 1 
12 6 41 0 0.029 0.0929184 1 
13 6 41 0 0.028 0.0750362 1 
14 6 41 0.0475232 0.008 0.095013 3 
15 6 41 0 0.04 0.082688 1 
16 6 41 0 0.005 0.0571747 1 
17 6 41 0 0.023 0.0893655 1 
18 6 41 0 0.041 0.0791861 1 
19 6 41 0.0408902 0.005 0.0755539 4 
20 6 41 0.0217063 0.014 0.0694708 2 
21 6 41 0 0.04 0.0828799 1 
22 6 41 0.00642528 0.001 0.0620259 4 
23 6 41 0 0.049 0.0768999 1 
24 6 41 0 0.03 0.0724802 1 
25 6 41 0 0.04 0.0616606 1 
26 6 41 0 0.017 0.0749225 1 
27 6 41 0 0.029 0.106374 1 
28 6 41 0 0.027 0.0851435 1 
29 6 41 0 0.015 0.0865922 1 
30 6 41 0 0.042 0.0811318 1 
31 6 41 0.00175229 0.044 0.109554 2 
32 6 41 0 0.039 0.0975228 1 
0 6 42 0.0191095 0.014 0.0869058 2 
1 6 42 0 0.036 0.0812703 1 
2 6 42 0 0.001 0.0740739 1 
3 6 42 0 0.023 0.0890854 1 
4 6 42 0.0602671 0.008 0.377853 1 
5 6 42 0.0564018 0.045 0.386678 1 
6 6 42 0 0.037 0.0747122 1 
7 6 42 0 0.036 0.0781019 1 
8 6 42 0.00795451 0.006 0.0749435 3 
9 6 42 0 0.031 0.0823064 1 
10 6 42 0.0610369 0.027 0.364181 1 
11 6 42 0 0.007 0.118259 1 
12 6 42 0 0.015 0.0793429 1 
13 6 42 0.0756721 0.032 0.0961542 2 
14 6 42 0 0.007 0.0879569 1 
15 6 42 0 0.002 0.065166 1 
16 6 42 0 0.028 0.0815666 1 
17 6 42 0.00683703 0.009 0.076686 3 
18 6 42 0 0.011 0.084168 1 
19 6 42 0 0.004 0.0756862 1 
20 6 42 0 0.049 0.0700294 1 
21 6 42 0 0.018 0.213679 1 
22 6 42 0 0.043 0.0652413 1 
23 6 42 0 0.011 0.0694652 1 
24 6 42 0 0.034 0.0866045 1 
25 6 42 0 0.008 0.0829723 1 
26 6 42 0 0.019 0.0834678 1 
27 6 42 0 0.025 0.077246 1 
28 6 42 0 0.008 0.07064 1 
29 6 42 0 0.006 0.0970833 1 
30 6 42 0 0.009 0.0814428 1 
31 6 42 0 0.016 0.0781461 1 
32 6 42 0 0.036 0.0744375 1 
0 6 43 0 0.024 0.0741277 1 
1 6 43 0 0.037 0.0936225 1 
2 6 43 0 0.042 0.0946044 1 
3 6 43 0 0.011 0.0919697 1 
4 6 43 0.0734707 0.004 0.386639 1 
5 6 43 0.0135531 0.009 0.103354 2 
6 6 43 0 0.011 0.0876878 1 
7 6 43 0 0.023 0.0838115 1 
8 6 43 0 0.009 0.333579 1 
9 6 43 0 0.008 0.0766515 1 
10 6 43 0.074234 0.019 0.363083 1 
11 6 43 0 0.037 0.0957663 1 
12 6 43 0.00142646 0.04 0.0952435 2 
13 6 43 0.0268934 0.006 0.0908389 4 
14 6 43 0.039416 0.002 0.0889814 3 
15 6 43 0 0.045 0.0725975 1 
16 6 43 0 0.03 0.0636208 1 
17 6 43 0 0.031 0.0678661 1 
18 6 43 0 0.03 0.0787835 1 
19 6 43 0.00116015 0.048 0.0743015 2 
20 6 43 0 0.006 0.0906335 1 
21 6 43 0 0.011 0.216992 1 
22 6 43 0 0.041 0.092346 1 
23 6 43 0 0.033 0.0732275 1 
24 6 43 0 0.008 0.0847947 1 
25 6 43 0 0.013 0.0920138 1 
26 6 43 0 0.008 0.0854763 1 
27 6 43 0 0.017 0.100876 1 
28 6 43 0 0.035 0.0674917 1 
29 6 43 0 0.043 0.0870953 1 
30 6 43 0 0.029 0.0774689 1 
31 6 43 0 0.025 0.166574 1 
32 6 43 0 0.026 0.0900266 1 
0 6 44 0 0.003 0.0778756 1 
1 6 44 0 0.012 0.0659046 1 
2 6 44 0 0.013 0.110946 1 
3 6 44 0.0709355 0.015 0.0807949 2 
4 6 44 0.0742009 0.026 0.383254 1 
5 6 44 0.0703742 0.045 0.365703 1 
6 6 44 0 0.046 0.0964978 1 
7 6 44 0.0342936 0.011 0.0811362 3 
8 6 44 0 0.022 0.363779 1 
9 6 44 0 0.013 0.0804102 1 
10 6 44 0.0749636 0.036 0.379056 1 
11 6 44 0 0.015 0.111636 1 
12 6 44 0 0.042 0.0840506 1 
13 6 44 0 0.011 0.0691064 1 
14 6 44 0 0.012 0.0728527 1 
15 6 44 0 0.032 0.0840993 1 
16 6 44 0 0.015 0.09467 1 
17 6 44 0 0.045 0.0907322 1 
18 6 44 0 0.002 0.0933245 1 
19 6 44 0 0.028 0.0779049 1 
20 6 44 0 0.024 0.069646 1 
21 6 44 8.76089e-06 0.023 0.19758 2 
22 6 44 0.138366 0.002 0.108647 3 
23 6 44 0 0.018 0.0891302 1 
24 6 44 0 0.008 0.0912477 1 
25 6 44 0.087475 0.002 0.0872357 2 
26 6 44 0 0.021 0.0860775 1 
27 6 44 0 0.011 0.0771154 1 
28 6 44 0 0.044 0.0816549 1 
29 6 44 0 0.015 0.0566062 1 
30 6 44 0.0216267 0.009 0.0877207 4 
31 6 44 0 0.046 0.119096 1 
32 6 44 0.0799065 0.025 0.0874541 2 
0 6 45 0 0.005 0.0772832 1 
1 6 45 0 0.033 0.0856848 1 
2 6 45 0 0.031 0.104 1 
3 6 45 0.0558876 0.005 0.0879978 5 
4 6 45 0.0749298 0.036 0.386211 1 
5 6 45 0 0.025 0.309541 2 
6 6 45 0 0.021 0.0882971 1 
7 6 45 0 0.04 0.0741198 1 
8 6 45 0 0.047 0.0838719 1 
9 6 45 0 0.049 0.0872687 1 
10 6 45 0 0.022 0.0959597 1 
11 6 45 0 0.037 0.0686024 1 
12 6 45 0 0.026 0.0771752 1 
13 6 45 0 0.042 0.091173 1 
14 6 45 0 0.002 0.0922963 2 
15 6 45 0 0.009 0.0703726 1 
16 6 45 0 0.027 0.0634723 1 
17 6 45 0 0.049 0.0814841 1 
18 6 45 0 0.021 0.0873237 1 
19 6 45 0 0.012 0.0708565 1 
20 6 45 0 0.041 0.0713909 1 
21 6 45 0 0.035 0.0885444 1 
22 6 45 0 0.044 0.0682865 1 
23 6 45 0 0.011 0.0720633 1 
24 6 45 0 0.048 0.102441 1 
25 6 45 0 0.01 0.0901074 1 
26 6 45 0 0.044 0.0742196 1 
27 6 45 0 0.036 0.0982178 1 
28 6 45 0 0.005 0.0545901 1 
29 6 45 0 0.007 0.1113 1 
30 6 45 0.0747176 0.002 0.078864 6 
31 6 45 0 0.04 0.102846 1 
32 6 45 0 0.033 0.0682794 1 
0 6 46 0 0.03 0.0700281 1 
1 6 46 0 0.034 0.0909145 1 
2 6 46 0 0.046 0.104652 1 
3 6 46 0 0.031 0.0899197 1 
4 6 46 0.0756585 0.001 0.377895 1 
5 6 46 0 0.013 0.0836154 1 
6 6 46 0 0.039 0.0896667 1 
7 6 46 0 0.008 0.0841894 1 
8 6 46 0 0.045 0.0772998 1 
9 6 46 0 0.001 0.0740187 1 
10 6 46 0 0.018 0.0796457 1 
11 6 46 0 0.044 0.123748 1 
12 6 46 0.00131784 0.008 0.0934173 2 
13 6 46 0 0.011 0.0814635 1 
14 6 46 0 0.02 0.0734244 1 
15 6 46 0 0.038 0.0925037 1 
16 6 46 0 0.013 0.0749291 1 
17 6 46 0.135273 0.004 0.0816849 7 
18 6 46 0 0.048 0.0889681 1 
19 6 46 0 0.038 0.0712902 1 
20 6 46 0 0.006 0.078354 1 
21 6 46 0 0.04 0.192607 1 
22 6 46 0.0511851 0.005 0.0929322 3 
23 6 46 0 0.044 0.0781533 1 
24 6 46 0 0.008 0.085429 1 
25 6 46 0 0.018 0.0890927 1 
26 6 46 0 0.036 0.103176 1 
27 6 46 0 0.003 0.075008 1 
28 6 46 0 0.01 0.0954867 1 
29 6 46 3.12905e-06 0.044 0.0754422 2 
30 6 46 0 0.028 0.0800464 1 
31 6 46 0 0.034 0.180827 1 
32 6 46 0 0.037 0.0852711 1 
0 6 47 0.0397793 0.001 0.101788 3 
1 6 47 0 0.006 0.0868929 1 
2 6 47 0 0.027 0.0857972 2 
3 6 47 0.000352704 0.003 0.0819964 3 
4 6 47 0.00650929 0.014 0.0872175 2 
5 6 47 0.0725705 0.023 0.380879 1 
6 6 47 0 0.021 0.0857197 1 
7 6 47 0 0.037 0.0823641 1 
8 6 47 0.0112013 0.008 0.110172 2 
9 6 47 0 0.022 0.0973257 1 
10 6 47 0 0.042 0.0670786 1 
11 6 47 0 0.049 0.106279 1 
12 6 47 0 0.02 0.0894889 1 
13 6 47 0 0.043 0.0960362 1 
14 6 47 0.022759 0.024 0.0800549 2 
15 6 47 0 0.042 0.0794304 1 
16 6 47 0 0.024 0.0731794 1 
17 6 47 0.00819247 0.01 0.082685 2 
18 6 47 0 0.007 0.0590264 1 
19 6 47 0 0.034 0.0926417 1 
20 6 47 0 0.041 0.0691511 1 
21 6 47 0 0.009 0.210981 2 
22 6 47 0 0.039 0.0835155 1 
23 6 47 0 0.012 0.0818658 1 
24 6 47 0 0.026 0.0858116 1 
25 6 47 0.0717978 0.005 0.0997253 2 
26 6 47 0 0.03 0.0741241 1 
27 6 47 0 0.04 0.0722308 1 
28 6 47 0 0.041 0.069199 1 
29 6 47 0 0.007 0.0863611 1 
30 6 47 0 0.04 0.0699655 1 
31 6 47 0 0.003 0.0960986 2 
32 6 47 0.067665 0.002 0.0794711 4 
0 6 48 0 0.008 0.0951754 1 
1 6 48 0.0914731 0.003 0.0959509 6 
2 6 48 0 0.039 0.0784349 1 
3 6 48 0 0.041 0.0758513 1 
4 6 48 0 0.04 0.0834787 1 
5 6 48 0.0733018 0.047 0.392438 1 
6 6 48 0 0.02 0.0859917 1 
7 6 48 0.0294304 0.024 0.0786014 2 
8 6 48 0 0.021 0.358065 1 
9 6 48 0 0.024 0.0813654 1 
10 6 48 0.0778768 0.048 0.38605 1 
11 6 48 0 0.017 0.0833077 1 
12 6 48 0.00129646 0.016 0.0738444 2 
13 6 48 0.0475965 0.001 0.103609 4 
14 6 48 0 0.032 0.0796174 1 
15 6 48 0 0.006 0.0692837 1 
16 6 48 0 0.021 0.0876551 1 
17 6 48 0 0.012 0.0820692 1 
18 6 48 0 0.011 0.0886944 1 
19 6 48 0 0.029 0.0685866 1 
20 6 48 0 0.001 0.101209 1 
21 6 48 7.47969e-06 0.043 0.188963 2 
22 6 48 0 0.037 0.0699317 1 
23 6 48 0 0.041 0.0862111 1 
24 6 48 0 0.036 0.0646999 1 
25 6 48 0 0.044 0.0760668 1 
26 6 48 0 0.031 0.0894871 1 
27 6 48 0 0.013 0.066329 1 
28 6 48 0 0.027 0.0957557 1 
29 6 48 0 0.039 0.086893 1 
30 6 48 0.0666227 0.009 0.0845415 3 
31 6 48 0 0.002 0.0815932 1 
32 6 48 0 0.017 0.0932422 1 
0 6 49 0.0398327 0.011 0.0856827 2 
1 6 49 0 0.043 0.0922941 1 
2 6 49 0 0.028 0.101181 1 
3 6 49 0 0.045 0.084052 1 
4 6 49 0.0778458 0.04 0.38811 1 
5 6 49 0 0.043 0.0765488 1 
6 6 49 0 0.001 0.0658249 1 
7 6 49 0 0.037 0.0819863 1 
8 6 49 0 0.004 0.36536 1 
9 6 49 0.049091 0.008 0.0953705 2 
10 6 49 0 0.025 0.375174 1 
11 6 49 0 0.001 0.101494 1 
12 6 49 0 0.003 0.0766364 1 
13 6 49 0 0.042 0.0761544 1 
14 6 49 0 0.042 0.100106 1 
15 6 49 0 0.015 0.0766405 1 
16 6 49 0 0.018 0.0722019 1 
17 6 49 0.0225908 0.007 0.0842673 2 
18 6 49 0 0.023 0.0709056 1 
19 6 49 0 0.034 0.0834678 1 
20 6 49 0 0.019 0.0854395 1 
21 6 49 0 0.024 0.223091 2 
22 6 49 0 0.002 0.0820416 1 
23 6 49 0 0.001 0.0852814 1 
24 6 49 0 0.015 0.0997198 1 
25 6 49 0.012412 0.002 0.080959 5 
26 6 49 0 0.018 0.106791 1 
27 6 49 0 0.003 0.0730611 1 
28 6 49 0 0.029 0.066204 1 
29 6 49 0 0.006 0.0871897 1 
30 6 49 0.101409 0.003 0.0951443 4 
31 6 49 0 0.029 0.150084 1 
32 6 49 0 0.046 0.0768947 1 
0 6 50 0 0.015 0.092043 1 
1 6 50 0 0.043 0.0903868 1 
2 6 50 0 0.028 0.0677288 1 
3 6 50 0.0283351 0.005 0.107262 4 
4 6 50 0.00457613 0.018 0.0869974 2 
5 6 50 0 0.035 0.0810221 1 
6 6 50 0 0.046 0.0904441 1 
7 6 50 0 0.033 0.0951472 1 
8 6 50 0 0.035 0.0916546 1 
9 6 50 0 0.015 0.0844715 1 
10 6 50 0 0.024 0.384927 1 
11 6 50 0 0.047 0.106471 1 
12 6 50 0 0.041 0.0683286 1 
13 6 50 0.0354258 0.003 0.0818138 3 
14 6 50 0 0.042 0.0754468 1 
15 6 50 0 0.015 0.103668 1 
16 6 50 0 0.003 0.0751965 1 
17 6 50 0.00820464 0.001 0.089796 2 
18 6 50 0 0.043 0.0843174 1 
19 6 50 0 0.029 0.0773956 1 
20 6 50 0 0.015 0.0847556 1 
21 6 50 0 0.004 0.0710094 1 
22 6 50 0 0.013 0.0807635 1 
23 6 50 0 0.031 0.0661074 1 
24 6 50 0 0.015 0.0624361 1 
25 6 50 0 0.045 0.063389 1 
26 6 50 0 0.03 0.0847416 1 
27 6 50 0 0.031 0.0799859 1 
28 6 50 0 0.017 0.0836379 1 
29 6 50 0 0.049 0.100171 1 
30 6 50 0 0.001 0.0741896 1 
31 6 50 0 0.043 0.177395 1 
32 6 50 0.0316256 0.009 0.0899216 2 
0 6 51 0.109083 0.003 0.0966489 6 
1 6 51 0.000638445 0.011 0.0717623 2 
2 6 51 0 0.011 0.0944656 1 
3 6 51 0 0.039 0.0930784 1 
4 6 51 0 0.025 0.385823 1 
5 6 51 0 0.049 0.104161 1 
6 6 51 0 0.023 0.100327 1 
7 6 51 0 0.028 0.0958311 1 
8 6 51 0 0.02 0.355399 1 
9 6 51 0 0.047 0.070173 1 
10 6 51 0 0.024 0.36856 1 
11 6 51 0 0.035 0.0633604 1 
12 6 51 0 0.044 0.0756483 1 
13 6 51 0.0499582 0.02 0.0688779 2 
14 6 51 0 0.033 0.0763616 1 
15 6 51 0 0.003 0.0876715 1 
16 6 51 0 0.036 0.0922797 1 
17 6 51 0 0.011 0.0869461 1 
18 6 51 0 0.033 0.0881683 1 
19 6 51 0.0744144 0.007 0.103971 3 
20 6 51 0 0.008 0.0950443 1 
21 6 51 0 0.015 0.201658 1 
22 6 51 0.019138 0.003 0.0738404 2 
23 6 51 0.0102993 0.032 0.0649624 2 
24 6 51 0 0.023 0.0807315 1 
25 6 51 0 0.022 0.0809753 1 
26 6 51 0 0.029 0.077113 1 
27 6 51 0 0.013 0.0904531 1 
28 6 51 0 0.027 0.0875492 1 
29 6 51 0 0.007 0.0782556 1 
30 6 51 0 0.045 0.088296 1 
31 6 51 0 0.026 0.103188 1 
32 6 51 0 0.049 0.0917967 1 
0 6 52 0.0366155 0.003 0.0915996 2 
1 6 52 0 0.041 0.0689419 1 
2 6 52 0 0.047 0.0950941 1 
3 6 52 0 0.006 0.0919905 1 
4 6 52 0 0.024 0.0685015 1 
5 6 52 0.000103157 0.038 0.0952495 2 
6 6 52 0 0.038 0.0903158 1 
7 6 52 0 0.039 0.0730451 1 
8 6 52 0 0.048 0.074226 1 
9 6 52 0 0.021 0.0723808 1 
10 6 52 0 0.02 0.367966 1 
11 6 52 0 0.008 0.124472 1 
12 6 52 0 0.026 0.0906635 1 
13 6 52 0 0.027 0.0758451 1 
14 6 52 0 0.042 0.0734106 1 
15 6 52 0 0.048 0.0732458 1 
16 6 52 0 0.013 0.0823326 1 
17 6 52 0 0.047 0.0811384 1 
18 6 52 0 0.031 0.0757282 1 
19 6 52 0.033003 0.018 0.0887024 2 
20 6 52 0 0.002 0.0658615 2 
21 6 52 0 0.009 0.18418 1 
22 6 52 0 0.029 0.0677984 1 
23 6 52 0.0603414 0.02 0.0860782 3 
24 6 52 0 0.014 0.0797434 1 
25 6 52 0 0.023 0.0801622 1 
26 6 52 0.0203976 0.005 0.0921137 2 
27 6 52 0 0.031 0.0875314 1 
28 6 52 0 0.043 0.0706952 1 
29 6 52 0 0.014 0.0982646 1 
30 6 52 0 0.019 0.0807327 1 
31 6 52 0 0.008 0.156518 1 
32 6 52 0.0138511 0.013 0.0995615 2 
0 6 53 0 0.045 0.0807656 1 
1 6 53 0 0.031 0.0681218 1 
2 6 53 0 0.045 0.112829 1 
3 6 53 0 0.041 0.0796377 1 
4 6 53 0.0245279 0.025 0.0861992 2 
5 6 53 0.0769652 0.034 0.395471 1 
6 6 53 0 0.035 0.0939507 1 
7 6 53 0.0911108 0.022 0.0712902 3 
8 6 53 0 0.036 0.0761444 1 
9 6 53 0 0.009 0.0852591 1 
10 6 53 0 0.018 0.384613 1 
11 6 53 0 0.015 0.0594647 1 
12 6 53 0.194554 0.002 0.100417 9 
13 6 53 0 0.006 0.0721149 1 
14 6 53 0 0.008 0.0867519 1 
15 6 53 0 0.048 0.099471 1 
16 6 53 0 0.044 0.0663669 1 
17 6 53 0 0.027 0.0631369 1 
18 6 53 0 0.046 0.0905087 1 
19 6 53 0.0655212 0.017 0.0833176 3 
20 6 53 0 0.031 0.092477 1 
21 6 53 0 0.006 0.21059 1 
22 6 53 0 0.029 0.0684918 1 
23 6 53 0 0.047 0.0970197 1 
24 6 53 0 0.038 0.0816514 1 
25 6 53 0 0.01 0.0870807 1 
26 6 53 0 0.021 0.0925988 1 
27 6 53 0 0.026 0.0654828 1 
28 6 53 0 0.008 0.0612373 1 
29 6 53 0 0.031 0.0672337 1 
30 6 53 0 0.029 0.0843111 1 
31 6 53 0 0.019 0.143888 1 
32 6 53 0 0.01 0.0989851 1 
0 6 54 0 0.001 0.0896032 1 
1 6 54 0 0.046 0.0888075 1 
2 6 54 0 0.041 0.0751132 1 
3 6 54 0 0.027 0.0898201 1 
4 6 54 0 0.025 0.367165 1 
5 6 54 0.0776978 0.043 0.380389 1 
6 6 54 0 0.045 0.0826049 1 
7 6 54 0 0.04 0.0933281 1 
8 6 54 0 0.045 0.354418 1 
9 6 54 0 0.018 0.0876934 1 
10 6 54 0 0.038 0.0712312 1 
11 6 54 0 0.039 0.0670852 1 
12 6 54 0 0.026 0.0828008 1 
13 6 54 0 0.046 0.0819355 1 
14 6 54 0.0297718 0.001 0.0723125 3 
15 6 54 0 0.008 0.0841167 1 
16 6 54 0 0.041 0.0884003 1 
17 6 54 0 0.028 0.074944 1 
18 6 54 0 0.016 0.0883005 1 
19 6 54 0 0.036 0.0624361 1 
20 6 54 0.0248155 0.013 0.0883587 2 
21 6 54 0 0.021 0.184912 1 
22 6 54 0.0731068 0.003 0.0978833 5 
23 6 54 0 0.032 0.105912 1 
24 6 54 0 0.048 0.0921949 1 
25 6 54 0 0.008 0.0800966 1 
26 6 54 0 0.005 0.0810196 1 
27 6 54 0 0.012 0.080185 1 
28 6 54 0 0.024 0.0815287 1 
29 6 54 0 0.01 0.0967174 1 
30 6 54 0 0.029 0.0858437 1 
31 6 54 0 0.049 0.11954 1 
32 6 54 0 0.047 0.0799865 1 
0 6 55 0 0.043 0.0731215 1 
1 6 55 0 0.045 0.104609 1 
2 6 55 0 0.037 0.0998767 1 
3 6 55 0 0.042 0.0941618 1 
4 6 55 0 0.049 0.0870993 1 
5 6 55 0 0.012 0.0883346 1 
6 6 55 0 0.006 0.078264 1 
7 6 55 0 0.024 0.0990419 1 
8 6 55 0.00689958 0.038 0.0822397 2 
9 6 55 0 0.029 0.0767585 1 
10 6 55 0 0.049 0.0726776 1 
11 6 55 0 0.02 0.0847792 1 
12 6 55 0 0.03 0.0857769 1 
13 6 55 0 0.007 0.0758394 1 
14 6 55 0 0.02 0.0700231 1 
15 6 55 0 0.01 0.0811829 1 
16 6 55 0 0.019 0.0998596 1 
17 6 55 0 0.043 0.0756274 1 
18 6 55 0 0.047 0.0898246 1 
19 6 55 0 0.009 0.0751948 1 
20 6 55 0 0.015 0.0680901 1 
21 6 55 0 0.038 0.161936 1 
22 6 55 0.0575911 0.005 0.0881276 4 
23 6 55 0 0.015 0.0724503 1 
24 6 55 0 0.039 0.0768763 1 
25 6 55 0 0.003 0.0829265 1 
26 6 55 0 0.024 0.0901114 1 
27 6 55 0 0.037 0.0717204 1 
28 6 55 0 0.014 0.0889312 1 
29 6 55 0 0.049 0.0864526 1 
30 6 55 0 0.041 0.0700621 1 
31 6 55 0 0.024 0.0835789 2 
32 6 55 0.144586 0.002 0.0898263 5 
0 6 56 0 0.035 0.0902069 1 
1 6 56 0 0.042 0.0921546 1 
2 6 56 0 0.034 0.115843 1 
3 6 56 0 0.044 0.0847351 1 
4 6 56 0 0.043 0.38214 1 
5 6 56 0.00099734 0.011 0.0867833 2 
6 6 56 0 0.036 0.0951248 1 
7 6 56 0 0.035 0.0910366 1 
8 6 56 0 0.027 0.357084 1 
9 6 56 0 0.045 0.079451 1 
10 6 56 0 0.01 0.0933474 1 
11 6 56 0 0.031 0.123639 1 
12 6 56 0 0.034 0.0922928 1 
13 6 56 0 0.04 0.0807467 1 
14 6 56 0 0.031 0.0721201 1 
15 6 56 0 0.023 0.0885564 1 
16 6 56 0 0.045 0.0869152 1 
17 6 56 0 0.017 0.0856566 1 
18 6 56 0 0.028 0.0964544 1 
19 6 56 0 0.024 0.0802963 1 
20 6 56 0 0.039 0.0896716 1 
21 6 56 0 0.042 0.216358 1 
22 6 56 0.0387908 0.005 0.0771338 4 
23 6 56 0 0.028 0.082668 1 
24 6 56 0 0.035 0.0722903 1 
25 6 56 0 0.022 0.103087 1 
26 6 56 0 0.041 0.0929611 1 
27 6 56 0 0.049 0.0919562 1 
28 6 56 0 0.017 0.0907741 1 
29 6 56 0 0.034 0.0961783 1 
30 6 56 0 0.018 0.0979785 1 
31 6 56 0 0.02 0.108882 1 
32 6 56 0 0.04 0.0709588 1 
0 6 57 0 0.04 0.0938226 1 
1 6 57 0 0.013 0.092849 1 
2 6 57 0 0.015 0.0763112 1 
3 6 57 0 0.037 0.0992106 1 
4 6 57 0 0.04 0.0909137 1 
5 6 57 0 0.029 0.403776 1 
6 6 57 0 0.015 0.104514 1 
7 6 57 0 0.021 0.105597 1 
8 6 57 0 0.045 0.352861 1 
9 6 57 0 0.031 0.0934435 1 
10 6 57 0 0.036 0.0889833 1 
11 6 57 0 0.047 0.104381 1 
12 6 57 0.0476217 0.007 0.073654 2 
13 6 57 0 0.013 0.0769876 1 
14 6 57 0.0457959 0.008 0.087245 3 
15 6 57 0 0.02 0.0817294 1 
16 6 57 0 0.034 0.0780609 1 
17 6 57 0 0.043 0.121853 1 
18 6 57 0 0.001 0.08935 1 
19 6 57 0 0.034 0.0873969 1 
20 6 57 0 0.036 0.0696231 1 
21 6 57 0 0.016 0.210658 1 
22 6 57 0 0.048 0.0648625 1 
23 6 57 0.0240192 0.043 0.0655781 2 
24 6 57 0 0.01 0.098458 1 
25 6 57 0 0.045 0.0841437 1 
26 6 57 0 0.017 0.100113 1 
27 6 57 0 0.03 0.102478 1 
28 6 57 0 0.038 0.0671053 1 
29 6 57 0 0.018 0.0914108 1 
30 6 57 0 0.036 0.0841437 1 
31 6 57 0 0.008 0.183112 1 
32 6 57 0 0.019 0.0917629 1 
0 6 58 0 0.029 0.0915441 1 
1 6 58 0 0.048 0.104212 1 
2 6 58 0 0.036 0.108835 1 
3 6 58 0 0.006 0.0768194 1 
4 6 58 0 0.031 0.0920379 1 
5 6 58 0 0.041 0.0909567 1 
6 6 58 0 0.034 0.0965026 1 
7 6 58 0 0.016 0.0893506 1 
8 6 58 0 0.012 0.368999 1 
9 6 58 0 0.027 0.0941832 1 
10 6 58 0 0.016 0.0758683 1 
11 6 58 0 0.044 0.110761 1 
12 6 58 0 0.015 0.101286 1 
13 6 58 0 0.04 0.081388 1 
14 6 58 0.0447969 0.008 0.0800217 3 
15 6 58 0 0.036 0.0905172 1 
16 6 58 0 0.039 0.0943414 1 
17 6 58 0 0.028 0.100314 1 
18 6 58 0 0.049 0.100886 1 
19 6 58 0 0.027 0.105673 1 
20 6 58 0.0241925 0.013 0.086723 3 
21 6 58 0 0.011 0.219613 1 
22 6 58 0 0.043 0.0835607 1 
23 6 58 0 0.039 0.0908096 1 
24 6 58 0 0.046 0.0784063 1 
25 6 58 0 0.014 0.0652493 1 
26 6 58 0 0.036 0.108088 1 
27 6 58 0.031146 0.04 0.103654 2 
28 6 58 0 0.043 0.075567 1 
29 6 58 0 0.008 0.107902 1 
30 6 58 0.0144001 0.012 0.0886321 2 
31 6 58 0 0.033 0.194737 1 
32 6 58 0 0.048 0.110306 1 
0 6 59 0.111396 0.04 0.0807768 2 
1 6 59 2.427e-05 0.017 0.0976369 2 
2 6 59 0 0.033 0.100447 1 
3 6 59 0 0.023 0.0820227 1 
4 6 59 0.0175997 0.005 0.0979245 2 
5 6 59 0 0.025 0.391752 1 
6 6 59 0 0.046 0.0922045 1 
7 6 59 0.0362148 0.007 0.106653 3 
8 6 59 0 0.008 0.11251 1 
9 6 59 0.0222506 0.001 0.066888 2 
10 6 59 0 0.046 0.0782359 1 
11 6 59 0 0.029 0.135809 1 
12 6 59 0 0.044 0.0854422 1 
13 6 59 0.00710622 0.001 0.0925777 3 
14 6 59 0 0.01 0.0735701 1 
15 6 59 0 0.049 0.0835232 1 
16 6 59 0 0.022 0.0962262 1 
17 6 59 0 0.005 0.0907761 1 
18 6 59 0.00193649 0.003 0.0757573 2 
19 6 59 0 0.018 0.0761908 1 
20 6 59 0 0.012 0.0793849 1 
21 6 59 0 0.008 0.231739 1 
22 6 59 0 0.049 0.0778255 1 
23 6 59 0.00957251 0.02 0.117345 2 
24 6 59 0 0.03 0.0798487 1 
25 6 59 0 0.008 0.0765796 1 
26 6 59 0.0307525 0.011 0.101648 2 
27 6 59 0 0.017 0.0830813 1 
28 6 59 0 0.038 0.0938225 1 
29 6 59 0 0.009 0.0926495 1 
30 6 59 0 0.011 0.092534 1 
31 6 59 0 0.009 0.162844 1 
32 6 59 0 0.006 0.0742078 1 
0 6 60 0.0730923 0.003 0.098572 5 
1 6 60 0 0.013 0.0888075 1 
2 6 60 0 0.017 0.0743258 1 
3 6 60 0.00242342 0.003 0.0830736 2 
4 6 60 0 0.021 0.386094 1 
5 6 60 0 0.029 0.396915 1 
6 6 60 0 0.047 0.0851889 1 
7 6 60 0 0.03 0.0712417 1 
8 6 60 0 0.035 0.0879967 1 
9 6 60 0 0.036 0.0885145 1 
10 6 60 0 0.044 0.0919422 1 
11 6 60 0 0.008 0.130831 1 
12 6 60 0.0162045 0.029 0.0748882 3 
13 6 60 0.00702963 0.019 0.0903226 2 
14 6 60 0.00571052 0.009 0.0927025 2 
15 6 60 0 0.022 0.0879569 1 
16 6 60 0 0.032 0.0706252 1 
17 6 60 0 0.032 0.0805479 1 
18 6 60 0 0.009 0.0992796 1 
19 6 60 0 0.004 0.098501 1 
20 6 60 0 0.009 0.0918828 1 
21 6 60 0 0.035 0.205114 1 
22 6 60 0 0.028 0.0738208 1 
23 6 60 0 0.005 0.0840552 1 
24 6 60 0 0.012 0.0970005 1 
25 6 60 0 0.029 0.0715011 1 
26 6 60 0 0.005 0.0894244 1 
27 6 60 0.07881 0.002 0.0877738 5 
28 6 60 0 0.01 0.0841323 1 
29 6 60 0 0.037 0.067114 1 
30 6 60 0 0.04 0.0955386 1 
31 6 60 0 0.011 0.184592 1 
32 6 60 0 0.02 0.0775104 1 
