0 7 0 0.353253 0.014 0.0141487 2 
1 7 0 0 0.003 0.0155589 2 
2 7 0 0 0.001 0.0129896 1 
3 7 0 0 0.02 0.0153114 1 
4 7 0 0 0.031 0.0184807 1 
5 7 0 0.0268493 0.017 0.017165 1 
6 7 0 0 0.015 0.016024 1 
7 7 0 1 0.001 0.0240438 2 
8 7 0 0.0201427 0.005 0.017707 1 
9 7 0 0.0495833 0.001 0.0161436 41 
10 7 0 0 0.023 0.0123799 1 
11 7 0 0 0.014 0.0145943 1 
12 7 0 0 0.026 0.0139701 1 
13 7 0 0 0.047 0.0134881 1 
14 7 0 0.00137775 0.017 0.0149197 5 
15 7 0 0 0.032 0.0189199 1 
16 7 0 0 0.011 0.0148934 1 
17 7 0 0.000444118 0.028 0.0150124 4 
18 7 0 0 0.023 0.0153903 1 
19 7 0 0 0.002 0.0135674 2 
20 7 0 0 0.048 0.0150549 1 
21 7 0 0 0.049 0.0148614 3 
22 7 0 0 0.005 0.0151412 2 
23 7 0 0.01817 0.009 0.0151729 11 
24 7 0 0 0.004 0.0110977 1 
25 7 0 0.00440889 0.021 0.012065 2 
26 7 0 0 0.035 0.0121915 1 
27 7 0 0 0.045 0.0138952 1 
28 7 0 0 0.037 0.0150156 1 
29 7 0 0.00118204 0.018 0.0130835 2 
30 7 0 0.0126446 0.006 0.0150212 18 
31 7 0 0.00182869 0.048 0.0153126 1 
32 7 0 0 0.007 0.0134111 1 
0 7 1 0 0.024 0.0156454 1 
1 7 1 0 0.006 0.0132382 1 
2 7 1 0 0.038 0.0161297 1 
3 7 1 0 0.037 0.015264 1 
4 7 1 0.0224123 0.002 0.0160984 1 
5 7 1 0.0273891 0.004 0.0160941 1 
6 7 1 0 0.012 0.0127761 1 
7 7 1 0 0.026 0.0123941 1 
8 7 1 0 0.022 0.0139903 1 
9 7 1 0 0.011 0.015267 1 
10 7 1 0 0.031 0.0174447 1 
11 7 1 0 0.044 0.0104795 1 
12 7 1 0 0.038 0.0114978 1 
13 7 1 0 0.027 0.0183737 1 
14 7 1 0.00208723 0.035 0.0183928 2 
15 7 1 0.00154286 0.048 0.0174831 2 
16 7 1 0 0.045 0.0173176 1 
17 7 1 0.0020957 0.01 0.0131444 4 
18 7 1 0 0.03 0.015172 1 
19 7 1 0.010183 0.031 0.0159884 7 
20 7 1 0 0.001 0.0161145 1 
21 7 1 0.000226199 0.037 0.0131215 3 
22 7 1 0.000112894 0.008 0.0158273 2 
23 7 1 0 0.005 0.0156012 1 
24 7 1 0 0.046 0.0189276 1 
25 7 1 0 0.022 0.0149381 1 
26 7 1 0 0.012 0.0123838 1 
27 7 1 0 0.036 0.0148093 1 
28 7 1 7.20462e-06 0.014 0.0156893 2 
29 7 1 0 0.042 0.0144409 2 
30 7 1 0.0132251 0.015 0.0123183 5 
31 7 1 0 0.039 0.0183993 1 
32 7 1 0.00184462 0.021 0.0134731 4 
0 7 2 0 0.017 0.0123358 1 
1 7 2 0.00956468 0.014 0.0151658 8 
2 7 2 0 0.03 0.0194388 1 
3 7 2 0 0.039 0.0163766 1 
4 7 2 3.1113e-05 0.021 0.013192 2 
5 7 2 0 0.024 0.0147482 1 
6 7 2 0 0.03 0.0147027 1 
7 7 2 0 0.014 0.0135228 1 
8 7 2 0.0212297 0.012 0.0147162 1 
9 7 2 0 0.028 0.00928201 1 
10 7 2 0 0.03 0.0159924 1 
11 7 2 0 0.022 0.0159913 1 
12 7 2 0 0.026 0.0166357 1 
13 7 2 0 0.006 0.0168154 1 
14 7 2 0 0.002 0.0109482 1 
15 7 2 0 0.01 0.0122518 1 
16 7 2 0 0.041 0.0165764 1 
17 7 2 0.00567446 0.006 0.0136912 7 
18 7 2 0 0.029 0.0157017 1 
19 7 2 0.00267462 0.007 0.0149186 3 
20 7 2 0 0.024 0.0127283 1 
21 7 2 0.000617712 0.043 0.0139031 2 
22 7 2 0 0.003 0.013506 1 
23 7 2 0 0.02 0.0116099 1 
24 7 2 0 0.04 0.0159783 1 
25 7 2 0 0.005 0.0135545 1 
26 7 2 0.00466323 0.018 0.014705 5 
27 7 2 0.0235315 0.005 0.0160328 18 
28 7 2 0.000341236 0.036 0.0143146 2 
29 7 2 0 0.023 0.0152192 3 
30 7 2 0.0173165 0.001 0.0182605 10 
31 7 2 0.000247021 0.006 0.0140028 2 
32 7 2 0 0.025 0.0171099 1 
0 7 3 0.00211492 0.016 0.0124616 2 
1 7 3 0 0.016 0.0135692 1 
2 7 3 0 0.039 0.0166861 1 
3 7 3 0 0.028 0.0158786 1 
4 7 3 0.00965856 0.014 0.0144855 2 
5 7 3 0.00261563 0.013 0.0173362 4 
6 7 3 0 0.028 0.0171437 1 
7 7 3 0.00115602 0.001 0.0134367 4 
8 7 3 0.00907389 0.021 0.0181271 4 
9 7 3 0.0459093 0.005 0.0130567 43 
10 7 3 0.0162256 0.015 0.0162214 1 
11 7 3 0 0.035 0.019073 1 
12 7 3 0 0.026 0.0146089 1 
13 7 3 0 0.024 0.0132048 1 
14 7 3 0 0.048 0.0130438 1 
15 7 3 0 0.038 0.0151259 1 
16 7 3 0 0.035 0.0158514 1 
17 7 3 0 0.001 0.0120749 1 
18 7 3 0 0.01 0.0139252 1 
19 7 3 0.00640776 0.016 0.0132822 3 
20 7 3 0 0.022 0.0147875 1 
21 7 3 0.000575193 0.028 0.013079 2 
22 7 3 0 0.007 0.0154258 1 
23 7 3 0.00184389 0.001 0.0139576 2 
24 7 3 0 0.016 0.0115041 1 
25 7 3 0 0.016 0.0119501 1 
26 7 3 0.015873 0.002 0.0120967 6 
27 7 3 0.00245604 0.033 0.0154892 2 
28 7 3 0 0.031 0.0116551 1 
29 7 3 0 0.032 0.0140475 3 
30 7 3 0.00100051 0.01 0.015426 2 
31 7 3 0 0.019 0.0150042 1 
32 7 3 0 0.039 0.016182 1 
0 7 4 0.015748 0.018 0.0147968 9 
1 7 4 0.0152777 0.006 0.0145003 14 
2 7 4 0 0.006 0.0187439 1 
3 7 4 0 0.021 0.0171816 1 
4 7 4 0.000744109 0.037 0.0144538 2 
5 7 4 0.0250261 0.019 0.0100682 1 
6 7 4 0.000938993 0.036 0.0163583 2 
7 7 4 0 0.02 0.0145115 1 
8 7 4 0 0.04 0.0151539 1 
9 7 4 0.00790731 0.027 0.0137292 4 
10 7 4 0 0.024 0.017388 1 
11 7 4 0 0.011 0.0186595 1 
12 7 4 0 0.004 0.0136808 1 
13 7 4 0.00244863 0.035 0.0164357 2 
14 7 4 0 0.03 0.0156999 1 
15 7 4 0 0.037 0.0138221 1 
16 7 4 0 0.029 0.0154266 1 
17 7 4 0.00841317 0.014 0.0174117 8 
18 7 4 0 0.029 0.0120613 1 
19 7 4 0.0286866 0.003 0.0160203 22 
20 7 4 0.00713629 0.012 0.016098 11 
21 7 4 0.00184355 0.041 0.0128968 2 
22 7 4 0 0.045 0.0126861 1 
23 7 4 0 0.046 0.0143161 1 
24 7 4 0 0.012 0.0188129 1 
25 7 4 0 0.007 0.0112251 1 
26 7 4 0 0.009 0.0125311 1 
27 7 4 0 0.034 0.0151721 1 
28 7 4 0 0.015 0.0144266 1 
29 7 4 0 0.035 0.0151411 1 
30 7 4 0 0.025 0.010375 1 
31 7 4 0 0.044 0.0122621 1 
32 7 4 0 0.036 0.0133252 1 
0 7 5 0 0.048 0.0171053 1 
1 7 5 0 0.016 0.0149007 1 
2 7 5 0 0.021 0.0151493 1 
3 7 5 0 0.01 0.0162867 1 
4 7 5 0.00667883 0.008 0.0164208 2 
5 7 5 0.00300184 0.032 0.0147245 3 
6 7 5 0 0.032 0.0166442 1 
7 7 5 0.00739019 0.043 0.0106369 3 
8 7 5 0 0.006 0.0157369 1 
9 7 5 0.0011254 0.013 0.0136647 3 
10 7 5 0 0.006 0.013985 1 
11 7 5 0 0.045 0.0186121 1 
12 7 5 0 0.044 0.0158789 1 
13 7 5 0.0213343 0.004 0.0117161 19 
14 7 5 0.0182728 0.015 0.0134737 10 
15 7 5 0 0.027 0.0166328 1 
16 7 5 0 0.021 0.0154675 1 
17 7 5 0.0905871 0.001 0.0149476 79 
18 7 5 0.00134751 0.042 0.0156108 3 
19 7 5 0 0.035 0.0169247 1 
20 7 5 0.00363226 0.024 0.0168265 7 
21 7 5 0.0038251 0.01 0.0162324 2 
22 7 5 0.00709644 0.01 0.0126189 6 
23 7 5 0 0.004 0.0155763 1 
24 7 5 0.00222743 0.001 0.0173207 2 
25 7 5 0.00860954 0.015 0.0181705 13 
26 7 5 0 0.004 0.017264 1 
27 7 5 0 0.016 0.0145469 1 
28 7 5 0.00222743 0.043 0.0133828 2 
29 7 5 0 0.003 0.0165162 1 
30 7 5 0 0.046 0.0171882 1 
31 7 5 0.000131883 0.032 0.0141518 2 
32 7 5 0 0.029 0.0131031 1 
0 7 6 0 0.03 0.0120451 1 
1 7 6 0.00104816 0.044 0.0108147 2 
2 7 6 0 0.001 0.0159185 1 
3 7 6 0 0.002 0.0167741 1 
4 7 6 0.000270802 0.003 0.0161784 2 
5 7 6 0.000675671 0.044 0.0153843 2 
6 7 6 0 0.006 0.0191299 1 
7 7 6 6.16526e-07 0.014 0.0149559 2 
8 7 6 0 0.042 0.0114651 1 
9 7 6 0 0.039 0.0123521 1 
10 7 6 0.0178659 0.033 0.0176971 1 
11 7 6 0 0.04 0.0171273 1 
12 7 6 0.0021228 0.03 0.013169 3 
13 7 6 0 0.002 0.0152635 1 
14 7 6 0 0.037 0.0134967 1 
15 7 6 0 0.022 0.0185109 1 
16 7 6 0 0.01 0.0167828 1 
17 7 6 0 0.001 0.0195334 1 
18 7 6 0 0.009 0.0134432 1 
19 7 6 0 0.013 0.0145465 1 
20 7 6 0 0.003 0.0137922 1 
21 7 6 0 0.019 0.0112191 1 
22 7 6 0 0.003 0.0176748 1 
23 7 6 0 0.025 0.0132828 1 
24 7 6 0 0.017 0.0163855 1 
25 7 6 0 0.047 0.0166839 1 
26 7 6 0.00315585 0.028 0.0154864 5 
27 7 6 0 0.002 0.0129056 1 
28 7 6 0.00202513 0.019 0.0166983 2 
29 7 6 0 0.004 0.0163185 1 
30 7 6 0 0.025 0.0162477 1 
31 7 6 0 0.004 0.0162021 1 
32 7 6 0.00943942 0.006 0.0158665 13 
0 7 7 0 0.019 0.0174023 1 
1 7 7 0.00110084 0.031 0.0137681 4 
2 7 7 0 0.04 0.018871 1 
3 7 7 0.0165806 0.001 0.0114145 22 
4 7 7 0.000424587 0.01 0.0159686 3 
5 7 7 0 0.002 0.0166812 1 
6 7 7 0 0.024 0.0140022 1 
7 7 7 0 0.003 0.0130359 1 
8 7 7 0.00918464 0.026 0.0168635 3 
9 7 7 0.00387019 0.011 0.0162219 3 
10 7 7 0 0.047 0.0110729 1 
11 7 7 1.09033e-06 0.001 0.0163953 2 
12 7 7 0 0.032 0.0149468 1 
13 7 7 0 0.013 0.011623 1 
14 7 7 0.00234914 0.028 0.0159914 2 
15 7 7 0 0.02 0.0167672 1 
16 7 7 0 0.021 0.0150127 1 
17 7 7 0.0193878 0.004 0.0156197 9 
18 7 7 0 0.011 0.0169288 1 
19 7 7 0 0.018 0.0134938 1 
20 7 7 0 0.022 0.0150313 1 
21 7 7 0.00121323 0.03 0.0156611 2 
22 7 7 0 0.017 0.0158434 1 
23 7 7 0.00741597 0.005 0.0123472 4 
24 7 7 0 0.013 0.0150191 1 
25 7 7 0 0.036 0.0174769 1 
26 7 7 0.00150851 0.018 0.0169125 3 
27 7 7 0 0.038 0.0149477 1 
28 7 7 0 0.016 0.0154108 1 
29 7 7 0 0.036 0.016647 1 
30 7 7 0.0030818 0.021 0.0164303 5 
31 7 7 0 0.04 0.0146832 1 
32 7 7 0 0.036 0.0147988 1 
0 7 8 0 0.023 0.0157926 1 
1 7 8 0 0.044 0.0143942 1 
2 7 8 0 0.008 0.018902 1 
3 7 8 0 0.024 0.0124835 1 
4 7 8 0 0.028 0.0104799 1 
5 7 8 0.0153805 0.028 0.0140011 1 
6 7 8 0 0.038 0.016116 1 
7 7 8 3.9224e-05 0.003 0.0170519 2 
8 7 8 0.00203677 0.023 0.0176267 2 
9 7 8 0 0.012 0.013843 1 
10 7 8 0 0.032 0.0123367 1 
11 7 8 0.000806453 0.019 0.018127 2 
12 7 8 0 0.019 0.015787 1 
13 7 8 0 0.014 0.0174876 1 
14 7 8 0 0.044 0.0156272 1 
15 7 8 0 0.024 0.014907 1 
16 7 8 0 0.02 0.0152061 1 
17 7 8 0 0.005 0.0145651 1 
18 7 8 0 0.009 0.0150057 1 
19 7 8 0.000140757 0.001 0.0153279 3 
20 7 8 0.00351542 0.031 0.0121872 2 
21 7 8 0 0.032 0.0170371 1 
22 7 8 0 0.022 0.0127637 1 
23 7 8 0.0116121 0.029 0.0140945 6 
24 7 8 0 0.018 0.0163598 1 
25 7 8 0.0059155 0.005 0.0149238 8 
26 7 8 0 0.044 0.0119531 1 
27 7 8 0.0236118 0.008 0.0129822 14 
28 7 8 0 0.041 0.0212753 1 
29 7 8 0 0.035 0.0177633 1 
30 7 8 0 0.039 0.0141829 1 
31 7 8 0 0.049 0.0154848 1 
32 7 8 0.00232216 0.028 0.0121528 2 
0 7 9 0.011097 0.02 0.0158523 10 
1 7 9 0.0011106 0.004 0.0130984 2 
2 7 9 0 0.014 0.0203664 1 
3 7 9 0 0.042 0.0119202 1 
4 7 9 0 0.008 0.0141297 1 
5 7 9 0 0.041 0.0182139 1 
6 7 9 0.000992179 0.03 0.016042 2 
7 7 9 0 0.002 0.0131893 1 
8 7 9 0 0.021 0.0154621 1 
9 7 9 0 0.007 0.014966 1 
10 7 9 0 0.016 0.0162415 1 
11 7 9 0 0.003 0.0142892 1 
12 7 9 0.00344995 0.019 0.0120296 2 
13 7 9 0 0.02 0.0159384 1 
14 7 9 0 0.009 0.0174283 1 
15 7 9 0 0.021 0.0147825 1 
16 7 9 0 0.041 0.0169828 1 
17 7 9 0 0.009 0.0144341 1 
18 7 9 0.00223186 0.035 0.0189145 2 
19 7 9 0.000287845 0.003 0.013444 3 
20 7 9 0.0128589 0.017 0.0129848 6 
21 7 9 0 0.013 0.0196557 1 
22 7 9 0.00346177 0.023 0.0150964 3 
23 7 9 0.0032796 0.039 0.0142496 7 
24 7 9 0 0.034 0.0148664 1 
25 7 9 0.0043527 0.018 0.0155305 5 
26 7 9 0.00583255 0.011 0.0138476 7 
27 7 9 0 0.04 0.0182114 1 
28 7 9 0 0.02 0.0122897 1 
29 7 9 0 0.013 0.0164263 1 
30 7 9 0 0.007 0.0134583 1 
31 7 9 0 0.036 0.0162266 1 
32 7 9 0 0.015 0.0124606 1 
0 7 10 0 0.004 0.0169173 1 
1 7 10 0.00450371 0.009 0.0146118 3 
2 7 10 0 0.037 0.0176333 1 
3 7 10 0 0.016 0.0154381 1 
4 7 10 0.0159607 0.017 0.0191012 1 
5 7 10 0 0.041 0.0174674 1 
6 7 10 0 0.001 0.0148175 1 
7 7 10 2.67413e-06 0.004 0.0151823 2 
8 7 10 0.00672812 0.045 0.0129785 1 
9 7 10 0 0.047 0.012972 1 
10 7 10 0 0.03 0.0149444 1 
11 7 10 0 0.034 0.0164361 1 
12 7 10 0 0.045 0.0117026 1 
13 7 10 0 0.042 0.0159239 1 
14 7 10 0 0.023 0.0177482 1 
15 7 10 0 0.026 0.0216441 1 
16 7 10 0 0.025 0.0163302 1 
17 7 10 0.0236494 0.03 0.0148499 6 
18 7 10 0 0.037 0.0104929 1 
19 7 10 0.000716997 0.003 0.0161021 2 
20 7 10 0 0.014 0.0159905 1 
21 7 10 0 0.031 0.0139075 1 
22 7 10 0 0.049 0.0126751 1 
23 7 10 0 0.049 0.0168575 1 
24 7 10 0 0.041 0.021896 1 
25 7 10 0 0.03 0.0151757 1 
26 7 10 0.01193 0.013 0.0163684 8 
27 7 10 0 0.003 0.015899 1 
28 7 10 0.00230106 0.031 0.016987 2 
29 7 10 0 0.042 0.0169137 1 
30 7 10 0.00929783 0.011 0.0134277 9 
31 7 10 0.00441645 0.025 0.0196587 4 
32 7 10 0.00207685 0.014 0.0150374 8 
0 7 11 0 0.034 0.0191826 1 
1 7 11 0 0.015 0.0185747 1 
2 7 11 0 0.004 0.0126127 1 
3 7 11 0 0.041 0.0150638 1 
4 7 11 0.0105456 0.021 0.0118389 2 
5 7 11 0.00540857 0.028 0.0111774 3 
6 7 11 0 0.032 0.0164485 1 
7 7 11 0 0.048 0.0128562 1 
8 7 11 0.0101044 0.028 0.0184951 2 
9 7 11 0 0.023 0.0120482 1 
10 7 11 0 0.034 0.017734 1 
11 7 11 0 0.025 0.0152172 1 
12 7 11 0.0139003 0.016 0.0126144 15 
13 7 11 0 0.012 0.0152047 1 
14 7 11 0 0.043 0.0168235 1 
15 7 11 0.00240148 0.046 0.0173732 2 
16 7 11 0 0.036 0.018957 1 
17 7 11 0.0268845 0.003 0.0138777 36 
18 7 11 0 0.018 0.0172312 1 
19 7 11 0.00281099 0.015 0.0120125 8 
20 7 11 9.05515e-05 0.004 0.016356 3 
21 7 11 0 0.031 0.0153386 1 
22 7 11 0 0.011 0.0153622 1 
23 7 11 0 0.041 0.0153394 1 
24 7 11 0 0.016 0.01757 1 
25 7 11 0 0.014 0.0109109 1 
26 7 11 0 0.023 0.0160079 1 
27 7 11 0 0.024 0.0205193 1 
28 7 11 0.00251901 0.013 0.0150492 2 
29 7 11 0.00275407 0.027 0.0128323 2 
30 7 11 0 0.025 0.0158009 1 
31 7 11 0 0.033 0.0140907 1 
32 7 11 0.00368884 0.02 0.0179227 3 
0 7 12 0 0.009 0.0166824 1 
1 7 12 0 0.004 0.0192107 1 
2 7 12 0 0.048 0.014363 1 
3 7 12 0 0.007 0.0173067 1 
4 7 12 0 0.033 0.013151 1 
5 7 12 0.0179987 0.004 0.0194801 1 
6 7 12 0 0.016 0.0143726 1 
7 7 12 0.00344807 0.028 0.0160601 4 
8 7 12 0 0.009 0.0166946 1 
9 7 12 0.0194585 0.002 0.0182437 29 
10 7 12 0.0176567 0.007 0.0207558 1 
11 7 12 0 0.019 0.0150534 1 
12 7 12 0.0038963 0.002 0.0152361 2 
13 7 12 0 0.014 0.0130855 1 
14 7 12 0.0102986 0.037 0.013667 6 
15 7 12 0 0.042 0.0143676 1 
16 7 12 0 0.009 0.015677 1 
17 7 12 0.00427401 0.032 0.0134394 3 
18 7 12 0 0.013 0.00934006 1 
19 7 12 0 0.013 0.0133177 1 
20 7 12 0 0.015 0.0135814 1 
21 7 12 0 0.005 0.0149197 1 
22 7 12 0.00650673 0.005 0.0140992 5 
23 7 12 0 0.011 0.0149438 1 
24 7 12 0 0.017 0.0154071 1 
25 7 12 0.0014044 0.007 0.0165275 2 
26 7 12 0.000732558 0.019 0.0124725 2 
27 7 12 0 0.01 0.0159577 2 
28 7 12 0.00230354 0.012 0.0126946 2 
29 7 12 0.00178286 0.029 0.0133056 3 
30 7 12 0 0.009 0.0134252 1 
31 7 12 0 0.035 0.0194404 1 
32 7 12 0.0155005 0.007 0.014338 10 
0 7 13 0.0013843 0.026 0.0203522 4 
1 7 13 0 0.043 0.0161556 1 
2 7 13 0.00263896 0.029 0.0176879 2 
3 7 13 0.0466693 0.002 0.0193335 46 
4 7 13 0.0176116 0.025 0.0181938 1 
5 7 13 0 0.009 0.0144317 1 
6 7 13 0 0.043 0.019861 1 
7 7 13 0.000539468 0.028 0.0137297 2 
8 7 13 0.00839446 0.022 0.0167233 1 
9 7 13 0 0.032 0.014414 1 
10 7 13 0.000155743 0.049 0.0124071 3 
11 7 13 0.00187227 0.024 0.013868 3 
12 7 13 0.0154907 0.002 0.0173397 6 
13 7 13 0 0.026 0.00971111 1 
14 7 13 0.00766514 0.012 0.0144475 9 
15 7 13 0 0.028 0.0102572 1 
16 7 13 0 0.034 0.0127468 1 
17 7 13 0.0226728 0.005 0.0135878 23 
18 7 13 0.0025215 0.028 0.0140255 2 
19 7 13 0.00187416 0.003 0.0185151 4 
20 7 13 0.00580576 0.02 0.0136909 5 
21 7 13 0 0.03 0.0116171 1 
22 7 13 0 0.021 0.0169156 1 
23 7 13 0.00831723 0.043 0.0110276 4 
24 7 13 0 0.012 0.0116052 1 
25 7 13 0 0.049 0.0155785 1 
26 7 13 0.0188132 0.008 0.0138567 17 
27 7 13 0 0.044 0.0152959 1 
28 7 13 0.0025215 0.032 0.0123824 2 
29 7 13 0.00163529 0.011 0.0144482 3 
30 7 13 0.0140277 0.002 0.015601 24 
31 7 13 0 0.007 0.00950105 1 
32 7 13 0 0.018 0.0132668 1 
0 7 14 0 0.005 0.0143251 1 
1 7 14 0.00460154 0.031 0.0174723 2 
2 7 14 0.0012497 0.003 0.0197192 3 
3 7 14 0.00624829 0.005 0.0174353 13 
4 7 14 0.000822097 0.014 0.0148648 2 
5 7 14 0.00241523 0.035 0.0191381 2 
6 7 14 0 0.03 0.0108744 1 
7 7 14 0 0.006 0.0164329 1 
8 7 14 0.00894996 0.025 0.0131982 1 
9 7 14 0 0.042 0.0180504 1 
10 7 14 0.000288129 0.036 0.0158043 3 
11 7 14 0 0.006 0.0199061 1 
12 7 14 0 0.036 0.013495 1 
13 7 14 0.00616018 0.042 0.01666 3 
14 7 14 0.0430726 0.01 0.0156071 26 
15 7 14 0 0.008 0.0173945 1 
16 7 14 0 0.022 0.0175271 1 
17 7 14 0 0.032 0.0123198 1 
18 7 14 0.00230608 0.046 0.0144035 2 
19 7 14 0 0.002 0.0119279 1 
20 7 14 0.00448798 0.014 0.0152167 6 
21 7 14 0.00140538 0.044 0.0134228 3 
22 7 14 0 0.012 0.0151716 1 
23 7 14 0.00489179 0.001 0.0149849 8 
24 7 14 0 0.004 0.0184601 1 
25 7 14 0.0219472 0.014 0.0126898 15 
26 7 14 0 0.042 0.0136834 1 
27 7 14 0 0.024 0.0148838 1 
28 7 14 0 0.004 0.0155174 1 
29 7 14 0 0.022 0.016339 1 
30 7 14 0 0.043 0.0169965 1 
31 7 14 0.000577906 0.02 0.0147744 2 
32 7 14 0.00531422 0.003 0.0137399 4 
0 7 15 0.00029588 0.001 0.0161759 3 
1 7 15 0.00325587 0.011 0.0157085 7 
2 7 15 0 0.01 0.0128735 1 
3 7 15 0 0.026 0.0125316 1 
4 7 15 0 0.034 0.0141181 1 
5 7 15 0 0.041 0.016724 1 
6 7 15 0 0.03 0.0167534 1 
7 7 15 0 0.049 0.016522 1 
8 7 15 0.00950555 0.007 0.0145283 1 
9 7 15 0 0.022 0.0176906 1 
10 7 15 0 0.022 0.0156605 1 
11 7 15 0 0.048 0.0134607 1 
12 7 15 0 0.049 0.0144285 1 
13 7 15 0 0.045 0.0156025 1 
14 7 15 0.00777328 0.027 0.0138947 3 
15 7 15 0.00240662 0.005 0.0130758 2 
16 7 15 0 0.047 0.0129315 1 
17 7 15 0 0.01 0.0167899 1 
18 7 15 0 0.018 0.0147664 1 
19 7 15 0.00196579 0.01 0.01462 2 
20 7 15 0.0135977 0.024 0.0136915 10 
21 7 15 0 0.033 0.0176303 1 
22 7 15 0 0.03 0.0159936 1 
23 7 15 0.00177226 0.028 0.0134076 2 
24 7 15 0 0.04 0.0151695 1 
25 7 15 0 0.022 0.0156806 1 
26 7 15 0 0.014 0.0136089 1 
27 7 15 0.0461653 0.001 0.0142483 45 
28 7 15 0 0.026 0.0168458 1 
29 7 15 0 0.023 0.0150939 1 
30 7 15 0.0172092 0.021 0.0166594 9 
31 7 15 0 0.045 0.017688 1 
32 7 15 0.0363207 0.003 0.0141167 32 
0 7 16 0 0.049 0.0178176 1 
1 7 16 0.000663598 0.007 0.0117744 2 
2 7 16 0.000534486 0.006 0.0150004 2 
3 7 16 0 0.031 0.0166977 1 
4 7 16 0.0196674 0.008 0.0226534 1 
5 7 16 0.011737 0.043 0.0193804 4 
6 7 16 0 0.043 0.0121845 1 
7 7 16 0.00710576 0.03 0.013802 7 
8 7 16 0.0065079 0.038 0.0155476 1 
9 7 16 0.00568701 0.007 0.0132148 4 
10 7 16 0.0202624 0.004 0.0184526 1 
11 7 16 0 0.02 0.0140401 1 
12 7 16 0.0070989 0.013 0.010479 8 
13 7 16 0.00291333 0.028 0.0148836 2 
14 7 16 0.00234565 0.017 0.0148747 4 
15 7 16 0.00272459 0.046 0.0166755 2 
16 7 16 0 0.002 0.015286 1 
17 7 16 0.0269135 0.003 0.0148814 11 
18 7 16 0 0.03 0.0149595 1 
19 7 16 0.00056679 0.002 0.0161115 2 
20 7 16 0 0.033 0.0157612 1 
21 7 16 0 0.013 0.0146609 1 
22 7 16 0 0.026 0.0149559 1 
23 7 16 0 0.014 0.0206241 1 
24 7 16 0 0.011 0.0160296 1 
25 7 16 0 0.006 0.0156931 1 
26 7 16 0 0.041 0.017877 1 
27 7 16 0.0117978 0.012 0.0135841 12 
28 7 16 0 0.039 0.0145423 1 
29 7 16 0 0.026 0.020202 1 
30 7 16 0 0.029 0.0165109 1 
31 7 16 0 0.046 0.0166781 1 
32 7 16 0 0.046 0.0123364 1 
0 7 17 0 0.042 0.0142006 1 
1 7 17 0.0114434 0.011 0.0122229 5 
2 7 17 0.00268852 0.01 0.0121256 2 
3 7 17 0 0.009 0.0142794 1 
4 7 17 0.00565286 0.015 0.0218373 3 
5 7 17 0 0.021 0.0193621 1 
6 7 17 0 0.016 0.0139027 1 
7 7 17 0.0324179 0.002 0.0170381 24 
8 7 17 0.00730666 0.003 0.0253286 1 
9 7 17 0.00187094 0.024 0.014409 2 
10 7 17 0.0212255 0.018 0.015855 1 
11 7 17 0.000142565 0.014 0.0163115 4 
12 7 17 0 0.018 0.0169989 1 
13 7 17 0 0.024 0.0119042 1 
14 7 17 0 0.027 0.0164684 1 
15 7 17 0.00245018 0.028 0.0178346 2 
16 7 17 0 0.012 0.0123566 1 
17 7 17 0.0116534 0.024 0.0180959 8 
18 7 17 0 0.037 0.0134718 1 
19 7 17 0 0.019 0.0103299 1 
20 7 17 0.000629946 0.029 0.0134711 2 
21 7 17 0 0.023 0.018169 1 
22 7 17 0.0331752 0.01 0.0160781 24 
23 7 17 0 0.018 0.0170729 1 
24 7 17 0 0.004 0.0163757 1 
25 7 17 0 0.021 0.0149431 1 
26 7 17 0 0.009 0.015338 1 
27 7 17 0 0.016 0.0143812 1 
28 7 17 0 0.027 0.0170861 1 
29 7 17 0 0.017 0.0144858 1 
30 7 17 0 0.048 0.015638 1 
31 7 17 0 0.007 0.0184731 1 
32 7 17 0 0.028 0.0127827 1 
0 7 18 2.14309e-05 0.015 0.0134816 2 
1 7 18 0 0.004 0.0156946 1 
2 7 18 0.000419903 0.049 0.0142585 2 
3 7 18 0 0.018 0.0175042 1 
4 7 18 0.0211821 0.038 0.0173178 1 
5 7 18 0.0181946 0.048 0.0173551 1 
6 7 18 0 0.026 0.0192175 1 
7 7 18 0 0.016 0.0162185 1 
8 7 18 0.0043313 0.033 0.015478 3 
9 7 18 0.0054673 0.04 0.0140415 5 
10 7 18 0 0.031 0.0126202 1 
11 7 18 0 0.033 0.0174986 1 
12 7 18 0 0.016 0.015796 1 
13 7 18 0.0268368 0.024 0.0143925 6 
14 7 18 0 0.02 0.0156412 1 
15 7 18 0.00246938 0.018 0.0169735 2 
16 7 18 0 0.04 0.0174544 1 
17 7 18 0 0.016 0.0185847 1 
18 7 18 0 0.046 0.0143465 1 
19 7 18 0 0.038 0.0164276 1 
20 7 18 0.00406449 0.013 0.0148075 4 
21 7 18 0 0.039 0.0148869 2 
22 7 18 0 0.001 0.0146526 1 
23 7 18 0 0.001 0.015242 1 
24 7 18 0 0.022 0.0149248 1 
25 7 18 0.00222554 0.042 0.0121091 5 
26 7 18 0 0.047 0.0123506 1 
27 7 18 0.0344918 0.012 0.0129832 20 
28 7 18 0 0.039 0.0141774 1 
29 7 18 0 0.027 0.015756 1 
30 7 18 0.000616669 0.006 0.0130359 3 
31 7 18 0.00124817 0.047 0.0109572 2 
32 7 18 0 0.044 0.0146773 1 
0 7 19 0.000895114 0.018 0.013903 2 
1 7 19 0.00270728 0.001 0.0153728 6 
2 7 19 0.00269104 0.029 0.0145605 2 
3 7 19 0 0.048 0.0130207 1 
4 7 19 0 0.04 0.0165933 1 
5 7 19 0 0.035 0.0165878 1 
6 7 19 0.000685383 0.03 0.0114251 2 
7 7 19 0.000513862 0.009 0.015759 2 
8 7 19 0.00842598 0.037 0.0171065 1 
9 7 19 0.0687176 0.001 0.0127341 62 
10 7 19 0.00812358 0.045 0.0169676 4 
11 7 19 0 0.011 0.0195739 1 
12 7 19 0.00310777 0.038 0.010983 2 
13 7 19 0.0088899 0.022 0.0154233 5 
14 7 19 7.27346e-05 0.023 0.0106624 2 
15 7 19 0.00245284 0.028 0.0130368 2 
16 7 19 0 0.023 0.0129422 1 
17 7 19 0.00733634 0.026 0.0126359 6 
18 7 19 0 0.016 0.0145366 1 
19 7 19 0.000310258 0.001 0.0155382 2 
20 7 19 0 0.029 0.0146771 1 
21 7 19 0 0.022 0.0181362 1 
22 7 19 0 0.013 0.0131324 1 
23 7 19 0.0102173 0.024 0.0125468 7 
24 7 19 0 0.005 0.00949524 1 
25 7 19 0 0.002 0.0166021 1 
26 7 19 0.0101931 0.001 0.0163759 11 
27 7 19 0.00576987 0.01 0.0148378 5 
28 7 19 0 0.023 0.0177295 1 
29 7 19 0 0.045 0.0203051 1 
30 7 19 0 0.015 0.0140532 1 
31 7 19 0 0.017 0.0150533 1 
32 7 19 0 0.028 0.0154387 1 
0 7 20 0 0.011 0.0176943 1 
1 7 20 0.025001 0.011 0.015882 19 
2 7 20 0.000676418 0.015 0.0148466 2 
3 7 20 0.0258394 0.009 0.0150668 28 
4 7 20 0.014553 0.015 0.017805 6 
5 7 20 0.00601832 0.032 0.0188752 2 
6 7 20 0 0.042 0.0138118 1 
7 7 20 0 0.039 0.0120387 1 
8 7 20 0 0.009 0.0164356 1 
9 7 20 0 0.008 0.0127474 1 
10 7 20 0.0150055 0.003 0.0178586 1 
11 7 20 0 0.044 0.0206961 1 
12 7 20 0.00714654 0.023 0.0136414 4 
13 7 20 0 0.004 0.0143408 1 
14 7 20 0.00301931 0.004 0.0178827 2 
15 7 20 0 0.002 0.0134057 1 
16 7 20 0 0.003 0.0141717 1 
17 7 20 0.00503053 0.032 0.0167437 2 
18 7 20 0 0.045 0.0166616 1 
19 7 20 0.0072134 0.005 0.0156585 9 
20 7 20 0 0.014 0.014412 1 
21 7 20 0 0.036 0.0187268 1 
22 7 20 0 0.029 0.0183784 1 
23 7 20 0 0.013 0.0180241 1 
24 7 20 0 0.021 0.011979 1 
25 7 20 0 0.008 0.0144567 1 
26 7 20 0 0.029 0.0130032 1 
27 7 20 0.00410206 0.018 0.0127228 7 
28 7 20 0 0.032 0.0210649 1 
29 7 20 0.00211786 0.022 0.0146989 2 
30 7 20 0.000162741 0.035 0.0140114 2 
31 7 20 0 0.033 0.014742 1 
32 7 20 0 0.008 0.0165921 1 
0 7 21 0.0030939 0.006 0.0171022 4 
1 7 21 0.000773289 0.015 0.0165259 4 
2 7 21 0.00269354 0.023 0.015878 2 
3 7 21 0 0.035 0.0146473 1 
4 7 21 6.20559e-05 0.035 0.013877 2 
5 7 21 0 0.035 0.0185328 1 
6 7 21 0 0.043 0.010573 1 
7 7 21 0 0.012 0.0157403 1 
8 7 21 0.00572315 0.037 0.0193024 1 
9 7 21 0 0.034 0.0183131 1 
10 7 21 0.000145595 0.047 0.0167063 2 
11 7 21 0 0.047 0.0158214 1 
12 7 21 0.00173383 0.018 0.0163762 3 
13 7 21 0 0.034 0.01565 1 
14 7 21 0.00482448 0.021 0.014766 5 
15 7 21 0 0.034 0.0127728 1 
16 7 21 0 0.046 0.0141801 1 
17 7 21 0 0.023 0.015916 1 
18 7 21 0 0.029 0.0137104 1 
19 7 21 0 0.024 0.0163282 1 
20 7 21 0 0.04 0.0119563 1 
21 7 21 0 0.028 0.0144978 1 
22 7 21 0.0164857 0.011 0.0194812 16 
23 7 21 0 0.002 0.016469 1 
24 7 21 0 0.043 0.0179062 1 
25 7 21 0.00876013 0.03 0.0160313 2 
26 7 21 0 0.03 0.0129083 1 
27 7 21 0.0166314 0.015 0.0173993 10 
28 7 21 0.00257451 0.028 0.0158005 2 
29 7 21 0.00281257 0.013 0.0162964 2 
30 7 21 0 0.04 0.0126793 1 
31 7 21 0 0.005 0.0180482 1 
32 7 21 0 0.014 0.0147396 1 
0 7 22 0.000414014 0.024 0.0140629 2 
1 7 22 0 0.015 0.0148488 1 
2 7 22 0 0.038 0.0154892 1 
3 7 22 0 0.033 0.0124171 1 
4 7 22 0 0.023 0.0160573 1 
5 7 22 0.00359676 0.015 0.0162733 2 
6 7 22 0 0.035 0.014212 1 
7 7 22 0 0.017 0.0151069 1 
8 7 22 0 0.042 0.0136578 2 
9 7 22 0 0.024 0.018898 1 
10 7 22 0 0.044 0.0140837 1 
11 7 22 0 0.046 0.0139247 1 
12 7 22 0.0066525 0.008 0.0143509 5 
13 7 22 0.00675834 0.021 0.0138922 10 
14 7 22 0 0.028 0.0152658 1 
15 7 22 0 0.031 0.0138288 1 
16 7 22 0 0.039 0.0181721 1 
17 7 22 0.0335575 0.002 0.0146607 31 
18 7 22 0 0.015 0.0152158 1 
19 7 22 0.00706485 0.025 0.01257 7 
20 7 22 0.00287152 0.033 0.0128421 2 
21 7 22 0.00315187 0.047 0.0147236 3 
22 7 22 0.024359 0.005 0.0146015 12 
23 7 22 0.0109621 0.027 0.0156074 8 
24 7 22 0 0.047 0.0137047 1 
25 7 22 0.0226436 0.002 0.0113738 28 
26 7 22 0 0.007 0.0165937 1 
27 7 22 0 0.022 0.015552 1 
28 7 22 0.0023565 0.033 0.0166865 2 
29 7 22 0 0.03 0.0172236 1 
30 7 22 0 0.008 0.0121918 1 
31 7 22 0 0.027 0.0142999 1 
32 7 22 0.00855598 0.027 0.0127067 8 
0 7 23 0.00329838 0.019 0.0183098 4 
1 7 23 0 0.043 0.010638 1 
2 7 23 0.000852727 0.041 0.0158367 2 
3 7 23 0.00137715 0.023 0.0157699 2 
4 7 23 0 0.003 0.0154229 2 
5 7 23 0.000166495 0.04 0.0186486 2 
6 7 23 0 0.01 0.0159289 1 
7 7 23 0.00584831 0.044 0.0174823 4 
8 7 23 0 0.027 0.0187008 1 
9 7 23 0 0.003 0.0193823 1 
10 7 23 0.00482734 0.034 0.0195123 2 
11 7 23 0 0.001 0.0131647 1 
12 7 23 0.0146659 0.002 0.013902 7 
13 7 23 0.0115551 0.014 0.0189362 10 
14 7 23 0 0.046 0.00894658 1 
15 7 23 0 0.008 0.0166894 1 
16 7 23 0 0.016 0.0153704 1 
17 7 23 0 0.019 0.015533 1 
18 7 23 0 0.017 0.0185376 1 
19 7 23 0.00149349 0.037 0.0153284 2 
20 7 23 0.00119515 0.027 0.0161952 2 
21 7 23 0 0.025 0.0104029 1 
22 7 23 0.0201608 0.01 0.0170788 12 
23 7 23 0.000275856 0.011 0.0150976 3 
24 7 23 0 0.044 0.0155739 1 
25 7 23 0.0223991 0.011 0.0148419 16 
26 7 23 0.0125486 0.006 0.0199465 8 
27 7 23 0 0.018 0.0163758 1 
28 7 23 0.00174774 0.024 0.0180904 3 
29 7 23 0 0.028 0.015266 1 
30 7 23 0 0.002 0.014797 1 
31 7 23 0.000631059 0.04 0.0155561 3 
32 7 23 0 0.037 0.0164695 1 
0 7 24 2.15176e-05 0.006 0.015506 2 
1 7 24 0 0.001 0.0133379 1 
2 7 24 0.00224131 0.031 0.0168568 2 
3 7 24 0.00317467 0.003 0.0147022 8 
4 7 24 0 0.049 0.0135491 1 
5 7 24 0 0.025 0.0157525 1 
6 7 24 0 0.014 0.0181043 1 
7 7 24 0 0.038 0.0150116 1 
8 7 24 0.00361012 0.032 0.0118793 1 
9 7 24 0 0.012 0.0119752 1 
10 7 24 0 0.027 0.0134427 1 
11 7 24 1.30312e-05 0.014 0.0110975 2 
12 7 24 0.0184244 0.013 0.0158282 7 
13 7 24 0.00299655 0.002 0.0152293 5 
14 7 24 0.0654843 0.004 0.0125721 32 
15 7 24 0 0.025 0.0166206 1 
16 7 24 0 0.049 0.0162896 1 
17 7 24 0 0.028 0.0153602 1 
18 7 24 0.0023592 0.027 0.0135908 2 
19 7 24 0.00553458 0.005 0.0153256 3 
20 7 24 1.54012e-05 0.004 0.0127308 2 
21 7 24 0.000106452 0.044 0.0178493 2 
22 7 24 0.0475658 0.003 0.0123125 27 
23 7 24 0.000477452 0.011 0.0115815 2 
24 7 24 0 0.006 0.0197719 1 
25 7 24 0.0100627 0.047 0.0142908 3 
26 7 24 0.00294538 0.01 0.0165961 4 
27 7 24 0 0.039 0.0146581 1 
28 7 24 0 0.041 0.0184824 1 
29 7 24 0 0.048 0.0134768 1 
30 7 24 0.00323825 0.005 0.0169887 5 
31 7 24 0.00358942 0.017 0.0160386 4 
32 7 24 0 0.034 0.0184087 1 
0 7 25 0.00722729 0.024 0.0174047 5 
1 7 25 0 0.021 0.0139195 1 
2 7 25 0 0.005 0.0186953 1 
3 7 25 0 0.038 0.0131681 2 
4 7 25 0 0.015 0.0138669 1 
5 7 25 0.0185163 0.045 0.0217587 1 
6 7 25 0 0.033 0.0113306 1 
7 7 25 0 0.019 0.0140821 1 
8 7 25 0.00436387 0.03 0.0172736 1 
9 7 25 0 0.049 0.0175607 1 
10 7 25 0 0.049 0.018315 2 
11 7 25 0.00243957 0.033 0.0173849 2 
12 7 25 0 0.045 0.0107155 1 
13 7 25 0.00138525 0.03 0.0149349 2 
14 7 25 0 0.046 0.0129685 1 
15 7 25 0 0.048 0.0171773 1 
16 7 25 0 0.041 0.0169812 1 
17 7 25 0 0.009 0.0151679 1 
18 7 25 0 0.014 0.0140411 1 
19 7 25 0.00560196 0.049 0.0130734 4 
20 7 25 9.90951e-05 0.011 0.0157043 2 
21 7 25 0.0028922 0.019 0.0114193 2 
22 7 25 0 0.032 0.0186389 1 
23 7 25 0.0072018 0.014 0.0153896 4 
24 7 25 0 0.035 0.0182021 1 
25 7 25 0.0176547 0.02 0.01441 10 
26 7 25 0.0122125 0.009 0.0163035 6 
27 7 25 0 0.017 0.0164918 1 
28 7 25 0 0.007 0.016896 1 
29 7 25 0.00255273 0.044 0.0157365 2 
30 7 25 0.018047 0.008 0.0138475 20 
31 7 25 0 0.001 0.0118012 1 
32 7 25 0 0.008 0.0144294 1 
0 7 26 0 0.04 0.0150891 1 
1 7 26 0.00983273 0.002 0.0180399 6 
2 7 26 0 0.046 0.018068 1 
3 7 26 0 0.019 0.0182969 1 
4 7 26 0 0.043 0.015011 1 
5 7 26 0 0.033 0.0141639 1 
6 7 26 0 0.032 0.0191296 1 
7 7 26 0.00334683 0.007 0.0150789 8 
8 7 26 0.00389544 0.043 0.0124443 3 
9 7 26 0 0.011 0.0120055 1 
10 7 26 0.00696818 0.018 0.0156427 1 
11 7 26 0.00168738 0.033 0.0170768 3 
12 7 26 0 0.039 0.0189843 1 
13 7 26 0 0.039 0.013811 1 
14 7 26 0.0188711 0.01 0.0173678 12 
15 7 26 0 0.046 0.0144608 1 
16 7 26 0 0.029 0.0136268 1 
17 7 26 0.00681659 0.046 0.00875587 4 
18 7 26 0 0.043 0.015981 1 
19 7 26 0.00718646 0.024 0.013963 7 
20 7 26 0.0162406 0.024 0.0147757 11 
21 7 26 0 0.002 0.0160827 1 
22 7 26 0 0.021 0.0141377 1 
23 7 26 0 0.029 0.0132361 1 
24 7 26 0 0.015 0.0183279 1 
25 7 26 0 0.002 0.0134703 1 
26 7 26 1.09644e-05 0.001 0.0131601 2 
27 7 26 0.0226388 0.026 0.0180093 8 
28 7 26 0 0.025 0.0152341 1 
29 7 26 0.00189518 0.046 0.0187081 2 
30 7 26 0 0.041 0.0103879 1 
31 7 26 0 0.028 0.0169835 1 
32 7 26 0 0.003 0.0138607 1 
0 7 27 0 0.036 0.0171817 1 
1 7 27 0 0.002 0.0160173 1 
2 7 27 0 0.041 0.0179062 1 
3 7 27 0.00171887 0.027 0.014706 4 
4 7 27 0.00046885 0.033 0.0153236 2 
5 7 27 0 0.003 0.0155682 1 
6 7 27 0 0.043 0.013212 1 
7 7 27 0 0.007 0.0124454 1 
8 7 27 0.000956716 0.012 0.0131647 2 
9 7 27 0.019198 0.004 0.0138503 20 
10 7 27 0 0.048 0.0132513 1 
11 7 27 0 0.027 0.0154824 1 
12 7 27 0 0.01 0.0167569 1 
13 7 27 0 0.047 0.0171677 1 
14 7 27 0.0393201 0.003 0.0152982 40 
15 7 27 0 0.01 0.0146966 1 
16 7 27 0 0.011 0.0200002 1 
17 7 27 0 0.025 0.0168281 1 
18 7 27 0.00227127 0.029 0.0117845 3 
19 7 27 0.0017877 0.001 0.0168079 9 
20 7 27 0 0.002 0.0144908 1 
21 7 27 0 0.035 0.0130969 1 
22 7 27 0.00305926 0.045 0.0169159 2 
23 7 27 0.00126337 0.037 0.0125534 4 
24 7 27 0 0.031 0.0163735 1 
25 7 27 0 0.007 0.0130214 1 
26 7 27 0 0.044 0.0138418 1 
27 7 27 0 0.026 0.0148614 1 
28 7 27 0 0.048 0.0137014 1 
29 7 27 0.00245753 0.03 0.0172099 2 
30 7 27 0 0.041 0.0166043 1 
31 7 27 0 0.014 0.0163862 1 
32 7 27 0.00493596 0.042 0.0189451 3 
0 7 28 0 0.04 0.0183558 1 
1 7 28 0.00818835 0.044 0.0164437 4 
2 7 28 0 0.007 0.0128932 1 
3 7 28 0.00340874 0.012 0.018393 3 
4 7 28 0.00749763 0.016 0.0211133 1 
5 7 28 0.0123049 0.001 0.0233862 1 
6 7 28 0 0.043 0.0146924 1 
7 7 28 0.008648 0.036 0.0133312 3 
8 7 28 0 0.009 0.0159526 1 
9 7 28 0.00815366 0.001 0.0140069 8 
10 7 28 0 0.04 0.0189047 1 
11 7 28 0.00200985 0.01 0.0142484 2 
12 7 28 0 0.037 0.0118367 1 
13 7 28 0.0151331 0.001 0.017048 18 
14 7 28 0 0.046 0.0119762 1 
15 7 28 0 0.003 0.0172454 1 
16 7 28 0 0.035 0.0124798 1 
17 7 28 0 0.04 0.0127429 1 
18 7 28 0 0.009 0.0150743 1 
19 7 28 0 0.047 0.0156486 1 
20 7 28 0 0.021 0.0147383 1 
21 7 28 0.00156175 0.038 0.0151548 2 
22 7 28 0 0.042 0.0115719 1 
23 7 28 0 0.014 0.0168385 1 
24 7 28 0 0.015 0.0132903 1 
25 7 28 0.00379551 0.037 0.0145042 4 
26 7 28 0.00418195 0.002 0.0161199 4 
27 7 28 0.0567506 0.002 0.0177329 56 
28 7 28 0.00212188 0.012 0.015893 2 
29 7 28 0.00189783 0.04 0.0181228 2 
30 7 28 0 0.042 0.014192 1 
31 7 28 0.000744753 0.009 0.0135492 2 
32 7 28 0.00265191 0.001 0.012617 4 
0 7 29 0 0.015 0.0156152 1 
1 7 29 0.0157933 0.008 0.0141211 9 
2 7 29 0.00164764 0.01 0.018177 3 
3 7 29 0 0.03 0.0165221 1 
4 7 29 0.00806207 0.044 0.01386 1 
5 7 29 0 0.002 0.0196215 1 
6 7 29 0 0.042 0.0132208 1 
7 7 29 0 0.04 0.0161791 1 
8 7 29 0.00192731 0.048 0.0169773 3 
9 7 29 0 0.02 0.0149853 1 
10 7 29 0 0.023 0.0152055 1 
11 7 29 0 0.023 0.0163473 1 
12 7 29 0.00150265 0.025 0.0144431 2 
13 7 29 0 0.017 0.0137911 1 
14 7 29 0 0.038 0.0150452 1 
15 7 29 0 0.013 0.0140716 1 
16 7 29 0 0.03 0.0134321 1 
17 7 29 0.0486776 0.005 0.0166826 29 
18 7 29 0 0.049 0.0180494 1 
19 7 29 0 0.039 0.0158628 1 
20 7 29 4.4074e-05 0.002 0.0182789 2 
21 7 29 0 0.02 0.0167587 1 
22 7 29 0 0.002 0.0165427 1 
23 7 29 4.66758e-06 0.007 0.014575 2 
24 7 29 0 0.006 0.0196877 1 
25 7 29 0 0.017 0.0166437 1 
26 7 29 0.017982 0.006 0.0176472 29 
27 7 29 0.00953947 0.018 0.0147895 7 
28 7 29 0.00233108 0.015 0.0174253 2 
29 7 29 0 0.006 0.0174281 1 
30 7 29 0.00874993 0.04 0.017239 4 
31 7 29 0 0.002 0.010446 1 
32 7 29 0.0148653 0.004 0.0149501 15 
0 7 30 0 0.024 0.0165334 1 
1 7 30 0.00434209 0.02 0.0098659 6 
2 7 30 0 0.008 0.0140298 1 
3 7 30 0.026603 0.001 0.0160179 23 
4 7 30 0.00890002 0.009 0.0175603 1 
5 7 30 0 0.028 0.0158328 1 
6 7 30 0 0.038 0.0195653 1 
7 7 30 0.00163432 0.004 0.0113155 2 
8 7 30 2.42594e-05 0.027 0.0149906 2 
9 7 30 0 0.011 0.0161923 1 
10 7 30 0.00949926 0.001 0.0131138 1 
11 7 30 0 0.025 0.0158938 1 
12 7 30 0.00738998 0.025 0.0136117 4 
13 7 30 0.000540028 0.004 0.0161157 2 
14 7 30 0.0200219 0.007 0.0123314 18 
15 7 30 0 0.046 0.0163023 1 
16 7 30 0.00252808 0.019 0.0155067 2 
17 7 30 0.0116279 0.022 0.0129374 4 
18 7 30 0 0.043 0.0130003 1 
19 7 30 0.00590139 0.004 0.012835 6 
20 7 30 0.000175842 0.018 0.0168782 2 
21 7 30 0 0.048 0.0135325 1 
22 7 30 0.0210454 0.008 0.0161612 18 
23 7 30 0 0.036 0.0131563 1 
24 7 30 0 0.038 0.0160645 1 
25 7 30 0 0.007 0.0175724 1 
26 7 30 0 0.006 0.0173943 1 
27 7 30 0.00372444 0.017 0.0118987 5 
28 7 30 0.00240852 0.042 0.0167557 2 
29 7 30 0 0.035 0.0167481 1 
30 7 30 0.0081926 0.001 0.0122599 9 
31 7 30 0 0.028 0.0191639 1 
32 7 30 0.000378313 0.014 0.0162098 2 
0 7 31 0.017326 0.006 0.0176174 16 
1 7 31 0 0.038 0.0157993 1 
2 7 31 0 0.007 0.0137551 1 
3 7 31 0 0.035 0.0194458 1 
4 7 31 0.000559161 0.03 0.0175884 2 
5 7 31 0.000602541 0.047 0.0152913 3 
6 7 31 0 0.047 0.0135751 1 
7 7 31 4.15391e-05 0.021 0.0127095 2 
8 7 31 0 0.048 0.0165875 1 
9 7 31 0 0.041 0.0146622 1 
10 7 31 0 0.035 0.0147043 1 
11 7 31 0 0.022 0.0136998 1 
12 7 31 0 0.016 0.0175177 1 
13 7 31 0.00474169 0.006 0.0140342 7 
14 7 31 0 0.041 0.0113562 1 
15 7 31 0 0.015 0.0161582 1 
16 7 31 0 0.047 0.0147589 1 
17 7 31 0 0.049 0.0113837 1 
18 7 31 0 0.04 0.0185821 1 
19 7 31 9.01869e-05 0.008 0.0138695 2 
20 7 31 0.00188934 0.032 0.0118059 3 
21 7 31 0.000297931 0.025 0.0142212 2 
22 7 31 0.00393208 0.005 0.018545 4 
23 7 31 0 0.012 0.0132203 1 
24 7 31 0 0.013 0.0164664 1 
25 7 31 0 0.046 0.0173085 1 
26 7 31 0.00347893 0.013 0.0136288 4 
27 7 31 0 0.047 0.0115095 1 
28 7 31 0.00263178 0.014 0.0153089 2 
29 7 31 0.00287291 0.005 0.0176842 2 
30 7 31 0 0.049 0.0159288 1 
31 7 31 0 0.005 0.0188846 1 
32 7 31 0 0.047 0.0114285 1 
0 7 32 0 0.021 0.0168811 1 
1 7 32 0 0.044 0.0192302 1 
2 7 32 0 0.006 0.0138798 1 
3 7 32 0 0.014 0.0117255 1 
4 7 32 0 0.037 0.0142332 1 
5 7 32 0.00702741 0.012 0.02198 1 
6 7 32 0 0.027 0.0196979 1 
7 7 32 0 0.013 0.0175626 1 
8 7 32 0.00622232 0.02 0.0147149 4 
9 7 32 0 0.011 0.0161246 1 
10 7 32 0 0.048 0.0141766 1 
11 7 32 0 0.045 0.0142581 1 
12 7 32 0.00288147 0.042 0.0117739 2 
13 7 32 0 0.047 0.0133798 1 
14 7 32 0.00455646 0.001 0.0132159 5 
15 7 32 0 0.015 0.019128 1 
16 7 32 0 0.009 0.0137888 1 
17 7 32 0 0.022 0.019212 1 
18 7 32 0 0.012 0.0156875 1 
19 7 32 0 0.003 0.0118561 1 
20 7 32 0 0.008 0.015808 1 
21 7 32 0 0.031 0.0122356 1 
22 7 32 0.0425863 0.005 0.0197338 31 
23 7 32 0 0.037 0.0132513 1 
24 7 32 0 0.022 0.0152341 1 
25 7 32 0 0.012 0.0182195 1 
26 7 32 0 0.004 0.0136673 1 
27 7 32 0.00680524 0.001 0.0176715 8 
28 7 32 0 0.022 0.0172266 1 
29 7 32 0 0.004 0.014515 1 
30 7 32 0 0.014 0.0144239 1 
31 7 32 0 0.035 0.0156709 1 
32 7 32 0 0.005 0.0132717 1 
0 7 33 0.0108623 0.012 0.0103378 10 
1 7 33 0 0.024 0.0156919 1 
2 7 33 0 0.024 0.0164978 1 
3 7 33 0.000244537 0.005 0.0164303 2 
4 7 33 0.00670188 0.016 0.0181976 1 
5 7 33 0 0.045 0.0156789 1 
6 7 33 0 0.038 0.0128298 1 
7 7 33 0 0.046 0.0160389 1 
8 7 33 0.00145552 0.035 0.0158581 1 
9 7 33 0.00474571 0.026 0.0152866 5 
10 7 33 0.00825752 0.022 0.0174212 4 
11 7 33 0 0.031 0.0145151 1 
12 7 33 0 0.024 0.0154036 1 
13 7 33 0 0.002 0.0152987 1 
14 7 33 0 0.045 0.0134027 1 
15 7 33 0 0.026 0.0157616 1 
16 7 33 0.00251399 0.032 0.0216616 2 
17 7 33 0 0.013 0.0202936 1 
18 7 33 0 0.013 0.0130943 1 
19 7 33 0 0.012 0.0153422 1 
20 7 33 0 0.033 0.0143193 1 
21 7 33 0 0.005 0.014502 1 
22 7 33 0 0.043 0.0180794 1 
23 7 33 0 0.013 0.0157881 1 
24 7 33 0 0.019 0.0188872 1 
25 7 33 0 0.038 0.0166683 1 
26 7 33 0.0047558 0.025 0.0175332 5 
27 7 33 0 0.004 0.0105317 1 
28 7 33 0 0.042 0.00963445 1 
29 7 33 0.00287547 0.005 0.0158531 2 
30 7 33 0 0.003 0.01445 1 
31 7 33 0 0.015 0.0156 1 
32 7 33 0.0189479 0.013 0.0174554 11 
0 7 34 0 0.015 0.0154928 1 
1 7 34 0.00156198 0.003 0.0183959 2 
2 7 34 0.00229463 0.026 0.0173718 2 
3 7 34 0 0.043 0.0166712 1 
4 7 34 0 0.022 0.0158248 1 
5 7 34 0 0.009 0.0169091 1 
6 7 34 0 0.028 0.0169866 1 
7 7 34 0 0.022 0.0153739 1 
8 7 34 0.00092301 0.02 0.016599 2 
9 7 34 0 0.018 0.00972236 1 
10 7 34 0 0.017 0.0152229 1 
11 7 34 0 0.008 0.0160128 1 
12 7 34 0 0.006 0.0154687 1 
13 7 34 0.0107148 0.022 0.0156213 14 
14 7 34 0 0.009 0.0122975 1 
15 7 34 0 0.028 0.0132889 1 
16 7 34 0 0.028 0.018644 1 
17 7 34 0 0.01 0.0177452 1 
18 7 34 0 0.023 0.0123572 1 
19 7 34 0 0.016 0.0163645 1 
20 7 34 0.00025151 0.023 0.0105476 3 
21 7 34 0 0.021 0.0212134 1 
22 7 34 0.035577 0.006 0.0132668 20 
23 7 34 0 0.017 0.0141213 1 
24 7 34 0 0.037 0.01243 1 
25 7 34 0.010141 0.006 0.0169284 9 
26 7 34 0.0105277 0.025 0.01841 5 
27 7 34 0 0.042 0.0146164 1 
28 7 34 0 0.001 0.0125567 1 
29 7 34 0.00343897 0.016 0.0132976 2 
30 7 34 0 0.012 0.0151406 1 
31 7 34 0 0.043 0.0150671 1 
32 7 34 0 0.046 0.0105503 1 
0 7 35 0 0.039 0.0151377 1 
1 7 35 0.0477558 0.003 0.0132603 30 
2 7 35 0.00275762 0.027 0.0150491 2 
3 7 35 0 0.02 0.0118408 1 
4 7 35 0 0.034 0.0144931 1 
5 7 35 0.00872957 0.045 0.0166062 1 
6 7 35 0 0.045 0.0137587 1 
7 7 35 0 0.003 0.0135512 1 
8 7 35 0.00029498 0.007 0.0153426 2 
9 7 35 0 0.009 0.0145043 1 
10 7 35 0.00843637 0.041 0.0199214 1 
11 7 35 0 0.013 0.014642 1 
12 7 35 0.000253928 0.007 0.0170709 4 
13 7 35 0 0.035 0.015733 1 
14 7 35 0 0.035 0.01466 1 
15 7 35 0 0.003 0.015 1 
16 7 35 0 0.016 0.0157633 1 
17 7 35 0 0.019 0.0137373 1 
18 7 35 0 0.037 0.0209234 1 
19 7 35 0 0.048 0.0134209 1 
20 7 35 0.00154313 0.018 0.012928 2 
21 7 35 0 0.02 0.0189922 1 
22 7 35 0.00749658 0.023 0.0142847 10 
23 7 35 0.000613293 0.032 0.0174307 2 
24 7 35 0 0.007 0.0132688 1 
25 7 35 0 0.046 0.0157918 1 
26 7 35 0.00279693 0.021 0.0141126 5 
27 7 35 0 0.042 0.0122464 1 
28 7 35 0 0.042 0.013438 1 
29 7 35 0.00287805 0.007 0.017266 2 
30 7 35 0 0.021 0.0190954 1 
31 7 35 0 0.037 0.0151721 1 
32 7 35 0 0.048 0.0141372 1 
0 7 36 0.0119128 0.012 0.0150562 13 
1 7 36 0 0.002 0.0105098 1 
2 7 36 0 0.042 0.0167675 1 
3 7 36 0 0.038 0.0162033 1 
4 7 36 0.00840562 0.033 0.0130919 1 
5 7 36 0 0.018 0.0159031 1 
6 7 36 0 0.022 0.0138481 1 
7 7 36 0.000725574 0.009 0.0161659 2 
8 7 36 0 0.045 0.0151618 3 
9 7 36 0 0.035 0.0155844 1 
10 7 36 0.0107021 0.011 0.0146685 7 
11 7 36 0 0.006 0.0156235 1 
12 7 36 0 0.01 0.0159737 1 
13 7 36 0 0.037 0.0117735 1 
14 7 36 0.00841903 0.013 0.0172612 10 
15 7 36 0 0.008 0.0129973 1 
16 7 36 0 0.039 0.0194811 1 
17 7 36 0 0.044 0.0135562 1 
18 7 36 0 0.033 0.0198041 1 
19 7 36 0.00617885 0.017 0.0163888 7 
20 7 36 0 0.012 0.011772 1 
21 7 36 0 0.036 0.0153194 1 
22 7 36 0 0.007 0.0104521 1 
23 7 36 0 0.005 0.0143959 1 
24 7 36 0 0.027 0.019452 1 
25 7 36 0.00425206 0.009 0.0114029 5 
26 7 36 0.00179597 0.033 0.0140305 2 
27 7 36 0 0.011 0.0149854 1 
28 7 36 0.00241688 0.047 0.018932 2 
29 7 36 0.00217818 0.049 0.0155055 2 
30 7 36 0.00653828 0.012 0.0122494 4 
31 7 36 0 0.022 0.0152327 1 
32 7 36 0 0.041 0.0157811 1 
0 7 37 0 0.032 0.0154869 1 
1 7 37 0.00489833 0.009 0.0143113 7 
2 7 37 0 0.015 0.0147896 1 
3 7 37 0 0.046 0.0143484 1 
4 7 37 0.00444515 0.032 0.0192001 2 
5 7 37 0.000517691 0.025 0.013732 3 
6 7 37 0 0.002 0.01712 1 
7 7 37 0.00216636 0.008 0.0121543 4 
8 7 37 0 0.023 0.0132353 1 
9 7 37 0 0.007 0.0147529 1 
10 7 37 0.00337039 0.032 0.0152001 6 
11 7 37 0 0.032 0.0157139 1 
12 7 37 0.000742189 0.018 0.0161105 4 
13 7 37 0 0.032 0.0132559 1 
14 7 37 0 0.029 0.0204381 1 
15 7 37 0 0.028 0.0133186 1 
16 7 37 0.00251949 0.023 0.0136244 2 
17 7 37 0 0.018 0.0128802 1 
18 7 37 0 0.025 0.0171721 1 
19 7 37 0.0141453 0.015 0.0161224 8 
20 7 37 0.000842382 0.026 0.0130101 5 
21 7 37 0 0.028 0.0194666 1 
22 7 37 0.0315843 0.009 0.0147823 22 
23 7 37 0 0.037 0.0150727 1 
24 7 37 0 0.028 0.0155863 1 
25 7 37 0 0.044 0.0177111 1 
26 7 37 0.00302998 0.016 0.011576 2 
27 7 37 0.0245134 0.001 0.0182172 32 
28 7 37 0 0.048 0.0148592 1 
29 7 37 0 0.012 0.0160729 1 
30 7 37 0.0637383 0.001 0.0191688 61 
31 7 37 0.000800159 0.047 0.0173934 4 
32 7 37 5.90428e-06 0.025 0.0170233 2 
0 7 38 0.00232665 0.026 0.0113697 4 
1 7 38 0 0.023 0.0166532 1 
2 7 38 0.00230047 0.021 0.0133038 2 
3 7 38 0 0.044 0.0124281 1 
4 7 38 0 0.04 0.0225328 1 
5 7 38 0.0003177 0.038 0.0191717 3 
6 7 38 0 0.047 0.018049 1 
7 7 38 0.00570235 0.014 0.0174825 6 
8 7 38 0 0.032 0.0157936 1 
9 7 38 0.00485163 0.007 0.00955458 3 
10 7 38 0 0.036 0.0106189 1 
11 7 38 0 0.043 0.016691 1 
12 7 38 0 0.008 0.0123785 1 
13 7 38 0 0.011 0.0112464 1 
14 7 38 0 0.049 0.0135902 1 
15 7 38 0 0.02 0.014484 1 
16 7 38 0 0.046 0.0149508 1 
17 7 38 0 0.018 0.0183652 1 
18 7 38 0 0.047 0.0178137 1 
19 7 38 0.0160984 0.014 0.0129541 8 
20 7 38 0 0.021 0.0147515 1 
21 7 38 0 0.001 0.0143594 1 
22 7 38 0 0.018 0.0143965 1 
23 7 38 0.0031533 0.02 0.0176637 2 
24 7 38 0 0.022 0.0149602 1 
25 7 38 0.000177712 0.001 0.0207022 2 
26 7 38 0.00331429 0.014 0.0126325 3 
27 7 38 0.0168363 0.007 0.016939 16 
28 7 38 0.00241975 0.003 0.0186209 2 
29 7 38 0 0.035 0.0181323 1 
30 7 38 0.0253006 0.002 0.0128735 19 
31 7 38 0.0129326 0.047 0.0151118 4 
32 7 38 0 0.044 0.0179057 1 
0 7 39 0.00410063 0.011 0.0134224 9 
1 7 39 0 0.002 0.0190525 1 
2 7 39 0 0.008 0.0184293 1 
3 7 39 0.0257551 0.012 0.0129398 24 
4 7 39 0.0070907 0.017 0.0157937 4 
5 7 39 0 0.044 0.0187755 1 
6 7 39 0 0.048 0.0191682 1 
7 7 39 0 0.03 0.015108 1 
8 7 39 0.00488139 0.022 0.0163117 1 
9 7 39 0 0.049 0.011446 1 
10 7 39 0.00299805 0.012 0.0176417 1 
11 7 39 0.00276283 0.017 0.0174899 2 
12 7 39 0 0.033 0.0140594 1 
13 7 39 0.0217991 0.017 0.0148312 16 
14 7 39 0.00711541 0.047 0.0104916 2 
15 7 39 0 0.034 0.0177945 1 
16 7 39 0 0.034 0.0135371 1 
17 7 39 0.000100317 0.002 0.0156702 2 
18 7 39 0 0.034 0.0154233 1 
19 7 39 0.00503976 0.041 0.0145832 3 
20 7 39 0.000137766 0.009 0.0126792 3 
21 7 39 0.00136866 0.018 0.017038 4 
22 7 39 0.00588643 0.003 0.0170345 2 
23 7 39 0 0.028 0.0135295 1 
24 7 39 0 0.001 0.0150568 1 
25 7 39 0.0112008 0.005 0.0165733 16 
26 7 39 0.00146376 0.012 0.015778 2 
27 7 39 0 0.017 0.0198404 1 
28 7 39 0 0.03 0.0130406 1 
29 7 39 0 0.014 0.0206148 1 
30 7 39 0 0.003 0.0183694 1 
31 7 39 0 0.016 0.0175867 1 
32 7 39 0.000672876 0.018 0.0149464 2 
0 7 40 0 0.012 0.0147378 1 
1 7 40 0 0.024 0.0181899 1 
2 7 40 0 0.017 0.0146805 1 
3 7 40 0.0268188 0.01 0.016391 16 
4 7 40 0 0.013 0.0155537 1 
5 7 40 0 0.037 0.0147088 1 
6 7 40 0 0.003 0.0182355 1 
7 7 40 0 0.037 0.01559 1 
8 7 40 0.000515164 0.026 0.014828 2 
9 7 40 0 0.036 0.0164014 1 
10 7 40 0 0.009 0.0178451 1 
11 7 40 0.00230324 0.005 0.0104117 2 
12 7 40 0.000624751 0.009 0.0123067 2 
13 7 40 0 0.002 0.0145963 1 
14 7 40 0.0345546 0.006 0.0164275 26 
15 7 40 0 0.042 0.0153185 1 
16 7 40 0 0.049 0.0185063 1 
17 7 40 0 0.002 0.0139906 1 
18 7 40 0.00242244 0.023 0.0187028 2 
19 7 40 0 0.033 0.01738 2 
20 7 40 0 0.004 0.0142152 1 
21 7 40 0 0.049 0.0154987 1 
22 7 40 0 0.013 0.0181581 1 
23 7 40 0 0.004 0.0165493 1 
24 7 40 0 0.023 0.0153527 1 
25 7 40 0 0.027 0.0167364 1 
26 7 40 0.0011717 0.014 0.014867 3 
27 7 40 0 0.01 0.0153879 1 
28 7 40 0 0.018 0.0115624 1 
29 7 40 0 0.031 0.0176867 1 
30 7 40 0 0.012 0.0134507 1 
31 7 40 0 0.039 0.0160847 1 
32 7 40 0 0.04 0.0103455 1 
0 7 41 0 0.028 0.0114542 1 
1 7 41 0 0.007 0.0112129 1 
2 7 41 0 0.023 0.0152884 1 
3 7 41 0 0.017 0.0164333 1 
4 7 41 0 0.02 0.0155304 1 
5 7 41 0 0.019 0.0147128 1 
6 7 41 0 0.027 0.0156024 1 
7 7 41 0 0.038 0.0106632 1 
8 7 41 0 0.016 0.0160209 1 
9 7 41 0.00479925 0.017 0.0184888 8 
10 7 41 0 0.011 0.0185782 1 
11 7 41 0.0027654 0.009 0.0132253 2 
12 7 41 0 0.011 0.0137528 1 
13 7 41 0 0.027 0.010379 1 
14 7 41 0 0.036 0.0155074 1 
15 7 41 0.00252498 0.038 0.0161886 2 
16 7 41 0 0.022 0.0167988 1 
17 7 41 0.0012835 0.008 0.0178375 2 
18 7 41 0.00264519 0.009 0.0131306 2 
19 7 41 0 0.009 0.0142986 1 
20 7 41 0.0119475 0.008 0.0142287 8 
21 7 41 0 0.048 0.0135919 1 
22 7 41 0.0256107 0.01 0.0173531 14 
23 7 41 0 0.035 0.0136696 1 
24 7 41 0 0.027 0.0162796 1 
25 7 41 0 0.014 0.0187882 1 
26 7 41 0 0.048 0.0128434 1 
27 7 41 0.00197848 0.016 0.0134656 2 
28 7 41 0.00264519 0.022 0.0161318 2 
29 7 41 0 0.015 0.0159625 1 
30 7 41 0.0133211 0.018 0.0151247 12 
31 7 41 0 0.003 0.0116181 1 
32 7 41 0.00326206 0.003 0.0170534 7 
0 7 42 0.0542572 0.004 0.0158573 31 
1 7 42 0.00338994 0.018 0.0152813 5 
2 7 42 0 0.002 0.0145439 1 
3 7 42 0 0.031 0.015799 1 
4 7 42 0.000672505 0.004 0.0132461 2 
5 7 42 0.00495844 0.028 0.0190241 1 
6 7 42 0.000399929 0.024 0.0146415 3 
7 7 42 0 0.012 0.0148798 1 
8 7 42 0.00282386 0.017 0.0172903 1 
9 7 42 0.0118866 0.01 0.0140808 5 
10 7 42 0 0.013 0.0172135 1 
11 7 42 0.00230618 0.034 0.0154061 2 
12 7 42 0 0.007 0.0161729 1 
13 7 42 0.0137335 0.01 0.00981385 10 
14 7 42 0 0.012 0.0130606 1 
15 7 42 0.00254445 0.038 0.0178354 2 
16 7 42 0 0.012 0.0167535 1 
17 7 42 0 0.044 0.013039 1 
18 7 42 0.00242532 0.005 0.019558 2 
19 7 42 0.00705458 0.038 0.015002 5 
20 7 42 0 0.038 0.0141977 1 
21 7 42 0.00415164 0.01 0.0177656 5 
22 7 42 0.00226248 0.028 0.0134576 3 
23 7 42 0 0.016 0.0158752 1 
24 7 42 0.00242532 0.007 0.0140489 2 
25 7 42 0.0054333 0.015 0.0151091 5 
26 7 42 0.00375412 0.034 0.0161679 6 
27 7 42 0 0.016 0.0139203 1 
28 7 42 0 0.011 0.0161301 1 
29 7 42 0 0.022 0.015342 1 
30 7 42 0 0.034 0.0108562 1 
31 7 42 0.000247772 0.018 0.0150462 3 
32 7 42 0 0.009 0.0120213 1 
0 7 43 0 0.034 0.0159458 1 
1 7 43 0 0.011 0.0121187 1 
2 7 43 0.00276806 0.023 0.0152415 2 
3 7 43 0.00327881 0.012 0.0159956 3 
4 7 43 0 0.016 0.0138323 1 
5 7 43 0.00505074 0.025 0.0184632 2 
6 7 43 0 0.044 0.0155449 1 
7 7 43 0 0.013 0.0126772 1 
8 7 43 0 0.046 0.0140172 3 
9 7 43 0 0.004 0.0189664 1 
10 7 43 0.000828884 0.046 0.020748 2 
11 7 43 0.00276806 0.01 0.0155979 2 
12 7 43 0 0.018 0.0131979 1 
13 7 43 0.0290682 0.008 0.0154924 19 
14 7 43 0.0173246 0.005 0.0155405 11 
15 7 43 0 0.038 0.015199 1 
16 7 43 0 0.018 0.0126245 1 
17 7 43 0.00653176 0.002 0.0136529 66 
18 7 43 0 0.013 0.0161783 1 
19 7 43 0 0.046 0.0152266 1 
20 7 43 0 0.023 0.0150698 1 
21 7 43 0 0.039 0.0135863 1 
22 7 43 0.00228136 0.01 0.0178204 3 
23 7 43 0.00420569 0.043 0.0113242 2 
24 7 43 0 0.049 0.0219348 1 
25 7 43 0.00102124 0.026 0.0131138 3 
26 7 43 0.0196414 0.018 0.0174271 9 
27 7 43 0 0.016 0.0143185 1 
28 7 43 0 0.032 0.0125779 1 
29 7 43 0 0.044 0.0161447 1 
30 7 43 0 0.049 0.0132802 1 
31 7 43 0 0.032 0.0134016 1 
32 7 43 0 0.026 0.0165495 1 
0 7 44 0.00319904 0.047 0.0151763 3 
1 7 44 0.00192604 0.002 0.0159783 6 
2 7 44 0 0.013 0.0178238 1 
3 7 44 0 0.036 0.0143046 1 
4 7 44 0 0.002 0.0175002 1 
5 7 44 4.19616e-05 0.026 0.0131079 2 
6 7 44 0 0.034 0.0121676 1 
7 7 44 0 0.002 0.0140276 1 
8 7 44 0 0.031 0.0139691 1 
9 7 44 0.00210018 0.041 0.0164662 2 
10 7 44 0.00204176 0.001 0.0203862 1 
11 7 44 0.00230903 0.037 0.0145743 2 
12 7 44 0 0.009 0.0189512 1 
13 7 44 0.00327725 0.048 0.0128328 3 
14 7 44 0 0.014 0.017059 1 
15 7 44 0 0.026 0.0154911 1 
16 7 44 0 0.009 0.0156142 1 
17 7 44 0 0.049 0.0173143 1 
18 7 44 0 0.015 0.0127836 1 
19 7 44 0.00130771 0.042 0.0136344 2 
20 7 44 0 0.036 0.0134499 1 
21 7 44 0 0.039 0.0183746 1 
22 7 44 0.0019076 0.013 0.0121027 3 
23 7 44 0 0.009 0.0135621 1 
24 7 44 0 0.022 0.013017 1 
25 7 44 0 0.035 0.0175063 1 
26 7 44 0.00386697 0.042 0.0141033 3 
27 7 44 0 0.004 0.0164856 1 
28 7 44 0 0.037 0.0133376 1 
29 7 44 0.00218997 0.021 0.0151545 2 
30 7 44 0 0.009 0.0157112 1 
31 7 44 0 0.04 0.0151747 1 
32 7 44 0 0.01 0.0126767 1 
0 7 45 0 0.019 0.0155114 1 
1 7 45 0 0.034 0.0167231 1 
2 7 45 0 0.032 0.0185602 1 
3 7 45 0.0275777 0.005 0.0120539 33 
4 7 45 0.00445159 0.032 0.013035 2 
5 7 45 0.00367298 0.009 0.0140562 3 
6 7 45 0.000183945 0.004 0.0198497 3 
7 7 45 0.00681243 0.032 0.0163517 5 
8 7 45 0.00128432 0.039 0.0168517 4 
9 7 45 0 0.004 0.0160932 1 
10 7 45 0 0.042 0.0135554 1 
11 7 45 0.00186313 0.041 0.0137918 3 
12 7 45 0.0155011 0.001 0.0166242 12 
13 7 45 0.00138727 0.04 0.0139584 3 
14 7 45 0 0.016 0.0150398 1 
15 7 45 0 0.046 0.0137644 1 
16 7 45 0 0.007 0.0200615 1 
17 7 45 0.0385624 0.003 0.0157468 25 
18 7 45 0.00265056 0.031 0.0198546 2 
19 7 45 0 0.007 0.015097 1 
20 7 45 0 0.006 0.0166734 1 
21 7 45 0 0.007 0.0169811 1 
22 7 45 3.56669e-05 0.009 0.0146576 2 
23 7 45 0 0.047 0.0154519 1 
24 7 45 0 0.007 0.0151337 1 
25 7 45 0 0.042 0.0133091 1 
26 7 45 0.0110587 0.035 0.0112017 4 
27 7 45 0.0402313 0.006 0.0169141 23 
28 7 45 0.00265056 0.002 0.0207627 2 
29 7 45 0 0.014 0.0190399 1 
30 7 45 0 0.004 0.0187036 1 
31 7 45 0 0.012 0.0158456 1 
32 7 45 0 0.028 0.0136026 1 
0 7 46 0 0.039 0.015533 1 
1 7 46 0.000645462 0.028 0.018901 2 
2 7 46 0 0.046 0.0170616 1 
3 7 46 0.000580752 0.007 0.0145368 4 
4 7 46 8.32316e-05 0.018 0.0160104 2 
5 7 46 0.00341027 0.047 0.0173205 1 
6 7 46 0 0.034 0.0163989 1 
7 7 46 0 0.03 0.0134562 1 
8 7 46 0 0.046 0.0130043 1 
9 7 46 0 0.044 0.0189292 1 
10 7 46 0.00398087 0.021 0.0179551 3 
11 7 46 0.00185822 0.031 0.00851786 3 
12 7 46 0 0.007 0.0133988 1 
13 7 46 0.0132065 0.002 0.0131085 13 
14 7 46 0.00276942 0.017 0.0129785 3 
15 7 46 0 0.043 0.0165444 1 
16 7 46 0 0.031 0.0106804 1 
17 7 46 0 0.001 0.0174987 1 
18 7 46 0.0024309 0.031 0.018215 2 
19 7 46 0.00234686 0.004 0.0161558 3 
20 7 46 0.00970074 0.025 0.0133419 6 
21 7 46 0 0.015 0.0150979 1 
22 7 46 0.0119633 0.009 0.0172154 19 
23 7 46 0 0.03 0.0134387 1 
24 7 46 0 0.039 0.0160372 1 
25 7 46 0.0123996 0.006 0.0123025 17 
26 7 46 0.0201343 0.018 0.0169433 11 
27 7 46 1.58565e-05 0.011 0.012435 2 
28 7 46 0.0024309 0.043 0.018038 2 
29 7 46 0 0.021 0.0170636 1 
30 7 46 0.0117233 0.035 0.0109274 4 
31 7 46 0 0.049 0.0142066 1 
32 7 46 0 0.031 0.0178002 1 
0 7 47 0 0.005 0.0125709 1 
1 7 47 0 0.015 0.0174257 1 
2 7 47 0 0.02 0.0179713 1 
3 7 47 0 0.043 0.0171012 1 
4 7 47 0.00445327 0.015 0.0152739 2 
5 7 47 0.00398479 0.024 0.016932 1 
6 7 47 0 0.011 0.0223255 1 
7 7 47 0.00190875 0.048 0.0120085 3 
8 7 47 0 0.033 0.0170516 1 
9 7 47 0.000499545 0.039 0.0140531 4 
10 7 47 0 0.038 0.0166659 1 
11 7 47 0 0.048 0.0177841 1 
12 7 47 0.00302699 0.009 0.0180243 7 
13 7 47 0.00274111 0.009 0.0185137 2 
14 7 47 0.0115227 0.012 0.0157329 9 
15 7 47 0 0.03 0.0172046 1 
16 7 47 0 0.045 0.0104066 1 
17 7 47 0.000661793 0.007 0.01252 2 
18 7 47 0.00265331 0.047 0.0148887 2 
19 7 47 0.00241821 0.03 0.0129032 5 
20 7 47 0 0.011 0.0121863 1 
21 7 47 0 0.029 0.0153032 1 
22 7 47 0.000813097 0.031 0.0151055 2 
23 7 47 0 0.031 0.015062 1 
24 7 47 0 0.006 0.0137763 1 
25 7 47 0.0100595 0.002 0.0118631 6 
26 7 47 0 0.019 0.0145237 1 
27 7 47 0 0.037 0.0147002 1 
28 7 47 0.00265331 0.032 0.0144452 2 
29 7 47 0 0.009 0.0145378 1 
30 7 47 0.00862867 0.012 0.0158587 2 
31 7 47 0.00548958 0.01 0.0132471 5 
32 7 47 0 0.038 0.0133612 1 
0 7 48 0 0.047 0.0121832 1 
1 7 48 0.00210837 0.035 0.0123853 2 
2 7 48 0 0.033 0.0139409 1 
3 7 48 0 0.015 0.0164892 1 
4 7 48 0 0.008 0.0117832 1 
5 7 48 0 0.021 0.0152045 1 
6 7 48 0 0.032 0.0182906 1 
7 7 48 0 0.014 0.0139424 1 
8 7 48 0.00626498 0.031 0.016442 1 
9 7 48 0.00383635 0.017 0.0164911 3 
10 7 48 0.00298576 0.024 0.0139948 2 
11 7 48 0 0.022 0.0171534 1 
12 7 48 0 0.042 0.0164707 1 
13 7 48 0 0.033 0.0146666 1 
14 7 48 0.018149 0.012 0.0188249 10 
15 7 48 0 0.012 0.0137365 1 
16 7 48 0 0.046 0.0155749 1 
17 7 48 0 0.018 0.0173054 1 
18 7 48 0.00243362 0.02 0.0156827 2 
19 7 48 0 0.014 0.0137971 1 
20 7 48 0.0112533 0.029 0.0163158 5 
21 7 48 0 0.008 0.00935206 1 
22 7 48 0 0.005 0.0172746 1 
23 7 48 0.00112937 0.022 0.0123973 4 
24 7 48 0 0.036 0.0158351 1 
25 7 48 0.00343852 0.034 0.0157134 3 
26 7 48 0 0.032 0.0116285 1 
27 7 48 0 0.044 0.0159271 1 
28 7 48 0 0.034 0.0170877 1 
29 7 48 0.00219579 0.026 0.0180005 2 
30 7 48 0.0111284 0.004 0.0134517 15 
31 7 48 0.0126446 0.016 0.0139873 4 
32 7 48 0 0.005 0.0214544 1 
0 7 49 0 0.019 0.0119981 1 
1 7 49 0 0.004 0.0148733 1 
2 7 49 0.00277608 0.031 0.0133525 2 
3 7 49 0 0.026 0.014174 1 
4 7 49 0.000526739 0.024 0.0170493 1 
5 7 49 0.00132054 0.018 0.0150059 1 
6 7 49 0 0.023 0.013141 1 
7 7 49 0 0.049 0.0149751 1 
8 7 49 0 0.047 0.0159217 1 
9 7 49 0 0.014 0.0162574 1 
10 7 49 0 0.036 0.0165207 1 
11 7 49 0 0.022 0.0175244 1 
12 7 49 1.68075e-05 0.001 0.0166214 2 
13 7 49 0 0.028 0.0131337 1 
14 7 49 0 0.025 0.0143841 1 
15 7 49 0 0.013 0.0174135 1 
16 7 49 0 0.021 0.0163938 1 
17 7 49 0 0.021 0.013812 1 
18 7 49 0 0.008 0.013122 1 
19 7 49 0.00920511 0.02 0.0161172 6 
20 7 49 0 0.008 0.0184504 1 
21 7 49 0 0.004 0.0169783 1 
22 7 49 0 0.049 0.0133324 1 
23 7 49 0 0.039 0.0137133 1 
24 7 49 0 0.037 0.016795 1 
25 7 49 0 0.018 0.0144461 1 
26 7 49 0.00424167 0.001 0.0157443 4 
27 7 49 0 0.019 0.0175527 1 
28 7 49 0 0.016 0.0173928 1 
29 7 49 0 0.03 0.0108756 1 
30 7 49 0.023215 0.014 0.0152343 15 
31 7 49 0.00202861 0.013 0.0153221 3 
32 7 49 0 0.015 0.0115757 1 
0 7 50 0.00389995 0.015 0.0171346 2 
1 7 50 0.0154741 0.012 0.0163361 13 
2 7 50 0.00135788 0.03 0.0122908 3 
3 7 50 0.0141614 0.025 0.0132427 6 
4 7 50 0.000653918 0.035 0.0162583 2 
5 7 50 0.00189745 0.049 0.0194736 1 
6 7 50 0 0.018 0.01351 1 
7 7 50 0.000589254 0.007 0.0140252 2 
8 7 50 0 0.028 0.0138399 1 
9 7 50 0.00414384 0.015 0.0113409 5 
10 7 50 0.000460728 0.004 0.0173606 3 
11 7 50 0.00231767 0.015 0.0143917 2 
12 7 50 0 0.008 0.0148397 1 
13 7 50 0 0.024 0.018415 1 
14 7 50 0.00205512 0.009 0.0139543 3 
15 7 50 0 0.032 0.019614 1 
16 7 50 0 0.02 0.0221937 1 
17 7 50 8.52599e-05 0.019 0.0135651 2 
18 7 50 0 0.04 0.0179637 1 
19 7 50 0.0127905 0.014 0.0185121 12 
20 7 50 0.00505113 0.018 0.00965424 7 
21 7 50 0 0.042 0.015255 1 
22 7 50 0 0.027 0.0176874 1 
23 7 50 0 0.019 0.0128565 1 
24 7 50 0 0.033 0.0156903 1 
25 7 50 0.0357607 0.006 0.0140792 29 
26 7 50 0.0181518 0.004 0.018011 18 
27 7 50 0 0.045 0.019527 1 
28 7 50 0 0.042 0.0158074 1 
29 7 50 0 0.019 0.0157447 1 
30 7 50 0.047886 0.002 0.0198627 50 
31 7 50 0 0.013 0.0165329 1 
32 7 50 0 0.028 0.0132042 1 
0 7 51 0 0.031 0.0144842 1 
1 7 51 0 0.015 0.0135739 1 
2 7 51 0 0.005 0.0136506 1 
3 7 51 0.0333734 0.01 0.0173135 24 
4 7 51 0 0.012 0.0139152 1 
5 7 51 0.0024744 0.026 0.0169514 1 
6 7 51 0 0.029 0.016176 1 
7 7 51 0.0317072 0.003 0.0147153 23 
8 7 51 0.00252307 0.009 0.0177066 3 
9 7 51 0 0.002 0.014846 1 
10 7 51 0.00445255 0.037 0.019089 3 
11 7 51 0.0027787 0.047 0.0165187 2 
12 7 51 0 0.037 0.0158198 1 
13 7 51 0 0.014 0.014978 1 
14 7 51 0.0189549 0.011 0.0157661 14 
15 7 51 0 0.033 0.018653 1 
16 7 51 0 0.049 0.0112866 1 
17 7 51 0.0144129 0.001 0.015548 15 
18 7 51 0.00265885 0.036 0.0133757 2 
19 7 51 0 0.007 0.0110476 1 
20 7 51 0.00390891 0.01 0.0111459 4 
21 7 51 0 0.011 0.0137748 1 
22 7 51 0.00024241 0.048 0.0128402 2 
23 7 51 0.000772611 0.015 0.0184194 5 
24 7 51 0 0.015 0.0142626 1 
25 7 51 0 0.028 0.0121455 1 
26 7 51 0.002539 0.001 0.0146112 2 
27 7 51 0 0.032 0.0137131 1 
28 7 51 0 0.004 0.0151132 1 
29 7 51 0 0.034 0.0165874 1 
30 7 51 0.00671577 0.031 0.0175261 8 
31 7 51 0 0.029 0.0172683 1 
32 7 51 0 0.025 0.0143799 1 
0 7 52 0.0168097 0.01 0.0154516 14 
1 7 52 0 0.045 0.0167957 1 
2 7 52 0.00239273 0.02 0.0173321 2 
3 7 52 0 0.042 0.0115257 1 
4 7 52 0.000657857 0.016 0.0159203 2 
5 7 52 0 0.031 0.0138361 1 
6 7 52 0.00196427 0.029 0.0177041 2 
7 7 52 0.00385256 0.01 0.0154312 7 
8 7 52 0.00111008 0.028 0.0152608 1 
9 7 52 0 0.01 0.0158199 1 
10 7 52 0 0.013 0.0173401 1 
11 7 52 0.00232057 0.014 0.0145211 2 
12 7 52 0 0.027 0.0140902 1 
13 7 52 0 0.001 0.0165931 1 
14 7 52 0.00947498 0.022 0.0168853 8 
15 7 52 0 0.002 0.0139609 1 
16 7 52 0 0.025 0.0124852 1 
17 7 52 0.0119749 0.011 0.0148954 13 
18 7 52 0.00243933 0.009 0.0153474 2 
19 7 52 0 0.048 0.0152654 1 
20 7 52 0.0112622 0.029 0.0148275 4 
21 7 52 0.00184551 0.042 0.0169877 2 
22 7 52 0.0132056 0.025 0.0151496 4 
23 7 52 0 0.01 0.0154613 1 
24 7 52 0.00243933 0.039 0.0157088 2 
25 7 52 0 0.009 0.0131624 1 
26 7 52 0.00110564 0.029 0.0167056 2 
27 7 52 0 0.015 0.0156163 1 
28 7 52 0 0.037 0.0188856 1 
29 7 52 0 0.017 0.0131359 1 
30 7 52 0.00084303 0.012 0.014495 4 
31 7 52 0 0.014 0.0151392 1 
32 7 52 0 0.028 0.0157933 1 
0 7 53 0 0.034 0.0165377 1 
1 7 53 0.00928691 0.025 0.0157724 7 
2 7 53 0.00278138 0.025 0.0172876 2 
3 7 53 0.0236654 0.009 0.0132402 17 
4 7 53 0.00017597 0.018 0.0144419 2 
5 7 53 0 0.019 0.0175282 1 
6 7 53 0 0.044 0.0174081 1 
7 7 53 0 0.015 0.0191955 1 
8 7 53 0 0.014 0.0180797 1 
9 7 53 0 0.005 0.0169927 1 
10 7 53 0.0034335 0.022 0.0219717 1 
11 7 53 0 0.027 0.0149728 1 
12 7 53 0 0.005 0.013959 1 
13 7 53 0.0123677 0.004 0.016408 18 
14 7 53 0 0.023 0.0140589 1 
15 7 53 0.00254182 0.007 0.0190557 2 
16 7 53 0 0.036 0.0145644 1 
17 7 53 0.00748966 0.031 0.0156062 7 
18 7 53 0 0.032 0.0142915 1 
19 7 53 0 0.047 0.0175492 1 
20 7 53 0 0.011 0.0149701 1 
21 7 53 0.0032605 0.01 0.0123226 2 
22 7 53 0.00835251 0.007 0.0111477 12 
23 7 53 0 0.011 0.0180627 1 
24 7 53 0 0.031 0.0145489 1 
25 7 53 0 0.025 0.0171132 1 
26 7 53 0 0.019 0.0115385 1 
27 7 53 0.00613329 0.036 0.0152388 4 
28 7 53 0 0.005 0.0147178 1 
29 7 53 0 0.005 0.0153298 1 
30 7 53 2.11558e-05 0.009 0.0152062 2 
31 7 53 0.00302094 0.041 0.0172847 2 
32 7 53 0 0.01 0.0144 1 
0 7 54 0 0.042 0.0172587 1 
1 7 54 0 0.04 0.0140474 1 
2 7 54 0 0.045 0.0153905 1 
3 7 54 0 0.042 0.0153572 1 
4 7 54 0 0.028 0.0161442 1 
5 7 54 0.000419889 0.017 0.0201782 1 
6 7 54 0 0.024 0.00983633 1 
7 7 54 0 0.004 0.0106519 1 
8 7 54 0.00226642 0.035 0.0203886 1 
9 7 54 0 0.033 0.0161518 1 
10 7 54 0.00401063 0.026 0.0158803 1 
11 7 54 0 0.008 0.0207305 1 
12 7 54 0 0.03 0.0155591 1 
13 7 54 0.00329164 0.01 0.013776 2 
14 7 54 0.0178715 0.006 0.0166137 17 
15 7 54 0 0.023 0.0161746 1 
16 7 54 0 0.015 0.0174828 1 
17 7 54 0.00358195 0.031 0.016433 3 
18 7 54 0 0.026 0.0194976 1 
19 7 54 0 0.014 0.0166796 1 
20 7 54 0.0172598 0.011 0.0138392 19 
21 7 54 0 0.015 0.0156099 1 
22 7 54 0 0.019 0.0159667 1 
23 7 54 0 0.049 0.0135909 1 
24 7 54 0 0.001 0.0178088 1 
25 7 54 0 0.015 0.013554 1 
26 7 54 0 0.034 0.0163978 1 
27 7 54 0 0.037 0.0156971 1 
28 7 54 0 0.019 0.0186389 1 
29 7 54 0 0.004 0.0117902 1 
30 7 54 0 0.032 0.0142189 1 
31 7 54 0.00293695 0.018 0.0138935 4 
32 7 54 7.95013e-05 0.004 0.0119719 2 
0 7 55 0.00328146 0.001 0.0170271 2 
1 7 55 0 0.046 0.0174197 1 
2 7 55 0 0.009 0.0141882 1 
3 7 55 0 0.046 0.0139699 1 
4 7 55 0.00017585 0.045 0.0136469 2 
5 7 55 0.00505847 0.04 0.0146841 2 
6 7 55 0.000334196 0.011 0.0146961 3 
7 7 55 0.00599171 0.036 0.0125709 4 
8 7 55 0.00124789 0.028 0.016464 3 
9 7 55 0 0.041 0.0138351 1 
10 7 55 0.00328051 0.045 0.0155896 2 
11 7 55 0 0.037 0.0171971 1 
12 7 55 0.015762 0.005 0.0173923 15 
13 7 55 0 0.01 0.0138503 1 
14 7 55 0.0001585 0.011 0.0113797 2 
15 7 55 0 0.007 0.0138301 1 
16 7 55 0 0.036 0.0149117 1 
17 7 55 0 0.041 0.0186211 1 
18 7 55 0 0.025 0.0170447 1 
19 7 55 0.0203824 0.011 0.0176863 13 
20 7 55 0 0.015 0.0164881 1 
21 7 55 0 0.045 0.0147178 1 
22 7 55 0.0230468 0.012 0.0185638 10 
23 7 55 0.0257345 0.015 0.0143785 9 
24 7 55 0 0.026 0.0167416 1 
25 7 55 0 0.047 0.013091 1 
26 7 55 0.0349087 0.003 0.0172875 17 
27 7 55 0 0.046 0.0182873 1 
28 7 55 0.00266434 0.001 0.0184102 2 
29 7 55 0 0.03 0.0195049 1 
30 7 55 0 0.029 0.0163164 1 
31 7 55 0.00771398 0.041 0.0134517 5 
32 7 55 0 0.034 0.014681 1 
0 7 56 0 0.036 0.0136063 1 
1 7 56 0.000133213 0.005 0.0138848 2 
2 7 56 0 0.028 0.0120622 1 
3 7 56 0.00936469 0.022 0.0150393 3 
4 7 56 0.000665876 0.011 0.0158447 2 
5 7 56 0.00124343 0.041 0.0155211 3 
6 7 56 0 0.041 0.0151028 1 
7 7 56 0 0.014 0.0149994 1 
8 7 56 0 0.008 0.0167799 1 
9 7 56 0.00172176 0.001 0.00953104 2 
10 7 56 0 0.031 0.0166823 1 
11 7 56 0 0.041 0.0124121 1 
12 7 56 0 0.012 0.0151435 1 
13 7 56 0.0282069 0.001 0.0161613 28 
14 7 56 0 0.022 0.0147629 1 
15 7 56 0 0.048 0.018743 1 
16 7 56 0.00256374 0.013 0.0126426 2 
17 7 56 0 0.034 0.0147386 1 
18 7 56 0 0.04 0.0156012 1 
19 7 56 0 0.025 0.0162335 1 
20 7 56 0.0113074 0.008 0.0122373 13 
21 7 56 0 0.031 0.0117944 1 
22 7 56 0.00656525 0.029 0.0138631 5 
23 7 56 0.0257317 0.015 0.0149255 11 
24 7 56 0 0.016 0.0123896 1 
25 7 56 0.00244299 0.018 0.0160747 4 
26 7 56 0 0.039 0.0139095 1 
27 7 56 0 0.023 0.0206237 1 
28 7 56 0 0.002 0.0144679 1 
29 7 56 0 0.029 0.0185167 1 
30 7 56 0 0.009 0.0186925 1 
31 7 56 0 0.025 0.0203839 1 
32 7 56 0 0.031 0.0205381 1 
0 7 57 0.0124601 0.009 0.0138636 11 
1 7 57 0 0.036 0.018209 1 
2 7 57 0 0.001 0.0160338 1 
3 7 57 0.00178031 0.002 0.0152537 3 
4 7 57 0 0.013 0.0158518 1 
5 7 57 0.00789425 0.013 0.0159985 3 
6 7 57 0 0.019 0.01616 1 
7 7 57 0 0.014 0.0164515 1 
8 7 57 0 0.046 0.0128007 1 
9 7 57 0 0.046 0.0160196 1 
10 7 57 0.00590308 0.046 0.0115673 4 
11 7 57 0 0.031 0.0152138 1 
12 7 57 0 0.046 0.0122887 1 
13 7 57 0.000285244 0.005 0.0125613 3 
14 7 57 0.00114413 0.015 0.01447 4 
15 7 57 0 0.015 0.0167579 1 
16 7 57 0 0.029 0.0129552 1 
17 7 57 0.0017843 0.002 0.0155348 2 
18 7 57 0 0.028 0.018192 1 
19 7 57 0 0.026 0.0163344 1 
20 7 57 0 0.033 0.0163801 1 
21 7 57 0 0.012 0.0149188 1 
22 7 57 0 0.017 0.0118605 1 
23 7 57 0.000149899 0.027 0.0159528 2 
24 7 57 0 0.039 0.0208697 1 
25 7 57 0 0.034 0.0171585 1 
26 7 57 0 0.038 0.0173886 1 
27 7 57 0.000397558 0.007 0.01576 2 
28 7 57 0 0.014 0.0165836 1 
29 7 57 0 0.027 0.0150661 1 
30 7 57 0.0251309 0.006 0.0169819 14 
31 7 57 0 0.003 0.0160752 1 
32 7 57 0 0.023 0.0153931 1 
0 7 58 0 0.009 0.016207 1 
1 7 58 0 0.003 0.0108981 1 
2 7 58 0.00232942 0.043 0.0161933 2 
3 7 58 0 0.048 0.0179053 1 
4 7 58 5.35286e-05 0.011 0.0137718 2 
5 7 58 0 0.041 0.014262 1 
6 7 58 0 0.002 0.0119459 1 
7 7 58 0 0.025 0.0180404 1 
8 7 58 0 0.018 0.0179922 1 
9 7 58 0.00232565 0.022 0.0131714 3 
10 7 58 0 0.001 0.0194585 1 
11 7 58 0.00198978 0.027 0.0141114 3 
12 7 58 0 0.019 0.0159565 1 
13 7 58 0.00459792 0.001 0.0166794 5 
14 7 58 0 0.015 0.0174973 1 
15 7 58 0 0.008 0.0180946 1 
16 7 58 0 0.023 0.0139607 1 
17 7 58 0 0.022 0.0151355 1 
18 7 58 0.00244796 0.048 0.0194165 2 
19 7 58 0.010572 0.003 0.0132999 11 
20 7 58 0 0.01 0.0187523 1 
21 7 58 0.000447519 0.037 0.0146641 4 
22 7 58 0.0192172 0.009 0.0157986 10 
23 7 58 0 0.044 0.0142288 1 
24 7 58 0 0.041 0.0153696 1 
25 7 58 0 0.033 0.0131732 1 
26 7 58 0.0186084 0.02 0.015639 4 
27 7 58 0 0.003 0.0132651 1 
28 7 58 0 0.04 0.0121599 1 
29 7 58 0.00174951 0.033 0.0149498 3 
30 7 58 0 0.032 0.0133125 1 
31 7 58 0 0.008 0.0134387 1 
32 7 58 0 0.008 0.0125177 1 
0 7 59 0.00255036 0.005 0.0200362 2 
1 7 59 0 0.043 0.0168688 1 
2 7 59 0 0.016 0.0144115 1 
3 7 59 0.0226686 0.009 0.0140153 13 
4 7 59 0.00254989 0.009 0.0155685 1 
5 7 59 0.000837663 0.012 0.0162338 4 
6 7 59 0 0.013 0.015283 1 
7 7 59 0 0.028 0.0171093 1 
8 7 59 0.00458287 0.041 0.0196213 2 
9 7 59 0 0.009 0.0144977 1 
10 7 59 0 0.045 0.0175887 1 
11 7 59 0 0.029 0.0170503 1 
12 7 59 0 0.009 0.0129315 1 
13 7 59 0 0.044 0.0155364 1 
14 7 59 0.00697579 0.023 0.0172768 7 
15 7 59 0 0.029 0.0158577 1 
16 7 59 0 0.015 0.0144434 1 
17 7 59 0.0232804 0.009 0.0145302 13 
18 7 59 0 0.047 0.0149906 1 
19 7 59 0.000346241 0.006 0.0150589 2 
20 7 59 0 0.02 0.0152793 1 
21 7 59 0 0.012 0.0164428 1 
22 7 59 0 0.017 0.0149028 1 
23 7 59 0.00089325 0.027 0.0147893 2 
24 7 59 0 0.022 0.0151106 1 
25 7 59 0 0.02 0.0196002 1 
26 7 59 0 0.012 0.0154576 1 
27 7 59 0.0162795 0.011 0.0181946 11 
28 7 59 0.00266992 0.027 0.0154899 2 
29 7 59 0 0.031 0.0165138 1 
30 7 59 0 0.001 0.0107515 1 
31 7 59 0 0.028 0.0123573 1 
32 7 59 0.00603799 0.002 0.0118894 2 
0 7 60 0 0.009 0.0138124 1 
1 7 60 0.0011348 0.048 0.0136119 2 
2 7 60 0 0.017 0.0148812 1 
3 7 60 0.00327158 0.005 0.0149256 5 
4 7 60 0.00312993 0.031 0.0163309 1 
5 7 60 0 0.019 0.015811 1 
6 7 60 0 0.041 0.0161661 1 
7 7 60 0 0.04 0.0217148 1 
8 7 60 0.00179315 0.025 0.0145716 2 
9 7 60 0 0.002 0.0109622 1 
10 7 60 0 0.013 0.0155692 1 
11 7 60 0 0.017 0.0165387 1 
12 7 60 0.000198306 0.001 0.0183997 2 
13 7 60 0 0.027 0.0137864 1 
14 7 60 0.00890363 0.016 0.0125597 6 
15 7 60 0 0.01 0.012183 1 
16 7 60 0.00256937 0.006 0.0162006 2 
17 7 60 0 0.022 0.00940726 1 
18 7 60 0 0.048 0.018285 1 
19 7 60 0.00273227 0.014 0.0162987 4 
20 7 60 0 0.036 0.0131587 1 
21 7 60 0 0.029 0.0104516 1 
22 7 60 0 0.048 0.0129046 1 
23 7 60 0.00161937 0.017 0.012766 2 
24 7 60 0 0.019 0.0120819 1 
25 7 60 0.0392785 0.004 0.0162406 23 
26 7 60 0 0.033 0.0135168 1 
27 7 60 0 0.048 0.0165389 1 
28 7 60 0 0.008 0.0160867 1 
29 7 60 0 0.004 0.0144206 1 
30 7 60 0.00439175 0.012 0.0141605 3 
31 7 60 0.00240145 0.049 0.0160792 3 
32 7 60 0.0036726 0.007 0.0118278 2 
