0 8 0 0.00963436 0.006 0.0209202 9 
1 8 0 0.0154924 0.004 0.0232638 9 
2 8 0 0 0.019 0.0297281 1 
3 8 0 0.000871 0.004 0.0277029 3 
4 8 0 0 0.036 0.104748 1 
5 8 0 0.00316039 0.016 0.139023 1 
6 8 0 0 0.038 0.0156955 2 
7 8 0 0 0.035 0.0271731 1 
8 8 0 1 0.001 0.0370041 2 
9 8 0 0 0.043 0.0241886 1 
10 8 0 0 0.015 0.0235215 1 
11 8 0 0 0.008 0.0303301 2 
12 8 0 0 0.033 0.0235102 1 
13 8 0 0 0.034 0.0249178 1 
14 8 0 0 0.035 0.026534 1 
15 8 0 0 0.007 0.02662 1 
16 8 0 0 0.046 0.0205117 1 
17 8 0 0 0.025 0.0288572 1 
18 8 0 0 0.011 0.0196981 1 
19 8 0 0.0193758 0.041 0.020122 3 
20 8 0 0 0.043 0.0239778 1 
21 8 0 0.00584899 0.04 0.0298581 2 
22 8 0 0.0278534 0.005 0.0286386 14 
23 8 0 0 0.034 0.0236681 1 
24 8 0 0 0.049 0.0287684 1 
25 8 0 0 0.005 0.0220468 1 
26 8 0 0.00136802 0.019 0.021111 3 
27 8 0 0 0.013 0.0239415 2 
28 8 0 0 0.044 0.0192802 1 
29 8 0 0 0.006 0.0264844 1 
30 8 0 0 0.037 0.020224 1 
31 8 0 0 0.002 0.024049 2 
32 8 0 0.00214798 0.011 0.0256834 3 
0 8 1 0 0.012 0.0247396 1 
1 8 1 0 0.017 0.0241906 1 
2 8 1 0 0.007 0.0203986 2 
3 8 1 0.010771 0.009 0.0281595 4 
4 8 1 0 0.04 0.143676 1 
5 8 1 0 0.039 0.173394 1 
6 8 1 0 0.025 0.0236904 1 
7 8 1 0 0.031 0.0302322 1 
8 8 1 0 0.023 0.336073 3 
9 8 1 0 0.049 0.0226482 1 
10 8 1 0 0.045 0.0288005 1 
11 8 1 0 0.019 0.0269278 1 
12 8 1 0 0.019 0.0234813 1 
13 8 1 0 0.04 0.0231257 1 
14 8 1 0.0225983 0.008 0.0226205 8 
15 8 1 0 0.025 0.0248511 1 
16 8 1 0 0.044 0.0231645 2 
17 8 1 0 0.036 0.0265646 1 
18 8 1 0 0.028 0.0277337 1 
19 8 1 0.00751477 0.048 0.0239403 2 
20 8 1 0 0.006 0.0216997 1 
21 8 1 0 0.027 0.0238136 1 
22 8 1 0 0.015 0.0293928 1 
23 8 1 0 0.032 0.0268403 1 
24 8 1 0 0.034 0.0258084 1 
25 8 1 0.00806997 0.006 0.0241946 6 
26 8 1 0 0.023 0.0300513 1 
27 8 1 0.00356657 0.021 0.0284912 2 
28 8 1 0 0.024 0.0261393 1 
29 8 1 0 0.037 0.0244644 1 
30 8 1 0 0.04 0.0243962 1 
31 8 1 0.0115887 0.003 0.0211507 1 
32 8 1 0 0.02 0.0239092 1 
0 8 2 0 0.048 0.0255951 1 
1 8 2 0.0123154 0.01 0.0254876 6 
2 8 2 0 0.046 0.03019 1 
3 8 2 0 0.027 0.0218752 1 
4 8 2 0 0.033 0.0788718 4 
5 8 2 0.0134961 0.042 0.0457996 3 
6 8 2 0 0.007 0.018666 1 
7 8 2 0 0.007 0.0249084 1 
8 8 2 9.87039e-05 0.015 0.0212859 2 
9 8 2 0 0.007 0.0244778 1 
10 8 2 0 0.007 0.0240557 1 
11 8 2 0 0.029 0.0270111 1 
12 8 2 0 0.026 0.0275639 1 
13 8 2 0 0.044 0.0229462 1 
14 8 2 0 0.005 0.0267346 1 
15 8 2 0 0.022 0.0267609 1 
16 8 2 0 0.048 0.0237471 1 
17 8 2 0 0.002 0.0267767 1 
18 8 2 0 0.002 0.0212606 1 
19 8 2 0 0.039 0.0262164 1 
20 8 2 0 0.036 0.0288571 1 
21 8 2 0.00757481 0.014 0.0323089 1 
22 8 2 0 0.028 0.026715 1 
23 8 2 0 0.021 0.0203832 1 
24 8 2 0 0.002 0.0233834 1 
25 8 2 0 0.003 0.0297322 1 
26 8 2 0.000129513 0.032 0.0208686 2 
27 8 2 0 0.018 0.0281342 1 
28 8 2 0 0.018 0.029586 1 
29 8 2 0 0.017 0.0252294 1 
30 8 2 0.00692407 0.028 0.0174841 4 
31 8 2 7.8149e-05 0.013 0.0205413 2 
32 8 2 0 0.007 0.0259833 1 
0 8 3 0 0.036 0.0306009 1 
1 8 3 0 0.003 0.0231976 1 
2 8 3 0 0.034 0.0285265 1 
3 8 3 0.0296939 0.003 0.0229404 25 
4 8 3 0 0.026 0.0226226 1 
5 8 3 0 0.018 0.16259 1 
6 8 3 0.000211175 0.021 0.0233119 2 
7 8 3 0 0.024 0.0189446 1 
8 8 3 0 0.047 0.120324 1 
9 8 3 0 0.002 0.0255897 1 
10 8 3 0 0.04 0.0224167 1 
11 8 3 0 0.025 0.0370133 1 
12 8 3 0.00593755 0.027 0.0267756 2 
13 8 3 0 0.04 0.0208747 1 
14 8 3 0 0.034 0.0145319 1 
15 8 3 0 0.027 0.0219723 1 
16 8 3 0 0.029 0.0259345 1 
17 8 3 0 0.049 0.0257064 1 
18 8 3 0 0.012 0.0266746 1 
19 8 3 0 0.031 0.0298926 1 
20 8 3 0.00456964 0.019 0.0263146 2 
21 8 3 0 0.049 0.0236695 1 
22 8 3 0.00833284 0.029 0.024644 2 
23 8 3 0.00549302 0.005 0.0257058 3 
24 8 3 0 0.031 0.023405 1 
25 8 3 0 0.041 0.0164172 1 
26 8 3 0.0003072 0.048 0.0282222 2 
27 8 3 0 0.042 0.0267754 1 
28 8 3 0 0.029 0.0233566 1 
29 8 3 0 0.046 0.0282053 1 
30 8 3 0 0.015 0.0247781 1 
31 8 3 0 0.039 0.0258059 1 
32 8 3 0 0.025 0.0119471 1 
0 8 4 0.0113552 0.002 0.0242835 7 
1 8 4 0 0.014 0.0232423 1 
2 8 4 0 0.024 0.0306496 1 
3 8 4 0.00115226 0.015 0.0249943 3 
4 8 4 0 0.036 0.03236 1 
5 8 4 0 0.021 0.026651 1 
6 8 4 0 0.015 0.030914 1 
7 8 4 0 0.023 0.0255564 1 
8 8 4 0 0.024 0.11503 1 
9 8 4 0.00621763 0.009 0.0204165 4 
10 8 4 0 0.008 0.153277 1 
11 8 4 0 0.036 0.0362788 3 
12 8 4 0.00410398 0.03 0.0236397 4 
13 8 4 0.00228491 0.004 0.0195251 4 
14 8 4 0 0.016 0.0228685 1 
15 8 4 0 0.032 0.0272429 1 
16 8 4 0 0.02 0.0265226 1 
17 8 4 0.0148452 0.038 0.0205809 3 
18 8 4 0 0.04 0.0304339 1 
19 8 4 0.000885353 0.015 0.0197245 2 
20 8 4 0 0.038 0.0250623 1 
21 8 4 0 0.02 0.0202915 1 
22 8 4 0 0.044 0.0271492 1 
23 8 4 0 0.005 0.026239 1 
24 8 4 0 0.009 0.016009 1 
25 8 4 0 0.029 0.0237522 1 
26 8 4 0 0.019 0.025051 1 
27 8 4 0 0.036 0.0260669 1 
28 8 4 0 0.043 0.0260847 1 
29 8 4 0 0.038 0.0286953 1 
30 8 4 0.0216087 0.015 0.0261507 7 
31 8 4 0 0.03 0.0259699 1 
32 8 4 0.000316864 0.002 0.0309958 3 
0 8 5 0.0216393 0.003 0.0216426 15 
1 8 5 0 0.033 0.0217727 1 
2 8 5 0 0.035 0.0253874 2 
3 8 5 0.00140811 0.001 0.0249296 3 
4 8 5 0.00388891 0.038 0.0236039 2 
5 8 5 0 0.037 0.160635 1 
6 8 5 0 0.038 0.025188 2 
7 8 5 0 0.023 0.0223325 1 
8 8 5 0 0.028 0.0305547 1 
9 8 5 0 0.007 0.025032 1 
10 8 5 0 0.03 0.0257699 1 
11 8 5 0 0.007 0.0192896 1 
12 8 5 0 0.036 0.027215 1 
13 8 5 0.00581193 0.029 0.0248272 3 
14 8 5 0 0.028 0.0212264 1 
15 8 5 0 0.02 0.0290043 1 
16 8 5 0 0.013 0.0296391 1 
17 8 5 0 0.033 0.0282136 1 
18 8 5 0 0.002 0.0249137 1 
19 8 5 0 0.001 0.025068 1 
20 8 5 0.00632871 0.023 0.0177428 3 
21 8 5 0.00979881 0.015 0.0346847 2 
22 8 5 0 0.042 0.0267045 1 
23 8 5 0 0.041 0.0244092 1 
24 8 5 0 0.032 0.0200755 1 
25 8 5 0.0035738 0.004 0.0253262 4 
26 8 5 0 0.032 0.0152229 1 
27 8 5 0.0134646 0.018 0.0201831 4 
28 8 5 1.18023e-05 0.031 0.0266306 2 
29 8 5 0 0.04 0.0230497 1 
30 8 5 0 0.035 0.0159096 1 
31 8 5 0.00399835 0.033 0.0241013 2 
32 8 5 0.00207083 0.018 0.0213654 2 
0 8 6 0.0117833 0.003 0.0209936 10 
1 8 6 0 0.004 0.028468 1 
2 8 6 0.000836381 0.028 0.0179019 2 
3 8 6 0 0.038 0.0229036 1 
4 8 6 0 0.029 0.129156 4 
5 8 6 0.00986916 0.012 0.0578362 2 
6 8 6 0 0.022 0.0223597 1 
7 8 6 0.00830474 0.04 0.023009 4 
8 8 6 0 0.008 0.0713498 1 
9 8 6 0 0.029 0.0219363 1 
10 8 6 0 0.004 0.025359 1 
11 8 6 0 0.002 0.0329877 1 
12 8 6 0.0180725 0.012 0.0213591 4 
13 8 6 0 0.036 0.0288252 1 
14 8 6 0.0486802 0.003 0.0228643 20 
15 8 6 0 0.003 0.0296664 1 
16 8 6 0 0.046 0.0273274 1 
17 8 6 0 0.018 0.0267318 1 
18 8 6 0 0.004 0.0298989 1 
19 8 6 0 0.025 0.0264064 1 
20 8 6 0.00358712 0.014 0.0233759 7 
21 8 6 0 0.04 0.0274371 1 
22 8 6 0 0.038 0.0221684 1 
23 8 6 0 0.017 0.0253459 1 
24 8 6 0 0.04 0.0261704 1 
25 8 6 0.0163238 0.007 0.0257273 6 
26 8 6 0.000291892 0.013 0.0286406 2 
27 8 6 0 0.026 0.0196776 1 
28 8 6 0 0.031 0.0257402 1 
29 8 6 0 0.02 0.016843 1 
30 8 6 0 0.032 0.0242138 1 
31 8 6 0 0.023 0.0311151 1 
32 8 6 0 0.01 0.0253681 1 
0 8 7 0.00966745 0.001 0.0263747 15 
1 8 7 0 0.004 0.0283832 1 
2 8 7 0 0.042 0.0217647 2 
3 8 7 0.0018224 0.015 0.0273621 2 
4 8 7 0.00260868 0.024 0.0271495 2 
5 8 7 0 0.016 0.0275076 1 
6 8 7 0 0.03 0.0208234 1 
7 8 7 0 0.004 0.0225496 1 
8 8 7 0.0144141 0.041 0.0470606 2 
9 8 7 0 0.041 0.0266572 1 
10 8 7 0 0.022 0.0245541 1 
11 8 7 0 0.039 0.0257631 1 
12 8 7 0.00365134 0.014 0.0196391 3 
13 8 7 0 0.033 0.0325514 1 
14 8 7 0 0.021 0.0199638 1 
15 8 7 0 0.028 0.0234199 1 
16 8 7 0 0.003 0.0268539 1 
17 8 7 0 0.046 0.0223045 1 
18 8 7 0 0.022 0.0196474 1 
19 8 7 0 0.004 0.021163 1 
20 8 7 0.00359132 0.009 0.0293125 3 
21 8 7 0 0.034 0.0200116 1 
22 8 7 0 0.017 0.0240999 1 
23 8 7 0 0.02 0.0268276 5 
24 8 7 0 0.012 0.0244076 1 
25 8 7 0.0149893 0.034 0.0194529 2 
26 8 7 0.00417566 0.036 0.0221597 2 
27 8 7 0 0.029 0.0234549 1 
28 8 7 0 0.032 0.0176957 1 
29 8 7 0 0.046 0.0226723 1 
30 8 7 0 0.04 0.0242399 1 
31 8 7 0 0.022 0.0255263 1 
32 8 7 0 0.001 0.0208919 1 
0 8 8 0 0.028 0.0188187 1 
1 8 8 0 0.041 0.0210619 1 
2 8 8 0 0.039 0.02388 1 
3 8 8 0 0.037 0.0262235 1 
4 8 8 0 0.038 0.024299 1 
5 8 8 0 0.049 0.153744 1 
6 8 8 0 0.03 0.0171543 1 
7 8 8 0.00148023 0.015 0.0291963 2 
8 8 8 0 0.003 0.0240343 1 
9 8 8 0 0.037 0.0259621 1 
10 8 8 0 0.003 0.0257745 1 
11 8 8 0 0.035 0.0242273 1 
12 8 8 0 0.041 0.0255073 1 
13 8 8 0 0.009 0.0215609 1 
14 8 8 0.0705348 0.002 0.029696 24 
15 8 8 0 0.036 0.0262057 1 
16 8 8 2.50593e-05 0.002 0.0203023 2 
17 8 8 0 0.008 0.0221108 1 
18 8 8 0 0.022 0.0318183 1 
19 8 8 0 0.022 0.0244665 1 
20 8 8 0 0.009 0.0220973 1 
21 8 8 0.0118608 0.023 0.040299 1 
22 8 8 0 0.041 0.0279844 1 
23 8 8 0 0.013 0.0252409 1 
24 8 8 4.60288e-05 0.042 0.0258924 2 
25 8 8 0 0.038 0.024502 1 
26 8 8 0.00463826 0.001 0.023808 4 
27 8 8 0 0.015 0.0189206 1 
28 8 8 0 0.026 0.0253135 1 
29 8 8 0 0.016 0.0357636 1 
30 8 8 0.0437708 0.006 0.0227009 16 
31 8 8 0.000214593 0.042 0.0230217 2 
32 8 8 0 0.011 0.0210689 1 
0 8 9 0 0.015 0.0223298 1 
1 8 9 0 0.014 0.0218317 1 
2 8 9 0 0.024 0.0186837 1 
3 8 9 0 0.031 0.0221801 1 
4 8 9 0.00390185 0.018 0.0272739 2 
5 8 9 0 0.015 0.161848 1 
6 8 9 0 0.019 0.0278037 1 
7 8 9 0.00228628 0.006 0.0235986 3 
8 8 9 0 0.045 0.102388 1 
9 8 9 0.00794512 0.004 0.0214483 4 
10 8 9 0 0.033 0.138508 1 
11 8 9 0 0.018 0.0240559 2 
12 8 9 0 0.018 0.0321398 1 
13 8 9 0 0.04 0.0254249 1 
14 8 9 0 0.039 0.0217562 1 
15 8 9 0 0.018 0.0235292 1 
16 8 9 0 0.046 0.0171568 1 
17 8 9 0 0.048 0.0187578 1 
18 8 9 0 0.047 0.0295765 1 
19 8 9 0 0.044 0.0281647 1 
20 8 9 0 0.012 0.022502 1 
21 8 9 0.000361488 0.024 0.0282788 3 
22 8 9 0.00447801 0.047 0.0268014 2 
23 8 9 0 0.011 0.0248422 1 
24 8 9 0 0.023 0.027584 1 
25 8 9 0 0.024 0.0233427 1 
26 8 9 0.0105558 0.037 0.0194489 3 
27 8 9 0 0.038 0.028707 1 
28 8 9 0 0.009 0.032217 1 
29 8 9 0 0.032 0.0195877 1 
30 8 9 0 0.021 0.027364 1 
31 8 9 0 0.015 0.0211797 2 
32 8 9 0 0.043 0.0230819 1 
0 8 10 0.00448342 0.009 0.0249223 3 
1 8 10 0 0.024 0.0187838 1 
2 8 10 0 0.001 0.0172846 1 
3 8 10 0 0.001 0.0208571 1 
4 8 10 0.00680746 0.003 0.0592682 2 
5 8 10 8.61361e-05 0.033 0.17814 1 
6 8 10 0 0.015 0.0267307 1 
7 8 10 0.00304678 0.03 0.020507 2 
8 8 10 0 0.032 0.119436 1 
9 8 10 0.0852531 0.001 0.0231895 43 
10 8 10 0 0.049 0.132265 1 
11 8 10 0 0.04 0.026366 1 
12 8 10 0 0.043 0.0222453 1 
13 8 10 0 0.048 0.0269371 1 
14 8 10 0 0.032 0.0257013 1 
15 8 10 0 0.028 0.0261495 1 
16 8 10 0 0.049 0.0291771 1 
17 8 10 0.0153951 0.006 0.0278041 6 
18 8 10 0 0.019 0.0273489 1 
19 8 10 0 0.039 0.0221062 1 
20 8 10 0 0.006 0.024413 1 
21 8 10 0 0.041 0.0196641 3 
22 8 10 0 0.013 0.0229739 1 
23 8 10 0 0.017 0.0294167 1 
24 8 10 0 0.043 0.0193836 1 
25 8 10 0 0.047 0.0240296 1 
26 8 10 0 0.034 0.0185057 1 
27 8 10 0.0457458 0.007 0.0275023 14 
28 8 10 0 0.043 0.0270411 1 
29 8 10 8.8182e-05 0.029 0.0184886 2 
30 8 10 0 0.046 0.0260216 1 
31 8 10 0 0.033 0.0282371 1 
32 8 10 0.0144728 0.001 0.0232274 10 
0 8 11 0 0.026 0.0211999 1 
1 8 11 0 0.001 0.0219662 1 
2 8 11 0 0.039 0.022739 1 
3 8 11 0 0.024 0.0255494 1 
4 8 11 0 0.017 0.0243412 1 
5 8 11 0.0114691 0.034 0.0552577 2 
6 8 11 0 0.003 0.0219502 1 
7 8 11 0.00140856 0.001 0.0272969 2 
8 8 11 0.00725126 0.044 0.0245488 2 
9 8 11 0 0.046 0.0239329 1 
10 8 11 0 0.048 0.128427 1 
11 8 11 0 0.015 0.0326988 1 
12 8 11 0.00779119 0.007 0.0239174 4 
13 8 11 0.00527932 0.01 0.0233893 3 
14 8 11 0 0.041 0.0215428 1 
15 8 11 0 0.019 0.022591 1 
16 8 11 0 0.045 0.0216087 1 
17 8 11 0.00074882 0.002 0.0226254 2 
18 8 11 0 0.019 0.0229156 1 
19 8 11 0 0.031 0.0282334 1 
20 8 11 0.00463493 0.011 0.0255847 2 
21 8 11 0.0258756 0.013 0.025765 3 
22 8 11 0.00133574 0.008 0.0202733 3 
23 8 11 0.0180402 0.001 0.0237148 12 
24 8 11 0 0.018 0.0305117 1 
25 8 11 0 0.027 0.0232845 1 
26 8 11 0 0.031 0.0191947 1 
27 8 11 0 0.007 0.0216424 1 
28 8 11 0 0.004 0.0235307 1 
29 8 11 0.00508265 0.048 0.0192048 2 
30 8 11 0 0.035 0.0226486 1 
31 8 11 1.58503e-06 0.022 0.0262979 2 
32 8 11 0 0.032 0.0173367 1 
0 8 12 0.00496032 0.014 0.0224839 3 
1 8 12 0.00447672 0.01 0.0256529 2 
2 8 12 0 0.044 0.0240706 1 
3 8 12 0 0.002 0.0288574 1 
4 8 12 0.0039675 0.044 0.0696475 3 
5 8 12 0 0.014 0.0198075 1 
6 8 12 0 0.041 0.0336868 1 
7 8 12 0.00061617 0.031 0.0219185 2 
8 8 12 0 0.03 0.12088 1 
9 8 12 0 0.021 0.0274388 1 
10 8 12 0 0.022 0.127266 1 
11 8 12 1.80242e-06 0.045 0.0223892 2 
12 8 12 0 0.006 0.0296297 1 
13 8 12 0.0445365 0.003 0.026457 14 
14 8 12 0.0760964 0.003 0.0255837 32 
15 8 12 0 0.036 0.0258967 1 
16 8 12 0 0.009 0.0221596 1 
17 8 12 0.0596279 0.002 0.0278739 29 
18 8 12 0 0.049 0.0231341 1 
19 8 12 0 0.003 0.0272808 1 
20 8 12 0 0.049 0.016175 1 
21 8 12 0.00585455 0.002 0.0250519 2 
22 8 12 0 0.022 0.0226105 1 
23 8 12 0 0.007 0.0196821 1 
24 8 12 0 0.001 0.0227033 1 
25 8 12 0 0.018 0.0280886 1 
26 8 12 0.00890565 0.037 0.0234349 2 
27 8 12 0 0.044 0.0236174 1 
28 8 12 5.81035e-07 0.029 0.0270528 2 
29 8 12 3.0238e-06 0.045 0.0277731 2 
30 8 12 0 0.008 0.0162391 1 
31 8 12 0 0.023 0.0311325 1 
32 8 12 0 0.04 0.0232173 1 
0 8 13 0 0.045 0.0204236 1 
1 8 13 0 0.042 0.0241174 1 
2 8 13 0 0.036 0.0259143 2 
3 8 13 0 0.028 0.0247616 1 
4 8 13 0 0.019 0.154062 1 
5 8 13 0.00297703 0.015 0.154339 1 
6 8 13 0 0.008 0.029371 1 
7 8 13 0.00286437 0.002 0.0276091 3 
8 8 13 0 0.034 0.119095 1 
9 8 13 0.00929867 0.015 0.0235844 4 
10 8 13 0.00607157 0.02 0.0520981 2 
11 8 13 0.00107897 0.006 0.0177837 2 
12 8 13 0 0.035 0.0250212 1 
13 8 13 0 0.021 0.0277178 1 
14 8 13 0 0.001 0.0239433 1 
15 8 13 0 0.032 0.0241251 1 
16 8 13 0 0.02 0.0219176 1 
17 8 13 0 0.042 0.0324965 1 
18 8 13 0 0.013 0.0283335 1 
19 8 13 0 0.048 0.0206368 1 
20 8 13 0 0.031 0.0196814 1 
21 8 13 0 0.037 0.0517803 2 
22 8 13 0 0.049 0.020876 1 
23 8 13 0 0.049 0.0258971 1 
24 8 13 0 0.02 0.0247585 2 
25 8 13 0 0.025 0.0191356 1 
26 8 13 0 0.014 0.0265821 1 
27 8 13 0 0.028 0.0241941 1 
28 8 13 0 0.032 0.0266158 1 
29 8 13 0 0.009 0.0254983 2 
30 8 13 0 0.036 0.0265078 1 
31 8 13 0 0.014 0.0296606 1 
32 8 13 0 0.011 0.0260079 2 
0 8 14 0 0.002 0.0307972 1 
1 8 14 0.0238865 0.001 0.0215869 14 
2 8 14 0 0.039 0.0219829 1 
3 8 14 0.0201354 0.007 0.0287188 8 
4 8 14 0 0.023 0.0249338 1 
5 8 14 0 0.043 0.144568 1 
6 8 14 0 0.027 0.0227294 1 
7 8 14 0.00444905 0.012 0.0191689 4 
8 8 14 0.00879662 0.039 0.0458469 2 
9 8 14 0 0.043 0.0243623 1 
10 8 14 0 0.001 0.0267796 1 
11 8 14 1.93012e-06 0.017 0.0264535 2 
12 8 14 0 0.043 0.0206258 1 
13 8 14 0.00784523 0.009 0.0267085 6 
14 8 14 0.0137246 0.01 0.0267571 7 
15 8 14 0 0.048 0.0268846 1 
16 8 14 0 0.043 0.0327493 1 
17 8 14 0.000394074 0.011 0.0232099 2 
18 8 14 0 0.039 0.0307553 1 
19 8 14 0.000281108 0.004 0.0181245 3 
20 8 14 0 0.049 0.0233614 1 
21 8 14 0 0.047 0.0229962 1 
22 8 14 0 0.03 0.02762 1 
23 8 14 0 0.005 0.0206945 1 
24 8 14 0 0.049 0.0240042 1 
25 8 14 0.00881271 0.001 0.0259562 7 
26 8 14 0.0079757 0.007 0.0264297 4 
27 8 14 0.00204029 0.013 0.0256478 2 
28 8 14 0 0.024 0.0191343 1 
29 8 14 3.15353e-06 0.042 0.0255005 2 
30 8 14 0.000611767 0.021 0.0265753 2 
31 8 14 0 0.036 0.0340262 1 
32 8 14 0.00401334 0.027 0.0150516 2 
0 8 15 0 0.025 0.0219381 1 
1 8 15 0.0122373 0.019 0.0211546 5 
2 8 15 0 0.04 0.0307432 1 
3 8 15 0 0.047 0.0271467 1 
4 8 15 0 0.021 0.159584 1 
5 8 15 0.00793317 0.03 0.055979 3 
6 8 15 0 0.009 0.020441 1 
7 8 15 0 0.018 0.0280552 1 
8 8 15 0 0.028 0.0273479 1 
9 8 15 0 0.003 0.0241145 1 
10 8 15 0 0.021 0.0244992 1 
11 8 15 0 0.038 0.0310359 1 
12 8 15 0.00769732 0.017 0.0253104 4 
13 8 15 0 0.043 0.018868 1 
14 8 15 0.0134027 0.001 0.0218064 6 
15 8 15 0 0.015 0.0232537 2 
16 8 15 0 0.012 0.0327225 1 
17 8 15 0 0.008 0.0318318 1 
18 8 15 0 0.045 0.0287248 1 
19 8 15 0.0200555 0.033 0.0232023 7 
20 8 15 0.00995296 0.006 0.0179498 4 
21 8 15 0 0.039 0.0217353 1 
22 8 15 0 0.013 0.0217244 1 
23 8 15 0 0.028 0.0225237 1 
24 8 15 0 0.014 0.0204547 1 
25 8 15 0 0.01 0.0250672 1 
26 8 15 0.000471515 0.019 0.0226532 3 
27 8 15 0 0.004 0.0253691 1 
28 8 15 0 0.039 0.0164887 1 
29 8 15 0 0.016 0.02437 1 
30 8 15 0.000419123 0.011 0.0216855 3 
31 8 15 0 0.038 0.0202889 1 
32 8 15 0 0.038 0.0206195 1 
0 8 16 0 0.027 0.0215391 1 
1 8 16 0.00357188 0.003 0.0186069 2 
2 8 16 0 0.031 0.0250636 1 
3 8 16 0 0.004 0.0216618 1 
4 8 16 0 0.005 0.169178 1 
5 8 16 0 0.043 0.027265 1 
6 8 16 5.59861e-06 0.028 0.0335383 2 
7 8 16 0.00613525 0.011 0.0213374 4 
8 8 16 0 0.043 0.126261 1 
9 8 16 0 0.047 0.015991 1 
10 8 16 0 0.018 0.137077 1 
11 8 16 0 0.022 0.0287504 1 
12 8 16 0 0.014 0.0245145 1 
13 8 16 0 0.044 0.0295749 1 
14 8 16 0 0.016 0.0184908 1 
15 8 16 0 0.019 0.0284052 1 
16 8 16 0 0.004 0.0266159 1 
17 8 16 0 0.038 0.0208151 1 
18 8 16 0 0.035 0.0286169 1 
19 8 16 0 0.048 0.0235882 1 
20 8 16 0.00761863 0.021 0.0255297 2 
21 8 16 0 0.031 0.0301704 1 
22 8 16 0 0.032 0.0264193 1 
23 8 16 0.0025303 0.002 0.0226283 4 
24 8 16 6.96179e-07 0.044 0.0265494 2 
25 8 16 0 0.014 0.0252536 1 
26 8 16 0 0.005 0.0277533 1 
27 8 16 0.0429698 0.008 0.0196693 10 
28 8 16 0 0.04 0.0178815 1 
29 8 16 0 0.011 0.0227176 1 
30 8 16 0.0238642 0.002 0.0246419 9 
31 8 16 0.00136466 0.034 0.0265287 3 
32 8 16 0 0.006 0.0250915 1 
0 8 17 0 0.044 0.0265773 1 
1 8 17 0.00941048 0.02 0.017256 8 
2 8 17 0 0.015 0.0262867 1 
3 8 17 0 0.027 0.0263084 1 
4 8 17 0.00157204 0.032 0.0170282 2 
5 8 17 0 0.005 0.0225132 1 
6 8 17 0 0.039 0.022064 1 
7 8 17 9.65243e-05 0.024 0.0251548 2 
8 8 17 0 0.027 0.128613 1 
9 8 17 0 0.021 0.0304725 2 
10 8 17 0 0.03 0.0257903 1 
11 8 17 0 0.04 0.0265395 1 
12 8 17 0.00621745 0.01 0.0263944 5 
13 8 17 0 0.005 0.0200599 1 
14 8 17 0 0.045 0.024723 1 
15 8 17 0 0.023 0.0270411 1 
16 8 17 0 0.014 0.0274367 1 
17 8 17 0.0148239 0.001 0.0226918 7 
18 8 17 0 0.027 0.0251145 1 
19 8 17 0 0.03 0.0208001 1 
20 8 17 0 0.047 0.0218876 1 
21 8 17 0 0.048 0.043778 1 
22 8 17 0 0.001 0.0250065 1 
23 8 17 0.0478204 0.002 0.026558 16 
24 8 17 0 0.032 0.0227464 2 
25 8 17 0 0.033 0.0210038 1 
26 8 17 0.00931331 0.004 0.0240657 5 
27 8 17 0 0.015 0.022074 1 
28 8 17 0 0.039 0.0256249 1 
29 8 17 0 0.037 0.0198686 1 
30 8 17 0 0.022 0.0230281 1 
31 8 17 0 0.044 0.0299054 1 
32 8 17 0.00652425 0.001 0.0260983 2 
0 8 18 0 0.019 0.0277578 1 
1 8 18 0 0.02 0.0323306 1 
2 8 18 0 0.029 0.0211919 1 
3 8 18 0 0.032 0.0222696 1 
4 8 18 0 0.01 0.0196726 1 
5 8 18 0 0.019 0.145211 1 
6 8 18 0 0.043 0.0244761 1 
7 8 18 0 0.036 0.028163 1 
8 8 18 0 0.003 0.106943 1 
9 8 18 0 0.032 0.0208927 1 
10 8 18 0 0.024 0.146791 1 
11 8 18 0 0.005 0.0204464 1 
12 8 18 0 0.032 0.020436 1 
13 8 18 0 0.01 0.0253887 1 
14 8 18 0 0.044 0.0226965 1 
15 8 18 0 0.019 0.0235977 2 
16 8 18 0 0.01 0.0294026 1 
17 8 18 0.0239126 0.011 0.0227013 5 
18 8 18 5.63762e-07 0.019 0.0274607 2 
19 8 18 0 0.004 0.0219099 1 
20 8 18 0 0.038 0.0252438 1 
21 8 18 0 0.033 0.0229968 1 
22 8 18 0 0.033 0.020538 1 
23 8 18 0 0.034 0.0222187 1 
24 8 18 5.63762e-07 0.039 0.0220545 2 
25 8 18 0 0.02 0.0275948 1 
26 8 18 0 0.024 0.0221827 1 
27 8 18 0 0.031 0.0246818 1 
28 8 18 0 0.004 0.022017 1 
29 8 18 0 0.008 0.0324 1 
30 8 18 0 0.032 0.0288896 1 
31 8 18 0 0.043 0.0366702 1 
32 8 18 0 0.009 0.0262039 1 
0 8 19 0 0.04 0.0259763 1 
1 8 19 0.00119613 0.008 0.0256397 3 
2 8 19 0 0.02 0.0264152 1 
3 8 19 0 0.045 0.0185525 1 
4 8 19 0 0.026 0.162951 1 
5 8 19 0 0.029 0.162455 1 
6 8 19 0 0.047 0.0299884 1 
7 8 19 0.0123927 0.013 0.0224979 4 
8 8 19 0.000105508 0.046 0.0212266 2 
9 8 19 0.0508237 0.005 0.0214406 22 
10 8 19 0 0.034 0.0319411 1 
11 8 19 0 0.031 0.0220214 1 
12 8 19 0.0193405 0.003 0.0287902 8 
13 8 19 0 0.037 0.0226131 1 
14 8 19 0 0.018 0.0220705 1 
15 8 19 0 0.016 0.0228897 1 
16 8 19 0 0.032 0.0249773 1 
17 8 19 0.0162199 0.024 0.020952 2 
18 8 19 0 0.009 0.0260444 1 
19 8 19 0 0.041 0.0250221 1 
20 8 19 0 0.021 0.0247321 1 
21 8 19 0 0.012 0.0264353 1 
22 8 19 0.0113964 0.026 0.0201349 4 
23 8 19 0.00598371 0.023 0.0258754 2 
24 8 19 0 0.03 0.0270127 2 
25 8 19 0.00598942 0.017 0.0207308 4 
26 8 19 0.0136522 0.008 0.0261738 4 
27 8 19 0.0258588 0.001 0.0246356 19 
28 8 19 0 0.004 0.0216885 1 
29 8 19 0 0.036 0.02997 1 
30 8 19 0 0.045 0.0195531 1 
31 8 19 0 0.036 0.0220744 1 
32 8 19 0 0.01 0.0286924 1 
0 8 20 0.00372085 0.009 0.0225503 6 
1 8 20 0 0.021 0.027235 1 
2 8 20 0 0.007 0.0281303 1 
3 8 20 0 0.044 0.0307612 1 
4 8 20 0 0.04 0.150288 1 
5 8 20 0.00735565 0.021 0.0773035 2 
6 8 20 0 0.009 0.0270406 1 
7 8 20 0 0.024 0.0254206 1 
8 8 20 0 0.008 0.12381 1 
9 8 20 0 0.028 0.0239925 1 
10 8 20 0 0.003 0.139928 1 
11 8 20 0 0.03 0.0164985 1 
12 8 20 0 0.022 0.023995 1 
13 8 20 0 0.019 0.0213081 1 
14 8 20 0 0.017 0.0166524 1 
15 8 20 0 0.025 0.0228122 1 
16 8 20 0 0.023 0.0290455 1 
17 8 20 0 0.002 0.0236585 1 
18 8 20 0 0.035 0.0273529 1 
19 8 20 0.00121697 0.023 0.024951 2 
20 8 20 0 0.001 0.0272554 1 
21 8 20 0 0.035 0.0285674 1 
22 8 20 0 0.045 0.021939 1 
23 8 20 0 0.041 0.0177248 1 
24 8 20 0 0.028 0.023827 1 
25 8 20 0 0.003 0.0224692 1 
26 8 20 0.000118199 0.011 0.0252203 2 
27 8 20 0 0.034 0.0212138 1 
28 8 20 0 0.041 0.0217813 1 
29 8 20 0 0.001 0.0187799 1 
30 8 20 0.0232796 0.008 0.021359 12 
31 8 20 0 0.036 0.0284927 1 
32 8 20 0.00178144 0.005 0.0201972 2 
0 8 21 0 0.004 0.0240974 1 
1 8 21 0 0.048 0.0335137 1 
2 8 21 0 0.027 0.0272072 1 
3 8 21 0.0085411 0.019 0.0194428 3 
4 8 21 0 0.038 0.146913 1 
5 8 21 0 0.036 0.0244234 1 
6 8 21 0 0.021 0.0228505 1 
7 8 21 0 0.047 0.0335413 1 
8 8 21 0.000641719 0.025 0.126891 1 
9 8 21 0 0.002 0.0188545 1 
10 8 21 0 0.036 0.145175 1 
11 8 21 0 0.042 0.0179559 1 
12 8 21 0 0.019 0.0227644 1 
13 8 21 0 0.005 0.0240697 1 
14 8 21 0 0.048 0.0235541 1 
15 8 21 0 0.033 0.0277887 1 
16 8 21 0 0.011 0.0208618 1 
17 8 21 0 0.024 0.0168976 1 
18 8 21 0 0.036 0.0259787 1 
19 8 21 0 0.041 0.0260566 1 
20 8 21 0 0.037 0.0240525 1 
21 8 21 0 0.014 0.0257623 1 
22 8 21 0 0.02 0.0212716 1 
23 8 21 0 0.04 0.029724 1 
24 8 21 0 0.018 0.0266935 1 
25 8 21 0.00994032 0.03 0.0187419 2 
26 8 21 0.0177734 0.004 0.0251507 11 
27 8 21 0.00468341 0.014 0.0249186 2 
28 8 21 0 0.043 0.0267305 1 
29 8 21 0 0.032 0.0262825 1 
30 8 21 0 0.018 0.0265572 1 
31 8 21 0 0.003 0.0256138 1 
32 8 21 0 0.047 0.0293869 1 
0 8 22 0 0.008 0.0233887 1 
1 8 22 0 0.025 0.0276412 1 
2 8 22 0 0.028 0.0239135 1 
3 8 22 0.00104208 0.004 0.0274226 3 
4 8 22 0 0.042 0.158014 1 
5 8 22 0.0086935 0.045 0.0644172 2 
6 8 22 0 0.006 0.0327574 1 
7 8 22 0 0.007 0.0243481 1 
8 8 22 0 0.022 0.0284425 1 
9 8 22 0 0.032 0.0195242 1 
10 8 22 0.00215815 0.007 0.0620465 3 
11 8 22 0 0.003 0.0258143 1 
12 8 22 0 0.034 0.0208452 1 
13 8 22 0 0.004 0.0202386 1 
14 8 22 0 0.031 0.0246258 1 
15 8 22 0 0.034 0.0230237 2 
16 8 22 0 0.005 0.0289449 1 
17 8 22 0 0.023 0.0249562 1 
18 8 22 0 0.045 0.0284804 1 
19 8 22 0.0247333 0.014 0.0269058 7 
20 8 22 0 0.031 0.024015 1 
21 8 22 0 0.048 0.0209185 1 
22 8 22 0 0.004 0.0264319 1 
23 8 22 0 0.013 0.0325317 1 
24 8 22 0 0.028 0.0227915 1 
25 8 22 0 0.011 0.0259165 1 
26 8 22 0 0.028 0.0221112 1 
27 8 22 0 0.001 0.0231599 2 
28 8 22 7.07526e-07 0.001 0.0254397 2 
29 8 22 3.17032e-06 0.044 0.0269344 2 
30 8 22 0.0192839 0.006 0.0261755 7 
31 8 22 0 0.025 0.0242064 1 
32 8 22 0 0.034 0.0285722 1 
0 8 23 0 0.003 0.020129 1 
1 8 23 0 0.015 0.0280987 1 
2 8 23 0 0.009 0.0263988 1 
3 8 23 0 0.016 0.0199645 1 
4 8 23 0 0.006 0.143232 1 
5 8 23 0 0.034 0.0251669 1 
6 8 23 0 0.016 0.0190543 2 
7 8 23 0 0.036 0.0245254 1 
8 8 23 0 0.022 0.343078 3 
9 8 23 0.00840501 0.014 0.0245523 3 
10 8 23 0 0.038 0.0273758 1 
11 8 23 0 0.034 0.0245202 1 
12 8 23 0.00490523 0.003 0.021077 2 
13 8 23 0 0.008 0.0295343 1 
14 8 23 0 0.029 0.0213996 1 
15 8 23 0 0.025 0.0330302 1 
16 8 23 0 0.026 0.0262528 1 
17 8 23 0 0.002 0.0216469 1 
18 8 23 0 0.039 0.0314337 2 
19 8 23 0.00445051 0.029 0.0207729 3 
20 8 23 0.00307236 0.032 0.0265914 5 
21 8 23 0.00937427 0.038 0.0165626 4 
22 8 23 0 0.047 0.0252503 1 
23 8 23 0 0.042 0.0265203 1 
24 8 23 0 0.022 0.0226043 1 
25 8 23 0.00162824 0.01 0.0212044 2 
26 8 23 0 0.038 0.028694 1 
27 8 23 0 0.038 0.0219374 1 
28 8 23 0 0.036 0.0247031 1 
29 8 23 0 0.006 0.0190821 1 
30 8 23 0.00538241 0.014 0.0212814 5 
31 8 23 0 0.025 0.0264832 1 
32 8 23 0.000584525 0.028 0.0185729 2 
0 8 24 0 0.047 0.026759 1 
1 8 24 0.00657776 0.036 0.0197947 5 
2 8 24 0 0.045 0.0285214 1 
3 8 24 0 0.007 0.0172087 1 
4 8 24 0 0.016 0.156913 1 
5 8 24 0 0.003 0.0253213 1 
6 8 24 0 0.048 0.0169728 1 
7 8 24 0 0.003 0.0258844 1 
8 8 24 0.00266371 0.041 0.129281 1 
9 8 24 0 0.036 0.0195508 1 
10 8 24 0 0.025 0.0179593 1 
11 8 24 0 0.042 0.0178646 1 
12 8 24 0 0.003 0.026415 1 
13 8 24 0 0.022 0.021148 1 
14 8 24 0.0150607 0.001 0.0198428 6 
15 8 24 0 0.016 0.0281005 1 
16 8 24 0 0.043 0.0213001 1 
17 8 24 0 0.015 0.0262386 1 
18 8 24 0 0.016 0.0224255 1 
19 8 24 0.00478325 0.036 0.0229535 2 
20 8 24 0 0.017 0.0325991 1 
21 8 24 0 0.003 0.018788 1 
22 8 24 0 0.024 0.0217651 1 
23 8 24 0 0.021 0.0204833 1 
24 8 24 0 0.005 0.0175612 1 
25 8 24 0 0.047 0.026922 1 
26 8 24 0 0.037 0.0248637 1 
27 8 24 0 0.035 0.0200279 1 
28 8 24 0 0.018 0.0240628 1 
29 8 24 0 0.044 0.0296521 1 
30 8 24 0 0.013 0.026322 1 
31 8 24 0 0.006 0.0282469 1 
32 8 24 0 0.03 0.0234703 1 
0 8 25 0.0367288 0.015 0.0220364 8 
1 8 25 0 0.03 0.0288885 1 
2 8 25 0 0.006 0.0265142 1 
3 8 25 0 0.004 0.025525 1 
4 8 25 0 0.03 0.159252 1 
5 8 25 0 0.006 0.160504 1 
6 8 25 0 0.003 0.0222014 1 
7 8 25 0.0062587 0.011 0.0235781 2 
8 8 25 0.00460248 0.014 0.0271913 2 
9 8 25 0.00998161 0.041 0.0229307 2 
10 8 25 0 0.039 0.0206187 2 
11 8 25 0 0.019 0.0326949 1 
12 8 25 0 0.026 0.0266212 1 
13 8 25 0.0101584 0.041 0.0237004 2 
14 8 25 0.0170341 0.02 0.0265136 9 
15 8 25 0 0.038 0.0248968 1 
16 8 25 0 0.006 0.0240819 1 
17 8 25 0 0.047 0.0255451 1 
18 8 25 0 0.047 0.022967 1 
19 8 25 0 0.012 0.0250534 1 
20 8 25 0 0.025 0.0245584 1 
21 8 25 0 0.027 0.0189368 1 
22 8 25 0 0.039 0.0254918 1 
23 8 25 0.00343214 0.018 0.0285561 4 
24 8 25 0 0.019 0.0220105 1 
25 8 25 0 0.037 0.0271157 1 
26 8 25 0 0.041 0.0229685 1 
27 8 25 0 0.036 0.0248244 1 
28 8 25 0 0.003 0.0267115 1 
29 8 25 0 0.045 0.0202803 1 
30 8 25 0.00906805 0.018 0.0213186 4 
31 8 25 0 0.048 0.0290211 1 
32 8 25 0 0.033 0.0229993 1 
0 8 26 0 0.02 0.0231633 1 
1 8 26 0 0.045 0.0284743 1 
2 8 26 0 0.042 0.0248854 1 
3 8 26 0 0.012 0.0209573 1 
4 8 26 0.000355081 0.024 0.022458 2 
5 8 26 0 0.045 0.0221523 1 
6 8 26 0 0.04 0.0229164 1 
7 8 26 0.00284513 0.006 0.0252767 2 
8 8 26 0 0.016 0.0518946 2 
9 8 26 0 0.008 0.0314927 1 
10 8 26 0 0.033 0.0179634 1 
11 8 26 0 0.003 0.0248055 1 
12 8 26 0 0.042 0.0305805 1 
13 8 26 0 0.024 0.0266537 1 
14 8 26 0 0.016 0.0214841 1 
15 8 26 0 0.012 0.0272148 1 
16 8 26 0 0.026 0.0241254 1 
17 8 26 0 0.017 0.0232325 1 
18 8 26 0 0.03 0.0185247 1 
19 8 26 0.000913119 0.002 0.0241557 3 
20 8 26 0 0.047 0.0241398 1 
21 8 26 0 0.039 0.0297636 1 
22 8 26 0 0.027 0.0280844 1 
23 8 26 0.00040174 0.005 0.0304434 2 
24 8 26 0 0.012 0.0283097 1 
25 8 26 0 0.007 0.023973 1 
26 8 26 0 0.029 0.0283404 1 
27 8 26 0 0.011 0.0217467 1 
28 8 26 0 0.003 0.0250608 1 
29 8 26 0 0.02 0.0218041 1 
30 8 26 0 0.018 0.0261792 1 
31 8 26 0 0.04 0.0284508 1 
32 8 26 0.0139702 0.013 0.0183089 4 
0 8 27 0 0.034 0.0251381 1 
1 8 27 0.00986552 0.011 0.026117 4 
2 8 27 0 0.039 0.0239803 1 
3 8 27 0.0796063 0.002 0.0221293 22 
4 8 27 0 0.014 0.132728 1 
5 8 27 0 0.011 0.0215873 1 
6 8 27 0.000135245 0.01 0.030081 2 
7 8 27 0.0329814 0.045 0.0249521 4 
8 8 27 0 0.03 0.0264049 1 
9 8 27 0.00516598 0.01 0.0240826 5 
10 8 27 0.00153175 0.039 0.0237373 2 
11 8 27 0 0.028 0.0291781 1 
12 8 27 0.00503767 0.037 0.0235921 3 
13 8 27 0 0.008 0.0183588 1 
14 8 27 0.00394569 0.027 0.0255069 2 
15 8 27 0 0.005 0.0235471 1 
16 8 27 0 0.034 0.0234996 1 
17 8 27 0 0.035 0.0216072 1 
18 8 27 0 0.012 0.025062 1 
19 8 27 0 0.036 0.0314485 1 
20 8 27 0 0.037 0.019486 1 
21 8 27 9.47926e-05 0.017 0.0214267 2 
22 8 27 0.0139384 0.01 0.0153227 6 
23 8 27 0 0.037 0.0203008 1 
24 8 27 0 0.012 0.027307 1 
25 8 27 0 0.023 0.0166132 1 
26 8 27 0 0.015 0.0269365 1 
27 8 27 0.00265275 0.001 0.0261885 2 
28 8 27 5.36774e-05 0.036 0.0188889 2 
29 8 27 9.44612e-05 0.001 0.0254333 2 
30 8 27 0 0.036 0.0196585 1 
31 8 27 0 0.031 0.0285562 1 
32 8 27 0.00122855 0.001 0.0216291 4 
0 8 28 0.0523906 0.002 0.0282482 36 
1 8 28 0.00545839 0.025 0.0199943 3 
2 8 28 0 0.034 0.0278755 1 
3 8 28 0.00523801 0.002 0.0233326 3 
4 8 28 0 0.032 0.0275345 1 
5 8 28 0 0.003 0.159862 1 
6 8 28 0 0.03 0.0228391 1 
7 8 28 0.00033329 0.006 0.023515 2 
8 8 28 0.011461 0.011 0.066208 3 
9 8 28 0 0.045 0.0317624 1 
10 8 28 0 0.019 0.0243025 1 
11 8 28 1.041e-06 0.048 0.0321346 2 
12 8 28 0.0476204 0.014 0.0246431 8 
13 8 28 0 0.043 0.0248188 1 
14 8 28 0.0108114 0.017 0.0324096 4 
15 8 28 0 0.015 0.0201203 1 
16 8 28 0 0.011 0.0241375 1 
17 8 28 0.000728799 0.003 0.0242099 2 
18 8 28 0 0.004 0.0239938 1 
19 8 28 0 0.015 0.0262367 1 
20 8 28 0.0185595 0.003 0.0254805 7 
21 8 28 0 0.031 0.0302757 2 
22 8 28 0.000175231 0.003 0.0250422 2 
23 8 28 0 0.013 0.0216079 1 
24 8 28 0 0.003 0.0245943 1 
25 8 28 0.014301 0.006 0.0167967 5 
26 8 28 0.00159333 0.016 0.0169346 2 
27 8 28 0.0102943 0.028 0.0208429 5 
28 8 28 0 0.047 0.0264087 1 
29 8 28 0 0.02 0.0228175 2 
30 8 28 0 0.015 0.0262458 1 
31 8 28 0 0.036 0.0204314 1 
32 8 28 0 0.016 0.0195909 1 
0 8 29 0.0637419 0.003 0.0232884 31 
1 8 29 0 0.013 0.0219435 1 
2 8 29 0 0.046 0.0290139 1 
3 8 29 0 0.049 0.0206365 1 
4 8 29 0 0.031 0.0397856 1 
5 8 29 0.00746044 0.023 0.08232 4 
6 8 29 0 0.036 0.0304385 1 
7 8 29 0.00151674 0.033 0.0201295 2 
8 8 29 0.00657585 0.041 0.133401 1 
9 8 29 0.0214581 0.003 0.0286848 10 
10 8 29 0.0058235 0.044 0.0301101 3 
11 8 29 0 0.046 0.0281839 1 
12 8 29 0.00994692 0.027 0.0240688 3 
13 8 29 0 0.028 0.0242556 1 
14 8 29 0.0120557 0.012 0.0256794 5 
15 8 29 0 0.031 0.0287374 1 
16 8 29 0 0.019 0.0215944 1 
17 8 29 0.0456953 0.002 0.0277993 30 
18 8 29 0 0.042 0.0178461 1 
19 8 29 0.00338432 0.005 0.021401 2 
20 8 29 0.00206743 0.045 0.0247639 2 
21 8 29 0 0.01 0.0240707 1 
22 8 29 0.0110126 0.02 0.0285796 3 
23 8 29 0 0.017 0.0258503 1 
24 8 29 0 0.021 0.0282883 1 
25 8 29 0.00804947 0.043 0.0251098 2 
26 8 29 0 0.013 0.0166853 1 
27 8 29 0 0.003 0.0237556 1 
28 8 29 0 0.033 0.0267486 1 
29 8 29 9.46059e-05 0.017 0.023159 2 
30 8 29 0.0206603 0.008 0.0246901 7 
31 8 29 0 0.046 0.0222019 1 
32 8 29 0 0.002 0.0297731 1 
0 8 30 0 0.044 0.0234993 1 
1 8 30 0 0.036 0.0216986 1 
2 8 30 1.10317e-06 0.02 0.0272124 2 
3 8 30 0 0.01 0.0264408 1 
4 8 30 0 0.039 0.0178331 1 
5 8 30 0 0.048 0.155383 1 
6 8 30 0 0.021 0.0237002 1 
7 8 30 0 0.044 0.018853 1 
8 8 30 0 0.01 0.0265476 1 
9 8 30 0 0.037 0.0212153 1 
10 8 30 0 0.002 0.0241406 1 
11 8 30 0 0.049 0.0284285 1 
12 8 30 0 0.031 0.0304867 1 
13 8 30 0 0.021 0.0247508 1 
14 8 30 0 0.035 0.0230551 1 
15 8 30 0 0.01 0.0248567 1 
16 8 30 0 0.013 0.0238832 1 
17 8 30 0 0.035 0.0194762 1 
18 8 30 0 0.014 0.0207401 1 
19 8 30 0 0.04 0.02239 1 
20 8 30 0.00219478 0.006 0.0280431 2 
21 8 30 0 0.046 0.031543 1 
22 8 30 0 0.042 0.0223167 1 
23 8 30 6.77505e-05 0.034 0.0263608 2 
24 8 30 0 0.02 0.0257099 1 
25 8 30 0 0.007 0.0256628 1 
26 8 30 0.00486913 0.008 0.0229834 4 
27 8 30 0 0.01 0.0286425 1 
28 8 30 0 0.027 0.0175576 1 
29 8 30 0 0.026 0.0259438 1 
30 8 30 0 0.04 0.0234742 1 
31 8 30 0.00149169 0.035 0.0288692 3 
32 8 30 0 0.007 0.0239007 1 
0 8 31 0.00762664 0.013 0.0273359 4 
1 8 31 0.0152293 0.019 0.0245449 5 
2 8 31 0.0020405 0.03 0.0229463 3 
3 8 31 0 0.013 0.0231527 1 
4 8 31 0 0.008 0.155147 1 
5 8 31 0 0.015 0.0232219 1 
6 8 31 0.000135516 0.003 0.0305464 2 
7 8 31 0.0164034 0.004 0.0252033 10 
8 8 31 0.0079271 0.049 0.104117 1 
9 8 31 0 0.001 0.0235341 1 
10 8 31 0.0164349 0.002 0.0818401 5 
11 8 31 7.4367e-05 0.041 0.0278187 2 
12 8 31 0 0.008 0.026106 1 
13 8 31 0.00716541 0.012 0.0282074 4 
14 8 31 0 0.034 0.0264404 1 
15 8 31 0 0.044 0.0294276 1 
16 8 31 0 0.002 0.0263795 1 
17 8 31 0 0.039 0.0244739 1 
18 8 31 0 0.046 0.0224798 1 
19 8 31 0 0.03 0.0258657 1 
20 8 31 0 0.03 0.0244573 1 
21 8 31 0 0.028 0.0260715 1 
22 8 31 0 0.015 0.022891 1 
23 8 31 0 0.021 0.0247313 1 
24 8 31 0 0.005 0.0249502 1 
25 8 31 0 0.044 0.0258322 1 
26 8 31 0 0.005 0.018807 1 
27 8 31 0.00748568 0.005 0.0235 6 
28 8 31 0 0.034 0.0260095 1 
29 8 31 0 0.024 0.024595 1 
30 8 31 0.0128064 0.012 0.0204818 3 
31 8 31 0 0.001 0.0207188 1 
32 8 31 0 0.045 0.020366 1 
0 8 32 0 0.037 0.0291425 1 
1 8 32 0 0.022 0.0284437 1 
2 8 32 0.00267026 0.024 0.0317936 3 
3 8 32 0 0.037 0.0273829 1 
4 8 32 0 0.038 0.0554904 3 
5 8 32 0 0.041 0.0227414 1 
6 8 32 0 0.002 0.0305214 1 
7 8 32 0 0.025 0.0196159 1 
8 8 32 0 0.038 0.0466537 2 
9 8 32 0 0.009 0.0242482 1 
10 8 32 0 0.045 0.0263239 1 
11 8 32 0 0.012 0.0261194 1 
12 8 32 0.0164658 0.002 0.0209171 7 
13 8 32 0.0255259 0.016 0.0239973 6 
14 8 32 0.000150916 0.009 0.0242823 2 
15 8 32 0 0.032 0.0264807 1 
16 8 32 0 0.048 0.0197198 1 
17 8 32 0.0730137 0.003 0.026302 35 
18 8 32 0 0.032 0.0268305 1 
19 8 32 0 0.036 0.0259642 1 
20 8 32 0 0.043 0.0205903 1 
21 8 32 0 0.041 0.0343774 1 
22 8 32 0.0486922 0.001 0.0182507 32 
23 8 32 0.00106018 0.009 0.0277169 3 
24 8 32 0 0.042 0.0259589 1 
25 8 32 0 0.017 0.0213436 1 
26 8 32 0.0143553 0.036 0.0247372 3 
27 8 32 0.00599478 0.022 0.0265039 2 
28 8 32 0 0.028 0.025137 1 
29 8 32 0 0.012 0.0239135 1 
30 8 32 0 0.037 0.0269643 1 
31 8 32 0 0.001 0.0231582 1 
32 8 32 0 0.005 0.023962 1 
0 8 33 0 0.03 0.0215372 1 
1 8 33 0 0.04 0.0210825 1 
2 8 33 0 0.027 0.0230362 1 
3 8 33 0 0.044 0.0223042 1 
4 8 33 0 0.022 0.0246734 1 
5 8 33 0 0.025 0.153779 1 
6 8 33 0 0.019 0.0241121 1 
7 8 33 0 0.044 0.0298463 1 
8 8 33 0 0.037 0.0245182 1 
9 8 33 0.00192825 0.039 0.0215909 2 
10 8 33 0 0.038 0.139883 1 
11 8 33 0 0.012 0.0243999 1 
12 8 33 0 0.044 0.0302675 1 
13 8 33 0 0.023 0.0271313 1 
14 8 33 0 0.045 0.024461 1 
15 8 33 0 0.047 0.0280963 1 
16 8 33 3.36074e-05 0.036 0.0248459 2 
17 8 33 0.016711 0.003 0.0286349 8 
18 8 33 0 0.049 0.0294636 1 
19 8 33 0.00494583 0.022 0.0245432 2 
20 8 33 0.0130233 0.021 0.0239922 5 
21 8 33 0 0.037 0.0308277 1 
22 8 33 0.000486757 0.015 0.0233455 2 
23 8 33 0.0173661 0.005 0.0295526 5 
24 8 33 0 0.012 0.0199948 1 
25 8 33 0 0.042 0.0282289 1 
26 8 33 0 0.024 0.0226154 1 
27 8 33 0 0.002 0.021689 1 
28 8 33 0 0.034 0.0218407 1 
29 8 33 0 0.002 0.0220304 1 
30 8 33 0 0.003 0.0268695 1 
31 8 33 0.000517869 0.037 0.0275751 2 
32 8 33 0 0.004 0.0283124 1 
0 8 34 0.00714413 0.01 0.0231207 5 
1 8 34 0.0269991 0.007 0.0259813 4 
2 8 34 0 0.021 0.0286686 1 
3 8 34 0.00389247 0.031 0.0188062 5 
4 8 34 0 0.034 0.0168864 1 
5 8 34 0 0.012 0.152364 1 
6 8 34 0 0.002 0.0265327 1 
7 8 34 0 0.034 0.0320018 1 
8 8 34 0.00995456 0.046 0.107844 1 
9 8 34 0.00248429 0.004 0.0245076 5 
10 8 34 0 0.006 0.0252822 1 
11 8 34 1.00451e-06 0.041 0.0274751 2 
12 8 34 0.00695334 0.013 0.02488 3 
13 8 34 0 0.037 0.0222957 1 
14 8 34 0 0.044 0.0213994 1 
15 8 34 0 0.021 0.0231457 1 
16 8 34 0 0.021 0.0229889 1 
17 8 34 0 0.025 0.0177645 1 
18 8 34 2.0135e-05 0.004 0.0319515 2 
19 8 34 0.00288636 0.045 0.0275615 2 
20 8 34 0 0.042 0.021596 1 
21 8 34 0 0.016 0.0326544 1 
22 8 34 0.00396971 0.02 0.0241834 2 
23 8 34 0.0127341 0.002 0.0213307 5 
24 8 34 0 0.017 0.0269786 1 
25 8 34 0 0.014 0.0223317 1 
26 8 34 0 0.043 0.0234743 1 
27 8 34 0 0.026 0.0284523 1 
28 8 34 0 0.016 0.0237364 1 
29 8 34 0 0.037 0.0311386 1 
30 8 34 0 0.005 0.0227926 1 
31 8 34 8.46287e-06 0.03 0.0206868 2 
32 8 34 0 0.04 0.0250722 1 
0 8 35 0 0.039 0.0242747 1 
1 8 35 0 0.031 0.0271023 1 
2 8 35 0 0.006 0.0245711 1 
3 8 35 0 0.005 0.027431 1 
4 8 35 0 0.043 0.0334026 1 
5 8 35 0 0.037 0.0808652 2 
6 8 35 0 0.001 0.0317763 2 
7 8 35 0 0.019 0.0204757 1 
8 8 35 0.0111943 0.023 0.10084 1 
9 8 35 0.000446148 0.001 0.0240151 2 
10 8 35 0 0.003 0.02231 1 
11 8 35 0 0.048 0.0287795 2 
12 8 35 0 0.018 0.0290628 1 
13 8 35 0 0.035 0.024865 1 
14 8 35 0.0101611 0.009 0.0224126 6 
15 8 35 0 0.035 0.0239604 1 
16 8 35 0 0.001 0.0282524 1 
17 8 35 0 0.003 0.0207339 1 
18 8 35 0 0.028 0.0160166 2 
19 8 35 0.00391879 0.042 0.0211831 2 
20 8 35 0.000324809 0.011 0.0191637 2 
21 8 35 0 0.021 0.0369062 1 
22 8 35 0 0.035 0.025436 1 
23 8 35 0 0.02 0.0273425 1 
24 8 35 0 0.024 0.0220906 1 
25 8 35 0 0.037 0.0216986 1 
26 8 35 0 0.011 0.0218328 1 
27 8 35 0 0.004 0.0231565 1 
28 8 35 0 0.018 0.0260269 1 
29 8 35 0 0.024 0.0190418 1 
30 8 35 0.0586387 0.003 0.0327621 30 
31 8 35 0 0.005 0.0281327 1 
32 8 35 0 0.048 0.0205668 1 
0 8 36 0 0.043 0.0211959 1 
1 8 36 0.0324774 0.005 0.0264065 11 
2 8 36 0 0.042 0.0309404 1 
3 8 36 0 0.006 0.0288285 1 
4 8 36 0 0.019 0.0314736 1 
5 8 36 0 0.007 0.0288012 1 
6 8 36 0 0.003 0.0336294 1 
7 8 36 0 0.024 0.0208828 1 
8 8 36 0.012455 0.017 0.112105 1 
9 8 36 0 0.001 0.0251476 1 
10 8 36 0.00810216 0.019 0.0429496 3 
11 8 36 1.80367e-06 0.01 0.0275466 2 
12 8 36 0 0.013 0.0222203 1 
13 8 36 0 0.037 0.0221205 1 
14 8 36 0 0.021 0.0265564 1 
15 8 36 0 0.043 0.0247452 1 
16 8 36 0 0.01 0.0297258 1 
17 8 36 0 0.005 0.0263089 1 
18 8 36 2.16455e-05 0.021 0.0247422 2 
19 8 36 0 0.039 0.021923 1 
20 8 36 0 0.033 0.0251171 1 
21 8 36 0.0116537 0.016 0.0284824 3 
22 8 36 0 0.008 0.0249598 1 
23 8 36 0.00243443 0.022 0.0185495 3 
24 8 36 0 0.048 0.022645 1 
25 8 36 0 0.035 0.025867 1 
26 8 36 0.0181256 0.002 0.0241927 11 
27 8 36 0.00475305 0.011 0.0248805 4 
28 8 36 0 0.011 0.0203102 1 
29 8 36 0 0.014 0.030662 1 
30 8 36 0 0.019 0.0182347 1 
31 8 36 0 0.044 0.0285266 1 
32 8 36 0 0.009 0.0212495 1 
0 8 37 0 0.035 0.0203724 1 
1 8 37 0.00558834 0.012 0.0209787 2 
2 8 37 0 0.044 0.0268136 1 
3 8 37 0.00853904 0.001 0.0195656 8 
4 8 37 0 0.011 0.0265545 1 
5 8 37 0 0.028 0.168924 1 
6 8 37 0.000140652 0.045 0.0221577 2 
7 8 37 0.00705203 0.001 0.0263308 4 
8 8 37 0.0131327 0.047 0.124197 1 
9 8 37 0 0.012 0.0186012 1 
10 8 37 8.83322e-06 0.006 0.0170464 2 
11 8 37 0 0.025 0.0262576 1 
12 8 37 0 0.002 0.0195741 1 
13 8 37 0 0.005 0.0221222 1 
14 8 37 0 0.027 0.0272087 1 
15 8 37 0 0.009 0.0300113 1 
16 8 37 0 0.044 0.0258632 1 
17 8 37 0 0.014 0.0201078 1 
18 8 37 5.62847e-05 0.041 0.0272838 2 
19 8 37 0 0.002 0.0255262 1 
20 8 37 0 0.001 0.0253794 1 
21 8 37 0 0.048 0.0245208 4 
22 8 37 0 0.032 0.0232555 1 
23 8 37 0.00254204 0.045 0.0255526 2 
24 8 37 0 0.034 0.0200911 1 
25 8 37 0.0137578 0.01 0.0226021 8 
26 8 37 0.0305728 0.016 0.0272419 6 
27 8 37 0.000920118 0.003 0.032123 4 
28 8 37 0 0.012 0.0233535 1 
29 8 37 0 0.047 0.0280534 1 
30 8 37 0 0.048 0.023352 1 
31 8 37 0 0.046 0.0261092 1 
32 8 37 0.00397827 0.007 0.0256103 3 
0 8 38 0 0.042 0.024719 1 
1 8 38 0 0.048 0.0246688 1 
2 8 38 0 0.009 0.0224348 1 
3 8 38 0 0.034 0.0189954 1 
4 8 38 0.00234022 0.007 0.159874 1 
5 8 38 0 0.037 0.175739 1 
6 8 38 0 0.025 0.0258357 1 
7 8 38 6.88356e-06 0.019 0.0188971 2 
8 8 38 0 0.029 0.0612985 2 
9 8 38 0.0286036 0.007 0.0229678 11 
10 8 38 0 0.048 0.0342413 1 
11 8 38 0 0.039 0.0299611 1 
12 8 38 0.00553778 0.019 0.0222237 2 
13 8 38 0 0.006 0.0224604 1 
14 8 38 0.0544882 0.002 0.0262453 21 
15 8 38 0 0.049 0.0269391 1 
16 8 38 0 0.047 0.0243005 1 
17 8 38 0 0.032 0.0191922 1 
18 8 38 0.000116772 0.013 0.0302755 2 
19 8 38 0 0.036 0.0327336 2 
20 8 38 0 0.035 0.0175091 1 
21 8 38 0 0.006 0.028607 1 
22 8 38 0 0.008 0.0204353 2 
23 8 38 0.00606009 0.009 0.0206444 6 
24 8 38 0 0.032 0.0243483 1 
25 8 38 0.0100181 0.025 0.0288332 4 
26 8 38 0 0.017 0.0278279 1 
27 8 38 0.00210462 0.002 0.0286523 4 
28 8 38 0 0.022 0.0320268 1 
29 8 38 0 0.028 0.0259438 1 
30 8 38 0 0.038 0.0251658 1 
31 8 38 0 0.026 0.0323709 1 
32 8 38 0 0.038 0.0282587 1 
0 8 39 0.00550266 0.001 0.021337 5 
1 8 39 0.010477 0.012 0.0283415 7 
2 8 39 0 0.046 0.0280852 1 
3 8 39 0 0.035 0.0230519 1 
4 8 39 0.00364033 0.012 0.144538 1 
5 8 39 2.34745e-05 0.002 0.163442 1 
6 8 39 0 0.015 0.0190507 1 
7 8 39 0.000729153 0.011 0.0330621 3 
8 8 39 0 0.049 0.0293256 1 
9 8 39 0 0.027 0.025988 1 
10 8 39 0.00136097 0.021 0.022268 2 
11 8 39 8.08802e-05 0.007 0.0186399 2 
12 8 39 0 0.04 0.0258831 1 
13 8 39 0.00127939 0.004 0.0300278 3 
14 8 39 0 0.022 0.02782 1 
15 8 39 0 0.041 0.0289011 1 
16 8 39 0 0.021 0.0338065 1 
17 8 39 0 0.034 0.0248155 1 
18 8 39 0 0.005 0.0293516 1 
19 8 39 0.0278039 0.016 0.026518 4 
20 8 39 0 0.003 0.0187742 1 
21 8 39 0 0.02 0.0222985 1 
22 8 39 0.0656797 0.004 0.0305783 14 
23 8 39 0 0.03 0.0286634 1 
24 8 39 0 0.006 0.0278788 1 
25 8 39 0 0.006 0.0276628 1 
26 8 39 0.000124209 0.012 0.0265331 2 
27 8 39 0 0.042 0.0258539 1 
28 8 39 0 0.042 0.0280601 1 
29 8 39 0 0.001 0.0256505 1 
30 8 39 0 0.021 0.0212953 1 
31 8 39 0 0.026 0.0194107 1 
32 8 39 0 0.028 0.0269601 1 
0 8 40 0 0.04 0.0296333 1 
1 8 40 0 0.037 0.0248591 1 
2 8 40 0 0.041 0.0226098 1 
3 8 40 0 0.047 0.0270309 1 
4 8 40 0.00432866 0.021 0.151622 1 
5 8 40 0 0.016 0.0611963 2 
6 8 40 0 0.016 0.0289184 1 
7 8 40 0 0.011 0.02614 1 
8 8 40 0.0164038 0.047 0.11452 1 
9 8 40 0 0.026 0.0262059 1 
10 8 40 0 0.021 0.0237074 1 
11 8 40 2.81455e-06 0.003 0.0297294 2 
12 8 40 0 0.006 0.0228485 1 
13 8 40 0.00499648 0.023 0.0233694 2 
14 8 40 0 0.033 0.0282164 1 
15 8 40 0 0.045 0.0246039 1 
16 8 40 0 0.003 0.0254189 1 
17 8 40 0 0.023 0.0206311 1 
18 8 40 0 0.042 0.0247807 1 
19 8 40 0 0.029 0.027891 1 
20 8 40 0 0.031 0.0246455 1 
21 8 40 0 0.038 0.0293359 1 
22 8 40 0 0.024 0.0232575 1 
23 8 40 0.00944214 0.004 0.0256073 8 
24 8 40 0 0.019 0.0290431 1 
25 8 40 0 0.025 0.0204134 1 
26 8 40 0 0.044 0.0272996 1 
27 8 40 0 0.026 0.0273901 1 
28 8 40 0 0.04 0.0174057 1 
29 8 40 0 0.035 0.0220054 1 
30 8 40 0 0.024 0.0269433 1 
31 8 40 0 0.044 0.0298384 1 
32 8 40 0 0.035 0.0268948 1 
0 8 41 0 0.048 0.0198455 1 
1 8 41 0 0.025 0.0286038 1 
2 8 41 0 0.021 0.030987 1 
3 8 41 0 0.001 0.0218494 1 
4 8 41 0 0.003 0.0266893 1 
5 8 41 0 0.03 0.0272781 1 
6 8 41 0 0.012 0.030353 1 
7 8 41 0 0.013 0.023111 1 
8 8 41 0.000408928 0.037 0.0629108 2 
9 8 41 0 0.033 0.0340079 1 
10 8 41 0.000430781 0.009 0.0612717 2 
11 8 41 8.11328e-05 0.031 0.0246153 2 
12 8 41 0.0144402 0.022 0.024216 5 
13 8 41 0 0.001 0.0187478 1 
14 8 41 0.0115336 0.013 0.0219966 4 
15 8 41 0 0.047 0.0200215 1 
16 8 41 0 0.002 0.0252446 1 
17 8 41 0.0351415 0.005 0.0213474 14 
18 8 41 0 0.02 0.0243914 1 
19 8 41 0 0.01 0.0218094 1 
20 8 41 0 0.02 0.0232918 1 
21 8 41 0 0.008 0.0382298 1 
22 8 41 0 0.027 0.025412 1 
23 8 41 0.0118017 0.007 0.026614 4 
24 8 41 0 0.032 0.0247701 1 
25 8 41 0 0.004 0.0295429 1 
26 8 41 0.00336806 0.005 0.0225129 5 
27 8 41 0.00618993 0.007 0.0243601 5 
28 8 41 0 0.041 0.0259324 1 
29 8 41 0 0.031 0.0235101 1 
30 8 41 0 0.02 0.0216665 1 
31 8 41 2.53856e-05 0.008 0.026371 2 
32 8 41 0 0.018 0.0243397 1 
0 8 42 0.00626602 0.018 0.0279401 4 
1 8 42 0.0208799 0.005 0.0226672 7 
2 8 42 2.6922e-06 0.019 0.0243202 2 
3 8 42 0.0124691 0.007 0.025259 5 
4 8 42 0.00570507 0.04 0.151003 1 
5 8 42 0.00209572 0.02 0.143749 1 
6 8 42 0 0.022 0.0283804 1 
7 8 42 0.00253433 0.019 0.022242 3 
8 8 42 0 0.042 0.0269114 1 
9 8 42 0 0.031 0.0260323 1 
10 8 42 0 0.009 0.0237629 1 
11 8 42 2.6922e-06 0.048 0.021445 2 
12 8 42 0 0.046 0.0269447 1 
13 8 42 0.0402879 0.002 0.0230885 19 
14 8 42 0 0.003 0.0207398 1 
15 8 42 0 0.039 0.0306182 1 
16 8 42 0 0.014 0.023881 1 
17 8 42 0 0.025 0.0267981 1 
18 8 42 0 0.009 0.0224813 1 
19 8 42 0 0.018 0.0174222 1 
20 8 42 0 0.001 0.0198556 1 
21 8 42 0 0.007 0.0303756 1 
22 8 42 0.0206874 0.006 0.0237041 11 
23 8 42 0 0.045 0.0315813 1 
24 8 42 0 0.017 0.0308648 1 
25 8 42 0 0.016 0.0252482 1 
26 8 42 0 0.034 0.0290438 1 
27 8 42 0 0.034 0.0314407 1 
28 8 42 2.32793e-05 0.044 0.0259603 2 
29 8 42 0 0.043 0.0297082 1 
30 8 42 0.0170721 0.012 0.0267402 8 
31 8 42 0.0042459 0.018 0.0198009 2 
32 8 42 0 0.029 0.0197686 1 
0 8 43 0.0115079 0.024 0.0244855 3 
1 8 43 0 0.026 0.0233126 1 
2 8 43 8.11466e-05 0.028 0.0167832 2 
3 8 43 0 0.034 0.018191 1 
4 8 43 0.00639368 0.011 0.15213 1 
5 8 43 0.00278682 0.027 0.164743 1 
6 8 43 0 0.011 0.0240817 1 
7 8 43 0.0116178 0.035 0.0294156 4 
8 8 43 0.00608925 0.026 0.106336 1 
9 8 43 0 0.021 0.0279968 1 
10 8 43 0.00043072 0.023 0.0651443 2 
11 8 43 8.11466e-05 0.037 0.0261341 2 
12 8 43 0 0.014 0.0261278 1 
13 8 43 0 0.043 0.0223964 1 
14 8 43 0.0196735 0.002 0.0280171 9 
15 8 43 0 0.019 0.0216892 1 
16 8 43 0 0.049 0.0272523 1 
17 8 43 0 0.013 0.0269684 1 
18 8 43 5.92983e-05 0.046 0.0237505 2 
19 8 43 0.00328409 0.004 0.0260315 2 
20 8 43 0 0.046 0.0192418 1 
21 8 43 5.09969e-06 0.04 0.0255183 2 
22 8 43 0 0.043 0.0235284 1 
23 8 43 0 0.015 0.022685 1 
24 8 43 0 0.027 0.0260487 1 
25 8 43 0.0563211 0.016 0.0216746 8 
26 8 43 0.00668159 0.009 0.0190792 6 
27 8 43 0 0.035 0.0210412 1 
28 8 43 5.92983e-05 0.043 0.0299519 2 
29 8 43 0.000102995 0.013 0.0235944 2 
30 8 43 0.00219239 0.006 0.0249914 3 
31 8 43 0 0.018 0.0232499 1 
32 8 43 0.0101588 0.001 0.0253136 9 
0 8 44 0 0.004 0.0272873 1 
1 8 44 0 0.029 0.0244167 1 
2 8 44 0.000985141 0.025 0.0271152 3 
3 8 44 0.0144613 0.018 0.0216013 4 
4 8 44 0.00772197 0.043 0.167988 1 
5 8 44 0.0041132 0.031 0.143057 1 
6 8 44 0 0.006 0.0193882 2 
7 8 44 0.00909211 0.003 0.0231856 11 
8 8 44 0 0.039 0.0448881 2 
9 8 44 0.0115711 0.001 0.0216033 13 
10 8 44 0 0.041 0.0299978 1 
11 8 44 0 0.034 0.0301178 1 
12 8 44 0 0.033 0.022046 1 
13 8 44 0.0081054 0.014 0.0221643 2 
14 8 44 0 0.021 0.0259136 1 
15 8 44 0 0.041 0.0191124 1 
16 8 44 0 0.011 0.0283986 1 
17 8 44 0 0.006 0.0250079 1 
18 8 44 0 0.01 0.022818 1 
19 8 44 0 0.004 0.0237415 1 
20 8 44 0 0.007 0.0228065 1 
21 8 44 8.48081e-06 0.014 0.0233479 2 
22 8 44 0.0395144 0.013 0.0255925 8 
23 8 44 0 0.012 0.0321105 1 
24 8 44 0 0.03 0.033089 1 
25 8 44 0 0.044 0.0284675 1 
26 8 44 0 0.006 0.0214318 1 
27 8 44 0.00840067 0.013 0.027699 5 
28 8 44 0.000124256 0.047 0.0226505 2 
29 8 44 0 0.025 0.0222963 1 
30 8 44 0.0113494 0.013 0.025031 3 
31 8 44 0 0.006 0.027115 1 
32 8 44 0 0.041 0.0250716 1 
0 8 45 0 0.023 0.0251457 1 
1 8 45 0 0.035 0.0294098 1 
2 8 45 0 0.038 0.0241502 1 
3 8 45 0 0.04 0.0302486 1 
4 8 45 0.00841152 0.025 0.158863 1 
5 8 45 0.00108827 0.005 0.0749411 2 
6 8 45 0 0.034 0.03173 1 
7 8 45 0 0.007 0.0267435 1 
8 8 45 0 0.044 0.0259844 1 
9 8 45 0.00392539 0.001 0.0330053 3 
10 8 45 0.00912962 0.03 0.157239 1 
11 8 45 0 0.028 0.0294849 1 
12 8 45 0.00799468 0.004 0.0289549 5 
13 8 45 0.00347895 0.005 0.0224325 2 
14 8 45 0 0.014 0.028133 1 
15 8 45 0 0.035 0.0317671 1 
16 8 45 0.000153796 0.043 0.0238063 2 
17 8 45 0 0.048 0.0211386 1 
18 8 45 0 0.007 0.0256979 1 
19 8 45 0 0.047 0.0258402 1 
20 8 45 0 0.027 0.0243716 1 
21 8 45 0.000693029 0.013 0.0254953 3 
22 8 45 0 0.036 0.0226358 1 
23 8 45 0 0.028 0.0260451 1 
24 8 45 0 0.012 0.0279728 1 
25 8 45 0 0.005 0.0315502 1 
26 8 45 0.0138891 0.046 0.0237169 2 
27 8 45 0 0.004 0.0262108 1 
28 8 45 0 0.003 0.0273558 1 
29 8 45 0 0.001 0.028974 1 
30 8 45 0.00462433 0.002 0.0257084 3 
31 8 45 0.00871109 0.012 0.0259416 3 
32 8 45 0 0.01 0.0245212 1 
0 8 46 0 0.023 0.0260602 1 
1 8 46 0.00443576 0.023 0.0247684 2 
2 8 46 0 0.042 0.0299563 1 
3 8 46 0.00330196 0.006 0.0302255 5 
4 8 46 0.00910096 0.022 0.151241 1 
5 8 46 0 0.036 0.0226278 1 
6 8 46 0 0.047 0.0252414 1 
7 8 46 0 0.035 0.0241848 1 
8 8 46 0.00858107 0.037 0.101771 1 
9 8 46 0 0.023 0.0295956 1 
10 8 46 0 0.018 0.0364368 2 
11 8 46 0 0.013 0.0196636 1 
12 8 46 0 0.001 0.0304643 1 
13 8 46 0.00871971 0.003 0.0303361 6 
14 8 46 0.00402006 0.034 0.0207503 2 
15 8 46 0 0.02 0.0252469 1 
16 8 46 0 0.007 0.0226415 1 
17 8 46 0 0.031 0.021917 1 
18 8 46 0 0.008 0.0212336 1 
19 8 46 0 0.048 0.0220529 1 
20 8 46 0 0.012 0.0200414 1 
21 8 46 0 0.019 0.0237663 1 
22 8 46 0.0158226 0.001 0.0291691 12 
23 8 46 0 0.025 0.0270707 1 
24 8 46 0.000124374 0.023 0.0246504 2 
25 8 46 0.000346437 0.007 0.021134 2 
26 8 46 0 0.045 0.0246905 1 
27 8 46 0.0189054 0.022 0.0193701 5 
28 8 46 0 0.007 0.0188238 1 
29 8 46 0 0.01 0.0252965 1 
30 8 46 0 0.03 0.0251451 1 
31 8 46 0 0.01 0.0284703 1 
32 8 46 0.0318194 0.015 0.0169057 8 
0 8 47 0 0.043 0.0252625 1 
1 8 47 0 0.01 0.0274096 1 
2 8 47 0 0.011 0.0395852 1 
3 8 47 0.000792741 0.003 0.026936 2 
4 8 47 0.00979059 0.01 0.139048 1 
5 8 47 0.00618934 0.045 0.147701 1 
6 8 47 0 0.027 0.027578 1 
7 8 47 0.00211768 0.019 0.0263613 4 
8 8 47 0.00927106 0.049 0.141877 1 
9 8 47 0 0.049 0.0230643 1 
10 8 47 0 0.038 0.0257123 1 
11 8 47 0 0.01 0.0278194 1 
12 8 47 0.00584426 0.042 0.0297429 2 
13 8 47 0 0.01 0.0236555 1 
14 8 47 0 0.035 0.0317787 1 
15 8 47 0 0.025 0.0207324 1 
16 8 47 0 0.008 0.0308685 1 
17 8 47 0.0397213 0.003 0.0318229 24 
18 8 47 0 0.037 0.0209023 1 
19 8 47 0.0122513 0.031 0.0272303 5 
20 8 47 0 0.011 0.0289158 1 
21 8 47 0 0.002 0.0214771 1 
22 8 47 0 0.011 0.0251332 1 
23 8 47 0 0.026 0.0224332 1 
24 8 47 0 0.028 0.0207888 1 
25 8 47 0 0.013 0.0248229 1 
26 8 47 0.0463086 0.001 0.0270401 21 
27 8 47 0 0.048 0.0239535 1 
28 8 47 0.000198126 0.046 0.0260729 2 
29 8 47 0 0.007 0.0225701 1 
30 8 47 0 0.003 0.0223721 1 
31 8 47 0 0.019 0.029866 1 
32 8 47 0 0.039 0.0194359 1 
0 8 48 0.0135765 0.003 0.0279549 9 
1 8 48 0 0.026 0.0286639 1 
2 8 48 0 0.048 0.0189264 1 
3 8 48 0 0.003 0.0264189 1 
4 8 48 0.0104804 0.005 0.165914 1 
5 8 48 0.00688165 0.01 0.164642 1 
6 8 48 0 0.008 0.0285616 2 
7 8 48 0.0323224 0.003 0.027063 8 
8 8 48 0 0.049 0.0542712 2 
9 8 48 0.0108199 0.04 0.0201656 3 
10 8 48 0.011197 0.004 0.142345 1 
11 8 48 0 0.028 0.0236117 1 
12 8 48 0 0.044 0.0302067 1 
13 8 48 0 0.043 0.0227745 1 
14 8 48 0 0.007 0.0258197 1 
15 8 48 0 0.006 0.0290509 1 
16 8 48 0 0.03 0.0281145 1 
17 8 48 0 0.039 0.0222532 1 
18 8 48 0 0.006 0.0244238 1 
19 8 48 0 0.049 0.0240454 1 
20 8 48 0.00549102 0.044 0.0236921 2 
21 8 48 0 0.037 0.0293879 1 
22 8 48 0 0.034 0.0231286 1 
23 8 48 0 0.023 0.0256743 1 
24 8 48 0 0.019 0.0355423 1 
25 8 48 0 0.039 0.0296274 1 
26 8 48 0 0.001 0.0205175 1 
27 8 48 0.0506004 0.005 0.0243542 18 
28 8 48 0 0.029 0.0242966 1 
29 8 48 0 0.037 0.0271516 1 
30 8 48 0.0054998 0.01 0.0210534 5 
31 8 48 0.0010159 0.016 0.0256814 2 
32 8 48 0.00174462 0.003 0.0243576 4 
0 8 49 0 0.011 0.0261665 1 
1 8 49 0.00534312 0.022 0.0289938 2 
2 8 49 0 0.007 0.0247167 1 
3 8 49 0 0.049 0.0226408 1 
4 8 49 0.000865642 0.01 0.0350575 2 
5 8 49 0.0075741 0.016 0.164874 1 
6 8 49 0 0.004 0.0256827 1 
7 8 49 0 0.027 0.0272647 1 
8 8 49 0 0.007 0.0276462 1 
9 8 49 0 0.032 0.0300254 1 
10 8 49 0.0118864 0.046 0.135668 1 
11 8 49 0 0.005 0.0217828 1 
12 8 49 0.00194215 0.033 0.0234749 2 
13 8 49 0 0.035 0.0314335 1 
14 8 49 0.0134846 0.005 0.0240518 12 
15 8 49 0 0.025 0.0278669 1 
16 8 49 0 0.013 0.0206734 1 
17 8 49 0.00231648 0.021 0.0244115 2 
18 8 49 0 0.005 0.0306338 1 
19 8 49 0 0.01 0.0266703 1 
20 8 49 0 0.026 0.0228147 1 
21 8 49 0 0.021 0.0290888 1 
22 8 49 0.00107862 0.024 0.0347083 2 
23 8 49 0.009152 0.001 0.0234981 6 
24 8 49 0 0.042 0.0184365 1 
25 8 49 0 0.021 0.0289924 1 
26 8 49 0 0.001 0.0268536 1 
27 8 49 0 0.037 0.0241179 1 
28 8 49 0 0.034 0.0248179 1 
29 8 49 0.000287398 0.034 0.0231349 2 
30 8 49 0 0.039 0.0198521 1 
31 8 49 0.00157982 0.008 0.0172888 2 
32 8 49 0 0.022 0.0278914 1 
0 8 50 0 0.04 0.0209064 1 
1 8 50 0 0.037 0.0191995 1 
2 8 50 0 0.048 0.0257159 1 
3 8 50 0 0.037 0.0208356 1 
4 8 50 0 0.027 0.0355554 1 
5 8 50 0 0.001 0.0799461 2 
6 8 50 0 0.035 0.0297844 1 
7 8 50 0.0145295 0.013 0.0236421 4 
8 8 50 0.0113418 0.031 0.117258 1 
9 8 50 0.000387359 0.002 0.0272962 2 
10 8 50 0 0.03 0.0676939 2 
11 8 50 0 0.013 0.0222962 1 
12 8 50 0 0.008 0.0246923 1 
13 8 50 0 0.005 0.0302673 1 
14 8 50 0 0.038 0.0248864 1 
15 8 50 0 0.005 0.0260186 1 
16 8 50 0 0.01 0.0231398 1 
17 8 50 0 0.022 0.0225865 1 
18 8 50 0.000124562 0.007 0.0199378 2 
19 8 50 0.00499735 0.01 0.0252303 4 
20 8 50 0 0.003 0.0309324 1 
21 8 50 0 0.047 0.0266208 1 
22 8 50 0 0.004 0.0194037 1 
23 8 50 0 0.006 0.0294869 1 
24 8 50 0 0.004 0.033147 1 
25 8 50 0 0.026 0.031282 1 
26 8 50 0 0.016 0.0284041 1 
27 8 50 0 0.029 0.0288728 1 
28 8 50 0 0.008 0.0281898 1 
29 8 50 3.81589e-05 0.033 0.026275 2 
30 8 50 0.127615 0.001 0.0286206 35 
31 8 50 0 0.008 0.0299249 1 
32 8 50 0 0.043 0.0261138 1 
0 8 51 0 0.027 0.023097 1 
1 8 51 0 0.038 0.0302399 1 
2 8 51 0 0.015 0.0161925 1 
3 8 51 0 0.009 0.0276381 1 
4 8 51 0.0125502 0.045 0.161318 1 
5 8 51 0 0.045 0.0225045 1 
6 8 51 0 0.019 0.0341727 1 
7 8 51 0 0.038 0.0259819 1 
8 8 51 0.000909819 0.03 0.0276258 2 
9 8 51 0 0.022 0.0238307 1 
10 8 51 0 0.007 0.0218418 1 
11 8 51 0 0.042 0.0234518 1 
12 8 51 8.66361e-06 0.008 0.0266952 2 
13 8 51 0.014306 0.004 0.0307693 9 
14 8 51 0.007745 0.01 0.0196319 4 
15 8 51 0 0.034 0.0275913 1 
16 8 51 0 0.036 0.0225285 1 
17 8 51 0.00237991 0.004 0.0199464 2 
18 8 51 0 0.014 0.0243484 1 
19 8 51 0.000192235 0.015 0.0241045 2 
20 8 51 0 0.009 0.0256032 1 
21 8 51 0 0.023 0.0289791 1 
22 8 51 0 0.028 0.0206553 1 
23 8 51 0.00318831 0.012 0.0235512 3 
24 8 51 0 0.003 0.0212287 1 
25 8 51 0 0.048 0.0260557 1 
26 8 51 0.0138449 0.043 0.0286529 2 
27 8 51 0 0.026 0.0263209 1 
28 8 51 0 0.04 0.0298725 1 
29 8 51 0 0.038 0.0265753 1 
30 8 51 0 0.036 0.0262456 1 
31 8 51 0 0.001 0.0222739 1 
32 8 51 0 0.04 0.0246418 1 
0 8 52 0 0.013 0.0238893 1 
1 8 52 0 0.008 0.024206 1 
2 8 52 0 0.038 0.0238639 1 
3 8 52 0 0.044 0.0243427 1 
4 8 52 0.0132404 0.028 0.158764 1 
5 8 52 0.00965175 0.041 0.157366 1 
6 8 52 0 0.048 0.0272639 1 
7 8 52 1.78761e-05 0.003 0.029273 2 
8 8 52 0 0.018 0.0235559 1 
9 8 52 0 0.014 0.0286038 1 
10 8 52 0 0.033 0.0655174 2 
11 8 52 0 0.021 0.0218757 1 
12 8 52 0 0.014 0.0235186 1 
13 8 52 0 0.045 0.0253854 1 
14 8 52 0 0.025 0.0252867 1 
15 8 52 0 0.035 0.0218542 1 
16 8 52 0.000167838 0.026 0.0318198 2 
17 8 52 0.00234664 0.007 0.0253366 2 
18 8 52 0 0.018 0.0312996 1 
19 8 52 0.000747981 0.012 0.0293653 2 
20 8 52 0.0147915 0.021 0.0275392 6 
21 8 52 0 0.042 0.0256769 1 
22 8 52 0 0.032 0.0227433 1 
23 8 52 0 0.025 0.0261608 1 
24 8 52 0 0.037 0.0337151 1 
25 8 52 0.00841421 0.002 0.0305069 9 
26 8 52 0 0.012 0.0194515 1 
27 8 52 0 0.032 0.0314119 1 
28 8 52 0 0.043 0.0212448 1 
29 8 52 0 0.027 0.0272573 1 
30 8 52 0 0.025 0.023978 1 
31 8 52 0 0.025 0.0276026 1 
32 8 52 0.0173349 0.016 0.0302492 2 
0 8 53 0 0.004 0.024494 1 
1 8 53 0 0.04 0.0268008 1 
2 8 53 0 0.024 0.0299896 1 
3 8 53 0 0.04 0.0140929 1 
4 8 53 0.0139308 0.033 0.143483 1 
5 8 53 0.0103446 0.048 0.178753 1 
6 8 53 0 0.002 0.0298174 1 
7 8 53 0 0.003 0.022734 1 
8 8 53 0.0134135 0.048 0.121519 1 
9 8 53 0 0.022 0.0204485 1 
10 8 53 0 0.028 0.0309257 1 
11 8 53 0.000242962 0.024 0.024245 2 
12 8 53 0 0.006 0.0285284 1 
13 8 53 0.00230885 0.025 0.0178668 2 
14 8 53 0.0116206 0.02 0.0268717 4 
15 8 53 0 0.003 0.0256589 1 
16 8 53 0 0.019 0.019947 1 
17 8 53 0 0.021 0.0304952 1 
18 8 53 0 0.031 0.0283634 1 
19 8 53 0 0.022 0.0261046 1 
20 8 53 0 0.02 0.0277002 1 
21 8 53 0.00017223 0.038 0.023449 3 
22 8 53 0 0.047 0.0222347 1 
23 8 53 0 0.028 0.022433 1 
24 8 53 0 0.018 0.0246571 1 
25 8 53 0.0133891 0.013 0.0246003 4 
26 8 53 0 0.031 0.0171597 1 
27 8 53 0.0304667 0.012 0.0228851 6 
28 8 53 0 0.02 0.0274511 1 
29 8 53 0 0.021 0.019258 1 
30 8 53 0 0.005 0.0277886 1 
31 8 53 0 0.01 0.0224147 1 
32 8 53 0 0.004 0.0252642 1 
0 8 54 0.0272021 0.005 0.0275907 11 
1 8 54 0.00842366 0.037 0.0228668 2 
2 8 54 0 0.001 0.0275844 1 
3 8 54 0 0.024 0.0193822 1 
4 8 54 0.0146211 0.041 0.165896 1 
5 8 54 0.00713969 0.049 0.0375334 2 
6 8 54 0 0.042 0.0256509 1 
7 8 54 0.0069074 0.015 0.0243558 2 
8 8 54 0.0141041 0.004 0.10806 1 
9 8 54 0 0.035 0.0222321 1 
10 8 54 0.0153347 0.029 0.151127 1 
11 8 54 0 0.033 0.0365945 1 
12 8 54 0 0.035 0.0273761 1 
13 8 54 0 0.024 0.0220163 1 
14 8 54 0.00209047 0.003 0.0210782 4 
15 8 54 0 0.008 0.0235167 1 
16 8 54 0 0.026 0.0265446 1 
17 8 54 0.0132133 0.025 0.0279088 3 
18 8 54 0 0.04 0.0300317 1 
19 8 54 0 0.025 0.0307095 1 
20 8 54 0 0.04 0.0261537 1 
21 8 54 0.00154717 0.008 0.0248301 3 
22 8 54 0.00412085 0.017 0.0247638 2 
23 8 54 0 0.035 0.0265985 1 
24 8 54 0 0.034 0.0350965 1 
25 8 54 0 0.001 0.0314039 1 
26 8 54 0 0.041 0.0280204 1 
27 8 54 0.0232805 0.01 0.027069 9 
28 8 54 0 0.017 0.0223994 1 
29 8 54 3.84241e-05 0.004 0.0299101 2 
30 8 54 0 0.049 0.024605 1 
31 8 54 0 0.033 0.0308324 1 
32 8 54 0 0.043 0.0261436 1 
0 8 55 0 0.001 0.0293998 1 
1 8 55 0 0.025 0.0260641 1 
2 8 55 0.000243057 0.002 0.0282442 2 
3 8 55 0 0.03 0.0257533 1 
4 8 55 0.0106487 0.043 0.0931601 3 
5 8 55 0.0117306 0.005 0.145133 1 
6 8 55 0 0.024 0.0256359 1 
7 8 55 0 0.039 0.0248077 1 
8 8 55 0.00239471 0.048 0.119944 1 
9 8 55 0 0.025 0.0262718 1 
10 8 55 0.0160249 0.041 0.128479 1 
11 8 55 0 0.047 0.0263751 1 
12 8 55 0 0.032 0.0290105 1 
13 8 55 0 0.003 0.0349087 1 
14 8 55 0 0.015 0.0219378 1 
15 8 55 0 0.018 0.0213859 1 
16 8 55 0 0.029 0.0309843 1 
17 8 55 0 0.002 0.0200149 3 
18 8 55 0 0.02 0.0301592 1 
19 8 55 0 0.037 0.0280902 1 
20 8 55 0 0.035 0.019562 1 
21 8 55 0 0.029 0.0260568 1 
22 8 55 0 0.037 0.0229832 1 
23 8 55 0.00285961 0.012 0.0246188 4 
24 8 55 0 0.019 0.0260507 1 
25 8 55 0.00374927 0.009 0.0294635 4 
26 8 55 0.00183818 0.007 0.0222704 2 
27 8 55 0 0.033 0.0201256 1 
28 8 55 0 0.036 0.0230044 1 
29 8 55 0.000287509 0.012 0.0300979 2 
30 8 55 0.0357471 0.005 0.0291585 19 
31 8 55 0.000331962 0.008 0.0278617 2 
32 8 55 0.0147215 0.005 0.0258333 6 
0 8 56 0 0.031 0.03163 1 
1 8 56 0 0.047 0.0200441 1 
2 8 56 0 0.048 0.0238547 1 
3 8 56 0.0151296 0.004 0.0226887 6 
4 8 56 0 0.021 0.0273661 1 
5 8 56 0 0.02 0.0205617 1 
6 8 56 0 0.033 0.0314187 1 
7 8 56 0 0.048 0.026151 1 
8 8 56 0 0.034 0.134751 1 
9 8 56 0 0.002 0.0274729 1 
10 8 56 0.016715 0.009 0.151528 1 
11 8 56 0 0.013 0.0229188 1 
12 8 56 0 0.042 0.0214272 1 
13 8 56 0 0.046 0.0271372 1 
14 8 56 0 0.048 0.0265704 1 
15 8 56 0 0.004 0.0266812 1 
16 8 56 0 0.027 0.0226727 1 
17 8 56 0.00270908 0.015 0.0240933 3 
18 8 56 0 0.014 0.0259773 1 
19 8 56 0.00289362 0.033 0.0283633 4 
20 8 56 0 0.027 0.0255106 1 
21 8 56 0 0.036 0.0241233 2 
22 8 56 0 0.041 0.0250802 1 
23 8 56 0 0.027 0.0308486 1 
24 8 56 0 0.042 0.0284339 1 
25 8 56 0 0.005 0.0196529 1 
26 8 56 0.0146261 0.008 0.0235456 4 
27 8 56 0 0.049 0.0261674 1 
28 8 56 0 0.043 0.0188754 1 
29 8 56 0 0.027 0.0205274 1 
30 8 56 0 0.017 0.0267269 1 
31 8 56 0 0.026 0.031915 1 
32 8 56 0.00454716 0.032 0.0238849 3 
0 8 57 0 0.018 0.0226716 1 
1 8 57 0 0.047 0.0247512 1 
2 8 57 0.00024312 0.042 0.0254451 2 
3 8 57 0 0.03 0.0272479 1 
4 8 57 0 0.022 0.0268566 1 
5 8 57 0 0.009 0.0204931 1 
6 8 57 0 0.027 0.0306322 1 
7 8 57 0 0.018 0.0248677 1 
8 8 57 0 0.007 0.129642 1 
9 8 57 0.00274873 0.034 0.0256543 2 
10 8 57 0.000954206 0.029 0.051296 2 
11 8 57 0 0.01 0.0248262 1 
12 8 57 0 0.005 0.0268328 1 
13 8 57 0 0.04 0.026806 1 
14 8 57 0 0.041 0.0239448 1 
15 8 57 0 0.025 0.0180879 1 
16 8 57 0 0.024 0.0308094 1 
17 8 57 0.0173229 0.012 0.0234815 7 
18 8 57 0.000198678 0.004 0.0225653 2 
19 8 57 0 0.044 0.0254152 1 
20 8 57 0 0.001 0.0279192 1 
21 8 57 0.00497882 0.035 0.022575 3 
22 8 57 0 0.017 0.0265664 1 
23 8 57 0 0.046 0.0292934 1 
24 8 57 0 0.027 0.0217292 1 
25 8 57 0 0.047 0.0299143 1 
26 8 57 0.000968165 0.02 0.0317982 2 
27 8 57 0 0.039 0.0235437 1 
28 8 57 0 0.025 0.023745 1 
29 8 57 0.000287563 0.034 0.0273891 2 
30 8 57 0 0.045 0.0285151 1 
31 8 57 0 0.046 0.0254276 1 
32 8 57 0 0.029 0.0230608 1 
0 8 58 0.00604532 0.006 0.0234254 3 
1 8 58 0 0.034 0.0209797 1 
2 8 58 0 0.046 0.0248884 1 
3 8 58 0 0.003 0.0281495 1 
4 8 58 0.0173838 0.036 0.16396 1 
5 8 58 0.0138102 0.005 0.160176 1 
6 8 58 0 0.038 0.0154823 1 
7 8 58 0 0.01 0.025171 1 
8 8 58 0 0.04 0.0470467 2 
9 8 58 0 0.001 0.0237534 1 
10 8 58 0 0.005 0.0204546 2 
11 8 58 8.20204e-05 0.011 0.0250077 2 
12 8 58 0 0.029 0.0224968 1 
13 8 58 0 0.001 0.0259661 1 
14 8 58 0 0.003 0.029643 1 
15 8 58 0.000168331 0.034 0.0223111 2 
16 8 58 0 0.003 0.0357892 1 
17 8 58 0.00481617 0.013 0.0182237 3 
18 8 58 0 0.021 0.0240149 1 
19 8 58 0.00731965 0.002 0.0268029 8 
20 8 58 0.0167802 0.03 0.0218536 4 
21 8 58 0 0.016 0.0225399 1 
22 8 58 0 0.029 0.0292047 1 
23 8 58 0 0.011 0.0308569 1 
24 8 58 0 0.002 0.0231349 1 
25 8 58 0 0.046 0.0225847 1 
26 8 58 0 0.008 0.0280157 1 
27 8 58 0.00502939 0.003 0.0245942 6 
28 8 58 0 0.04 0.0235966 1 
29 8 58 0.00022057 0.008 0.0218358 2 
30 8 58 0 0.021 0.0264289 1 
31 8 58 0 0.014 0.0295999 1 
32 8 58 0 0.008 0.0173743 1 
0 8 59 0.000613583 0.002 0.0252181 5 
1 8 59 0 0.045 0.0269046 1 
2 8 59 0.000243215 0.036 0.036182 2 
3 8 59 0 0.017 0.0253159 1 
4 8 59 0.0180747 0.014 0.160343 1 
5 8 59 0.0145036 0.025 0.169831 1 
6 8 59 0 0.015 0.0333303 1 
7 8 59 0.00168298 0.027 0.0208807 2 
8 8 59 0 0.034 0.0247137 1 
9 8 59 0 0.018 0.0234491 1 
10 8 59 0.000954148 0.006 0.0383796 2 
11 8 59 0 0.026 0.022934 1 
12 8 59 0.0104237 0.016 0.031156 3 
13 8 59 0 0.002 0.0231036 1 
14 8 59 0 0.017 0.0276364 1 
15 8 59 0 0.023 0.0231463 1 
16 8 59 0 0.009 0.0334612 1 
17 8 59 0 0.032 0.0229237 1 
18 8 59 0 0.036 0.0260962 1 
19 8 59 0 0.018 0.0202358 1 
20 8 59 0 0.032 0.0254775 1 
21 8 59 0 0.046 0.0267458 1 
22 8 59 0 0.012 0.0297654 1 
23 8 59 0.0132323 0.008 0.023625 5 
24 8 59 0 0.047 0.0311093 1 
25 8 59 0.0372573 0.002 0.0238008 22 
26 8 59 0 0.029 0.026703 1 
27 8 59 0 0.002 0.0189854 1 
28 8 59 0 0.046 0.0293651 1 
29 8 59 0.000287648 0.022 0.0209416 2 
30 8 59 0.00635277 0.008 0.0190223 6 
31 8 59 0 0.001 0.0247133 1 
32 8 59 0 0.041 0.0328907 1 
0 8 60 0 0.01 0.0228392 1 
1 8 60 0 0.042 0.0265762 1 
2 8 60 0.000245898 0.008 0.0295004 2 
3 8 60 0.0250946 0.002 0.0272431 7 
4 8 60 0.00663539 0.032 0.145197 1 
5 8 60 0.0158692 0.047 0.167641 1 
6 8 60 4.60479e-05 0.003 0.0392015 2 
7 8 60 0.000196879 0.007 0.0260226 2 
8 8 60 0 0.046 0.136342 1 
9 8 60 0 0.001 0.0211435 1 
10 8 60 0 0.032 0.02479 1 
11 8 60 0 0.001 0.0181355 1 
12 8 60 0 0.04 0.0280977 1 
13 8 60 0 0.003 0.0219362 1 
14 8 60 0.0205984 0.004 0.0240811 11 
15 8 60 0 0.001 0.032873 1 
16 8 60 0 0.02 0.0257496 1 
17 8 60 0 0.014 0.0257987 1 
18 8 60 0 0.048 0.0226638 1 
19 8 60 0 0.035 0.022678 1 
20 8 60 0 0.005 0.0306469 3 
21 8 60 0 0.008 0.0345166 2 
22 8 60 0 0.027 0.0286721 1 
23 8 60 0.017935 0.026 0.0234877 2 
24 8 60 0.000312515 0.014 0.0244168 2 
25 8 60 0.0010025 0.012 0.029026 2 
26 8 60 0 0.027 0.0249811 1 
27 8 60 0 0.029 0.0280444 1 
28 8 60 0 0.04 0.0205846 1 
29 8 60 0 0.043 0.0256254 1 
30 8 60 0.00465355 0.003 0.0250902 6 
31 8 60 0.00164092 0.011 0.0244026 3 
32 8 60 0 0.048 0.0217154 1 
