0 9 0 0.0124551 0.004 0.0132033 14 
1 9 0 0.187533 0.032 0.0161609 3 
2 9 0 0 0.026 0.0124535 1 
3 9 0 0 0.024 0.00939521 1 
4 9 0 0 0.034 0.0135039 1 
5 9 0 0 0.005 0.0103931 1 
6 9 0 0 0.025 0.00923513 1 
7 9 0 0.0100739 0.013 0.00978518 12 
8 9 0 0.00156059 0.016 0.00946506 4 
9 9 0 1 0.039 0.0115082 2 
10 9 0 0 0.014 0.0138578 1 
11 9 0 0.000762166 0.031 0.00977573 2 
12 9 0 0.00382956 0.026 0.0134317 4 
13 9 0 0.00239499 0.023 0.0118906 7 
14 9 0 0 0.035 0.0116972 1 
15 9 0 0 0.006 0.0135137 1 
16 9 0 0 0.02 0.00930286 1 
17 9 0 0 0.01 0.0122027 1 
18 9 0 0 0.036 0.0118332 1 
19 9 0 0.0089122 0.034 0.0114376 7 
20 9 0 0.0033323 0.014 0.010915 6 
21 9 0 0.00303453 0.02 0.00791373 8 
22 9 0 0.00289006 0.033 0.0129673 3 
23 9 0 0.00305696 0.017 0.0128202 8 
24 9 0 0 0.02 0.0139181 1 
25 9 0 0 0.046 0.01251 1 
26 9 0 0 0.006 0.00891888 2 
27 9 0 0.023977 0.001 0.0127642 31 
28 9 0 5.14645e-05 0.039 0.0117376 2 
29 9 0 0.00164955 0.038 0.0107726 3 
30 9 0 2.29578e-05 0.017 0.0121493 3 
31 9 0 0 0.038 0.0118512 2 
32 9 0 0.000153019 0.005 0.00918201 3 
0 9 1 0.0194984 0.008 0.0109426 26 
1 9 1 0.00511783 0.046 0.00918162 4 
2 9 1 0 0.029 0.0150291 1 
3 9 1 0.00605494 0.029 0.0118954 5 
4 9 1 0 0.015 0.0112273 1 
5 9 1 0.00419969 0.044 0.0145377 1 
6 9 1 0.000210849 0.005 0.012476 1 
7 9 1 0.00082754 0.038 0.0116316 2 
8 9 1 0.00670232 0.038 0.0159188 1 
9 9 1 0.0277998 0.021 0.0099359 23 
10 9 1 0.000964681 0.017 0.0100421 3 
11 9 1 0.00188106 0.003 0.0123422 2 
12 9 1 0.0138501 0.013 0.00967206 14 
13 9 1 0.000920284 0.033 0.0129464 2 
14 9 1 0 0.022 0.0161549 1 
15 9 1 0 0.026 0.0106232 1 
16 9 1 0 0.048 0.0106385 1 
17 9 1 0.00788103 0.033 0.00744434 11 
18 9 1 0 0.002 0.0117727 1 
19 9 1 0 0.045 0.0113366 1 
20 9 1 0 0.011 0.00960853 1 
21 9 1 0.00252525 0.027 0.0106566 4 
22 9 1 0 0.004 0.0149477 1 
23 9 1 0.0231712 0.006 0.010307 24 
24 9 1 0 0.022 0.00981558 1 
25 9 1 0 0.048 0.0129909 1 
26 9 1 0.00230587 0.011 0.0130121 5 
27 9 1 0.0021837 0.001 0.0123669 3 
28 9 1 0.00155086 0.009 0.0135461 2 
29 9 1 0 0.041 0.00945027 1 
30 9 1 0.00116553 0.011 0.0129762 3 
31 9 1 0 0.034 0.00979942 1 
32 9 1 0.00315535 0.01 0.00922315 5 
0 9 2 0.00119898 0.033 0.0117993 3 
1 9 2 0 0.042 0.00907184 1 
2 9 2 0.00118146 0.011 0.0133374 1 
3 9 2 0.000200616 0.002 0.0128988 3 
4 9 2 0.000553455 0.045 0.0111358 2 
5 9 2 0 0.025 0.0105071 1 
6 9 2 0.00141827 0.039 0.0115197 2 
7 9 2 0 0.019 0.00941219 1 
8 9 2 0 0.007 0.0100811 1 
9 9 2 0 0.049 0.00955673 1 
10 9 2 0.00548319 0.048 0.00954501 5 
11 9 2 0.000168244 0.032 0.0100596 3 
12 9 2 0.00216782 0.005 0.0114178 6 
13 9 2 0.00120506 0.049 0.0124613 4 
14 9 2 0.0138586 0.008 0.0134632 17 
15 9 2 0 0.027 0.0114146 1 
16 9 2 0 0.013 0.00950737 1 
17 9 2 0 0.009 0.0138538 1 
18 9 2 0 0.012 0.0146919 1 
19 9 2 0 0.041 0.0108516 1 
20 9 2 0 0.032 0.0122694 1 
21 9 2 6.35415e-05 0.002 0.0115035 2 
22 9 2 0.00221684 0.033 0.0123208 4 
23 9 2 0 0.041 0.0140113 1 
24 9 2 0.000692518 0.027 0.0108481 2 
25 9 2 0.00231637 0.026 0.0120151 3 
26 9 2 0 0.038 0.0110989 1 
27 9 2 0 0.011 0.0122793 1 
28 9 2 0 0.036 0.00911243 1 
29 9 2 0 0.016 0.00855242 1 
30 9 2 0.00170925 0.031 0.0102609 5 
31 9 2 0 0.039 0.0102199 2 
32 9 2 0.0068399 0.004 0.0132609 14 
0 9 3 0.00404571 0.01 0.0113424 6 
1 9 3 0 0.017 0.0112831 1 
2 9 3 0.00255001 0.032 0.0099986 2 
3 9 3 0 0.031 0.0118803 1 
4 9 3 0.0142649 0.025 0.0154069 6 
5 9 3 0.00402217 0.035 0.0186633 1 
6 9 3 0 0.039 0.0136193 1 
7 9 3 0.00119969 0.023 0.0123562 4 
8 9 3 0 0.024 0.0128134 1 
9 9 3 3.64872e-05 0.024 0.0126977 2 
10 9 3 0 0.014 0.0125522 1 
11 9 3 0.0019726 0.031 0.0124196 3 
12 9 3 0 0.002 0.00889394 1 
13 9 3 0 0.044 0.00857018 1 
14 9 3 0 0.03 0.0107715 1 
15 9 3 0 0.041 0.0133423 1 
16 9 3 0 0.032 0.0119657 1 
17 9 3 4.79444e-05 0.002 0.0138234 3 
18 9 3 0 0.004 0.013114 1 
19 9 3 6.39198e-05 0.01 0.0109837 3 
20 9 3 0 0.026 0.0111689 1 
21 9 3 0.00106467 0.007 0.0098901 3 
22 9 3 0 0.01 0.0116252 1 
23 9 3 0 0.045 0.0149142 1 
24 9 3 0.000967597 0.024 0.0131103 2 
25 9 3 0 0.032 0.0123426 1 
26 9 3 0 0.043 0.00843554 1 
27 9 3 0.00995072 0.035 0.0113023 13 
28 9 3 0 0.01 0.0121427 1 
29 9 3 0.00027245 0.007 0.0127228 1 
30 9 3 0 0.039 0.0124026 1 
31 9 3 0 0.002 0.0100418 1 
32 9 3 0 0.034 0.0125659 1 
0 9 4 0 0.009 0.011423 1 
1 9 4 0.000197959 0.001 0.00958356 3 
2 9 4 0 0.024 0.0122789 1 
3 9 4 0 0.047 0.0105685 1 
4 9 4 0 0.026 0.0109629 1 
5 9 4 0 0.013 0.00945827 1 
6 9 4 0.00118857 0.012 0.013177 1 
7 9 4 0 0.033 0.0128327 1 
8 9 4 0.00151937 0.04 0.0111057 2 
9 9 4 0 0.018 0.010758 1 
10 9 4 0 0.026 0.00989912 1 
11 9 4 0.00010051 0.018 0.0115341 3 
12 9 4 0 0.025 0.0141033 1 
13 9 4 0.00158131 0.003 0.00961141 2 
14 9 4 0 0.004 0.0104606 1 
15 9 4 0 0.045 0.00830807 1 
16 9 4 0.000917719 0.009 0.0129817 2 
17 9 4 0 0.004 0.0115877 1 
18 9 4 0 0.031 0.0124087 1 
19 9 4 0.00126963 0.02 0.0102825 3 
20 9 4 0.0133608 0.023 0.0105514 12 
21 9 4 0 0.033 0.0123982 1 
22 9 4 0.00178474 0.031 0.0124577 4 
23 9 4 0 0.012 0.0127672 1 
24 9 4 0.000887712 0.02 0.0120362 2 
25 9 4 0.00286011 0.044 0.0113922 2 
26 9 4 0 0.024 0.0101391 1 
27 9 4 0.0430749 0.005 0.00923734 52 
28 9 4 0 0.007 0.0111167 1 
29 9 4 9.91743e-05 0.023 0.0112469 2 
30 9 4 0.00106169 0.028 0.00964986 2 
31 9 4 0 0.041 0.0104908 1 
32 9 4 0.0132262 0.033 0.0125884 9 
0 9 5 0.0053524 0.017 0.011329 8 
1 9 5 0 0.007 0.0105061 1 
2 9 5 0.000268697 0.027 0.0111332 1 
3 9 5 0 0.001 0.0110951 1 
4 9 5 0.00433584 0.044 0.018799 1 
5 9 5 0 0.004 0.0131705 1 
6 9 5 0.00150653 0.031 0.0130594 1 
7 9 5 0.0122007 0.011 0.00880349 13 
8 9 5 0.006124 0.006 0.0105835 1 
9 9 5 0 0.04 0.0111633 1 
10 9 5 0 0.022 0.0125331 1 
11 9 5 0 0.043 0.0125916 1 
12 9 5 0 0.011 0.0106644 1 
13 9 5 0.000466695 0.024 0.00837832 2 
14 9 5 0.00938412 0.018 0.00910564 9 
15 9 5 0.000939002 0.005 0.0141071 2 
16 9 5 0 0.009 0.0126781 1 
17 9 5 0.00254582 0.035 0.0108587 3 
18 9 5 0 0.027 0.0110887 1 
19 9 5 0 0.026 0.00942733 1 
20 9 5 4.24384e-08 0.02 0.0120536 2 
21 9 5 0 0.001 0.0152306 1 
22 9 5 0 0.012 0.0129796 1 
23 9 5 0.000500389 0.015 0.0102189 2 
24 9 5 0.000969541 0.028 0.0119139 2 
25 9 5 0 0.034 0.0112012 1 
26 9 5 0.00154108 0.009 0.0125873 3 
27 9 5 0.000939002 0.003 0.0109311 2 
28 9 5 0.000969541 0.007 0.013607 2 
29 9 5 0.000102526 0.032 0.0104959 2 
30 9 5 0 0.002 0.0112437 1 
31 9 5 0 0.047 0.00938265 1 
32 9 5 0 0.026 0.0115552 1 
0 9 6 0 0.008 0.0117194 1 
1 9 6 0 0.033 0.0111867 1 
2 9 6 0.000586764 0.015 0.0123075 1 
3 9 6 0 0.023 0.00819417 1 
4 9 6 0 0.031 0.0157713 1 
5 9 6 0 0.039 0.0106944 1 
6 9 6 0.00176139 0.022 0.0112991 2 
7 9 6 0 0.027 0.00967382 1 
8 9 6 0.00051653 0.028 0.0115523 4 
9 9 6 0 0.03 0.0110537 1 
10 9 6 0.000164008 0.034 0.00828434 3 
11 9 6 0.00104624 0.045 0.0139292 3 
12 9 6 0 0.048 0.011732 1 
13 9 6 0 0.039 0.0103946 1 
14 9 6 0.0111138 0.021 0.012833 8 
15 9 6 0 0.008 0.0119233 1 
16 9 6 0 0.047 0.0115777 1 
17 9 6 0 0.005 0.00944003 1 
18 9 6 0.000889671 0.029 0.014184 2 
19 9 6 6.771e-05 0.004 0.00947445 2 
20 9 6 0 0.044 0.0136624 1 
21 9 6 0.000162523 0.015 0.00957803 1 
22 9 6 0 0.041 0.010478 1 
23 9 6 0.00150347 0.036 0.00904527 5 
24 9 6 0.000479163 0.024 0.00975026 3 
25 9 6 0 0.004 0.0098261 1 
26 9 6 0 0.018 0.0130258 1 
27 9 6 0.0307966 0.005 0.0133523 45 
28 9 6 0.000889671 0.048 0.0126757 2 
29 9 6 4.30922e-05 0.002 0.012717 2 
30 9 6 0.0731576 0.007 0.00916173 36 
31 9 6 0 0.025 0.0155135 1 
32 9 6 0.00951996 0.006 0.0118056 12 
0 9 7 0 0.042 0.0111549 1 
1 9 7 0 0.007 0.0113788 1 
2 9 7 0 0.045 0.0122677 1 
3 9 7 0.0064174 0.012 0.0129291 9 
4 9 7 0 0.04 0.0145636 1 
5 9 7 0 0.006 0.012163 1 
6 9 7 0 0.029 0.0112827 1 
7 9 7 0.00170831 0.027 0.00864619 6 
8 9 7 0 0.016 0.0134837 1 
9 9 7 0 0.028 0.00755773 1 
10 9 7 0 0.038 0.0124422 1 
11 9 7 1.80289e-05 0.04 0.011636 3 
12 9 7 0.00724267 0.008 0.00993877 11 
13 9 7 0 0.021 0.0121669 1 
14 9 7 0.0182041 0.006 0.0129254 23 
15 9 7 0 0.04 0.00783531 1 
16 9 7 0.000941 0.045 0.0122217 2 
17 9 7 0 0.031 0.00828481 1 
18 9 7 0.000971445 0.014 0.0079924 2 
19 9 7 0 0.029 0.0130139 1 
20 9 7 0 0.024 0.0122261 1 
21 9 7 0 0.008 0.0127762 1 
22 9 7 0 0.016 0.0107164 1 
23 9 7 0.00261267 0.001 0.00907987 4 
24 9 7 0 0.028 0.0151866 1 
25 9 7 0.00212395 0.02 0.0114033 2 
26 9 7 0 0.008 0.0107985 1 
27 9 7 0.0276206 0.003 0.0112008 33 
28 9 7 0.000971445 0.027 0.0140288 2 
29 9 7 0.000738141 0.004 0.0117657 2 
30 9 7 0 0.032 0.0106296 1 
31 9 7 0.000854359 0.007 0.0165753 1 
32 9 7 0.00814395 0.031 0.00913224 8 
0 9 8 0.0159818 0.013 0.0103988 24 
1 9 8 0 0.03 0.0101576 1 
2 9 8 0 0.017 0.0116906 1 
3 9 8 0 0.001 0.013449 1 
4 9 8 0.000801327 0.048 0.00802833 3 
5 9 8 0 0.008 0.0088964 1 
6 9 8 0.000590273 0.039 0.0123791 1 
7 9 8 0.00509011 0.029 0.0100123 5 
8 9 8 0 0.046 0.0115788 1 
9 9 8 0 0.001 0.011857 1 
10 9 8 0 0.027 0.00966646 1 
11 9 8 9.90509e-05 0.014 0.0139791 3 
12 9 8 1.65642e-05 0.006 0.00964034 2 
13 9 8 0 0.008 0.0126787 1 
14 9 8 0.00129541 0.011 0.0115501 3 
15 9 8 0 0.004 0.0143919 1 
16 9 8 0 0.043 0.0136847 1 
17 9 8 0 0.033 0.0107045 1 
18 9 8 0 0.039 0.0121054 1 
19 9 8 0 0.013 0.012151 1 
20 9 8 0.00952827 0.031 0.0134385 6 
21 9 8 2.12499e-05 0.047 0.0118512 2 
22 9 8 0.00411068 0.039 0.0118439 4 
23 9 8 0.000441289 0.047 0.0125506 2 
24 9 8 0 0.015 0.0132759 1 
25 9 8 0.0207914 0.003 0.0121986 40 
26 9 8 0.00158853 0.003 0.0145398 2 
27 9 8 0.048966 0.002 0.0137092 58 
28 9 8 0.000487814 0.022 0.0128523 3 
29 9 8 0.000935121 0.032 0.0154269 2 
30 9 8 0.0248493 0.004 0.011352 62 
31 9 8 0 0.04 0.0131032 2 
32 9 8 0 0.002 0.0140261 1 
0 9 9 0 0.025 0.0129506 1 
1 9 9 0.00172278 0.039 0.00997267 2 
2 9 9 0 0.028 0.0118907 1 
3 9 9 0 0.043 0.011531 1 
4 9 9 0 0.046 0.0106906 1 
5 9 9 0.00396325 0.039 0.0133901 1 
6 9 9 0.00110069 0.012 0.00909573 2 
7 9 9 0.000621657 0.011 0.0119549 4 
8 9 9 0.00091286 0.039 0.01024 3 
9 9 9 2.20003e-05 0.003 0.0126258 2 
10 9 9 0.0060652 0.004 0.0157484 1 
11 9 9 0.000233552 0.017 0.0112747 3 
12 9 9 0 0.011 0.0104781 1 
13 9 9 0.000526849 0.027 0.00918913 2 
14 9 9 0 0.023 0.0128042 1 
15 9 9 0 0.022 0.0117371 1 
16 9 9 0 0.005 0.0113531 1 
17 9 9 0.0023324 0.029 0.0113629 5 
18 9 9 0 0.039 0.0125992 1 
19 9 9 0.000209602 0.015 0.00998782 2 
20 9 9 0.00698865 0.003 0.0103336 9 
21 9 9 0 0.023 0.0103351 1 
22 9 9 0.0867866 0.001 0.0134608 91 
23 9 9 0 0.01 0.0129814 1 
24 9 9 0 0.027 0.0123902 1 
25 9 9 0 0.025 0.0112824 1 
26 9 9 0 0.012 0.0106509 1 
27 9 9 0 0.038 0.00890278 1 
28 9 9 0 0.03 0.0113419 1 
29 9 9 2.53832e-05 0.027 0.00999461 2 
30 9 9 0 0.016 0.010831 1 
31 9 9 2.25282e-07 0.012 0.00771782 2 
32 9 9 0 0.033 0.00995315 1 
0 9 10 0.00934581 0.034 0.0104291 7 
1 9 10 0 0.036 0.0141796 1 
2 9 10 0 0.028 0.0100199 1 
3 9 10 0 0.017 0.00904584 1 
4 9 10 0.00306895 0.007 0.0117388 3 
5 9 10 0 0.038 0.00919918 2 
6 9 10 0 0.013 0.0124584 1 
7 9 10 0 0.021 0.0119519 1 
8 9 10 0 0.048 0.00900299 1 
9 9 10 0 0.003 0.010032 1 
10 9 10 9.50228e-05 0.037 0.0123492 3 
11 9 10 0 0.003 0.0131583 1 
12 9 10 0.0023361 0.024 0.0100339 2 
13 9 10 0.00207511 0.017 0.0104939 2 
14 9 10 0.00165119 0.03 0.0131521 3 
15 9 10 0 0.012 0.0141572 1 
16 9 10 0 0.004 0.0115699 1 
17 9 10 0 0.015 0.0102079 1 
18 9 10 0 0.028 0.0115191 1 
19 9 10 0.0229204 0.002 0.00858346 38 
20 9 10 0 0.02 0.00954117 1 
21 9 10 0 0.012 0.0120711 1 
22 9 10 0.0190456 0.015 0.0133685 15 
23 9 10 0.00107078 0.048 0.00935277 2 
24 9 10 0 0.035 0.0129458 1 
25 9 10 0.0022571 0.022 0.00814622 5 
26 9 10 0 0.036 0.0112302 1 
27 9 10 0.00177508 0.038 0.00990506 2 
28 9 10 0 0.017 0.00961642 1 
29 9 10 0 0.019 0.0123553 1 
30 9 10 0.00363215 0.013 0.0111947 7 
31 9 10 0.0008816 0.041 0.0127596 1 
32 9 10 0.0225409 0.007 0.0117276 18 
0 9 11 0.00667027 0.043 0.00993341 2 
1 9 11 0.00417266 0.011 0.0104414 10 
2 9 11 0.00101063 0.034 0.011585 2 
3 9 11 0 0.03 0.0123047 1 
4 9 11 0 0.031 0.0114553 1 
5 9 11 0 0.044 0.011642 1 
6 9 11 0 0.02 0.00785718 1 
7 9 11 0 0.019 0.0117102 1 
8 9 11 0 0.005 0.0118275 1 
9 9 11 0 0.009 0.0080076 1 
10 9 11 0 0.041 0.0123005 1 
11 9 11 0 0.009 0.0139782 1 
12 9 11 0 0.007 0.0145467 1 
13 9 11 0.00781037 0.003 0.00902619 7 
14 9 11 0.00788528 0.007 0.0101225 15 
15 9 11 0 0.006 0.012777 1 
16 9 11 0 0.021 0.0139435 1 
17 9 11 0.00103957 0.01 0.0129216 3 
18 9 11 0.00058534 0.044 0.0128741 3 
19 9 11 0.00125648 0.017 0.0100855 4 
20 9 11 0.000296108 0.02 0.0120284 2 
21 9 11 0 0.042 0.0105595 1 
22 9 11 0.00324306 0.008 0.00907436 4 
23 9 11 0 0.036 0.00844779 1 
24 9 11 0 0.049 0.0133389 1 
25 9 11 0.0151128 0.015 0.0120861 15 
26 9 11 0 0.017 0.0113603 1 
27 9 11 0.000949241 0.02 0.0140069 2 
28 9 11 0 0.002 0.0132346 1 
29 9 11 4.5731e-05 0.013 0.0138617 2 
30 9 11 0 0.018 0.0118709 1 
31 9 11 0 0.039 0.0180522 1 
32 9 11 0.0248968 0.007 0.0123781 20 
0 9 12 0 0.031 0.013489 1 
1 9 12 0.0113872 0.01 0.0128762 8 
2 9 12 0.000792478 0.038 0.0101877 2 
3 9 12 0 0.041 0.0106834 1 
4 9 12 0 0.021 0.0110184 1 
5 9 12 0 0.01 0.0106331 1 
6 9 12 0 0.035 0.0108136 1 
7 9 12 0.00423465 0.011 0.00920669 7 
8 9 12 0 0.039 0.00965581 1 
9 9 12 0 0.024 0.0100283 1 
10 9 12 0.000315962 0.047 0.0111432 4 
11 9 12 0 0.028 0.0105812 1 
12 9 12 0 0.025 0.0129538 1 
13 9 12 0 0.023 0.0105084 1 
14 9 12 0.000510984 0.001 0.0114108 3 
15 9 12 0 0.019 0.0136266 1 
16 9 12 0 0.021 0.0107729 1 
17 9 12 0.00265412 0.016 0.0121529 4 
18 9 12 6.65081e-06 0.036 0.00967781 2 
19 9 12 0.00013562 0.01 0.0118162 3 
20 9 12 0 0.012 0.0110708 1 
21 9 12 0.000116025 0.035 0.011334 2 
22 9 12 0.00115705 0.014 0.0106045 3 
23 9 12 5.169e-06 0.003 0.0109307 2 
24 9 12 0.000899552 0.031 0.0121446 2 
25 9 12 0.0004769 0.018 0.0104329 3 
26 9 12 0.00257479 0.038 0.0120094 2 
27 9 12 0 0.003 0.00973449 1 
28 9 12 0.000899552 0.045 0.0124803 2 
29 9 12 0.000839418 0.024 0.0137105 2 
30 9 12 0.00184763 0.041 0.011469 2 
31 9 12 0.000589555 0.019 0.0122819 1 
32 9 12 0.0128402 0.017 0.0112626 11 
0 9 13 0 0.024 0.0103348 1 
1 9 13 0.00357918 0.043 0.00942652 4 
2 9 13 0.00101255 0.02 0.0109716 2 
3 9 13 0 0.002 0.0104238 1 
4 9 13 0.00605881 0.047 0.0182022 1 
5 9 13 0 0.024 0.0125723 1 
6 9 13 0 0.012 0.0110945 1 
7 9 13 0.0122183 0.007 0.0117963 10 
8 9 13 1.27764e-06 0.005 0.0129222 3 
9 9 13 0 0.023 0.0123112 1 
10 9 13 9.56205e-05 0.027 0.0120027 2 
11 9 13 0 0.043 0.0131047 1 
12 9 13 0.00581878 0.022 0.0102803 10 
13 9 13 0 0.008 0.00877493 1 
14 9 13 0 0.018 0.0088666 1 
15 9 13 0 0.019 0.0101428 1 
16 9 13 0.000951352 0.01 0.00977259 2 
17 9 13 0.0126067 0.005 0.0117156 13 
18 9 13 1.40268e-06 0.029 0.0107503 2 
19 9 13 0.00146739 0.006 0.0104426 5 
20 9 13 0.0013709 0.005 0.0108666 3 
21 9 13 0 0.014 0.0126364 1 
22 9 13 4.51918e-05 0.02 0.0118943 2 
23 9 13 0.0114057 0.014 0.0101435 10 
24 9 13 0.000981952 0.024 0.0119999 2 
25 9 13 0 0.022 0.0111145 1 
26 9 13 0.01023 0.013 0.0133067 15 
27 9 13 0 0.049 0.00980934 1 
28 9 13 0 0.048 0.00853013 1 
29 9 13 0.000633932 0.004 0.00586808 3 
30 9 13 0.0561022 0.001 0.0124666 79 
31 9 13 0 0.038 0.0112099 1 
32 9 13 0.000951352 0.01 0.0106885 2 
0 9 14 0.00808742 0.025 0.00950271 12 
1 9 14 0 0.047 0.00978033 1 
2 9 14 0 0.023 0.0120869 1 
3 9 14 0 0.024 0.0143331 1 
4 9 14 0 0.029 0.00913272 1 
5 9 14 0 0.028 0.00997621 1 
6 9 14 0 0.044 0.0112191 1 
7 9 14 0 0.016 0.0096617 1 
8 9 14 0.00307587 0.043 0.0114185 1 
9 9 14 0.0106596 0.049 0.0111885 4 
10 9 14 0 0.02 0.01186 1 
11 9 14 0 0.025 0.00923232 1 
12 9 14 0.01869 0.031 0.0134186 13 
13 9 14 0.0013747 0.006 0.00724844 4 
14 9 14 0 0.014 0.0129822 1 
15 9 14 0 0.034 0.010358 1 
16 9 14 0 0.011 0.00953241 1 
17 9 14 0 0.002 0.0134683 1 
18 9 14 0.000901549 0.002 0.012579 2 
19 9 14 0.0102136 0.01 0.0110374 9 
20 9 14 0.000131434 0.048 0.0121457 4 
21 9 14 0 0.01 0.0113938 1 
22 9 14 0.0110139 0.016 0.0120981 16 
23 9 14 0.00251607 0.003 0.0118382 4 
24 9 14 0 0.038 0.0107138 1 
25 9 14 0 0.022 0.0128109 1 
26 9 14 0 0.04 0.00969327 1 
27 9 14 0 0.038 0.0101858 1 
28 9 14 0 0.028 0.00960972 1 
29 9 14 0.000573204 0.005 0.0118511 3 
30 9 14 0 0.002 0.013222 1 
31 9 14 0 0.041 0.0114329 1 
32 9 14 0.00119149 0.013 0.0113488 2 
0 9 15 0.00298524 0.027 0.00977424 2 
1 9 15 0 0.014 0.00994163 1 
2 9 15 0 0.042 0.00964956 1 
3 9 15 0.0448539 0.003 0.0101153 54 
4 9 15 0.000418636 0.044 0.0102692 2 
5 9 15 0 0.006 0.0108254 1 
6 9 15 0 0.004 0.0164835 1 
7 9 15 0 0.022 0.0130769 1 
8 9 15 0 0.039 0.0121241 1 
9 9 15 0.00820232 0.018 0.0121168 6 
10 9 15 0.00716185 0.045 0.01199 1 
11 9 15 0 0.013 0.0120646 1 
12 9 15 0 0.034 0.0104142 1 
13 9 15 0 0.01 0.00749193 1 
14 9 15 0 0.023 0.0103995 1 
15 9 15 0 0.031 0.0118959 1 
16 9 15 0 0.005 0.0145595 1 
17 9 15 0 0.035 0.0120428 1 
18 9 15 0.000881256 0.008 0.0115159 2 
19 9 15 0 0.017 0.0112717 1 
20 9 15 0.00152519 0.006 0.0125407 3 
21 9 15 7.10128e-05 0.045 0.0103198 2 
22 9 15 0 0.042 0.0103505 1 
23 9 15 0 0.002 0.0140306 1 
24 9 15 0 0.004 0.0134347 1 
25 9 15 0.00185823 0.026 0.01428 3 
26 9 15 0 0.008 0.0118435 1 
27 9 15 0.00884285 0.018 0.0133496 10 
28 9 15 0 0.01 0.0125199 1 
29 9 15 0 0.02 0.0121825 1 
30 9 15 0.00202151 0.016 0.0116167 3 
31 9 15 0 0.036 0.0104299 1 
32 9 15 0 0.012 0.0127548 1 
0 9 16 0.00829959 0.002 0.016409 7 
1 9 16 0 0.028 0.0121471 1 
2 9 16 0 0.01 0.0134517 1 
3 9 16 0 0.039 0.0153195 1 
4 9 16 0.000141559 0.002 0.0102158 2 
5 9 16 0 0.041 0.00958722 1 
6 9 16 0 0.043 0.0122227 1 
7 9 16 1.99789e-08 0.013 0.0113229 2 
8 9 16 0 0.045 0.0136982 1 
9 9 16 0.00131461 0.038 0.0124256 2 
10 9 16 0 0.004 0.0121691 1 
11 9 16 0 0.019 0.0114357 1 
12 9 16 0.00801561 0.005 0.0089739 10 
13 9 16 0 0.028 0.0113681 1 
14 9 16 0 0.023 0.011411 1 
15 9 16 0.000937947 0.043 0.0117727 2 
16 9 16 0.000937947 0.02 0.0123084 2 
17 9 16 0.00625482 0.018 0.0107591 14 
18 9 16 6.73831e-06 0.029 0.0113281 2 
19 9 16 0 0.039 0.0121782 1 
20 9 16 0 0.048 0.0119612 1 
21 9 16 0.00231074 0.044 0.0122784 2 
22 9 16 0 0.024 0.0102605 1 
23 9 16 0.000391887 0.006 0.0104717 2 
24 9 16 0 0.033 0.0119557 1 
25 9 16 0 0.037 0.0122635 1 
26 9 16 0 0.021 0.00894007 1 
27 9 16 0.00482873 0.02 0.0103325 6 
28 9 16 0 0.013 0.0145243 1 
29 9 16 0 0.03 0.0127205 1 
30 9 16 0 0.001 0.00989191 1 
31 9 16 0.000244019 0.046 0.0117491 2 
32 9 16 0.000167189 0.005 0.00991192 2 
0 9 17 0.00740173 0.019 0.00934527 5 
1 9 17 0.00489869 0.01 0.0105644 10 
2 9 17 0 0.033 0.0142091 1 
3 9 17 0.000964625 0.035 0.0132292 2 
4 9 17 0 0.015 0.0102189 1 
5 9 17 0 0.049 0.0128396 1 
6 9 17 0 0.031 0.0131658 1 
7 9 17 0.00044764 0.015 0.0117494 3 
8 9 17 0 0.007 0.0108485 1 
9 9 17 0 0.019 0.0124593 1 
10 9 17 0 0.015 0.0122609 1 
11 9 17 0 0.037 0.0129535 1 
12 9 17 0 0.02 0.0133182 1 
13 9 17 0 0.045 0.0112088 1 
14 9 17 0 0.005 0.0114434 1 
15 9 17 0 0.017 0.0114382 1 
16 9 17 0 0.003 0.0118287 1 
17 9 17 0.0115687 0.016 0.0123615 25 
18 9 17 0.000990583 0.027 0.00968822 2 
19 9 17 0.0190304 0.02 0.0129112 16 
20 9 17 0 0.035 0.00861052 1 
21 9 17 0.00247996 0.032 0.0111943 3 
22 9 17 0 0.004 0.0153434 1 
23 9 17 0.0087458 0.024 0.0124971 7 
24 9 17 0 0.034 0.0136519 1 
25 9 17 0.00408211 0.028 0.0112077 3 
26 9 17 0 0.024 0.011175 1 
27 9 17 0.0260268 0.002 0.0121424 36 
28 9 17 0.000990583 0.026 0.0101651 2 
29 9 17 0.00105229 0.045 0.00959025 2 
30 9 17 0.0012028 0.014 0.0113451 2 
31 9 17 0 0.019 0.0119696 1 
32 9 17 0.00156981 0.001 0.0149694 5 
0 9 18 0 0.019 0.0129661 1 
1 9 18 0.0185591 0.006 0.0119237 22 
2 9 18 0.000591306 0.047 0.0122535 3 
3 9 18 0 0.045 0.0154449 1 
4 9 18 0 0.023 0.0141911 1 
5 9 18 0 0.003 0.0159471 1 
6 9 18 0 0.033 0.012595 1 
7 9 18 0 0.027 0.00973734 1 
8 9 18 0 0.019 0.0120857 1 
9 9 18 0.0192974 0.009 0.0100251 12 
10 9 18 0.00614486 0.04 0.0185978 1 
11 9 18 0 0.049 0.0117881 1 
12 9 18 0.014725 0.007 0.00987935 14 
13 9 18 0 0.032 0.011122 1 
14 9 18 0 0.023 0.0103225 1 
15 9 18 0 0.044 0.0104927 1 
16 9 18 0 0.004 0.00797441 1 
17 9 18 0.0360032 0.008 0.0104664 45 
18 9 18 0 0.027 0.0161183 1 
19 9 18 0.00028534 0.001 0.0136412 2 
20 9 18 0.00159249 0.001 0.00984186 3 
21 9 18 0 0.007 0.010137 1 
22 9 18 0.0122888 0.007 0.0151285 17 
23 9 18 0 0.039 0.0112703 1 
24 9 18 0 0.029 0.0126008 1 
25 9 18 0.00649254 0.021 0.0135107 9 
26 9 18 0 0.044 0.0117021 1 
27 9 18 0 0.003 0.0111614 1 
28 9 18 0.005529 0.003 0.010214 4 
29 9 18 0 0.041 0.0124984 1 
30 9 18 0 0.025 0.0130735 1 
31 9 18 0 0.004 0.0112645 1 
32 9 18 0.00541248 0.026 0.0132638 8 
0 9 19 0 0.035 0.00747428 1 
1 9 19 0 0.043 0.0119785 1 
2 9 19 0.00431874 0.049 0.0084115 5 
3 9 19 0.0127647 0.009 0.0109446 12 
4 9 19 0 0.021 0.0104309 1 
5 9 19 0 0.047 0.010695 1 
6 9 19 0.00111561 0.001 0.0121078 2 
7 9 19 0 0.011 0.0123857 1 
8 9 19 0 0.015 0.0111783 1 
9 9 19 0.0014312 0.026 0.0134492 3 
10 9 19 0 0.045 0.0129273 1 
11 9 19 0.00339135 0.049 0.0111138 4 
12 9 19 0 0.017 0.0103675 1 
13 9 19 0 0.013 0.011593 1 
14 9 19 0.00654276 0.041 0.0104632 2 
15 9 19 0 0.015 0.0123898 1 
16 9 19 0.00096182 0.012 0.00974312 2 
17 9 19 0.00698171 0.026 0.0122344 4 
18 9 19 0 0.043 0.00853292 1 
19 9 19 0.00251476 0.014 0.0103997 5 
20 9 19 0.0049714 0.035 0.0115249 7 
21 9 19 0.000590314 0.035 0.014554 1 
22 9 19 0.0100833 0.009 0.0106452 17 
23 9 19 0.012365 0.034 0.0108747 6 
24 9 19 0 0.009 0.0136365 1 
25 9 19 0.0182057 0.012 0.0127147 14 
26 9 19 0 0.003 0.00974642 1 
27 9 19 0 0.046 0.0129468 1 
28 9 19 0.00589631 0.042 0.0112234 4 
29 9 19 0.00105409 0.002 0.0160204 2 
30 9 19 0.0155706 0.006 0.0100641 26 
31 9 19 0.00013432 0.033 0.0084955 2 
32 9 19 0 0.039 0.0176745 1 
0 9 20 0 0.015 0.00859614 1 
1 9 20 0.00748052 0.003 0.00964848 11 
2 9 20 0 0.038 0.0120678 1 
3 9 20 0 0.018 0.0129771 1 
4 9 20 0.00539797 0.011 0.0165981 1 
5 9 20 0 0.036 0.0100506 1 
6 9 20 0 0.027 0.0101877 1 
7 9 20 0 0.026 0.0122351 1 
8 9 20 0 0.006 0.00866905 1 
9 9 20 0 0.021 0.008314 1 
10 9 20 0 0.043 0.0122842 1 
11 9 20 0.00607512 0.018 0.0122617 4 
12 9 20 0.000153893 0.016 0.00887157 2 
13 9 20 0.00729386 0.044 0.00742558 6 
14 9 20 0.0298948 0.007 0.0131345 30 
15 9 20 0 0.022 0.012429 1 
16 9 20 0 0.025 0.0121872 1 
17 9 20 0.0340232 0.004 0.0124825 57 
18 9 20 0 0.022 0.0106869 1 
19 9 20 0 0.038 0.010048 1 
20 9 20 0 0.001 0.00841356 1 
21 9 20 0.00322681 0.036 0.00947519 3 
22 9 20 0 0.026 0.0129805 1 
23 9 20 0 0.046 0.0127365 1 
24 9 20 0 0.035 0.01107 1 
25 9 20 0 0.048 0.0112287 1 
26 9 20 0.00286431 0.018 0.00956825 7 
27 9 20 0 0.034 0.0111842 1 
28 9 20 0.00606749 0.04 0.0141522 4 
29 9 20 0.000851458 0.011 0.0127689 2 
30 9 20 0 0.015 0.0128288 1 
31 9 20 0 0.023 0.0115706 1 
32 9 20 0.0173981 0.008 0.006805 18 
0 9 21 0 0.007 0.0126018 1 
1 9 21 0 0.045 0.0108975 1 
2 9 21 0.00395854 0.015 0.0129405 5 
3 9 21 0 0.025 0.0127378 1 
4 9 21 0.0057171 0.037 0.0155103 1 
5 9 21 0.000577994 0.026 0.0111729 2 
6 9 21 0 0.015 0.0135702 1 
7 9 21 0.0016646 0.003 0.0113195 9 
8 9 21 0.0101826 0.015 0.0121053 3 
9 9 21 0 0.031 0.0129003 1 
10 9 21 0 0.023 0.0107064 1 
11 9 21 0.00012804 0.016 0.0106262 3 
12 9 21 0.00736443 0.049 0.014735 7 
13 9 21 0.000211147 0.004 0.0115707 2 
14 9 21 0.00913954 0.007 0.00943198 12 
15 9 21 0 0.021 0.0150605 1 
16 9 21 0 0.041 0.0129107 1 
17 9 21 0.000275794 0.039 0.0106614 2 
18 9 21 0 0.037 0.010934 1 
19 9 21 0 0.037 0.0107717 1 
20 9 21 0.00621842 0.021 0.00994152 6 
21 9 21 0.000103771 0.02 0.0129222 2 
22 9 21 0.00756552 0.036 0.0116513 8 
23 9 21 0 0.032 0.0118177 1 
24 9 21 0 0.015 0.0123899 1 
25 9 21 0 0.019 0.0108648 1 
26 9 21 0.00232905 0.031 0.0122918 4 
27 9 21 0 0.014 0.0122315 1 
28 9 21 0 0.021 0.00807704 1 
29 9 21 0.000606599 0.045 0.0101066 3 
30 9 21 0 0.005 0.0112798 1 
31 9 21 0.000443707 0.045 0.00743173 3 
32 9 21 0 0.014 0.0118787 1 
0 9 22 0.0178362 0.001 0.0133872 38 
1 9 22 0.00328125 0.042 0.0109017 2 
2 9 22 0.00192012 0.012 0.00996298 6 
3 9 22 0 0.032 0.0110311 1 
4 9 22 0 0.019 0.00825364 1 
5 9 22 0.00635594 0.012 0.0192812 1 
6 9 22 0.000793554 0.03 0.0125189 2 
7 9 22 0.000903704 0.032 0.0102888 2 
8 9 22 0.00178692 0.014 0.0132409 1 
9 9 22 0 0.042 0.0120025 1 
10 9 22 0.00535596 0.04 0.0102772 1 
11 9 22 0.00061788 0.013 0.0107668 3 
12 9 22 0 0.039 0.0130285 1 
13 9 22 0 0.022 0.0117094 1 
14 9 22 0.000140964 0.013 0.00769297 2 
15 9 22 0 0.041 0.0138369 1 
16 9 22 0 0.015 0.0108342 1 
17 9 22 0.00115912 0.001 0.0103647 2 
18 9 22 0 0.013 0.0107177 1 
19 9 22 0 0.011 0.0097186 1 
20 9 22 0 0.005 0.00916276 1 
21 9 22 0 0.048 0.0109209 1 
22 9 22 0.000628789 0.005 0.0116758 2 
23 9 22 0.00259035 0.041 0.010747 4 
24 9 22 0 0.009 0.0136584 1 
25 9 22 0 0.041 0.00991249 1 
26 9 22 0.000547745 0.041 0.00977806 2 
27 9 22 0 0.033 0.0092628 1 
28 9 22 0 0.039 0.0110441 1 
29 9 22 0.000574589 0.035 0.0139776 3 
30 9 22 0 0.026 0.0109297 1 
31 9 22 3.30658e-06 0.036 0.0106901 2 
32 9 22 0.00137955 0.042 0.01098 2 
0 9 23 0.00175271 0.012 0.00698131 6 
1 9 23 0 0.003 0.0123494 1 
2 9 23 0.00306161 0.031 0.00971498 4 
3 9 23 0 0.034 0.0112269 1 
4 9 23 0.00542649 0.018 0.0225493 1 
5 9 23 0 0.005 0.0102455 1 
6 9 23 0 0.013 0.0117134 1 
7 9 23 0 0.024 0.0122801 1 
8 9 23 0 0.012 0.0093335 1 
9 9 23 0 0.008 0.0119922 1 
10 9 23 3.71903e-06 0.024 0.0102657 2 
11 9 23 0.000555727 0.034 0.0105344 2 
12 9 23 1.72518e-05 0.026 0.00995654 2 
13 9 23 0.00912902 0.008 0.0114258 9 
14 9 23 0.0270076 0.001 0.0134146 59 
15 9 23 0 0.026 0.0123449 1 
16 9 23 0 0.031 0.0133935 1 
17 9 23 0.000580636 0.029 0.0116549 2 
18 9 23 0 0.019 0.0108474 1 
19 9 23 0.00854152 0.038 0.00999535 5 
20 9 23 0.000782542 0.02 0.0111934 3 
21 9 23 0 0.01 0.0103093 1 
22 9 23 0 0.041 0.00854534 1 
23 9 23 0 0.021 0.00837945 1 
24 9 23 0 0.032 0.012553 1 
25 9 23 1.51749e-05 0.025 0.0098232 2 
26 9 23 0 0.042 0.0118655 1 
27 9 23 0 0.001 0.0130263 1 
28 9 23 0 0.033 0.0162256 1 
29 9 23 0 0.024 0.00994465 1 
30 9 23 0 0.029 0.0112164 1 
31 9 23 0 0.013 0.00917184 1 
32 9 23 0 0.047 0.00968797 1 
0 9 24 0.000285345 0.012 0.0137726 4 
1 9 24 0 0.031 0.010883 1 
2 9 24 0.00306616 0.036 0.0112575 4 
3 9 24 0.0369228 0.001 0.0121596 56 
4 9 24 0 0.049 0.0120541 1 
5 9 24 0 0.011 0.0120619 1 
6 9 24 0 0.003 0.0133635 1 
7 9 24 0.000766448 0.004 0.0113954 2 
8 9 24 0.00090192 0.036 0.00936623 2 
9 9 24 0 0.035 0.0127593 1 
10 9 24 0 0.047 0.0117703 1 
11 9 24 0.00078753 0.049 0.0114012 2 
12 9 24 0.00454988 0.032 0.0073341 7 
13 9 24 0.000212649 0.009 0.00833265 2 
14 9 24 0.0246578 0.011 0.0131855 24 
15 9 24 0 0.012 0.0119041 1 
16 9 24 0 0.043 0.0164994 1 
17 9 24 0.0206725 0.014 0.0157756 22 
18 9 24 3.62187e-05 0.006 0.0128401 2 
19 9 24 0 0.031 0.0101476 1 
20 9 24 0 0.049 0.0132205 1 
21 9 24 0 0.027 0.0111926 1 
22 9 24 0 0.001 0.00997148 1 
23 9 24 0.00502855 0.021 0.0103949 4 
24 9 24 0 0.016 0.0101011 1 
25 9 24 0.00254065 0.002 0.0112178 5 
26 9 24 0 0.004 0.014044 1 
27 9 24 0 0.045 0.0125878 1 
28 9 24 0 0.025 0.013856 1 
29 9 24 0 0.048 0.00992816 1 
30 9 24 0 0.018 0.0126048 1 
31 9 24 1.10086e-05 0.029 0.0140325 2 
32 9 24 0 0.037 0.00961524 1 
0 9 25 0 0.031 0.0112537 1 
1 9 25 0.00869589 0.026 0.00931632 9 
2 9 25 0.00536322 0.029 0.00840654 4 
3 9 25 0 0.002 0.0123777 1 
4 9 25 0 0.047 0.010942 1 
5 9 25 0.00535149 0.028 0.0170835 1 
6 9 25 0 0.03 0.0137675 1 
7 9 25 0 0.019 0.00944207 1 
8 9 25 0 0.031 0.012479 1 
9 9 25 0.000516 0.006 0.011257 3 
10 9 25 0 0.033 0.0132651 1 
11 9 25 0 0.033 0.0116085 1 
12 9 25 0 0.049 0.0127768 1 
13 9 25 0.000229831 0.03 0.0125867 3 
14 9 25 0 0.009 0.0124023 1 
15 9 25 0 0.023 0.00853682 1 
16 9 25 0 0.046 0.0107751 1 
17 9 25 0 0.046 0.0114358 1 
18 9 25 0.000894434 0.032 0.00938295 2 
19 9 25 0 0.039 0.00884993 1 
20 9 25 0 0.021 0.0108157 1 
21 9 25 0 0.005 0.0111931 1 
22 9 25 0 0.041 0.0113922 1 
23 9 25 0.00411827 0.002 0.010078 8 
24 9 25 0 0.021 0.0112297 1 
25 9 25 0.00931917 0.029 0.010282 13 
26 9 25 0 0.013 0.0085401 1 
27 9 25 0 0.039 0.0107649 1 
28 9 25 0 0.009 0.00853287 1 
29 9 25 0 0.039 0.0132765 1 
30 9 25 0 0.012 0.0124929 1 
31 9 25 0 0.02 0.0114167 1 
32 9 25 0 0.035 0.00957649 1 
0 9 26 0 0.033 0.0132319 1 
1 9 26 0.00270464 0.009 0.0133778 7 
2 9 26 0.00514601 0.002 0.0119871 4 
3 9 26 0 0.026 0.0124273 1 
4 9 26 0 0.01 0.00904747 1 
5 9 26 0 0.037 0.0134713 1 
6 9 26 0 0.032 0.00856923 1 
7 9 26 0 0.028 0.0123098 1 
8 9 26 0.00591746 0.047 0.0122444 4 
9 9 26 0 0.019 0.0130861 1 
10 9 26 0 0.003 0.0106692 1 
11 9 26 0.000789465 0.047 0.01339 2 
12 9 26 0.000802357 0.033 0.0144376 2 
13 9 26 0.000827755 0.031 0.013357 7 
14 9 26 0.00398168 0.027 0.0101002 8 
15 9 26 0 0.023 0.0137102 1 
16 9 26 0 0.01 0.0127218 1 
17 9 26 0 0.018 0.0122805 1 
18 9 26 0 0.049 0.00983157 1 
19 9 26 0 0.042 0.0108148 1 
20 9 26 4.03866e-06 0.012 0.0105153 2 
21 9 26 0.000676049 0.048 0.0143629 2 
22 9 26 0 0.044 0.0131143 1 
23 9 26 0.0115486 0.013 0.0115163 16 
24 9 26 0 0.025 0.0125182 1 
25 9 26 0 0.021 0.0130697 1 
26 9 26 0 0.047 0.0113497 1 
27 9 26 0.0261453 0.004 0.0133618 47 
28 9 26 0 0.02 0.0132872 1 
29 9 26 0 0.029 0.0135514 1 
30 9 26 0 0.013 0.0101016 1 
31 9 26 4.95462e-05 0.029 0.0143453 2 
32 9 26 0.00765397 0.038 0.012478 7 
0 9 27 0.0325522 0.001 0.0108095 48 
1 9 27 0.00865579 0.041 0.011686 7 
2 9 27 0.00137279 0.039 0.00937556 2 
3 9 27 0.00197374 0.049 0.0108029 4 
4 9 27 0.00474824 0.041 0.0120199 1 
5 9 27 0.00609615 0.027 0.0201103 1 
6 9 27 0 0.03 0.00833798 1 
7 9 27 2.33387e-05 0.016 0.0110802 2 
8 9 27 0.00152593 0.026 0.0159024 1 
9 9 27 0 0.019 0.0128216 1 
10 9 27 0.00407358 0.037 0.0144793 1 
11 9 27 0 0.016 0.0124379 1 
12 9 27 0 0.03 0.0130184 1 
13 9 27 0 0.049 0.0109782 1 
14 9 27 0 0.032 0.0110787 1 
15 9 27 0 0.031 0.012672 1 
16 9 27 0 0.024 0.0141166 1 
17 9 27 0 0.01 0.0117129 1 
18 9 27 0 0.008 0.00936836 1 
19 9 27 0 0.011 0.00944806 1 
20 9 27 0.00011618 0.022 0.0101751 2 
21 9 27 0.000188432 0.02 0.0120545 2 
22 9 27 0 0.045 0.0127758 1 
23 9 27 0 0.048 0.0139086 1 
24 9 27 0 0.042 0.0129172 1 
25 9 27 0.00109732 0.007 0.0113584 2 
26 9 27 0.00530686 0.039 0.00964351 5 
27 9 27 0.0346877 0.002 0.00994211 65 
28 9 27 0.000648262 0.037 0.0107843 2 
29 9 27 0.000852233 0.03 0.00978275 2 
30 9 27 0.00184308 0.042 0.0099384 2 
31 9 27 0 0.003 0.0127062 1 
32 9 27 0 0.044 0.0134499 1 
0 9 28 0 0.045 0.00741057 1 
1 9 28 9.66867e-05 0.007 0.0133027 2 
2 9 28 0 0.04 0.0106588 1 
3 9 28 0.000717172 0.018 0.0110272 3 
4 9 28 0 0.007 0.0107747 1 
5 9 28 0.00538193 0.045 0.0205272 1 
6 9 28 0.000618012 0.046 0.0148662 2 
7 9 28 0.000683417 0.014 0.00964299 2 
8 9 28 0 0.024 0.010031 1 
9 9 28 0.000950022 0.023 0.0108076 3 
10 9 28 0.000521909 0.019 0.0121693 3 
11 9 28 0.000618016 0.023 0.0113223 3 
12 9 28 0.0114617 0.01 0.0126374 20 
13 9 28 0 0.04 0.0114098 1 
14 9 28 0.00655103 0.002 0.0109547 15 
15 9 28 0 0.047 0.0140445 1 
16 9 28 0 0.005 0.0104225 1 
17 9 28 0 0.037 0.0126913 1 
18 9 28 0 0.014 0.00850953 1 
19 9 28 0 0.007 0.0127207 1 
20 9 28 0 0.039 0.00919406 1 
21 9 28 0.00031854 0.049 0.011513 2 
22 9 28 0 0.027 0.0106998 1 
23 9 28 0 0.019 0.0142783 1 
24 9 28 0.000554641 0.015 0.0105282 3 
25 9 28 0 0.045 0.0104286 1 
26 9 28 0.00110489 0.02 0.00695493 3 
27 9 28 0 0.024 0.011815 1 
28 9 28 0.000725059 0.006 0.0127637 2 
29 9 28 0 0.02 0.0124888 1 
30 9 28 0 0.028 0.0124311 1 
31 9 28 0 0.044 0.0124502 1 
32 9 28 0 0.001 0.0109894 1 
0 9 29 0.0077479 0.016 0.0112113 14 
1 9 29 5.69219e-05 0.012 0.0108126 2 
2 9 29 0.000826342 0.034 0.0102084 2 
3 9 29 0 0.002 0.011288 1 
4 9 29 0 0.026 0.0126973 1 
5 9 29 0 0.039 0.0129872 1 
6 9 29 0 0.028 0.00972436 1 
7 9 29 0 0.02 0.0100157 1 
8 9 29 0 0.028 0.0075152 1 
9 9 29 0 0.046 0.0135341 1 
10 9 29 0.000134724 0.027 0.0129303 3 
11 9 29 0 0.005 0.0108067 1 
12 9 29 0.00709486 0.015 0.0106491 12 
13 9 29 0 0.048 0.00890655 1 
14 9 29 0.0417702 0.004 0.011356 48 
15 9 29 0.000771734 0.035 0.00902342 2 
16 9 29 0 0.029 0.0127962 1 
17 9 29 0.00128644 0.033 0.00995577 3 
18 9 29 0 0.035 0.0101397 1 
19 9 29 0 0.032 0.0148499 1 
20 9 29 0.00420537 0.024 0.0111384 5 
21 9 29 0.000105256 0.028 0.00752322 2 
22 9 29 0 0.007 0.0128306 1 
23 9 29 0.00513811 0.038 0.00889112 7 
24 9 29 0.000838893 0.03 0.00854673 2 
25 9 29 0.00704417 0.003 0.00887625 4 
26 9 29 0 0.02 0.010874 1 
27 9 29 0.00720412 0.011 0.0137646 19 
28 9 29 0.000799038 0.033 0.011169 2 
29 9 29 0 0.033 0.0116871 1 
30 9 29 0.0118189 0.047 0.0109885 12 
31 9 29 0 0.036 0.0126629 1 
32 9 29 0.00248221 0.03 0.0116164 3 
0 9 30 0 0.016 0.0109065 1 
1 9 30 0 0.007 0.0132359 1 
2 9 30 0.0043671 0.003 0.0117516 5 
3 9 30 0.00289255 0.017 0.0119467 6 
4 9 30 0 0.041 0.0147055 1 
5 9 30 0 0.025 0.0143358 1 
6 9 30 0 0.044 0.0143017 1 
7 9 30 0.00281621 0.026 0.0135489 5 
8 9 30 0.00155573 0.043 0.0154967 1 
9 9 30 0 0.044 0.0101631 1 
10 9 30 3.37238e-05 0.023 0.00951578 2 
11 9 30 0 0.045 0.0136744 1 
12 9 30 0 0.029 0.0137337 1 
13 9 30 0.00206707 0.047 0.0107308 3 
14 9 30 0 0.03 0.0119799 1 
15 9 30 0.000853801 0.003 0.00726219 2 
16 9 30 0.000853801 0.023 0.0143654 2 
17 9 30 0 0.025 0.0103444 1 
18 9 30 0.000529141 0.004 0.0113437 3 
19 9 30 0 0.014 0.0133545 1 
20 9 30 0.00443205 0.026 0.0116368 7 
21 9 30 8.41506e-05 0.011 0.0112005 2 
22 9 30 0.0139342 0.007 0.00938587 31 
23 9 30 0 0.011 0.0113647 1 
24 9 30 0.000825208 0.023 0.00992565 2 
25 9 30 0 0.022 0.0121972 1 
26 9 30 0.038467 0.002 0.011997 41 
27 9 30 0.0097455 0.006 0.00961206 41 
28 9 30 0.000825208 0.022 0.0116771 2 
29 9 30 0 0.034 0.0110352 1 
30 9 30 0 0.014 0.0106681 1 
31 9 30 0 0.003 0.0129682 1 
32 9 30 0.00750406 0.003 0.0100996 11 
0 9 31 0 0.022 0.0128131 1 
1 9 31 0.0172773 0.003 0.0141788 36 
2 9 31 0.0038589 0.031 0.0132412 5 
3 9 31 0 0.03 0.0113205 1 
4 9 31 0.00306518 0.025 0.0138869 1 
5 9 31 0 0.039 0.0149285 1 
6 9 31 0.00102079 0.028 0.0103368 2 
7 9 31 0 0.022 0.0103434 1 
8 9 31 0 0.038 0.0104846 1 
9 9 31 0 0.009 0.011393 1 
10 9 31 0 0.044 0.00962438 1 
11 9 31 0 0.027 0.00984071 1 
12 9 31 0.000281063 0.013 0.0129861 2 
13 9 31 0 0.016 0.0123786 1 
14 9 31 0 0.036 0.0129062 1 
15 9 31 0.000875121 0.027 0.00848578 2 
16 9 31 0 0.034 0.0100213 1 
17 9 31 0 0.037 0.00837014 1 
18 9 31 0 0.042 0.0133797 1 
19 9 31 0 0.037 0.0104246 1 
20 9 31 0.0132262 0.01 0.00893624 17 
21 9 31 0.00104992 0.028 0.00919347 2 
22 9 31 0 0.036 0.0112602 1 
23 9 31 0 0.012 0.0101834 1 
24 9 31 0 0.016 0.0152984 1 
25 9 31 0.0109551 0.01 0.0111213 22 
26 9 31 0.000875087 0.005 0.0109142 4 
27 9 31 0.00248925 0.038 0.00677418 3 
28 9 31 0 0.043 0.0163462 1 
29 9 31 0 0.049 0.0140444 1 
30 9 31 0.0037758 0.01 0.00985448 8 
31 9 31 0 0.028 0.0124426 1 
32 9 31 0.000641572 0.002 0.0139803 4 
0 9 32 0 0.017 0.00963101 1 
1 9 32 0.00239929 0.011 0.0124102 7 
2 9 32 0.00385159 0.016 0.0116418 5 
3 9 32 0.00899034 0.007 0.0119214 5 
4 9 32 0.000717385 0.026 0.00808812 3 
5 9 32 0.00470631 0.025 0.0222178 1 
6 9 32 0 0.004 0.0114896 1 
7 9 32 0.00299096 0.014 0.0097925 8 
8 9 32 0 0.046 0.00914637 1 
9 9 32 0.000473794 0.002 0.0126418 2 
10 9 32 0 0.047 0.0132978 1 
11 9 32 0.00564827 0.039 0.0117955 4 
12 9 32 0 0.016 0.0100792 1 
13 9 32 0.00123011 0.043 0.0132455 2 
14 9 32 0.00253654 0.035 0.0132547 4 
15 9 32 0.000855584 0.011 0.0107605 2 
16 9 32 0 0.032 0.00949456 1 
17 9 32 0 0.032 0.0107259 1 
18 9 32 0 0.012 0.00947603 1 
19 9 32 0.000375044 0.027 0.0113688 3 
20 9 32 0.00591778 0.022 0.009936 9 
21 9 32 4.87223e-06 0.017 0.0109799 2 
22 9 32 0 0.04 0.0127401 1 
23 9 32 0.00388212 0.039 0.0113021 3 
24 9 32 0 0.024 0.0123892 1 
25 9 32 0 0.037 0.0120014 1 
26 9 32 0.000131353 0.014 0.00774489 2 
27 9 32 0 0.019 0.0112568 1 
28 9 32 0 0.046 0.0123519 1 
29 9 32 0.00384618 0.001 0.0108354 5 
30 9 32 0 0.003 0.013259 1 
31 9 32 0 0.028 0.0100193 1 
32 9 32 0 0.029 0.011859 1 
0 9 33 0.0146364 0.006 0.0120029 12 
1 9 33 0 0.02 0.00806169 1 
2 9 33 0.00402577 0.004 0.0073684 5 
3 9 33 0 0.002 0.0124172 1 
4 9 33 0 0.003 0.0130926 1 
5 9 33 0 0.032 0.0123011 1 
6 9 33 0 0.025 0.0132064 1 
7 9 33 0 0.026 0.00883037 1 
8 9 33 0 0.046 0.012726 1 
9 9 33 0 0.018 0.0112884 1 
10 9 33 0 0.03 0.0131164 1 
11 9 33 0 0.016 0.0117958 1 
12 9 33 0 0.006 0.0117683 1 
13 9 33 0 0.044 0.0138043 1 
14 9 33 0 0.024 0.0124715 1 
15 9 33 0 0.013 0.0105078 1 
16 9 33 0 0.028 0.0124236 1 
17 9 33 0 0.035 0.0101205 1 
18 9 33 0 0.026 0.0154649 1 
19 9 33 0.00156774 0.025 0.0101379 2 
20 9 33 0 0.039 0.0106552 1 
21 9 33 0 0.032 0.00876608 1 
22 9 33 0 0.015 0.0148401 1 
23 9 33 0.000397546 0.004 0.010499 2 
24 9 33 0 0.007 0.0136941 1 
25 9 33 0.0162988 0.025 0.0122222 16 
26 9 33 0.000610563 0.013 0.0111061 3 
27 9 33 0.000826503 0.001 0.00972023 3 
28 9 33 0.000567984 0.041 0.00783797 2 
29 9 33 0.00402865 0.037 0.00990136 5 
30 9 33 0 0.003 0.0111924 1 
31 9 33 0 0.013 0.00928853 1 
32 9 33 0.0159166 0.006 0.0111175 18 
0 9 34 0 0.031 0.0130913 1 
1 9 34 0 0.025 0.00895687 1 
2 9 34 0 0.025 0.01146 1 
3 9 34 0 0.041 0.00849189 1 
4 9 34 0.000274098 0.024 0.0138052 4 
5 9 34 0.00331554 0.03 0.0184856 1 
6 9 34 0.000715343 0.027 0.0103422 2 
7 9 34 0.00134176 0.01 0.0105417 2 
8 9 34 0 0.025 0.00858111 1 
9 9 34 0.00447685 0.036 0.0136403 4 
10 9 34 0 0.039 0.0179118 1 
11 9 34 0 0.034 0.0160923 1 
12 9 34 0.00909519 0.012 0.0127575 17 
13 9 34 0.000636192 0.003 0.0104434 2 
14 9 34 0 0.036 0.00963823 1 
15 9 34 0 0.027 0.0145705 1 
16 9 34 0 0.012 0.0108619 1 
17 9 34 0 0.005 0.012842 1 
18 9 34 0 0.004 0.0131476 1 
19 9 34 0 0.046 0.0143134 1 
20 9 34 0.00387534 0.014 0.00938042 8 
21 9 34 0 0.019 0.0121804 1 
22 9 34 0 0.001 0.00997056 1 
23 9 34 0.00035718 0.005 0.010863 2 
24 9 34 0 0.041 0.014354 1 
25 9 34 0.0350631 0.011 0.0106252 24 
26 9 34 0 0.025 0.010638 1 
27 9 34 0 0.004 0.0128502 1 
28 9 34 0.000828968 0.022 0.0126067 2 
29 9 34 0 0.038 0.00792254 1 
30 9 34 0 0.042 0.00918681 1 
31 9 34 0 0.045 0.0120186 1 
32 9 34 0 0.044 0.0144548 1 
0 9 35 0 0.023 0.0122395 1 
1 9 35 0.00386509 0.014 0.0107756 3 
2 9 35 0 0.042 0.0139069 1 
3 9 35 0 0.028 0.0129089 1 
4 9 35 0 0.017 0.0118588 1 
5 9 35 3.47752e-06 0.007 0.0120729 2 
6 9 35 0 0.045 0.0111247 1 
7 9 35 0.00112043 0.001 0.0106093 3 
8 9 35 0.00218485 0.031 0.0102881 1 
9 9 35 0.00216625 0.019 0.0116039 4 
10 9 35 0 0.038 0.00913087 1 
11 9 35 0 0.029 0.0145399 1 
12 9 35 0 0.003 0.0124963 1 
13 9 35 0 0.035 0.0112756 1 
14 9 35 0 0.049 0.0151866 1 
15 9 35 0 0.02 0.0150478 1 
16 9 35 0 0.01 0.0134172 1 
17 9 35 0.0125526 0.02 0.0142035 17 
18 9 35 0 0.046 0.0123123 1 
19 9 35 0 0.04 0.0110381 1 
20 9 35 0.0025267 0.034 0.00900031 2 
21 9 35 0 0.038 0.0106318 1 
22 9 35 0 0.025 0.0139698 1 
23 9 35 0.000512107 0.019 0.00872328 3 
24 9 35 0 0.004 0.00934501 1 
25 9 35 0.0113402 0.017 0.0110012 18 
26 9 35 0.0101622 0.009 0.0117715 13 
27 9 35 0 0.048 0.0105551 1 
28 9 35 0.000459991 0.017 0.0116367 3 
29 9 35 0.00551517 0.024 0.0130854 4 
30 9 35 0 0.014 0.0124974 1 
31 9 35 0 0.029 0.0142865 1 
32 9 35 0.00251619 0.008 0.0141431 3 
0 9 36 0 0.029 0.0116887 1 
1 9 36 0 0.023 0.0113627 1 
2 9 36 0 0.02 0.0135688 1 
3 9 36 0 0.021 0.0139008 1 
4 9 36 1.35189e-05 0.038 0.0120006 2 
5 9 36 0.00177457 0.048 0.0124405 3 
6 9 36 0 0.034 0.00994837 1 
7 9 36 0.0155113 0.006 0.0119094 24 
8 9 36 0 0.021 0.0118862 1 
9 9 36 0.00117921 0.012 0.0112109 3 
10 9 36 0.0010644 0.012 0.0108514 3 
11 9 36 0 0.011 0.0111357 1 
12 9 36 0.000663936 0.019 0.010444 2 
13 9 36 0.00223776 0.019 0.0111981 5 
14 9 36 0.00144176 0.02 0.00942511 2 
15 9 36 0 0.011 0.0116426 1 
16 9 36 0 0.031 0.0134086 1 
17 9 36 0 0.012 0.0108796 1 
18 9 36 0 0.005 0.0115149 1 
19 9 36 0.00025492 0.002 0.0134386 2 
20 9 36 0.00476012 0.009 0.0129667 11 
21 9 36 0.00397745 0.032 0.0134188 3 
22 9 36 0.0152989 0.005 0.0119973 26 
23 9 36 0 0.035 0.0113876 1 
24 9 36 0 0.011 0.0120615 1 
25 9 36 0 0.026 0.0112313 1 
26 9 36 0.00552753 0.046 0.0133432 5 
27 9 36 0.00580245 0.001 0.0106691 11 
28 9 36 0.000489636 0.019 0.0118093 3 
29 9 36 0 0.024 0.0100191 1 
30 9 36 0 0.038 0.0100167 1 
31 9 36 0 0.024 0.011257 1 
32 9 36 0.00737169 0.037 0.00990217 8 
0 9 37 0.00308385 0.007 0.0149111 6 
1 9 37 0.0026377 0.001 0.00786023 3 
2 9 37 0 0.016 0.0109375 1 
3 9 37 0.00126531 0.032 0.0122907 3 
4 9 37 0.00108795 0.027 0.011232 3 
5 9 37 0.000478642 0.025 0.0126719 3 
6 9 37 0 0.019 0.0134596 1 
7 9 37 0.00419578 0.017 0.0126907 7 
8 9 37 0.00185314 0.006 0.0179825 1 
9 9 37 0.00123396 0.009 0.0114627 3 
10 9 37 0.00135124 0.046 0.0181182 1 
11 9 37 0.000531483 0.021 0.0122843 3 
12 9 37 0 0.047 0.00800703 1 
13 9 37 0 0.043 0.0113696 1 
14 9 37 0.0462023 0.002 0.0134146 56 
15 9 37 0.000880965 0.026 0.0128186 2 
16 9 37 0 0.043 0.0104495 1 
17 9 37 0.00326486 0.018 0.0104502 6 
18 9 37 0 0.031 0.0106491 1 
19 9 37 0 0.008 0.0122637 1 
20 9 37 0.00781396 0.005 0.0119267 3 
21 9 37 0.00105407 0.002 0.0111463 2 
22 9 37 0 0.034 0.0110499 1 
23 9 37 0 0.012 0.012268 1 
24 9 37 0 0.007 0.00990975 1 
25 9 37 0 0.029 0.0140962 1 
26 9 37 0 0.004 0.00992272 1 
27 9 37 0.00103842 0.006 0.0119904 3 
28 9 37 0.000749714 0.005 0.0118686 2 
29 9 37 0 0.032 0.0118933 1 
30 9 37 0 0.036 0.00902066 1 
31 9 37 0 0.027 0.0133676 1 
32 9 37 0.00621087 0.036 0.0102659 8 
0 9 38 0.00200332 0.021 0.012948 4 
1 9 38 0.0104122 0.016 0.0105146 8 
2 9 38 0 0.03 0.00967901 1 
3 9 38 0 0.014 0.0127867 1 
4 9 38 0 0.016 0.00838943 1 
5 9 38 0.00160411 0.028 0.0151077 1 
6 9 38 0 0.02 0.0141454 1 
7 9 38 0.0023802 0.025 0.0135266 3 
8 9 38 0.00217428 0.049 0.0175068 1 
9 9 38 0 0.045 0.0126858 1 
10 9 38 0 0.037 0.0145763 1 
11 9 38 0 0.017 0.00949403 1 
12 9 38 0 0.036 0.0119791 1 
13 9 38 0 0.002 0.00942888 1 
14 9 38 0.00921723 0.024 0.00993184 6 
15 9 38 0 0.048 0.0110943 1 
16 9 38 0 0.036 0.0102073 1 
17 9 38 0 0.03 0.0158154 1 
18 9 38 0 0.045 0.00868763 1 
19 9 38 0 0.008 0.00944663 1 
20 9 38 0 0.007 0.00924763 1 
21 9 38 0 0.019 0.0131841 1 
22 9 38 0.0022143 0.033 0.0119451 3 
23 9 38 0 0.018 0.00967439 1 
24 9 38 0 0.042 0.0149566 1 
25 9 38 0 0.047 0.00965225 1 
26 9 38 9.68601e-05 0.004 0.00992247 2 
27 9 38 0 0.033 0.0112893 1 
28 9 38 0.000832821 0.006 0.0111619 2 
29 9 38 0 0.023 0.0108558 1 
30 9 38 0 0.031 0.0103905 1 
31 9 38 0 0.041 0.0127762 1 
32 9 38 0 0.017 0.0118028 1 
0 9 39 0 0.038 0.0131476 1 
1 9 39 0 0.023 0.0083017 1 
2 9 39 0.000940511 0.048 0.0110099 2 
3 9 39 0.0363977 0.008 0.0109054 36 
4 9 39 0.00165469 0.002 0.0154599 1 
5 9 39 0 0.048 0.0105524 1 
6 9 39 0 0.003 0.0150627 1 
7 9 39 0 0.031 0.0106695 1 
8 9 39 0.00249503 0.016 0.0200477 1 
9 9 39 0 0.008 0.0124656 1 
10 9 39 0 0.034 0.0110158 1 
11 9 39 0.000272926 0.014 0.0129597 3 
12 9 39 0 0.005 0.0102344 1 
13 9 39 0 0.035 0.0103242 1 
14 9 39 0.0269078 0.01 0.0100196 35 
15 9 39 0 0.005 0.0148151 1 
16 9 39 0 0.045 0.0116216 1 
17 9 39 0.017317 0.027 0.0110264 8 
18 9 39 0.000911756 0.022 0.0082036 2 
19 9 39 6.95331e-05 0.021 0.0108885 2 
20 9 39 3.3787e-05 0.009 0.0112275 2 
21 9 39 0 0.029 0.0115573 1 
22 9 39 0.000598058 0.002 0.0128805 2 
23 9 39 0 0.046 0.0122258 1 
24 9 39 0 0.024 0.0105707 1 
25 9 39 0 0.038 0.011226 1 
26 9 39 0 0.026 0.0112854 1 
27 9 39 0 0.049 0.00840613 1 
28 9 39 0 0.009 0.0128443 1 
29 9 39 0 0.034 0.0112486 1 
30 9 39 0.00381453 0.031 0.0112455 6 
31 9 39 0 0.004 0.0146981 1 
32 9 39 0.010414 0.013 0.0114947 10 
0 9 40 0.000189984 0.003 0.0139302 6 
1 9 40 0.000310414 0.018 0.00979992 2 
2 9 40 0.000546764 0.046 0.013714 3 
3 9 40 0 0.005 0.0124442 1 
4 9 40 0 0.044 0.0109852 1 
5 9 40 0 0.013 0.0108652 1 
6 9 40 0 0.032 0.00998738 1 
7 9 40 0.00132324 0.032 0.0105381 4 
8 9 40 0 0.02 0.00948825 1 
9 9 40 0 0.017 0.0119895 1 
10 9 40 0 0.044 0.0117032 1 
11 9 40 0.000520348 0.022 0.00998659 3 
12 9 40 0.00388857 0.005 0.0102794 11 
13 9 40 0 0.029 0.0111679 1 
14 9 40 0.00633813 0.002 0.00927136 9 
15 9 40 0 0.008 0.0104892 1 
16 9 40 0 0.029 0.0132245 1 
17 9 40 0 0.039 0.0120909 1 
18 9 40 0 0.007 0.0117729 1 
19 9 40 0 0.012 0.0119927 1 
20 9 40 0.00862187 0.047 0.0108219 9 
21 9 40 0 0.028 0.0107854 1 
22 9 40 0 0.001 0.00719252 1 
23 9 40 0.00297821 0.018 0.00977097 4 
24 9 40 0 0.022 0.0140654 1 
25 9 40 9.50455e-06 0.009 0.0148851 2 
26 9 40 0 0.043 0.00893393 1 
27 9 40 0.0116566 0.021 0.0122946 10 
28 9 40 0 0.018 0.011487 1 
29 9 40 0 0.03 0.0153028 1 
30 9 40 0.0238842 0.004 0.01285 27 
31 9 40 0 0.005 0.0137705 1 
32 9 40 0 0.018 0.0142652 1 
0 9 41 0 0.004 0.0111962 1 
1 9 41 0 0.032 0.00868876 1 
2 9 41 0 0.019 0.0118911 1 
3 9 41 0 0.031 0.0128748 1 
4 9 41 0 0.036 0.0100194 1 
5 9 41 0.0016409 0.033 0.0217231 1 
6 9 41 0 0.021 0.0139574 1 
7 9 41 0 0.048 0.00996849 1 
8 9 41 0 0.009 0.0125384 1 
9 9 41 0 0.01 0.0141051 1 
10 9 41 0 0.047 0.00963431 1 
11 9 41 0.000849209 0.04 0.0106772 2 
12 9 41 0.000995465 0.048 0.0118959 2 
13 9 41 0.00134633 0.009 0.0114796 2 
14 9 41 0 0.041 0.0118175 1 
15 9 41 0 0.036 0.0148511 1 
16 9 41 0.000994341 0.025 0.0118427 2 
17 9 41 0 0.031 0.0108184 1 
18 9 41 0 0.029 0.0127454 1 
19 9 41 0.00385539 0.039 0.013687 7 
20 9 41 0.00734874 0.004 0.00976656 3 
21 9 41 0 0.036 0.0123909 1 
22 9 41 0.00121711 0.041 0.0118834 2 
23 9 41 0.00102349 0.005 0.012051 3 
24 9 41 0 0.027 0.00840263 1 
25 9 41 0.0138136 0.005 0.0137782 10 
26 9 41 0 0.022 0.010411 1 
27 9 41 0.00187603 0.033 0.0114128 3 
28 9 41 0 0.039 0.0125061 1 
29 9 41 0 0.025 0.01131 1 
30 9 41 0 0.039 0.00912406 1 
31 9 41 0 0.04 0.0119268 1 
32 9 41 0.000160126 0.001 0.0120781 2 
0 9 42 0 0.047 0.0138477 1 
1 9 42 0 0.006 0.0103068 1 
2 9 42 0 0.027 0.0132993 1 
3 9 42 0.00143687 0.008 0.00998124 3 
4 9 42 0.00071474 0.046 0.0145974 1 
5 9 42 0.000105563 0.043 0.0119323 2 
6 9 42 0 0.031 0.015614 1 
7 9 42 0 0.003 0.0101511 1 
8 9 42 0.00156556 0.037 0.0123867 1 
9 9 42 0 0.001 0.0116142 1 
10 9 42 0 0.028 0.0126643 1 
11 9 42 0.00091313 0.002 0.0116378 2 
12 9 42 0 0.049 0.0133985 1 
13 9 42 0.000388979 0.042 0.012856 3 
14 9 42 0.0152226 0.044 0.00977814 7 
15 9 42 0 0.005 0.010427 1 
16 9 42 0 0.033 0.0112956 1 
17 9 42 6.20638e-05 0.035 0.0105352 2 
18 9 42 0 0.042 0.0114146 1 
19 9 42 0.00200128 0.029 0.00786519 5 
20 9 42 0 0.031 0.0104862 1 
21 9 42 0 0.023 0.0129599 1 
22 9 42 0 0.023 0.0119191 1 
23 9 42 0.000584984 0.028 0.0113799 2 
24 9 42 0 0.04 0.0113654 1 
25 9 42 1.19974e-05 0.007 0.00930924 2 
26 9 42 0 0.002 0.00966574 1 
27 9 42 0 0.033 0.0122581 1 
28 9 42 0 0.002 0.0145877 1 
29 9 42 0 0.043 0.00903813 1 
30 9 42 0.000979444 0.025 0.0107587 2 
31 9 42 0 0.016 0.0111614 1 
32 9 42 0 0.046 0.0117105 1 
0 9 43 0 0.003 0.0115612 1 
1 9 43 0 0.049 0.00985317 1 
2 9 43 0 0.016 0.0102092 1 
3 9 43 0 0.048 0.0120459 1 
4 9 43 0 0.044 0.0092154 1 
5 9 43 0.00412049 0.044 0.0109103 4 
6 9 43 0 0.041 0.0124685 1 
7 9 43 0 0.008 0.0112702 1 
8 9 43 0 0.028 0.0164552 1 
9 9 43 0.0637662 0.001 0.0118371 58 
10 9 43 0.00142347 0.037 0.0136501 1 
11 9 43 0.000948895 0.016 0.0125965 2 
12 9 43 0 0.049 0.0100509 1 
13 9 43 0 0.01 0.00989082 1 
14 9 43 0.0139923 0.019 0.00954955 22 
15 9 43 0 0.042 0.0120017 1 
16 9 43 0 0.029 0.0131623 1 
17 9 43 0.0249331 0.004 0.0112064 44 
18 9 43 0 0.046 0.013607 1 
19 9 43 0 0.042 0.0128864 1 
20 9 43 0 0.027 0.0122423 1 
21 9 43 0 0.002 0.0112371 1 
22 9 43 0 0.025 0.0117594 1 
23 9 43 0 0.021 0.0138716 1 
24 9 43 0.000919897 0.023 0.011794 2 
25 9 43 0.00127121 0.036 0.00636311 3 
26 9 43 0.00222189 0.048 0.012069 3 
27 9 43 0.0110349 0.03 0.0116361 8 
28 9 43 0 0.02 0.00897915 1 
29 9 43 0 0.042 0.00933418 1 
30 9 43 0.0182288 0.027 0.0103191 18 
31 9 43 0 0.025 0.0124981 1 
32 9 43 0 0.035 0.0102912 1 
0 9 44 0 0.004 0.0115345 1 
1 9 44 0 0.048 0.012826 1 
2 9 44 0 0.018 0.0147783 1 
3 9 44 0 0.043 0.0140042 1 
4 9 44 0.0014076 0.004 0.0132408 1 
5 9 44 3.88527e-06 0.029 0.0128198 2 
6 9 44 0 0.033 0.0105945 1 
7 9 44 0 0.031 0.0112131 1 
8 9 44 0.00137969 0.002 0.0124927 4 
9 9 44 0 0.034 0.0147211 1 
10 9 44 0.00711827 0.019 0.0120701 2 
11 9 44 0.00101788 0.013 0.0108226 2 
12 9 44 0.00210385 0.045 0.0112246 2 
13 9 44 0 0.04 0.0132633 1 
14 9 44 0.000221903 0.007 0.0123295 2 
15 9 44 0 0.001 0.0136644 1 
16 9 44 0 0.038 0.0118019 1 
17 9 44 0.00896176 0.022 0.00997414 9 
18 9 44 0 0.019 0.0119791 1 
19 9 44 0 0.03 0.0122499 1 
20 9 44 0 0.041 0.00620345 1 
21 9 44 0 0.041 0.0139003 1 
22 9 44 0.00766724 0.017 0.0116012 10 
23 9 44 0 0.024 0.0118354 1 
24 9 44 0 0.032 0.0122957 1 
25 9 44 0 0.023 0.0126835 1 
26 9 44 0 0.04 0.0114955 1 
27 9 44 0.00343238 0.028 0.010264 2 
28 9 44 0.000842333 0.008 0.00797915 2 
29 9 44 0 0.044 0.0143894 1 
30 9 44 0 0.019 0.0106047 1 
31 9 44 0 0.022 0.0137637 1 
32 9 44 0 0.025 0.0115446 1 
0 9 45 0.00130067 0.036 0.0110897 4 
1 9 45 0.00120681 0.048 0.00945714 2 
2 9 45 0 0.027 0.0126668 1 
3 9 45 0 0.031 0.0113756 1 
4 9 45 0.000108199 0.007 0.0105592 2 
5 9 45 0.0020006 0.037 0.0167534 1 
6 9 45 0.0010374 0.035 0.00878998 2 
7 9 45 0.00032024 0.02 0.0115448 2 
8 9 45 0.000600582 0.024 0.0128395 3 
9 9 45 0.0110767 0.039 0.0122131 8 
10 9 45 0 0.033 0.0125762 1 
11 9 45 0.000950692 0.017 0.0108498 2 
12 9 45 0 0.02 0.00969157 1 
13 9 45 0 0.041 0.0116224 1 
14 9 45 0 0.031 0.0109338 1 
15 9 45 0 0.01 0.0133116 1 
16 9 45 0 0.04 0.0107424 1 
17 9 45 0 0.03 0.0142318 1 
18 9 45 0 0.024 0.0108429 1 
19 9 45 0.00299625 0.013 0.0125546 6 
20 9 45 0.00546371 0.038 0.0123697 8 
21 9 45 0 0.025 0.0111661 1 
22 9 45 0.00033807 0.029 0.0108286 2 
23 9 45 0.00121017 0.019 0.0115903 3 
24 9 45 0 0.013 0.0118404 1 
25 9 45 0.00156705 0.019 0.0119268 3 
26 9 45 0.00557889 0.001 0.0115963 11 
27 9 45 0 0.034 0.00896686 1 
28 9 45 0 0.031 0.0125549 1 
29 9 45 0 0.044 0.0123288 1 
30 9 45 0 0.007 0.0105018 1 
31 9 45 0 0.029 0.0133559 1 
32 9 45 0 0.032 0.0140538 1 
0 9 46 0 0.006 0.00951578 1 
1 9 46 0.00483148 0.005 0.00905354 8 
2 9 46 0 0.016 0.0153899 1 
3 9 46 0 0.008 0.0130247 1 
4 9 46 0.0010754 0.039 0.0149511 1 
5 9 46 0 0.024 0.0121662 1 
6 9 46 0 0.046 0.0113991 1 
7 9 46 0 0.014 0.0119181 1 
8 9 46 0 0.021 0.0127613 1 
9 9 46 0.00648576 0.016 0.0111128 7 
10 9 46 0 0.037 0.0131836 1 
11 9 46 0 0.035 0.0116613 1 
12 9 46 0.00628034 0.024 0.011826 6 
13 9 46 0.000289916 0.004 0.0119228 3 
14 9 46 0 0.016 0.0127952 1 
15 9 46 0 0.023 0.0115114 1 
16 9 46 0 0.016 0.0131023 1 
17 9 46 0.0263764 0.001 0.0129045 22 
18 9 46 6.31813e-05 0.043 0.0134857 2 
19 9 46 0 0.028 0.0118524 1 
20 9 46 0.00800856 0.032 0.0104292 12 
21 9 46 0 0.022 0.0130452 1 
22 9 46 0.00103264 0.025 0.0116157 5 
23 9 46 0 0.026 0.0119589 1 
24 9 46 0 0.021 0.0104753 1 
25 9 46 0.00334601 0.03 0.0119748 4 
26 9 46 0 0.043 0.011248 1 
27 9 46 0 0.003 0.0120441 1 
28 9 46 0.000844257 0.023 0.0126097 2 
29 9 46 0.000787724 0.036 0.0116064 2 
30 9 46 0 0.018 0.0121332 1 
31 9 46 0 0.004 0.0111324 1 
32 9 46 0 0.012 0.0114968 1 
0 9 47 0 0.047 0.0121749 1 
1 9 47 0 0.016 0.00688783 1 
2 9 47 0 0.017 0.0120577 1 
3 9 47 0.00401936 0.025 0.0118486 5 
4 9 47 0 0.031 0.0104527 1 
5 9 47 0 0.023 0.0146349 1 
6 9 47 0 0.048 0.0142411 1 
7 9 47 0.000719721 0.01 0.00921709 3 
8 9 47 0 0.033 0.0150667 1 
9 9 47 0.00109866 0.008 0.0106011 5 
10 9 47 0 0.037 0.011722 1 
11 9 47 0 0.047 0.0120354 1 
12 9 47 0.00515304 0.034 0.00922217 10 
13 9 47 0.00720738 0.044 0.0101454 6 
14 9 47 0 0.034 0.01118 1 
15 9 47 0 0.048 0.0116066 1 
16 9 47 0.000894947 0.035 0.012321 2 
17 9 47 0 0.037 0.00998722 1 
18 9 47 4.19985e-05 0.028 0.0114437 2 
19 9 47 0.00222517 0.033 0.00918012 4 
20 9 47 0.00448488 0.002 0.0115207 6 
21 9 47 0 0.003 0.0106114 1 
22 9 47 0.014499 0.037 0.0117878 10 
23 9 47 9.3758e-05 0.002 0.0111809 2 
24 9 47 0 0.002 0.0103145 1 
25 9 47 0 0.004 0.0119368 1 
26 9 47 0.0290801 0.012 0.0120361 28 
27 9 47 0 0.023 0.0127232 1 
28 9 47 0 0.008 0.0132976 1 
29 9 47 0 0.002 0.0127964 1 
30 9 47 0.0412146 0.008 0.0115316 39 
31 9 47 5.63845e-05 0.007 0.00905565 2 
32 9 47 0.0125494 0.03 0.00965977 7 
0 9 48 0.00345075 0.009 0.00978346 14 
1 9 48 0.00385769 0.039 0.0121821 4 
2 9 48 0 0.017 0.00989431 1 
3 9 48 0 0.03 0.0110022 1 
4 9 48 0 0.041 0.0112459 1 
5 9 48 0 0.031 0.00909106 1 
6 9 48 0 0.025 0.00791911 1 
7 9 48 7.70261e-05 0.017 0.0119207 2 
8 9 48 0 0.044 0.0105552 1 
9 9 48 0.000281438 0.029 0.0106596 3 
10 9 48 0 0.009 0.0125438 1 
11 9 48 0 0.018 0.0114168 1 
12 9 48 0 0.002 0.011842 1 
13 9 48 0 0.01 0.00923627 1 
14 9 48 0.0282301 0.008 0.0109447 29 
15 9 48 0 0.042 0.0156396 1 
16 9 48 0 0.02 0.0116576 1 
17 9 48 0 0.002 0.0112023 1 
18 9 48 0.000846192 0.018 0.0125565 2 
19 9 48 0.00340707 0.037 0.0103265 4 
20 9 48 0 0.046 0.00947657 1 
21 9 48 0 0.033 0.012055 1 
22 9 48 0.0160947 0.003 0.0113168 29 
23 9 48 0 0.038 0.0139836 1 
24 9 48 0 0.026 0.014169 1 
25 9 48 0 0.017 0.0119076 1 
26 9 48 0.00353013 0.037 0.0115069 6 
27 9 48 0 0.028 0.013902 1 
28 9 48 0 0.048 0.0136417 1 
29 9 48 0 0.004 0.0111512 1 
30 9 48 0 0.039 0.0130422 1 
31 9 48 0 0.017 0.0101711 1 
32 9 48 0.000319733 0.008 0.010979 2 
0 9 49 0.00160452 0.029 0.010984 4 
1 9 49 0 0.013 0.0113784 1 
2 9 49 0 0.041 0.0104326 1 
3 9 49 0 0.044 0.0131763 1 
4 9 49 0.00209161 0.02 0.0137082 1 
5 9 49 0 0.043 0.0140068 1 
6 9 49 0 0.007 0.0106158 1 
7 9 49 0 0.004 0.0126375 1 
8 9 49 0.000590727 0.014 0.0115859 3 
9 9 49 0.0209985 0.006 0.0126099 37 
10 9 49 0.00145168 0.005 0.0148701 1 
11 9 49 0.000850744 0.004 0.00790772 2 
12 9 49 0.0197908 0.002 0.0120525 32 
13 9 49 0.000915381 0.012 0.0127264 2 
14 9 49 0 0.049 0.0125858 1 
15 9 49 0 0.043 0.0116859 1 
16 9 49 0 0.016 0.0116634 1 
17 9 49 0 0.048 0.0100602 1 
18 9 49 0 0.031 0.0144989 1 
19 9 49 0 0.001 0.00977823 1 
20 9 49 0 0.004 0.0114165 1 
21 9 49 0 0.046 0.0128718 1 
22 9 49 0.000639686 0.006 0.0135295 2 
23 9 49 0 0.039 0.0130125 1 
24 9 49 0 0.045 0.0158986 1 
25 9 49 0.00179906 0.003 0.0120537 2 
26 9 49 0 0.017 0.0099949 1 
27 9 49 0.0191137 0.002 0.0109836 20 
28 9 49 0.000527551 0.041 0.0140405 3 
29 9 49 0.000877968 0.024 0.0135499 2 
30 9 49 0.00829576 0.017 0.0129675 6 
31 9 49 0.00212855 0.034 0.00918958 5 
32 9 49 0.00512854 0.019 0.0114866 9 
0 9 50 0.00442296 0.015 0.0098318 10 
1 9 50 0.000375291 0.002 0.00885438 2 
2 9 50 0 0.016 0.0133602 1 
3 9 50 1.80783e-05 0.008 0.00908517 2 
4 9 50 0.0014376 0.006 0.0185088 1 
5 9 50 0 0.009 0.0134645 1 
6 9 50 0 0.013 0.012935 1 
7 9 50 0 0.038 0.0115148 1 
8 9 50 0 0.047 0.0105609 1 
9 9 50 0.00126495 0.028 0.0117928 2 
10 9 50 0.00177479 0.049 0.0132626 1 
11 9 50 0 0.034 0.0122887 1 
12 9 50 0.0193757 0.008 0.0113398 21 
13 9 50 0.00109056 0.005 0.012196 2 
14 9 50 0 0.026 0.0127208 1 
15 9 50 0 0.003 0.0145566 1 
16 9 50 0 0.03 0.011194 1 
17 9 50 0.00307105 0.014 0.0123314 6 
18 9 50 0 0.006 0.00731241 1 
19 9 50 0 0.042 0.0108787 1 
20 9 50 0 0.035 0.0132433 1 
21 9 50 0 0.025 0.0107334 1 
22 9 50 0.00708907 0.002 0.0123073 11 
23 9 50 0.00160219 0.01 0.0099768 3 
24 9 50 0.00075029 0.016 0.0105667 2 
25 9 50 0.000507114 0.019 0.00913512 2 
26 9 50 0 0.044 0.0125161 1 
27 9 50 0 0.032 0.0149045 1 
28 9 50 0.000535338 0.017 0.0111769 2 
29 9 50 0 0.027 0.0101328 1 
30 9 50 0 0.017 0.0125318 1 
31 9 50 0 0.012 0.00932617 1 
32 9 50 0.008942 0.023 0.0129107 11 
0 9 51 0 0.016 0.011841 1 
1 9 51 0.0239682 0.003 0.0134403 39 
2 9 51 0 0.012 0.0148979 1 
3 9 51 0 0.019 0.0104268 1 
4 9 51 0 0.016 0.012633 1 
5 9 51 0 0.031 0.0148055 1 
6 9 51 0 0.026 0.0121842 1 
7 9 51 0 0.03 0.0102239 1 
8 9 51 0 0.022 0.0137778 1 
9 9 51 0 0.044 0.0101088 1 
10 9 51 0.000173782 0.041 0.0125568 2 
11 9 51 0 0.032 0.0106577 1 
12 9 51 0.00275875 0.028 0.0114758 8 
13 9 51 0 0.004 0.012143 1 
14 9 51 0 0.012 0.00863563 2 
15 9 51 0 0.021 0.0103266 1 
16 9 51 0 0.019 0.0109374 1 
17 9 51 0 0.042 0.00971446 1 
18 9 51 0 0.043 0.0136238 1 
19 9 51 0.000775388 0.042 0.0123367 2 
20 9 51 0 0.025 0.0109868 1 
21 9 51 0 0.011 0.00997654 1 
22 9 51 0 0.012 0.014412 1 
23 9 51 0.00559129 0.011 0.0109019 6 
24 9 51 0 0.006 0.0111839 1 
25 9 51 0 0.043 0.0104787 1 
26 9 51 4.01064e-05 0.015 0.0116225 2 
27 9 51 0 0.017 0.0118046 1 
28 9 51 0 0.041 0.0112516 1 
29 9 51 0.000879537 0.032 0.00967793 2 
30 9 51 0 0.008 0.0126932 1 
31 9 51 0 0.017 0.0110254 1 
32 9 51 0.00125995 0.013 0.0104701 3 
0 9 52 0 0.041 0.0110148 1 
1 9 52 0.00318172 0.026 0.0112412 5 
2 9 52 0 0.024 0.0143088 1 
3 9 52 0 0.04 0.0107359 1 
4 9 52 0 0.004 0.0119705 1 
5 9 52 0 0.038 0.0115868 1 
6 9 52 0 0.011 0.0130345 1 
7 9 52 0 0.033 0.0123798 1 
8 9 52 0.000554407 0.009 0.0112954 3 
9 9 52 0 0.048 0.0101009 1 
10 9 52 0 0.015 0.0107206 1 
11 9 52 0 0.016 0.0134873 1 
12 9 52 0.00179589 0.001 0.00965274 3 
13 9 52 0 0.049 0.0103451 1 
14 9 52 0 0.044 0.0154922 1 
15 9 52 0 0.013 0.0129589 1 
16 9 52 0 0.012 0.0099378 1 
17 9 52 0.0151403 0.006 0.0121112 16 
18 9 52 0 0.008 0.0164676 1 
19 9 52 0.00852858 0.001 0.0137595 10 
20 9 52 0 0.004 0.0119521 1 
21 9 52 0.00149514 0.042 0.0113143 4 
22 9 52 0.00133588 0.041 0.0128926 3 
23 9 52 0.000790947 0.044 0.010888 2 
24 9 52 0 0.039 0.0118506 1 
25 9 52 0 0.002 0.00817945 1 
26 9 52 0.00162112 0.003 0.0121836 4 
27 9 52 0.0634752 0.001 0.013264 74 
28 9 52 0.000853989 0.013 0.0146587 2 
29 9 52 0 0.03 0.0109443 1 
30 9 52 0.0147262 0.006 0.0129288 24 
31 9 52 6.27194e-05 0.041 0.0119208 2 
32 9 52 0 0.037 0.0113398 1 
0 9 53 0 0.01 0.0119869 1 
1 9 53 0 0.019 0.00797522 1 
2 9 53 0 0.032 0.0104356 1 
3 9 53 0 0.049 0.012673 1 
4 9 53 0 0.021 0.0104675 1 
5 9 53 0 0.001 0.00841502 1 
6 9 53 0 0.023 0.0106299 1 
7 9 53 0.00030357 0.031 0.0114991 2 
8 9 53 0.000441464 0.006 0.0120566 3 
9 9 53 0 0.033 0.0102664 1 
10 9 53 0 0.002 0.0114797 1 
11 9 53 0.000765743 0.006 0.013082 2 
12 9 53 0.00154843 0.037 0.0135116 3 
13 9 53 0.0023881 0.031 0.00987093 3 
14 9 53 0 0.04 0.0112376 1 
15 9 53 0.000905118 0.03 0.0152621 2 
16 9 53 0 0.008 0.0137988 1 
17 9 53 0 0.04 0.00747899 1 
18 9 53 0.00093407 0.033 0.0148477 2 
19 9 53 0 0.016 0.0114456 1 
20 9 53 9.86964e-05 0.003 0.00712966 3 
21 9 53 0 0.045 0.0116705 1 
22 9 53 0.0100504 0.018 0.00950012 9 
23 9 53 0 0.041 0.0104697 1 
24 9 53 0 0.008 0.0107524 1 
25 9 53 0.0275778 0.005 0.0130644 24 
26 9 53 0 0.006 0.0101576 1 
27 9 53 0.000184806 0.006 0.00974849 2 
28 9 53 0 0.009 0.015332 1 
29 9 53 0.000479072 0.031 0.0109883 3 
30 9 53 0 0.007 0.0119023 1 
31 9 53 0 0.002 0.0100434 1 
32 9 53 0.00532809 0.016 0.0124699 9 
0 9 54 0.0129127 0.009 0.00906803 25 
1 9 54 0.00309099 0.002 0.0111391 4 
2 9 54 0.00495664 0.048 0.0127079 4 
3 9 54 0.0025255 0.028 0.011776 4 
4 9 54 0 0.03 0.0109893 1 
5 9 54 0 0.028 0.0104939 1 
6 9 54 0 0.034 0.0118602 1 
7 9 54 0.0272007 0.003 0.0116996 34 
8 9 54 0 0.029 0.0102302 1 
9 9 54 0.0187764 0.044 0.0127324 11 
10 9 54 0.00213839 0.048 0.0174186 1 
11 9 54 0 0.035 0.0118881 1 
12 9 54 0 0.029 0.00851221 1 
13 9 54 0 0.015 0.0115617 1 
14 9 54 3.92503e-05 0.002 0.0117998 2 
15 9 54 0.000884246 0.03 0.0113405 2 
16 9 54 0.000884246 0.021 0.0149729 2 
17 9 54 0 0.007 0.0104698 1 
18 9 54 0.000855933 0.025 0.0129175 2 
19 9 54 0 0.046 0.0139639 1 
20 9 54 0 0.029 0.0112093 1 
21 9 54 0 0.018 0.011604 1 
22 9 54 0 0.042 0.0111499 1 
23 9 54 0.0186171 0.009 0.0123763 10 
24 9 54 0.000855933 0.005 0.01134 2 
25 9 54 0.0038918 0.02 0.0108584 6 
26 9 54 0.00128618 0.009 0.00944263 4 
27 9 54 0 0.036 0.0109608 1 
28 9 54 0 0.004 0.0108406 1 
29 9 54 0 0.038 0.0128019 1 
30 9 54 0.00126071 0.006 0.0117151 5 
31 9 54 0.000131462 0.04 0.0113746 2 
32 9 54 0.000178991 0.003 0.0127566 2 
0 9 55 0.000939424 0.003 0.0115276 7 
1 9 55 0.00261842 0.046 0.0123624 2 
2 9 55 0.0027134 0.045 0.00991494 2 
3 9 55 0.0150301 0.016 0.0138857 16 
4 9 55 0 0.021 0.0135365 1 
5 9 55 0.00145652 0.024 0.0198269 1 
6 9 55 0 0.042 0.0101445 1 
7 9 55 0.0065459 0.042 0.0141922 8 
8 9 55 0 0.024 0.010492 1 
9 9 55 0.0146356 0.008 0.0108443 20 
10 9 55 0 0.046 0.0116972 1 
11 9 55 0.000860047 0.012 0.0110378 2 
12 9 55 0.00746061 0.004 0.0128829 9 
13 9 55 0 0.005 0.0123273 1 
14 9 55 0 0.004 0.00940938 1 
15 9 55 0 0.02 0.0125537 1 
16 9 55 0 0.011 0.0114409 1 
17 9 55 0 0.004 0.00981666 1 
18 9 55 0.000563164 0.037 0.0124323 3 
19 9 55 0 0.013 0.0120809 1 
20 9 55 0 0.046 0.00988191 1 
21 9 55 0 0.008 0.0110219 1 
22 9 55 0.00080532 0.005 0.0133506 2 
23 9 55 0.00216383 0.018 0.0123768 2 
24 9 55 0 0.002 0.0128263 1 
25 9 55 0.00178243 0.04 0.00825986 2 
26 9 55 0 0.005 0.00896695 1 
27 9 55 0 0.03 0.00920348 1 
28 9 55 0 0.024 0.0135036 1 
29 9 55 0.00088741 0.01 0.0107283 2 
30 9 55 0.0437424 0.002 0.0103694 47 
31 9 55 0.0037149 0.004 0.0129983 5 
32 9 55 0 0.042 0.0135891 1 
0 9 56 0.0167477 0.049 0.00982676 10 
1 9 56 0 0.04 0.0124687 1 
2 9 56 0 0.028 0.0102899 1 
3 9 56 0 0.042 0.0126589 1 
4 9 56 3.40824e-06 0.042 0.0121671 2 
5 9 56 0.00178134 0.02 0.0179916 1 
6 9 56 0.000652032 0.014 0.00736605 2 
7 9 56 0.0201527 0.012 0.00943438 23 
8 9 56 0 0.034 0.0111203 1 
9 9 56 0 0.042 0.0129722 1 
10 9 56 0.00033794 0.047 0.0111026 2 
11 9 56 0 0.045 0.0099803 1 
12 9 56 0.0063632 0.034 0.0117557 7 
13 9 56 0.000284824 0.012 0.0106207 4 
14 9 56 0.0087954 0.011 0.0123612 12 
15 9 56 0 0.049 0.0103613 1 
16 9 56 0 0.033 0.014916 1 
17 9 56 0 0.01 0.01303 1 
18 9 56 0.000549778 0.005 0.0141023 3 
19 9 56 0.00641944 0.015 0.0114979 11 
20 9 56 0.000294331 0.035 0.0116611 2 
21 9 56 0 0.045 0.0113816 1 
22 9 56 0.00445205 0.015 0.0122391 9 
23 9 56 0.00904146 0.013 0.0127095 8 
24 9 56 0 0.023 0.0136165 1 
25 9 56 0.00110261 0.023 0.0127459 2 
26 9 56 0.00495439 0.043 0.0109027 3 
27 9 56 0 0.025 0.0130222 1 
28 9 56 0.00506348 0.043 0.00916248 4 
29 9 56 0 0.041 0.0129694 1 
30 9 56 0 0.001 0.0113812 1 
31 9 56 0.0042514 0.027 0.0099529 5 
32 9 56 0.00247192 0.003 0.0119256 8 
0 9 57 0.00151628 0.043 0.0113287 2 
1 9 57 0.000288047 0.008 0.0106678 2 
2 9 57 0.000861735 0.009 0.0107616 2 
3 9 57 0.00251641 0.034 0.0093862 2 
4 9 57 0 0.025 0.00867665 1 
5 9 57 0 0.048 0.0130911 1 
6 9 57 0 0.024 0.0132186 1 
7 9 57 0.00106818 0.048 0.01269 4 
8 9 57 0 0.016 0.01368 1 
9 9 57 0.00418503 0.011 0.009675 6 
10 9 57 0 0.016 0.0109486 1 
11 9 57 0 0.049 0.0103243 1 
12 9 57 0.00182651 0.008 0.0119944 2 
13 9 57 0 0.035 0.010024 1 
14 9 57 0 0.012 0.0111962 1 
15 9 57 0 0.031 0.0115082 1 
16 9 57 0 0.046 0.0145007 1 
17 9 57 0 0.017 0.0132428 1 
18 9 57 5.50678e-06 0.006 0.0112861 2 
19 9 57 0.00279641 0.012 0.0125101 11 
20 9 57 0 0.007 0.0100635 1 
21 9 57 0.000970815 0.045 0.0132987 2 
22 9 57 0.00321438 0.005 0.00706789 4 
23 9 57 0.0145195 0.021 0.0120658 10 
24 9 57 0 0.03 0.0136653 1 
25 9 57 0 0.042 0.0100407 1 
26 9 57 0.000178597 0.023 0.00967444 2 
27 9 57 0 0.025 0.0117141 1 
28 9 57 0.0048861 0.019 0.0100045 4 
29 9 57 0 0.042 0.0144692 1 
30 9 57 0.00107622 0.042 0.0130964 2 
31 9 57 0 0.01 0.0136334 1 
32 9 57 0 0.043 0.0121021 1 
0 9 58 0 0.025 0.0111695 1 
1 9 58 0 0.032 0.0130838 1 
2 9 58 0 0.036 0.00925164 1 
3 9 58 0 0.021 0.00814238 1 
4 9 58 0.00103755 0.01 0.00990555 3 
5 9 58 1.10954e-05 0.021 0.0133444 2 
6 9 58 0 0.04 0.0133424 1 
7 9 58 0.00489955 0.001 0.0110749 4 
8 9 58 0.000157844 0.032 0.00861566 1 
9 9 58 0.000619345 0.004 0.0119284 2 
10 9 58 0.000337894 0.01 0.0107877 2 
11 9 58 0.000734086 0.003 0.0142748 2 
12 9 58 0 0.017 0.0143044 1 
13 9 58 0 0.031 0.0128648 1 
14 9 58 0.0037184 0.027 0.00987305 8 
15 9 58 0 0.006 0.00847741 1 
16 9 58 0 0.041 0.0103153 1 
17 9 58 0.0106506 0.017 0.0125696 16 
18 9 58 0 0.038 0.0101729 1 
19 9 58 0.000816672 0.005 0.0128118 4 
20 9 58 0.000357814 0.003 0.0116678 2 
21 9 58 0.000477273 0.015 0.0104189 2 
22 9 58 0.0375211 0.003 0.0133267 37 
23 9 58 0 0.032 0.0107059 2 
24 9 58 0 0.043 0.00907904 1 
25 9 58 0.000901841 0.011 0.00819121 4 
26 9 58 0 0.004 0.0118055 1 
27 9 58 0.00202548 0.043 0.00941323 2 
28 9 58 0 0.019 0.0121203 1 
29 9 58 0.000578318 0.043 0.0122191 3 
30 9 58 0.000129947 0.025 0.0129889 2 
31 9 58 0 0.004 0.00968452 1 
32 9 58 0 0.002 0.00930932 1 
0 9 59 0 0.027 0.0139405 1 
1 9 59 0.000767126 0.012 0.0118178 2 
2 9 59 0 0.016 0.0119859 1 
3 9 59 0 0.012 0.0144345 1 
4 9 59 0 0.011 0.0106929 1 
5 9 59 0 0.031 0.0111066 1 
6 9 59 0 0.013 0.0113571 1 
7 9 59 1.13533e-05 0.004 0.00858373 2 
8 9 59 0.000482332 0.019 0.0121276 1 
9 9 59 0.000185966 0.008 0.0133334 2 
10 9 59 0 0.026 0.012907 1 
11 9 59 0 0.024 0.0133906 1 
12 9 59 0.00194304 0.046 0.0123525 3 
13 9 59 0 0.001 0.00931452 1 
14 9 59 0.0206709 0.012 0.0144836 15 
15 9 59 0 0.046 0.0141453 1 
16 9 59 0 0.007 0.00925568 1 
17 9 59 0 0.029 0.0105888 1 
18 9 59 0.000836209 0.042 0.0139819 2 
19 9 59 0 0.037 0.0115708 1 
20 9 59 0.015693 0.007 0.0105826 22 
21 9 59 0.000197426 0.011 0.0123763 2 
22 9 59 0.0396108 0.001 0.0145066 40 
23 9 59 0.00335918 0.006 0.0124707 2 
24 9 59 0.000836209 0.029 0.0089976 2 
25 9 59 0 0.046 0.0116445 1 
26 9 59 0.00136251 0.014 0.0121642 13 
27 9 59 0 0.029 0.0121355 1 
28 9 59 0 0.02 0.0140185 1 
29 9 59 0 0.04 0.00887987 1 
30 9 59 0 0.002 0.0139305 1 
31 9 59 0.00155265 0.048 0.0124359 3 
32 9 59 0.000488928 0.032 0.0118297 2 
0 9 60 0.00271214 0.029 0.012322 4 
1 9 60 0.00878329 0.019 0.00881135 8 
2 9 60 0 0.03 0.0134525 1 
3 9 60 3.22554e-05 0.014 0.0127376 2 
4 9 60 0.00184517 0.009 0.0144008 1 
5 9 60 0 0.021 0.00784528 1 
6 9 60 0 0.033 0.0141703 1 
7 9 60 0 0.02 0.0106753 1 
8 9 60 0 0.022 0.0109758 1 
9 9 60 0 0.047 0.0133493 1 
10 9 60 0.000230685 0.038 0.0108469 3 
11 9 60 0 0.029 0.0106248 1 
12 9 60 0.00264573 0.005 0.00924052 3 
13 9 60 0 0.048 0.0120353 1 
14 9 60 0.00804192 0.025 0.0129807 7 
15 9 60 0 0.044 0.0120929 1 
16 9 60 0 0.019 0.0141352 1 
17 9 60 0.00264472 0.006 0.0113757 2 
18 9 60 0 0.023 0.0122771 1 
19 9 60 0.000787832 0.017 0.0124435 3 
20 9 60 0.00217071 0.031 0.00951463 4 
21 9 60 0 0.005 0.00990557 1 
22 9 60 0.0158393 0.009 0.0107178 12 
23 9 60 0 0.031 0.0119372 1 
24 9 60 0 0.013 0.0135668 1 
25 9 60 0 0.037 0.0116496 1 
26 9 60 0.00754258 0.003 0.0119212 7 
27 9 60 0 0.023 0.00843969 1 
28 9 60 0 0.041 0.0129535 1 
29 9 60 0 0.047 0.00794437 1 
30 9 60 0 0.029 0.00904119 1 
31 9 60 0.000284079 0.031 0.0105054 2 
32 9 60 0.0069804 0.015 0.0100692 3 
